7.457627118644068187e-02
1.389830508474576287e-01
2.067796610169491678e-01
2.768361581920903980e-01
3.435028248587570499e-01
4.011299435028248261e-01
4.666666666666666741e-01
5.209039548022598165e-01
5.672316384180791093e-01
6.180790960451977289e-01
6.745762711864407013e-01
7.322033898305084776e-01
7.807909604519773783e-01
8.316384180790959979e-01
8.824858757062146175e-01
9.423728813559322237e-01
9.943502824858756473e-01
1.048587570621468901e+00
1.098305084745762716e+00
1.148022598870056310e+00
1.198870056497175263e+00
1.247457627118644385e+00
1.294915254237288149e+00
1.335593220338983311e+00
1.387570621468926291e+00
1.442937853107344681e+00
1.487005649717514366e+00
1.522033898305084954e+00
1.578531073446327593e+00
1.619209039548022755e+00
1.665536723163841604e+00
1.705084745762712073e+00
1.741242937853107353e+00
1.788700564971751561e+00
1.829378531073446279e+00
1.875706214689265572e+00
1.918644067796610120e+00
1.958192090395480367e+00
1.995480225988700784e+00
2.045197740112994378e+00
2.079096045197740050e+00
2.120903954802259683e+00
2.159322033898305015e+00
2.204519774011299393e+00
2.249717514124293771e+00
2.281355932203389614e+00
2.322033898305084776e+00
2.357062146892655363e+00
2.389830508474576565e+00
2.425988700564971623e+00
2.462146892655367569e+00
2.499435028248587543e+00
2.532203389830508744e+00
2.570621468926554076e+00
2.596610169491525788e+00
2.625988700564972245e+00
2.654237288135593786e+00
2.676836158192090753e+00
2.696045197740113419e+00
2.715254237288135641e+00
2.735593220338983222e+00
2.752542372881356059e+00
2.771751412429378725e+00
2.788700564971751561e+00
2.802259887005650540e+00
2.814689265536723717e+00
2.821468926553672762e+00
2.845197740112994644e+00
2.862146892655367481e+00
2.868926553672316970e+00
2.879096045197740317e+00
2.888135593220339636e+00
2.890395480225989022e+00
2.893785310734463767e+00
2.905084745762712473e+00
2.917514124293785649e+00
2.924293785310735139e+00
2.927683615819209884e+00
2.931073446327683740e+00
2.934463276836158485e+00
2.935593220338983400e+00
2.937853107344633230e+00
2.943502824858757361e+00
2.944632768361582720e+00
2.952542372881356236e+00
2.953672316384181151e+00
2.958192090395480811e+00
2.967231638418079243e+00
2.971751412429379346e+00
2.979661016949153307e+00
2.984180790960452523e+00
2.992090395480226483e+00
3.007909604519774405e+00
3.019209039548022666e+00
3.033898305084746561e+00
3.042937853107344992e+00
3.049717514124294482e+00
3.065536723163842403e+00
3.075706214689265749e+00
3.083615819209040154e+00
3.106214689265537121e+00
3.120903954802260571e+00
3.134463276836158663e+00
3.151412429378531499e+00
3.167231638418079420e+00
3.183050847457627341e+00
3.196610169491526321e+00
3.211299435028249327e+00
3.224858757062147419e+00
3.235028248587570765e+00
3.247457627118644830e+00
3.258757062146893091e+00
3.265536723163842581e+00
3.272316384180791626e+00
3.276836158192090842e+00
3.280225988700565587e+00
3.283615819209040332e+00
3.285875706214689718e+00
3.296045197740113508e+00
3.297175141242938423e+00
3.300564971751412724e+00
3.310734463276836514e+00
3.318644067796610919e+00
3.324293785310735050e+00
3.341242937853108330e+00
3.357062146892655807e+00
3.364971751412430212e+00
3.379661016949153218e+00
3.395480225988701584e+00
3.414689265536724250e+00
3.421468926553672851e+00
3.440677966101695517e+00
3.457627118644068798e+00
3.467796610169492144e+00
3.476836158192091464e+00
3.490395480225989555e+00
3.505084745762713005e+00
3.519774011299436012e+00
3.529943502824859802e+00
3.531073446327684273e+00
3.542372881355932979e+00
3.546892655367232194e+00
3.562711864406781004e+00
3.572881355932204350e+00
3.575141242937854180e+00
3.577401129943503566e+00
3.577401129943504010e+00
3.577401129943503566e+00
3.578531073446328925e+00
3.581920903954803226e+00
3.587570621468927357e+00
3.601129943502825448e+00
3.604519774011300193e+00
3.612429378531073709e+00
3.625988700564972689e+00
3.635028248587571120e+00
3.639548022598870780e+00
3.651977401129943956e+00
3.654237288135593786e+00
3.663276836158193106e+00
3.671186440677967067e+00
3.671186440677966623e+00
3.688135593220339903e+00
3.703954802259887380e+00
3.714124293785311615e+00
3.716384180790961000e+00
3.724293785310735405e+00
3.726553672316384791e+00
3.727683615819209706e+00
3.729943502824859536e+00
3.736723163841808582e+00
3.745762711864407457e+00
3.750282485875707117e+00
3.757062146892656163e+00
3.767231638418079953e+00
3.778531073446328215e+00
3.778531073446328215e+00
3.787570621468927090e+00
3.803389830508475455e+00
3.806779661016949756e+00
3.819209039548023377e+00
3.823728813559322148e+00
3.840677966101695873e+00
3.854237288135593964e+00
3.858757062146893624e+00
3.872316384180791271e+00
3.881355932203390591e+00
3.906214689265537388e+00
3.922033898305085309e+00
3.941242937853107975e+00
3.967231638418079687e+00
3.987570621468927268e+00
4.007909604519774405e+00
4.031638418079097619e+00
4.067796610169492233e+00
4.091525423728814559e+00
4.112994350282487055e+00
4.135593220338983578e+00
4.157062146892656074e+00
4.180790960451978400e+00
4.220338983050847759e+00
4.251977401129943601e+00
4.279096045197741560e+00
4.316384180790960201e+00
4.343502824858758160e+00
4.363841807909604853e+00
4.402259887005650185e+00
4.432768361581921113e+00
4.461016949152543098e+00
4.485875706214690339e+00
4.516384180790961267e+00
4.541242937853107620e+00
4.571751412429379435e+00
4.607909604519774049e+00
4.642937853107345525e+00
4.675706214689265394e+00
4.706214689265537210e+00
4.737853107344633052e+00
4.774011299435028555e+00
4.797740112994350881e+00
4.836158192090396213e+00
4.870056497175141885e+00
4.920903954802260394e+00
4.957062146892655896e+00
4.993220338983051398e+00
5.029378531073446901e+00
5.065536723163842403e+00
5.098305084745763160e+00
5.125423728813560231e+00
5.161581920903955734e+00
5.205649717514124752e+00
5.253107344632768516e+00
5.282485875706215417e+00
5.322033898305085664e+00
5.357062146892655363e+00
5.385310734463277349e+00
5.424858757062147596e+00
5.441807909604520432e+00
5.483615819209040509e+00
5.514124293785311437e+00
5.544632768361582364e+00
5.584180790960452612e+00
5.614689265536722651e+00
5.651977401129943956e+00
5.680225988700565054e+00
5.711864406779660897e+00
5.737853107344632164e+00
5.766101694915254150e+00
5.789830508474576476e+00
5.822598870056497233e+00
5.844067796610169729e+00
5.867796610169492055e+00
5.894915254237288238e+00
5.922033898305084421e+00
5.949152542372882380e+00
5.974011299435028732e+00
6.005649717514124575e+00
6.031638418079095842e+00
6.062146892655366770e+00
6.088135593220338038e+00
6.128813559322034088e+00
6.161581920903953957e+00
6.194350282485875603e+00
6.221468926553672674e+00
6.255367231638418346e+00
6.292655367231638763e+00
6.320903954802259861e+00
6.348022598870056044e+00
6.383050847457626631e+00
6.420338983050847048e+00
6.456497175141242550e+00
6.493785310734462968e+00
6.542372881355932535e+00
6.570621468926553632e+00
6.599999999999999645e+00
6.632768361581920402e+00
6.670056497175140819e+00
6.701694915254236662e+00
6.729943502824859536e+00
6.769491525423728007e+00
6.802259887005649652e+00
6.836158192090395325e+00
6.865536723163841337e+00
6.903954802259886669e+00
6.936723163841807427e+00
6.964971751412429413e+00
7.007909604519773517e+00
7.042937853107344104e+00
7.068926553672315372e+00
7.100564971751412102e+00
7.127683615819209173e+00
7.163841807909603787e+00
7.202259887005650008e+00
7.229378531073446190e+00
7.265536723163841692e+00
7.308474576271185796e+00
7.354802259887005533e+00
7.385310734463276461e+00
7.424858757062146708e+00
7.467796610169490812e+00
7.511864406779660719e+00
7.550282485875706051e+00
7.586440677966101553e+00
7.636158192090395147e+00
7.676836158192090309e+00
7.719774011299435301e+00
7.760451977401129575e+00
7.798870056497174019e+00
7.851977401129943246e+00
7.902824858757062643e+00
7.938983050847457257e+00
7.986440677966101021e+00
8.036158192090395502e+00
8.085875706214689984e+00
8.132203389830507945e+00
8.183050847457627341e+00
8.229378531073447078e+00
8.273446327683615209e+00
8.314124293785312148e+00
8.363841807909604853e+00
8.400000000000000355e+00
8.446327683615820092e+00
8.491525423728814914e+00
8.540112994350280928e+00
8.581920903954802782e+00
8.624858757062145997e+00
8.672316384180790649e+00
8.705084745762711407e+00
8.743502824858756739e+00
8.774011299435027667e+00
8.807909604519773339e+00
8.845197740112993756e+00
8.882485875706214173e+00
8.907344632768360526e+00
8.941242937853107975e+00
8.971751412429377126e+00
8.989830508474575765e+00
9.019209039548023554e+00
9.040677966101695162e+00
9.064406779661016600e+00
9.087005649717513123e+00
9.101694915254235241e+00
9.132203389830507945e+00
9.140112994350282349e+00
9.153672316384181329e+00
9.181920903954800650e+00
9.203389830508474034e+00
9.223728813559322504e+00
9.240677966101696228e+00
9.263276836158190974e+00
9.290395480225988933e+00
9.314124293785312148e+00
9.338983050847456724e+00
9.366101694915254683e+00
9.397740112994348749e+00
9.414689265536722473e+00
9.447457627118645007e+00
9.479096045197740850e+00
9.515254237288136352e+00
9.550282485875706939e+00
9.584180790960452612e+00
9.619209039548023199e+00
9.661016949152543276e+00
9.700564971751411747e+00
9.727683615819209706e+00
9.761581920903953602e+00
9.794350282485876136e+00
9.829378531073444947e+00
9.871186440677966800e+00
9.906214689265535611e+00
9.943502824858757805e+00
9.984180790960451191e+00
1.002598870056497304e+01
1.006101694915254186e+01
1.008813559322033981e+01
1.012316384180790863e+01
1.016045197740113082e+01
1.019435028248587471e+01
1.022259887005649759e+01
1.025875706214689131e+01
1.028700564971751419e+01
1.031525423728813706e+01
1.034576271186440621e+01
1.036723163841807960e+01
1.038644067796610138e+01
1.041016949152542281e+01
1.043163841807909620e+01
1.044519774011299518e+01
1.046214689265536713e+01
1.048587570621468856e+01
1.049830508474576263e+01
1.051638418079096127e+01
1.052655367231638550e+01
1.054237288135593076e+01
1.055932203389830448e+01
1.055932203389830448e+01
1.056384180790960414e+01
1.057740112994350312e+01
1.058305084745762770e+01
1.058418079096045261e+01
1.059096045197740033e+01
1.059661016949152490e+01
1.059661016949152490e+01
1.059774011299434981e+01
1.059774011299434981e+01
1.060338983050847261e+01
1.060903954802259896e+01
1.061242937853107193e+01
1.062033898305084811e+01
1.062372881355932108e+01
1.063615819209039515e+01
1.063728813559322006e+01
1.063954802259886989e+01
1.064067796610169481e+01
1.064293785310734464e+01
1.064406779661016955e+01
1.065197740112994396e+01
1.066440677966101624e+01
1.067344632768361556e+01
1.067909604519774014e+01
1.068926553672316260e+01
1.069830508474576192e+01
1.070169491525423666e+01
1.071864406779661039e+01
1.072881355932203462e+01
1.073785310734463216e+01
1.075028248587570623e+01
1.076723163841807818e+01
1.079435028248587614e+01
1.080112994350282563e+01
1.081581920903954774e+01
1.083276836158191969e+01
1.085649717514124291e+01
1.087796610169491451e+01
1.089943502824858612e+01
1.092090395480225951e+01
1.094237288135593289e+01
1.096610169491525255e+01
1.100000000000000000e+01
1.102259887005649475e+01
1.104858757062146779e+01
1.107457627118644083e+01
1.110395480225988685e+01
1.112090395480225880e+01
1.114802259887005675e+01
1.117288135593220311e+01
1.119548022598869963e+01
1.121807909604519793e+01
1.123841807909604640e+01
1.126553672316384080e+01
1.128926553672316402e+01
1.131525423728813529e+01
1.133785310734463181e+01
1.135706214689265536e+01
1.138192090395480349e+01
1.140225988700564841e+01
1.141355932203389756e+01
1.143389830508474603e+01
1.145536723163841586e+01
1.147457627118643941e+01
1.149378531073446297e+01
1.151412429378530966e+01
1.153333333333333144e+01
1.155367231638417991e+01
1.156949152542372694e+01
1.158305084745762770e+01
1.158870056497175050e+01
1.161016949152542210e+01
1.162146892655367125e+01
1.163841807909604498e+01
1.164971751412429235e+01
1.165988700564971481e+01
1.167683615819208853e+01
1.169378531073446226e+01
1.170056497175140997e+01
1.172090395480225844e+01
1.172655367231638301e+01
1.173333333333333073e+01
1.174463276836158165e+01
1.176158192090395360e+01
1.176949152542372801e+01
1.178644067796610173e+01
1.180225988700564876e+01
1.180338983050847368e+01
1.180677966101694842e+01
1.181920903954802071e+01
1.181920903954802071e+01
1.182824858757062003e+01
1.184180790960451901e+01
1.184293785310734215e+01
1.184632768361581867e+01
1.184745762711864181e+01
1.185423728813559130e+01
1.186553672316383867e+01
1.187005649717513833e+01
1.187683615819208782e+01
1.188135593220338748e+01
1.189152542372881172e+01
1.189378531073445977e+01
1.191073446327683172e+01
1.192090395480225773e+01
1.193785310734462968e+01
1.194576271186440408e+01
1.196045197740112620e+01
1.197627118644067679e+01
1.199096045197739713e+01
1.201468926553672212e+01
1.204067796610169339e+01
1.205875706214689025e+01
1.208135593220338677e+01
1.211186440677965948e+01
1.213785310734462897e+01
1.215932203389830235e+01
1.218418079096044870e+01
1.220451977401129540e+01
1.223163841807909336e+01
1.226101694915253759e+01
1.228813559322033555e+01
1.231638418079095842e+01
1.235254237288135215e+01
1.238531073446327468e+01
1.241694915254237053e+01
1.244632768361581654e+01
1.248135593220338713e+01
1.252316384180790720e+01
1.255028248587570339e+01
1.258531073446327397e+01
1.261920903954801965e+01
1.264971751412429057e+01
1.268587570621468608e+01
1.270282485875705980e+01
1.273785310734463039e+01
1.276836158192090132e+01
1.279999999999999716e+01
1.282146892655367054e+01
1.284406779661016529e+01
1.287118644067796325e+01
1.288926553672316189e+01
1.290847457627118544e+01
1.292090395480225595e+01
1.294463276836157917e+01
1.296723163841807747e+01
1.298418079096045119e+01
1.300564971751412102e+01
1.302711864406779441e+01
1.303954802259886847e+01
1.305423728813558881e+01
1.307683615819208711e+01
1.309717514124293558e+01
1.310960451977400965e+01
1.312881355932202965e+01
1.315706214689265252e+01
1.318192090395480065e+01
1.320225988700564734e+01
1.322598870056496878e+01
1.324858757062146530e+01
1.326779661016948708e+01
1.329152542372881030e+01
1.331412429378530859e+01
1.334463276836157952e+01
1.337401129943502553e+01
1.339322033898304731e+01
1.342146892655366841e+01
1.345988700564971374e+01
1.349491525423728433e+01
1.353333333333332966e+01
1.356384180790960059e+01
1.359435028248587152e+01
1.362711864406779227e+01
1.367570621468926362e+01
1.372090395480225666e+01
1.376045197740112691e+01
1.380338983050847190e+01
1.385310734463276638e+01
1.389491525423728646e+01
1.393785310734462968e+01
1.396949152542372552e+01
1.401694915254237017e+01
1.405649717514123864e+01
1.409830508474576050e+01
1.414689265536722829e+01
1.418870056497174659e+01
1.422824858757061861e+01
1.427909604519773623e+01
1.432090395480225631e+01
1.435706214689265181e+01
1.439774011299434697e+01
1.444632768361581654e+01
1.447570621468926255e+01
1.452655367231638195e+01
1.457062146892655186e+01
1.461355932203389685e+01
1.464745762711864074e+01
1.467796610169491345e+01
1.472542372881355632e+01
1.475480225988700056e+01
1.478757062146892309e+01
1.481129943502824631e+01
1.482937853107344317e+01
1.485536723163841444e+01
1.488587570621468537e+01
1.490847457627118189e+01
1.493333333333333002e+01
1.495141242937852866e+01
1.496949152542372552e+01
1.498644067796609747e+01
1.501129943502824560e+01
1.501920903954802000e+01
1.503389830508474390e+01
1.505875706214688847e+01
1.506779661016948779e+01
1.508135593220338677e+01
1.509717514124293558e+01
1.510734463276835626e+01
1.511299435028248439e+01
1.512881355932202965e+01
1.513785310734462897e+01
1.514011299435027880e+01
1.514124293785310371e+01
1.514689265536722829e+01
1.514802259887005320e+01
1.515480225988700269e+01
1.516384180790960201e+01
1.516836158192089989e+01
1.517062146892654972e+01
1.517853107344632591e+01
1.518531073446327184e+01
1.519096045197739642e+01
1.519999999999999574e+01
1.520451977401129540e+01
1.520903954802259506e+01
1.522033898305084421e+01
1.522485875706214387e+01
1.522485875706214387e+01
1.523050847457626844e+01
1.524180790960451581e+01
1.525423728813558810e+01
1.525762711864406462e+01
1.525875706214688776e+01
1.526892655367231377e+01
1.528474576271186081e+01
1.529265536723163521e+01
1.529491525423728504e+01
1.531073446327683030e+01
1.532768361581920402e+01
1.533220338983050368e+01
1.534124293785310300e+01
1.535028248587570232e+01
1.536610169491524935e+01
1.537062146892654901e+01
1.537740112994349850e+01
1.538870056497174765e+01
1.540338983050846977e+01
1.541920903954801858e+01
1.542598870056496629e+01
1.545649717514123722e+01
1.547683615819208569e+01
1.549152542372880781e+01
1.551525423728813102e+01
1.553107344632767806e+01
1.554802259887005178e+01
1.556723163841807356e+01
1.558305084745762237e+01
1.560338983050846906e+01
1.562711864406779227e+01
1.564406779661016422e+01
1.567118644067796041e+01
1.568813559322033413e+01
1.570621468926553099e+01
1.572429378531072786e+01
1.574237288135592649e+01
1.576610169491524971e+01
1.578983050847457292e+01
1.580790960451976801e+01
1.582485875706214173e+01
1.584632768361581334e+01
1.586892655367231342e+01
1.588135593220338393e+01
1.591299435028248155e+01
1.592655367231637875e+01
1.594576271186440053e+01
1.597175141242937357e+01
1.598870056497174552e+01
1.600903954802259221e+01
1.603163841807909051e+01
1.605762711864406356e+01
1.607457627118643728e+01
1.609604519774010711e+01
1.611186440677965237e+01
1.613785310734462541e+01
1.616497175141242337e+01
1.619435028248587116e+01
1.622146892655366912e+01
1.624067796610168912e+01
1.627231638418078319e+01
1.630056497175140606e+01
1.633107344632767877e+01
1.635254237288135215e+01
1.637175141242937570e+01
1.639322033898304909e+01
1.641920903954801858e+01
1.644067796610168841e+01
1.646440677966101163e+01
1.648700564971750993e+01
1.650734463276835484e+01
1.653107344632767806e+01
1.655593220338982263e+01
1.658079096045197076e+01
1.658983050847457008e+01
1.660564971751411889e+01
1.661694915254236804e+01
1.662824858757061719e+01
1.664067796610169125e+01
1.665536723163841515e+01
1.666327683615818955e+01
1.667796610169490634e+01
1.668700564971750921e+01
1.670282485875705447e+01
1.671073446327682888e+01
1.671525423728812854e+01
1.672542372881355277e+01
1.673220338983050226e+01
1.673446327683615209e+01
1.674011299435027667e+01
1.674011299435027667e+01
1.674237288135592649e+01
1.674689265536722615e+01
1.675593220338982547e+01
1.677288135593219920e+01
1.678305084745761633e+01
1.678531073446327326e+01
1.680112994350281497e+01
1.681694915254236378e+01
1.683163841807908767e+01
1.685084745762711123e+01
1.686214689265536038e+01
1.687683615819208427e+01
1.690169491525422885e+01
1.691638418079095274e+01
1.694124293785309732e+01
1.696836158192089528e+01
1.698757062146891883e+01
1.701468926553671679e+01
1.703502824858756526e+01
1.706440677966101305e+01
1.709491525423728220e+01
1.712203389830507660e+01
1.714237288135592507e+01
1.717288135593219778e+01
1.719999999999999574e+01
1.723050847457626489e+01
1.725875706214688421e+01
1.729152542372880674e+01
1.731864406779660470e+01
1.734915254237287741e+01
1.737175141242937215e+01
1.740451977401129113e+01
1.742824858757061435e+01
1.745762711864406214e+01
1.748361581920903163e+01
1.751073446327682603e+01
1.754124293785309874e+01
1.756836158192089670e+01
1.760112994350281923e+01
1.763841807909603787e+01
1.767457627118643160e+01
1.771299435028247871e+01
1.775141242937852581e+01
1.779209039548021565e+01
1.782485875706213818e+01
1.786892655367230986e+01
1.791977401129942749e+01
1.796610169491524545e+01
1.800790960451976730e+01
1.805197740112993898e+01
1.809943502824857831e+01
1.814463276836157490e+01
1.819209039548022133e+01
1.824180790960451404e+01
1.828587570621468217e+01
1.833672316384180334e+01
1.839548022598869181e+01
1.843615819209038875e+01
1.848926553672315976e+01
1.855028248587569806e+01
1.860451977401129398e+01
1.866892655367231058e+01
1.872994350282485243e+01
1.880564971751411818e+01
1.885649717514123580e+01
1.892542372881355206e+01
1.898757062146891883e+01
1.904293785310733966e+01
1.911412429378530220e+01
1.917627118644067252e+01
1.924180790960451048e+01
1.931412429378530504e+01
1.937627118644066826e+01
1.944406779661016316e+01
1.950621468926552637e+01
1.957062146892654653e+01
1.964406779661016245e+01
1.971186440677965379e+01
1.976949152542372445e+01
1.983954802259886208e+01
1.990960451977400680e+01
1.998757062146891883e+01
2.005875706214688492e+01
2.012768361581920118e+01
2.020112994350282065e+01
2.026892655367230844e+01
2.033672316384180334e+01
2.039774011299434164e+01
2.046666666666666146e+01
2.053107344632767450e+01
2.060225988700564415e+01
2.067231638418078532e+01
2.074011299435027667e+01
2.079887005649716869e+01
2.086327683615818529e+01
2.092542372881355206e+01
2.099774011299434306e+01
2.105988700564970983e+01
2.111412429378530220e+01
2.117966101694914371e+01
2.124632768361581014e+01
2.131186440677965521e+01
2.137401129943501843e+01
2.143954802259886350e+01
2.150960451977400112e+01
2.156158192090394721e+01
2.161694915254236804e+01
2.168361581920903092e+01
2.174915254237287243e+01
2.179999999999999005e+01
2.186214689265536038e+01
2.191864406779660257e+01
2.197966101694914443e+01
2.203276836158191188e+01
2.209265536723162882e+01
2.215141242937852439e+01
2.220677966101694167e+01
2.226779661016948353e+01
2.232316384180790436e+01
2.237627118644066826e+01
2.243502824858756384e+01
2.249265536723163095e+01
2.255141242937852297e+01
2.260564971751411534e+01
2.266440677966100736e+01
2.272203389830507803e+01
2.277966101694914158e+01
2.283050847457626276e+01
2.289604519774010782e+01
2.295819209039547459e+01
2.300903954802259221e+01
2.305649717514123509e+01
2.310960451977400254e+01
2.316836158192089812e+01
2.322033898305083710e+01
2.327344632768360810e+01
2.332542372881355064e+01
2.337401129943501843e+01
2.342485875706213960e+01
2.347344632768361095e+01
2.351864406779660044e+01
2.355254237288134789e+01
2.359774011299434093e+01
2.363954802259885923e+01
2.368700564971750566e+01
2.373333333333332718e+01
2.377627118644067039e+01
2.381920903954801361e+01
2.384858757062146140e+01
2.389491525423727936e+01
2.393220338983049800e+01
2.396271186440677070e+01
2.399774011299434306e+01
2.404293785310733611e+01
2.407457627118643018e+01
2.410395480225987797e+01
2.413107344632767592e+01
2.416158192090394863e+01
2.419096045197739642e+01
2.422824858757061506e+01
2.418079096045196863e+01
2.414802259887004965e+01
2.410621468926553135e+01
2.405762711864406356e+01
2.401355932203389187e+01
2.398983050847456866e+01
2.394576271186440053e+01
2.390621468926552851e+01
2.387457627118643444e+01
2.384519774011298665e+01
2.381355932203389258e+01
2.377627118644067394e+01
2.374124293785310158e+01
2.369943502824858328e+01
2.366553672316383583e+01
2.362146892655366770e+01
2.357966101694914585e+01
2.354463276836157704e+01
2.350395480225988010e+01
2.346779661016948282e+01
2.342711864406778943e+01
2.338305084745761775e+01
2.333672316384180334e+01
2.329830508474575623e+01
2.325875706214688776e+01
2.320903954802259506e+01
2.316836158192089812e+01
2.314011299435027524e+01
2.310056497175140677e+01
2.305988700564971339e+01
2.302033898305084136e+01
2.299548022598869323e+01
2.295932203389829596e+01
2.292090395480225595e+01
2.289152542372880816e+01
2.287231638418078461e+01
2.283954802259886208e+01
2.282259887005649190e+01
2.280677966101693954e+01
2.276723163841807462e+01
2.276497175141242479e+01
2.273220338983050226e+01
2.270508474576270430e+01
2.267118644067795685e+01
2.263954802259886279e+01
2.262485875706214244e+01
2.259548022598869466e+01
2.257966101694914585e+01
2.256045197740112229e+01
2.254124293785309874e+01
2.252203389830507518e+01
2.249717514124293061e+01
2.248135593220338535e+01
2.245084745762711265e+01
2.244293785310733824e+01
2.242824858757061435e+01
2.241355932203389045e+01
2.240903954802259079e+01
2.239661016949152028e+01
2.238644067796609249e+01
2.238870056497174232e+01
2.239096045197739215e+01
2.238305084745761775e+01
2.239096045197739215e+01
2.239661016949151673e+01
2.240451977401129113e+01
2.241694915254236520e+01
2.241355932203389045e+01
2.242146892655366486e+01
2.244067796610168841e+01
2.245649717514123722e+01
2.246892655367230773e+01
2.249039548022598467e+01
2.252768361581919976e+01
2.253559322033897416e+01
2.254463276836157348e+01
2.255819209039547246e+01
2.258644067796609534e+01
2.262146892655366770e+01
2.265084745762711194e+01
2.269152542372880532e+01
2.273107344632767735e+01
2.277062146892654937e+01
2.281694915254236378e+01
2.284971751412428631e+01
2.289265536723162953e+01
2.293220338983050155e+01
2.298531073446326900e+01
2.304406779661016103e+01
2.309039548022598254e+01
2.314124293785310016e+01
2.318644067796609320e+01
2.323728813559321082e+01
2.328361581920903234e+01
2.332994350282485030e+01
2.338418079096044266e+01
2.344971751412428773e+01
2.350508474576270146e+01
2.355141242937852297e+01
2.360903954802259008e+01
2.364971751412428347e+01
2.370395480225987939e+01
2.374011299435027667e+01
2.378305084745761988e+01
2.383163841807908767e+01
2.386553672316383512e+01
2.390960451977400325e+01
2.395028248587569664e+01
2.399322033898304340e+01
2.403389830508473679e+01
2.407570621468925509e+01
2.411638418079095203e+01
2.416610169491524829e+01
2.419548022598869608e+01
2.423502824858756455e+01
2.426553672316383370e+01
2.430734463276835555e+01
2.434237288135592792e+01
2.436610169491525113e+01
2.439774011299434164e+01
2.442259887005648977e+01
2.444971751412428773e+01
2.446553672316383654e+01
2.448587570621468501e+01
2.449943502824858399e+01
2.450621468926552993e+01
2.451864406779660044e+01
2.452429378531072857e+01
2.452768361581919976e+01
2.453559322033897416e+01
2.454576271186439840e+01
2.454802259887004823e+01
2.454802259887004823e+01
2.454689265536722331e+01
2.456158192090394721e+01
2.456045197740112229e+01
2.456384180790959704e+01
2.455706214689264755e+01
2.456158192090394721e+01
2.458192090395479568e+01
2.457627118644067110e+01
2.458418079096044551e+01
2.458531073446327042e+01
2.459322033898304483e+01
2.459999999999999076e+01
2.460225988700564059e+01
2.460677966101694025e+01
2.462598870056496736e+01
2.463163841807908838e+01
2.464519774011298381e+01
2.464745762711863364e+01
2.464293785310733398e+01
2.465536723163840804e+01
2.466440677966100736e+01
2.465310734463275821e+01
2.465084745762711194e+01
2.464858757062146211e+01
2.464293785310733753e+01
2.464745762711863719e+01
2.464293785310733753e+01
2.463728813559321651e+01
2.464180790960450906e+01
2.462711864406778517e+01
2.461355932203388974e+01
2.461242937853106483e+01
2.461920903954801432e+01
2.462033898305084278e+01
2.463615819209038804e+01
2.464858757062146566e+01
2.465988700564970770e+01
2.466779661016948211e+01
2.467570621468925651e+01
2.469491525423728007e+01
2.471525423728812854e+01
2.472429378531072786e+01
2.474124293785309447e+01
2.476497175141241769e+01
2.479435028248586548e+01
2.481129943502823920e+01
2.484971751412428631e+01
2.487005649717513123e+01
2.490395480225987868e+01
2.492994350282484817e+01
2.494463276836157206e+01
2.498757062146891883e+01
2.501355932203389187e+01
2.505423728813558881e+01
2.507231638418078390e+01
2.510056497175140322e+01
2.512542372881355135e+01
2.516271186440677354e+01
2.519096045197739642e+01
2.522824858757061506e+01
2.525423728813558455e+01
2.526666666666665861e+01
2.529943502824858115e+01
2.532881355932202538e+01
2.536723163841806894e+01
2.540564971751411605e+01
2.544067796610168486e+01
2.546553672316383299e+01
2.549378531073445231e+01
2.552429378531072857e+01
2.554576271186439840e+01
2.556949152542372161e+01
2.561468926553671821e+01
2.563276836158191330e+01
2.566892655367230702e+01
2.569830508474575481e+01
2.573672316384180192e+01
2.576610169491524616e+01
2.579435028248586548e+01
2.582259887005648835e+01
2.584745762711863648e+01
2.586666666666666003e+01
2.588700564971750850e+01
2.590847457627117834e+01
2.593107344632767308e+01
2.594915254237287172e+01
2.599096045197739357e+01
2.600564971751411747e+01
2.603163841807909051e+01
2.603841807909604000e+01
2.605536723163841017e+01
2.607231638418078035e+01
2.609717514124292848e+01
2.612881355932202609e+01
2.615028248587569948e+01
2.618531073446327184e+01
2.620225988700564557e+01
2.621807909604519082e+01
2.622146892655366202e+01
2.624858757062145997e+01
2.626553672316383370e+01
2.628474576271185725e+01
2.631751412429377979e+01
2.633220338983050368e+01
2.636045197740111945e+01
2.637740112994349673e+01
2.639774011299434164e+01
2.641807909604519011e+01
2.642598870056496452e+01
2.644745762711863790e+01
2.646101694915252978e+01
2.647570621468925367e+01
2.647796610169490350e+01
2.649943502824857688e+01
2.650847457627117620e+01
2.652316384180790010e+01
2.653446327683614925e+01
2.656045197740112229e+01
2.656610169491524687e+01
2.658757062146892025e+01
2.660112994350281923e+01
2.661355932203389330e+01
2.663389830508473466e+01
2.664180790960450906e+01
2.666440677966100736e+01
2.667118644067795685e+01
2.668135593220338109e+01
2.668022598870055617e+01
2.668587570621468075e+01
2.670395480225987939e+01
2.671864406779660328e+01
2.672994350282485243e+01
2.674463276836156922e+01
2.675706214689264684e+01
2.676723163841807462e+01
2.677288135593219565e+01
2.677288135593219565e+01
2.678983050847456582e+01
2.679774011299434378e+01
2.678192090395479141e+01
2.679322033898304412e+01
2.681694915254236378e+01
2.683276836158191614e+01
2.683389830508473750e+01
2.685423728813558597e+01
2.686553672316383512e+01
2.687118644067795969e+01
2.688587570621468359e+01
2.690282485875705731e+01
2.690960451977400680e+01
2.691638418079095629e+01
2.691638418079095629e+01
2.692429378531073070e+01
2.692655367231638053e+01
2.692429378531073070e+01
2.693446327683615493e+01
2.693898305084745459e+01
2.694689265536722544e+01
2.693333333333333002e+01
2.692768361581920544e+01
2.692316384180790578e+01
2.690960451977400680e+01
2.688135593220338393e+01
2.685197740112993969e+01
2.683841807909604071e+01
2.681016949152541784e+01
2.679548022598869750e+01
2.676271186440677496e+01
2.673559322033897701e+01
2.671412429378530717e+01
2.668474576271186294e+01
2.665649717514124006e+01
2.663276836158191685e+01
2.660903954802259364e+01
2.657062146892655008e+01
2.653107344632768161e+01
2.649039548022598467e+01
2.647570621468926078e+01
2.643615819209039230e+01
2.639548022598869892e+01
2.635480225988700198e+01
2.632429378531072928e+01
2.629830508474575623e+01
2.625423728813558810e+01
2.622372881355931895e+01
2.619661016949152099e+01
2.616836158192089812e+01
2.613898305084745033e+01
2.610960451977400609e+01
2.607909604519773694e+01
2.604293785310733966e+01
2.601581920903954526e+01
2.598644067796609747e+01
2.595367231638417849e+01
2.594237288135592934e+01
2.591073446327683172e+01
2.589604519774010782e+01
2.588813559322033342e+01
2.586892655367230986e+01
2.584519774011298665e+01
2.583615819209038733e+01
2.582146892655366699e+01
2.580451977401129682e+01
2.579548022598869395e+01
2.578757062146892309e+01
2.577966101694914869e+01
2.578418079096044835e+01
2.577853107344632377e+01
2.578079096045197360e+01
2.575593220338982547e+01
2.576723163841807462e+01
2.576045197740112513e+01
2.574124293785310158e+01
2.573785310734463039e+01
2.573785310734462684e+01
2.573559322033898056e+01
2.571751412429377837e+01
2.569152542372880887e+01
2.567457627118643870e+01
2.565197740112994040e+01
2.562824858757061719e+01
2.560225988700564415e+01
2.559209039548021991e+01
2.556158192090394721e+01
2.553333333333333144e+01
2.550508474576270856e+01
2.547231638418078958e+01
2.543954802259886705e+01
2.541355932203389401e+01
2.537966101694915011e+01
2.534350282485875283e+01
2.531638418079095487e+01
2.529378531073445657e+01
2.527796610169491132e+01
2.525536723163841657e+01
2.521807909604519438e+01
2.518757062146892167e+01
2.516610169491524829e+01
2.512994350282485101e+01
2.509491525423728220e+01
2.507005649717513762e+01
2.505988700564971339e+01
2.503615819209039017e+01
2.500790960451976730e+01
2.498757062146891883e+01
2.497401129943502340e+01
2.495367231638417138e+01
2.494237288135592934e+01
2.492542372881355561e+01
2.491299435028248155e+01
2.491299435028248155e+01
2.490395480225988223e+01
2.489943502824858257e+01
2.489378531073445799e+01
2.489039548022598325e+01
2.489491525423728291e+01
2.489152542372880816e+01
2.488926553672315833e+01
2.488813559322033342e+01
2.489491525423728291e+01
2.489378531073445799e+01
2.489943502824858257e+01
2.491864406779660612e+01
2.493107344632768019e+01
2.493559322033897985e+01
2.495593220338982832e+01
2.497966101694914443e+01
2.499096045197739713e+01
2.501468926553671679e+01
2.504293785310733966e+01
2.506666666666666288e+01
2.508474576271185796e+01
2.509717514124293203e+01
2.511638418079095203e+01
2.512429378531072999e+01
2.514689265536722473e+01
2.516158192090394863e+01
2.516723163841807320e+01
2.518983050847457150e+01
2.521807909604519082e+01
2.523728813559321438e+01
2.526101694915253759e+01
2.528474576271185725e+01
2.530056497175140606e+01
2.531638418079095487e+01
2.533446327683614996e+01
2.535028248587570232e+01
2.535706214689264826e+01
2.537514124293784690e+01
2.538305084745761775e+01
2.538757062146891741e+01
2.539774011299434520e+01
2.540790960451976943e+01
2.541468926553671892e+01
2.541355932203389756e+01
2.540451977401129469e+01
2.542146892655366841e+01
2.541807909604519367e+01
2.542146892655366486e+01
2.542146892655366841e+01
2.542033898305084350e+01
2.540451977401129469e+01
2.539999999999999503e+01
2.539322033898304909e+01
2.538757062146891741e+01
2.536384180790959775e+01
2.536384180790960130e+01
2.536045197740112656e+01
2.535593220338982334e+01
2.534237288135592792e+01
2.533898305084745317e+01
2.533220338983050368e+01
2.531751412429377979e+01
2.531186440677965521e+01
2.529943502824858115e+01
2.530282485875705589e+01
2.528248587570620742e+01
2.527231638418078319e+01
2.527231638418078319e+01
2.525875706214688776e+01
2.525197740112993827e+01
2.524745762711864216e+01
2.523728813559321793e+01
2.523050847457626489e+01
2.522711864406779370e+01
2.520903954802259506e+01
2.520677966101694523e+01
2.520112994350282065e+01
2.519096045197739642e+01
2.518757062146892167e+01
2.517627118644067252e+01
2.517740112994349744e+01
2.516723163841807320e+01
2.517514124293784761e+01
2.516497175141242337e+01
2.516045197740112371e+01
2.515480225988699914e+01
2.514463276836157490e+01
2.514802259887005320e+01
2.514124293785310016e+01
2.512994350282485456e+01
2.512768361581920473e+01
2.510847457627118118e+01
2.510734463276835626e+01
2.510395480225988152e+01
2.509717514124293203e+01
2.508361581920903305e+01
2.507909604519773694e+01
2.506553672316383796e+01
2.505649717514123864e+01
2.506327683615818813e+01
2.506101694915253475e+01
2.505423728813558526e+01
2.505536723163841017e+01
2.504971751412428915e+01
2.505310734463276390e+01
2.505988700564971339e+01
2.506214689265536322e+01
2.506553672316383796e+01
2.508022598870056186e+01
2.507909604519773694e+01
2.508700564971750779e+01
2.508700564971750779e+01
2.509378531073445728e+01
2.509152542372880745e+01
2.510056497175140677e+01
2.510282485875705305e+01
2.510508474576270999e+01
2.509717514124293558e+01
2.510056497175140677e+01
2.509039548022598609e+01
2.509378531073446084e+01
2.508135593220338677e+01
2.507344632768361237e+01
2.506666666666666288e+01
2.505988700564971339e+01
2.504067796610168983e+01
2.502372881355931966e+01
2.500225988700564628e+01
2.499548022598869679e+01
2.498192090395480136e+01
2.497627118644067323e+01
2.496723163841807391e+01
2.495932203389829951e+01
2.495367231638417849e+01
2.495141242937852866e+01
2.493559322033897985e+01
2.492994350282485527e+01
2.492090395480225595e+01
2.491525423728813138e+01
2.491186440677965663e+01
2.489943502824858257e+01
2.489717514124293274e+01
2.489378531073445799e+01
2.489378531073445799e+01
2.488361581920903731e+01
2.488248587570620884e+01
2.489378531073445799e+01
2.489943502824858257e+01
2.489943502824858257e+01
2.490508474576270714e+01
2.491638418079095629e+01
2.492655367231638053e+01
2.492881355932203036e+01
2.494124293785310442e+01
2.496045197740112442e+01
2.498418079096044764e+01
2.499435028248587543e+01
2.501242937853107051e+01
2.503389830508474034e+01
2.504745762711863932e+01
2.505762711864406356e+01
2.508474576271186152e+01
2.510847457627118473e+01
2.512203389830508016e+01
2.514011299435027880e+01
2.516610169491524829e+01
2.518531073446327540e+01
2.519887005649717082e+01
2.521016949152541997e+01
2.523050847457626844e+01
2.524745762711864216e+01
2.525197740112993827e+01
2.527457627118643657e+01
2.527231638418079029e+01
2.528926553672316047e+01
2.529717514124293487e+01
2.530621468926553064e+01
2.531638418079096198e+01
2.531977401129942962e+01
2.531525423728812996e+01
2.531299435028248368e+01
2.531073446327683030e+01
2.530508474576270928e+01
2.531864406779660825e+01
2.531977401129943317e+01
2.529830508474575979e+01
2.528248587570621453e+01
2.527570621468926504e+01
2.526779661016949063e+01
2.524632768361581725e+01
2.523615819209039302e+01
2.521807909604519438e+01
2.522146892655366912e+01
2.520225988700564557e+01
2.518983050847457150e+01
2.517966101694914727e+01
2.515593220338983116e+01
2.515141242937852439e+01
2.513898305084745743e+01
2.511638418079095914e+01
2.510960451977400965e+01
2.510282485875706016e+01
2.509717514124293558e+01
2.508700564971751135e+01
2.509039548022598609e+01
2.507344632768361237e+01
2.505762711864406356e+01
2.505536723163841373e+01
2.505197740112993898e+01
2.505084745762711762e+01
2.503389830508474390e+01
2.503050847457626915e+01
2.503276836158191543e+01
2.504632768361581441e+01
2.506779661016948779e+01
2.507796610169491203e+01
2.508926553672316118e+01
2.510960451977400965e+01
2.511525423728813422e+01
2.513898305084745743e+01
2.516045197740112727e+01
2.517514124293785116e+01
2.518757062146892522e+01
2.521129943502824489e+01
2.524406779661016742e+01
2.524519774011299234e+01
2.527683615819208995e+01
2.528926553672316402e+01
2.529943502824858115e+01
2.531977401129942962e+01
2.534802259887005249e+01
2.536723163841807605e+01
2.538305084745762485e+01
2.541355932203389756e+01
2.542937853107344282e+01
2.545649717514124077e+01
2.548587570621468501e+01
2.550056497175140890e+01
2.550847457627118331e+01
2.553220338983050652e+01
2.556158192090395431e+01
2.557288135593219991e+01
2.559435028248587685e+01
2.561355932203389330e+01
2.563163841807909193e+01
2.563841807909604142e+01
2.564632768361581583e+01
2.565310734463276532e+01
2.566553672316383938e+01
2.569265536723163379e+01
2.570508474576270785e+01
2.571299435028247871e+01
2.571638418079095345e+01
2.571977401129942820e+01
2.573446327683615209e+01
2.573446327683615209e+01
2.573898305084745175e+01
2.575028248587570445e+01
2.576045197740112869e+01
2.575254237288135073e+01
2.574689265536722971e+01
2.575706214689265039e+01
2.576045197740112513e+01
2.576158192090395005e+01
2.576497175141242479e+01
2.577288135593220275e+01
2.578305084745762343e+01
2.577514124293784903e+01
2.576949152542372445e+01
2.575932203389830022e+01
2.575254237288135073e+01
2.572542372881355988e+01
2.570734463276836124e+01
2.569604519774011209e+01
2.567683615819208853e+01
2.566553672316383938e+01
2.565649717514124006e+01
2.563841807909604142e+01
2.562372881355932108e+01
2.560903954802259364e+01
2.558757062146892380e+01
2.557514124293784974e+01
2.555028248587570516e+01
2.553672316384180618e+01
2.551977401129943246e+01
2.550508474576270856e+01
2.548926553672315976e+01
2.548248587570621027e+01
2.546440677966101163e+01
2.544745762711863790e+01
2.543163841807909265e+01
2.542259887005649688e+01
2.541694915254237230e+01
2.541581920903954739e+01
2.539774011299434875e+01
2.539096045197739926e+01
2.538870056497174943e+01
2.538192090395479994e+01
2.537966101694915011e+01
2.537062146892655079e+01
2.535819209039547673e+01
2.535141242937852724e+01
2.535141242937852724e+01
2.534350282485875283e+01
2.534011299435027809e+01
2.532994350282485385e+01
2.531638418079095487e+01
2.531299435028248013e+01
2.530282485875705589e+01
2.530621468926553064e+01
2.529378531073446013e+01
2.528813559322033200e+01
2.526666666666666217e+01
2.525988700564970912e+01
2.525197740112993827e+01
2.524180790960451759e+01
2.523389830508474319e+01
2.523276836158191827e+01
2.522259887005649404e+01
2.521581920903954455e+01
2.520903954802259506e+01
2.520451977401129540e+01
2.518305084745762201e+01
2.516949152542372303e+01
2.517627118644067608e+01
2.517062146892654795e+01
2.516271186440677354e+01
2.516271186440677354e+01
2.516497175141242693e+01
2.515932203389829880e+01
2.515593220338982761e+01
2.514689265536722829e+01
2.514350282485874999e+01
2.512768361581920473e+01
2.512655367231637982e+01
2.512316384180790152e+01
2.511638418079095558e+01
2.511864406779660897e+01
2.511864406779660897e+01
2.511751412429378405e+01
2.512429378531072999e+01
2.512316384180790507e+01
2.512429378531072999e+01
2.512542372881355135e+01
2.510847457627117763e+01
2.510847457627118118e+01
2.510847457627118473e+01
2.509943502824858186e+01
2.509265536723163592e+01
2.508022598870056186e+01
2.507118644067796254e+01
2.507005649717513762e+01
2.507005649717513762e+01
2.505875706214688492e+01
2.505762711864406356e+01
2.504858757062146069e+01
2.503615819209039017e+01
2.502937853107344068e+01
2.502485875706214102e+01
2.503276836158191543e+01
2.501016949152541713e+01
2.501016949152541713e+01
2.500338983050846764e+01
2.500225988700564628e+01
2.500225988700564272e+01
2.500225988700564628e+01
2.500677966101694238e+01
2.500903954802259221e+01
2.500564971751411747e+01
2.500790960451976730e+01
2.501355932203389187e+01
2.502146892655366628e+01
2.502937853107344068e+01
2.503615819209039017e+01
2.504519774011299305e+01
2.505423728813558881e+01
2.506101694915253830e+01
2.505875706214688847e+01
2.505536723163841373e+01
2.507005649717513762e+01
2.506666666666665932e+01
2.506892655367231271e+01
2.507796610169491203e+01
2.507231638418078745e+01
2.506892655367231271e+01
2.506440677966101305e+01
2.505875706214688847e+01
2.504519774011298949e+01
2.503728813559321509e+01
2.503050847457626560e+01
2.502033898305084136e+01
2.500790960451976730e+01
2.498644067796609747e+01
2.497627118644067679e+01
2.495367231638417849e+01
2.493446327683615493e+01
2.491977401129943104e+01
2.488700564971750850e+01
2.487344632768361308e+01
2.485197740112994325e+01
2.482372881355932037e+01
2.480225988700564699e+01
2.476610169491524971e+01
2.472542372881355632e+01
2.467796610169490990e+01
2.464632768361581583e+01
2.459548022598869466e+01
2.455593220338982974e+01
2.452655367231638195e+01
2.448813559322033484e+01
2.445536723163841231e+01
2.441468926553671892e+01
2.437175141242937570e+01
2.432881355932202538e+01
2.427796610169490776e+01
2.425423728813558455e+01
2.421581920903954455e+01
2.417401129943502269e+01
2.413446327683615067e+01
2.410847457627117763e+01
2.405762711864406000e+01
2.402146892655366628e+01
2.396497175141242053e+01
2.391864406779660612e+01
2.388474576271185867e+01
2.384180790960451191e+01
2.380564971751411463e+01
2.376497175141242124e+01
2.373672316384180192e+01
2.369830508474575481e+01
2.367005649717513194e+01
2.362485875706214244e+01
2.358192090395479568e+01
2.354802259887004823e+01
2.352429378531073212e+01
2.348813559322033129e+01
2.345423728813558739e+01
2.341016949152541926e+01
2.337062146892655079e+01
2.334915254237287741e+01
2.330960451977400538e+01
2.327344632768361166e+01
2.324858757062146353e+01
2.321468926553671963e+01
2.318305084745762201e+01
2.315254237288135286e+01
2.312768361581920118e+01
2.310169491525423524e+01
2.305988700564971339e+01
2.301468926553671679e+01
2.299209039548022204e+01
2.294802259887005036e+01
2.292542372881355561e+01
2.289378531073445799e+01
2.286327683615818529e+01
2.282937853107344139e+01
2.278870056497174801e+01
2.275593220338982547e+01
2.271864406779660328e+01
2.268474576271185583e+01
2.265310734463276532e+01
2.261581920903954313e+01
2.257514124293784619e+01
2.254124293785309874e+01
2.250960451977400467e+01
2.246779661016948637e+01
2.242824858757061435e+01
2.238870056497174588e+01
2.234124293785310300e+01
2.228361581920903234e+01
2.222711864406779014e+01
2.217966101694914727e+01
2.213898305084745033e+01
2.208926553672315762e+01
2.203163841807909051e+01
2.198192090395479426e+01
2.193107344632768019e+01
2.188587570621468359e+01
2.185310734463276106e+01
2.181468926553671750e+01
2.176723163841807462e+01
2.173898305084745175e+01
2.172881355932202752e+01
2.170056497175140464e+01
2.167570621468926007e+01
2.164745762711863719e+01
2.162372881355931753e+01
2.159774011299434093e+01
2.157740112994349602e+01
2.158644067796609534e+01
2.156497175141242195e+01
2.156384180790959704e+01
2.155819209039547246e+01
2.156045197740112229e+01
2.154689265536722331e+01
2.154802259887005178e+01
2.155254237288134789e+01
2.155480225988699772e+01
2.156610169491524687e+01
2.156723163841807178e+01
2.156610169491524687e+01
2.158079096045197076e+01
2.158644067796609534e+01
2.159435028248586974e+01
2.161694915254236804e+01
2.162824858757061719e+01
2.162711864406778872e+01
2.163841807909604142e+01
2.167457627118643160e+01
2.169943502824857973e+01
2.172542372881355277e+01
2.174463276836157632e+01
2.174576271186440124e+01
2.176610169491524971e+01
2.179548022598869395e+01
2.181129943502824275e+01
2.183389830508473750e+01
2.185197740112993614e+01
2.186440677966101021e+01
2.189152542372880816e+01
2.189830508474575765e+01
2.191751412429377410e+01
2.193672316384179766e+01
2.196949152542372019e+01
2.199435028248586832e+01
2.200564971751411747e+01
2.202372881355931611e+01
2.204293785310733966e+01
2.206440677966101305e+01
2.206440677966100949e+01
2.208135593220338322e+01
2.210169491525422814e+01
2.211073446327682746e+01
2.212994350282485101e+01
2.214237288135592507e+01
2.215593220338982405e+01
2.215480225988699914e+01
2.216610169491524829e+01
2.216271186440677354e+01
2.217062146892654795e+01
2.218305084745762201e+01
2.218079096045197218e+01
2.220112994350282065e+01
2.221920903954801574e+01
2.223841807909603929e+01
2.225988700564970912e+01
2.227909604519773268e+01
2.230056497175140606e+01
2.231638418079095487e+01
2.232881355932202538e+01
2.234576271186439911e+01
2.236271186440677283e+01
2.238305084745762130e+01
2.239887005649716656e+01
2.241694915254236875e+01
2.243276836158191401e+01
2.246101694915253688e+01
2.249152542372880959e+01
2.250734463276835484e+01
2.254011299435027382e+01
2.256384180790959704e+01
2.258305084745762059e+01
2.260677966101694381e+01
2.263502824858756313e+01
2.264406779661015889e+01
2.265310734463276177e+01
2.266440677966101092e+01
2.267683615819208143e+01
2.268700564971750566e+01
2.268135593220338109e+01
2.267005649717513194e+01
2.266327683615818245e+01
2.265649717514123651e+01
2.265536723163840804e+01
2.262485875706213889e+01
2.261694915254236093e+01
2.260338983050846551e+01
2.259999999999999076e+01
2.257514124293784263e+01
2.254689265536722331e+01
2.252316384180790010e+01
2.248361581920902807e+01
2.244180790960451333e+01
2.239999999999999147e+01
2.236610169491524402e+01
2.233672316384179624e+01
2.229604519774010285e+01
2.226666666666665861e+01
2.221694915254236236e+01
2.216045197740112016e+01
2.212090395480225169e+01
2.207796610169490492e+01
2.204293785310733611e+01
2.200564971751411747e+01
2.196723163841807036e+01
2.192542372881354851e+01
2.188474576271185867e+01
2.183615819209038733e+01
2.177853107344631667e+01
2.174689265536721905e+01
2.169943502824857617e+01
2.165988700564970770e+01
2.162259887005648551e+01
2.160112994350281213e+01
2.156723163841806468e+01
2.152768361581919976e+01
2.150282485875705163e+01
2.147344632768360384e+01
2.144406779661015605e+01
2.141581920903953673e+01
2.139774011299433809e+01
2.136836158192089385e+01
2.134350282485874573e+01
2.131977401129942251e+01
2.132542372881354709e+01
2.132090395480224743e+01
2.131638418079094777e+01
2.131299435028247302e+01
2.130621468926552353e+01
2.130282485875704879e+01
2.130056497175139896e+01
2.130734463276835200e+01
2.130508474576270217e+01
2.131412429378530149e+01
2.132994350282484675e+01
2.133898305084744607e+01
2.135593220338981979e+01
2.136610169491524402e+01
2.138870056497174232e+01
2.141242937853106554e+01
2.142146892655366130e+01
2.143502824858756384e+01
2.145423728813558029e+01
2.148135593220337825e+01
2.150734463276835129e+01
2.152655367231637484e+01
2.154350282485874857e+01
2.156045197740111874e+01
2.159548022598868755e+01
2.162372881355931042e+01
2.164971751412428347e+01
2.168700564971750566e+01
2.171977401129942109e+01
2.174124293785309447e+01
2.176158192090394294e+01
2.178079096045196650e+01
2.182711864406778446e+01
2.187231638418077750e+01
2.188700564971750140e+01
2.191751412429377410e+01
2.194463276836157206e+01
2.199322033898303985e+01
2.202259887005648764e+01
2.204406779661015747e+01
2.208248587570620458e+01
2.212768361581919763e+01
2.216384180790959135e+01
2.220903954802258795e+01
2.224745762711863506e+01
2.229265536723162455e+01
2.233898305084744607e+01
2.238418079096044266e+01
2.242485875706213605e+01
2.247457627118642876e+01
2.252090395480225027e+01
2.256610169491524331e+01
2.260790960451976517e+01
2.264745762711863364e+01
2.268700564971750211e+01
2.272090395480225311e+01
2.275706214689264328e+01
2.278870056497174090e+01
2.282033898305083852e+01
2.284745762711863293e+01
2.287118644067795614e+01
2.289830508474575055e+01
2.292090395480224885e+01
2.295141242937852155e+01
2.295819209039547104e+01
2.298418079096044053e+01
2.299548022598868613e+01
2.301468926553670968e+01
2.303050847457625849e+01
2.303163841807908341e+01
2.305762711864406000e+01
2.305762711864405645e+01
2.306892655367230560e+01
2.306553672316383086e+01
2.307683615819208001e+01
2.307909604519772984e+01
2.309378531073445018e+01
2.307683615819208001e+01
2.307344632768360526e+01
2.306440677966100594e+01
2.306666666666665577e+01
2.306666666666665932e+01
2.306101694915253120e+01
2.305875706214688492e+01
2.304519774011298239e+01
2.303502824858756526e+01
2.302033898305083781e+01
2.299887005649716798e+01
2.298305084745761562e+01
2.296271186440677070e+01
2.294689265536722189e+01
2.292994350282484817e+01
2.289491525423727580e+01
2.288022598870055546e+01
2.283389830508473750e+01
2.280903954802258937e+01
2.277062146892654582e+01
2.274124293785310158e+01
2.271412429378530007e+01
2.268248587570620600e+01
2.263389830508473466e+01
2.260790960451976517e+01
2.257514124293784619e+01
2.252768361581919976e+01
2.249604519774010569e+01
2.246327683615818316e+01
2.242824858757061435e+01
2.238531073446326758e+01
2.234237288135592436e+01
2.231299435028247657e+01
2.228135593220338251e+01
2.224632768361581014e+01
2.220451977401129184e+01
2.216610169491524829e+01
2.213107344632767592e+01
2.208700564971750424e+01
2.205649717514123864e+01
2.202824858757061577e+01
2.200225988700564272e+01
2.196271186440677425e+01
2.193220338983050510e+01
2.190621468926552851e+01
2.186779661016948495e+01
2.183163841807909122e+01
2.182937853107344139e+01
2.180451977401129326e+01
2.178079096045197005e+01
2.176836158192089954e+01
2.175028248587570090e+01
2.172429378531072786e+01
2.168587570621468075e+01
2.166666666666666075e+01
2.166892655367231413e+01
2.164293785310734108e+01
2.163502824858756668e+01
2.162146892655366770e+01
2.159209039548021991e+01
2.156610169491525042e+01
2.155367231638417636e+01
2.153107344632767806e+01
2.151186440677965805e+01
2.148361581920903518e+01
2.146214689265536535e+01
2.143841807909604213e+01
2.140677966101694452e+01
2.138531073446327468e+01
2.136158192090395147e+01
2.134576271186440266e+01
2.132429378531073283e+01
2.128474576271186081e+01
2.125875706214688776e+01
2.122259887005649404e+01
2.118192090395480065e+01
2.115367231638417778e+01
2.113107344632768303e+01
2.109604519774011067e+01
2.107118644067796254e+01
2.102711864406779796e+01
2.098305084745762628e+01
2.095819209039547815e+01
2.092768361581920544e+01
2.087909604519773765e+01
2.083728813559321580e+01
2.080112994350282207e+01
2.075141242937852581e+01
2.071638418079096056e+01
2.067231638418078887e+01
2.062598870056496736e+01
2.058870056497174517e+01
2.055932203389829738e+01
2.052994350282485669e+01
2.050395480225988365e+01
2.048361581920903518e+01
2.044745762711864145e+01
2.042485875706214316e+01
2.040338983050847332e+01
2.037740112994350028e+01
2.036271186440677639e+01
2.035480225988700198e+01
2.033107344632767877e+01
2.032655367231637911e+01
2.030621468926553064e+01
2.030056497175140962e+01
2.029491525423728504e+01
2.028926553672316047e+01
2.029152542372880674e+01
2.028022598870055759e+01
2.027909604519773623e+01
2.028587570621468572e+01
2.027909604519773623e+01
2.027005649717513336e+01
2.027457627118643657e+01
2.026553672316383370e+01
2.026440677966100878e+01
2.028135593220338251e+01
2.027909604519773623e+01
2.028587570621468572e+01
2.027231638418078319e+01
2.028135593220338251e+01
2.029717514124293132e+01
2.029717514124293132e+01
2.028361581920903234e+01
2.028135593220338251e+01
2.029830508474575623e+01
2.029604519774010640e+01
2.030847457627118047e+01
2.030508474576270572e+01
2.032090395480225453e+01
2.032994350282485385e+01
2.033107344632767521e+01
2.034576271186440266e+01
2.035480225988700198e+01
2.035593220338982690e+01
2.037062146892654724e+01
2.037627118644066826e+01
2.039322033898304554e+01
2.039999999999999147e+01
2.040564971751411960e+01
2.041920903954801503e+01
2.044293785310733824e+01
2.046440677966101163e+01
2.047118644067796112e+01
2.048587570621468501e+01
2.051751412429377908e+01
2.052429378531072501e+01
2.054237288135592721e+01
2.054237288135592365e+01
2.057062146892654653e+01
2.057966101694914585e+01
2.060790960451976872e+01
2.061920903954801787e+01
2.063615819209038804e+01
2.066440677966100736e+01
2.067909604519773481e+01
2.069491525423728007e+01
2.071073446327682888e+01
2.074237288135592649e+01
2.076158192090394650e+01
2.079322033898304056e+01
2.081807909604518869e+01
2.085084745762711123e+01
2.087683615819208427e+01
2.090395480225988223e+01
2.094011299435027595e+01
2.096723163841807036e+01
2.098644067796609392e+01
2.101468926553671679e+01
2.104293785310733611e+01
2.105649717514123509e+01
2.107796610169490847e+01
2.110508474576270288e+01
2.114011299435027524e+01
2.115593220338982405e+01
2.117514124293784761e+01
2.119661016949152099e+01
2.121920903954801574e+01
2.125310734463276319e+01
2.126327683615818387e+01
2.128926553672315691e+01
2.131073446327683030e+01
2.133446327683615351e+01
2.134576271186439911e+01
2.136271186440677283e+01
2.138305084745762130e+01
2.139887005649716656e+01
2.140451977401129469e+01
2.141468926553671892e+01
2.141581920903954028e+01
2.142937853107343926e+01
2.143841807909603858e+01
2.144067796610168841e+01
2.145536723163841231e+01
2.146327683615818671e+01
2.146666666666666146e+01
2.147005649717513620e+01
2.147118644067795756e+01
2.145310734463276248e+01
2.145649717514123722e+01
2.144971751412428773e+01
2.144519774011298807e+01
2.144293785310733824e+01
2.142937853107343926e+01
2.142146892655366486e+01
2.140903954802259079e+01
2.139661016949151673e+01
2.137627118644066826e+01
2.135480225988699843e+01
2.134350282485875283e+01
2.132994350282485385e+01
2.130395480225988081e+01
2.128813559322033200e+01
2.127457627118643302e+01
2.126553672316383370e+01
2.124971751412428489e+01
2.124293785310733540e+01
2.122372881355931540e+01
2.121468926553671608e+01
2.120112994350281710e+01
2.118418079096044337e+01
2.115480225988699914e+01
2.114576271186439982e+01
2.111977401129942677e+01
2.109943502824857831e+01
2.107909604519773339e+01
2.105310734463276390e+01
2.102824858757061577e+01
2.100903954802259221e+01
2.099887005649716798e+01
2.097740112994349460e+01
2.096836158192089528e+01
2.094802259887004681e+01
2.092768361581919834e+01
2.091864406779660257e+01
2.090621468926553206e+01
2.089830508474575765e+01
2.088926553672315478e+01
2.087683615819208427e+01
2.087005649717513478e+01
2.086101694915253546e+01
2.084632768361581157e+01
2.085310734463276106e+01
2.086214689265536038e+01
2.085988700564971055e+01
2.086101694915253546e+01
2.085988700564971055e+01
2.087570621468925935e+01
2.088248587570620884e+01
2.087909604519773410e+01
2.087570621468925935e+01
2.088474576271185867e+01
2.091412429378530646e+01
2.093220338983050155e+01
2.095819209039547104e+01
2.096610169491524545e+01
2.099209039548021849e+01
2.099887005649716798e+01
2.102598870056496594e+01
2.105649717514123509e+01
2.106327683615818813e+01
2.109491525423727865e+01
2.112429378531072643e+01
2.114124293785310016e+01
2.116497175141242337e+01
2.120790960451976659e+01
2.122485875706213676e+01
2.126101694915253404e+01
2.129830508474575268e+01
2.132542372881355419e+01
2.135819209039547317e+01
2.137514124293784690e+01
2.141920903954801503e+01
2.142372881355931469e+01
2.145875706214688705e+01
2.148700564971750993e+01
2.151525423728812569e+01
2.153559322033897416e+01
2.156045197740112229e+01
2.159774011299434449e+01
2.161694915254236804e+01
2.163163841807908838e+01
2.166440677966100736e+01
2.169152542372880532e+01
2.172316384180790294e+01
2.176158192090395005e+01
2.180790960451976446e+01
2.183502824858756242e+01
2.185875706214688563e+01
2.190508474576270714e+01
2.193446327683614783e+01
2.197514124293784477e+01
2.200790960451976730e+01
2.206101694915253475e+01
2.209265536723163237e+01
2.213333333333332575e+01
2.217062146892654795e+01
2.220338983050846693e+01
2.224067796610168557e+01
2.227457627118643302e+01
2.232542372881355064e+01
2.234576271186439556e+01
2.239096045197739571e+01
2.242259887005648977e+01
2.247005649717513265e+01
2.250960451977400112e+01
2.255706214689264755e+01
2.259322033898304483e+01
2.262146892655366415e+01
2.267118644067795685e+01
2.272090395480225311e+01
2.276723163841807107e+01
2.281242937853106412e+01
2.284406779661016174e+01
2.291186440677965308e+01
2.294802259887004681e+01
2.299435028248586477e+01
2.303954802259886492e+01
2.310621468926552780e+01
2.314237288135592507e+01
2.319209039548021423e+01
2.324067796610168557e+01
2.328248587570620387e+01
2.333446327683614641e+01
2.338418079096044266e+01
2.342033898305083994e+01
2.344971751412428773e+01
2.347457627118643231e+01
2.350508474576270146e+01
2.353446327683614925e+01
2.356836158192089670e+01
2.360112994350281568e+01
2.362146892655366059e+01
2.363389830508473466e+01
2.366101694915253617e+01
2.368248587570620600e+01
2.369943502824857973e+01
2.371751412429377837e+01
2.372768361581920260e+01
2.375028248587570090e+01
2.375367231638417564e+01
2.376836158192089954e+01
2.376610169491524616e+01
2.378079096045197360e+01
2.379209039548022275e+01
2.380903954802258937e+01
2.382372881355931682e+01
2.382259887005648835e+01
2.382372881355931327e+01
2.383502824858756242e+01
2.382259887005648835e+01
2.381807909604518869e+01
2.382711864406778801e+01
2.384406779661016174e+01
2.382711864406778801e+01
2.382259887005648835e+01
2.382711864406778801e+01
2.381468926553671395e+01
2.381468926553671395e+01
2.381242937853106412e+01
2.380903954802258937e+01
2.381129943502823920e+01
2.380451977401128971e+01
2.380564971751411818e+01
2.380903954802258937e+01
2.380225988700564344e+01
2.381242937853106412e+01
2.381016949152541429e+01
2.379661016949151886e+01
2.379661016949151531e+01
2.380225988700563988e+01
2.380451977401128971e+01
2.379774011299434022e+01
2.379548022598869039e+01
2.379661016949151886e+01
2.379548022598869395e+01
2.378305084745762343e+01
2.377966101694914514e+01
2.378192090395479497e+01
2.378418079096044124e+01
2.377853107344632022e+01
2.377062146892654226e+01
2.377740112994349886e+01
2.377627118644067394e+01
2.378757062146892309e+01
2.377627118644067394e+01
2.377740112994349531e+01
2.376836158192089599e+01
2.377062146892654937e+01
2.376723163841807107e+01
2.375932203389830022e+01
2.375593220338982547e+01
2.374915254237287598e+01
2.374011299435027667e+01
2.372994350282485243e+01
2.371525423728812854e+01
2.370395480225987939e+01
2.367909604519773481e+01
2.366214689265535753e+01
2.364519774011298736e+01
2.361581920903954313e+01
2.359661016949151957e+01
2.356836158192089670e+01
2.354689265536722687e+01
2.353333333333332433e+01
2.350960451977400467e+01
2.347344632768361095e+01
2.343954802259886350e+01
2.340564971751411605e+01
2.337514124293784690e+01
2.334011299435027809e+01
2.331073446327683030e+01
2.327457627118643302e+01
2.325197740112993472e+01
2.323615819209038946e+01
2.321242937853106625e+01
2.319096045197739642e+01
2.316723163841807320e+01
2.315480225988699914e+01
2.312768361581920118e+01
2.313220338983050084e+01
2.312429378531072999e+01
2.312203389830507660e+01
2.312090395480225169e+01
2.310734463276835271e+01
2.311186440677965237e+01
2.311186440677965237e+01
2.313333333333332575e+01
2.313898305084745033e+01
2.313559322033897558e+01
2.316610169491524829e+01
2.319322033898304269e+01
2.319435028248586761e+01
2.321355932203388761e+01
2.323502824858756100e+01
2.324971751412428489e+01
2.326779661016948353e+01
2.328813559322033200e+01
2.331864406779660115e+01
2.335367231638417707e+01
2.336836158192089385e+01
2.339322033898304198e+01
2.341355932203389045e+01
2.343954802259886350e+01
2.345423728813558739e+01
2.347118644067795756e+01
2.350960451977400467e+01
2.352090395480225027e+01
2.354011299435027382e+01
2.356836158192089670e+01
2.357062146892654653e+01
2.358983050847457008e+01
2.361355932203388974e+01
2.363502824858755957e+01
2.364067796610168415e+01
2.365197740112993330e+01
2.367796610169490634e+01
2.368474576271185583e+01
2.369717514124292990e+01
2.370508474576270430e+01
2.372881355932202396e+01
2.374463276836157632e+01
2.376384180790959277e+01
2.378983050847456582e+01
2.381468926553671395e+01
2.383728813559321225e+01
2.385762711864406072e+01
2.388022598870055546e+01
2.389717514124292919e+01
2.391299435028247444e+01
2.393559322033897274e+01
2.395141242937852155e+01
2.396949152542372019e+01
2.397966101694914443e+01
2.399548022598869323e+01
2.402259887005648409e+01
2.405084745762710696e+01
2.406327683615818103e+01
2.407909604519772984e+01
2.410169491525422814e+01
2.411638418079094848e+01
2.412994350282484390e+01
2.415028248587569593e+01
2.417062146892654084e+01
2.418531073446326474e+01
2.419209039548021423e+01
2.421242937853106270e+01
2.422824858757061151e+01
2.424632768361581014e+01
2.425988700564970912e+01
2.425310734463275963e+01
2.426553672316383370e+01
2.427005649717513336e+01
2.428700564971750708e+01
2.430056497175140606e+01
2.430960451977400183e+01
2.431977401129942606e+01
2.432881355932202538e+01
2.435480225988699488e+01
2.436949152542371877e+01
2.437627118644066826e+01
2.437853107344631809e+01
2.437288135593219351e+01
2.437514124293784334e+01
2.436949152542371877e+01
2.437740112994349317e+01
2.438644067796609249e+01
2.438983050847456724e+01
2.439887005649716656e+01
2.439999999999999147e+01
2.438531073446326758e+01
2.438079096045196792e+01
2.438079096045196792e+01
2.436949152542371877e+01
2.435141242937852013e+01
2.435819209039546962e+01
2.435932203389829453e+01
2.434576271186439911e+01
2.434576271186439911e+01
2.434915254237287030e+01
2.434915254237287030e+01
2.433559322033897132e+01
2.433672316384179979e+01
2.434915254237287030e+01
2.434463276836157419e+01
2.435367231638417351e+01
2.436836158192089385e+01
2.437627118644066826e+01
2.439209039548021707e+01
2.441581920903953673e+01
2.442485875706213960e+01
2.444406779661015960e+01
2.446101694915252978e+01
2.448361581920902807e+01
2.450169491525422671e+01
2.451412429378530078e+01
2.452994350282485314e+01
2.455480225988699772e+01
2.457175141242937144e+01
2.458757062146892025e+01
2.460677966101694025e+01
2.462598870056496381e+01
2.464406779661015889e+01
2.466101694915253262e+01
2.467683615819208143e+01
2.469265536723163024e+01
2.470056497175140464e+01
2.470960451977400396e+01
2.471073446327682888e+01
2.471525423728812854e+01
2.472994350282485243e+01
2.472429378531072786e+01
2.472429378531072786e+01
2.473220338983050226e+01
2.472655367231637413e+01
2.474237288135592649e+01
2.474463276836157632e+01
2.473107344632767735e+01
2.472316384180790294e+01
2.471638418079095345e+01
2.470621468926552922e+01
2.470621468926552922e+01
2.470282485875705447e+01
2.469378531073445515e+01
2.468926553672315549e+01
2.467570621468926007e+01
2.467457627118643160e+01
2.465988700564970770e+01
2.465084745762710838e+01
2.465197740112993330e+01
2.465536723163841160e+01
2.465649717514123296e+01
2.464067796610168770e+01
2.463502824858756668e+01
2.462711864406779227e+01
2.461242937853106838e+01
2.460451977401129398e+01
2.459999999999999432e+01
2.459887005649716940e+01
2.459096045197739500e+01
2.458192090395479568e+01
2.457966101694914585e+01
2.456949152542372516e+01
2.455932203389829738e+01
2.455932203389829738e+01
2.456384180790959704e+01
2.455480225988699772e+01
2.455932203389829738e+01
2.455254237288134789e+01
2.454237288135592365e+01
2.453672316384179908e+01
2.453559322033897416e+01
2.453220338983050297e+01
2.453107344632767450e+01
2.453446327683614925e+01
2.452994350282485314e+01
2.453785310734462399e+01
2.453333333333332789e+01
2.453446327683615280e+01
2.454124293785309874e+01
2.454350282485874857e+01
2.453446327683614925e+01
2.453333333333332433e+01
2.452994350282484959e+01
2.453333333333332433e+01
2.453333333333332433e+01
2.454124293785309874e+01
2.455254237288134789e+01
2.453898305084744891e+01
2.454237288135592365e+01
2.453785310734462399e+01
2.452994350282485314e+01
2.452994350282485314e+01
2.453333333333332433e+01
2.451638418079095061e+01
2.451638418079095416e+01
2.452542372881354993e+01
2.451525423728812569e+01
2.450395480225988010e+01
2.449491525423728433e+01
2.449378531073445942e+01
2.448587570621468501e+01
2.447570621468926078e+01
2.446440677966101163e+01
2.445988700564971197e+01
2.445875706214688705e+01
2.445762711864406214e+01
2.444971751412428773e+01
2.443728813559321367e+01
2.443389830508473892e+01
2.443954802259886350e+01
2.443615819209038875e+01
2.443050847457626773e+01
2.443841807909603858e+01
2.442711864406778943e+01
2.441355932203389045e+01
2.440790960451976943e+01
2.439435028248587045e+01
2.437175141242937215e+01
2.436497175141242266e+01
2.435028248587570232e+01
2.433220338983050368e+01
2.432542372881355419e+01
2.430847457627118047e+01
2.430847457627118047e+01
2.428135593220338251e+01
2.425197740112993827e+01
2.423050847457626489e+01
2.420790960451977014e+01
2.419435028248587116e+01
2.417966101694914727e+01
2.415593220338982405e+01
2.414350282485874999e+01
2.412316384180790152e+01
2.410508474576270288e+01
2.409943502824858186e+01
2.407796610169490847e+01
2.406666666666666288e+01
2.404971751412428915e+01
2.403163841807909051e+01
2.401807909604519153e+01
2.401581920903954170e+01
2.401807909604519153e+01
2.402259887005649119e+01
2.402259887005649119e+01
2.402259887005649119e+01
2.402485875706214102e+01
2.402372881355931611e+01
2.403050847457626560e+01
2.404293785310733966e+01
2.403954802259886492e+01
2.402485875706214102e+01
2.401581920903954170e+01
2.402372881355931611e+01
2.401129943502824204e+01
2.398870056497174730e+01
2.397966101694914798e+01
2.396836158192089883e+01
2.395367231638417493e+01
2.393785310734462612e+01
2.392203389830508087e+01
2.391299435028247800e+01
2.388926553672315833e+01
2.386892655367230986e+01
2.384406779661016174e+01
2.381920903954801716e+01
2.379096045197739073e+01
2.377062146892654937e+01
2.374237288135592649e+01
2.371864406779660328e+01
2.369491525423728007e+01
2.365536723163841160e+01
2.362711864406778872e+01
2.359435028248586619e+01
2.356949152542372161e+01
2.354011299435027382e+01
2.350734463276835129e+01
2.347005649717513265e+01
2.344293785310733824e+01
2.341129943502824062e+01
2.338192090395479283e+01
2.333672316384179979e+01
2.330508474576270572e+01
2.326327683615818387e+01
2.322711864406778659e+01
2.321016949152541642e+01
2.319209039548022133e+01
2.315367231638417422e+01
2.312655367231637626e+01
2.309943502824857831e+01
2.308474576271185441e+01
2.306101694915253120e+01
2.303841807909604000e+01
2.302937853107344068e+01
2.300451977401129255e+01
2.300677966101694238e+01
2.297966101694914443e+01
2.296949152542372019e+01
2.296384180790959562e+01
2.294124293785309732e+01
2.293898305084745104e+01
2.292316384180790578e+01
2.291073446327682817e+01
2.289717514124292919e+01
2.289717514124292919e+01
2.288361581920903376e+01
2.287683615819208427e+01
2.287118644067795969e+01
2.285536723163841089e+01
2.283502824858756242e+01
2.282146892655366344e+01
2.280564971751411463e+01
2.277966101694914514e+01
2.276384180790959988e+01
2.274915254237287243e+01
2.272090395480224956e+01
2.269152542372880532e+01
2.266553672316383228e+01
2.263502824858755957e+01
2.261581920903953957e+01
2.258983050847456653e+01
2.256497175141241840e+01
2.254915254237286959e+01
2.251864406779660044e+01
2.249265536723162739e+01
2.247344632768360739e+01
2.245197740112993401e+01
2.243276836158191045e+01
2.241016949152541216e+01
2.238192090395479283e+01
2.234802259887004894e+01
2.232429378531072928e+01
2.229943502824857404e+01
2.228248587570620387e+01
2.225423728813558455e+01
2.222598870056495812e+01
2.220225988700563846e+01
2.218079096045196508e+01
2.217514124293784050e+01
2.215141242937851729e+01
2.212994350282484746e+01
2.211299435028247373e+01
2.210056497175140322e+01
2.209265536723162882e+01
2.208926553672315407e+01
2.208926553672315052e+01
2.208022598870055475e+01
2.208926553672315407e+01
2.209039548022597543e+01
2.209717514124292492e+01
2.210621468926552424e+01
2.210847457627117407e+01
2.211073446327682390e+01
2.210960451977399899e+01
2.211412429378529509e+01
2.213446327683614356e+01
2.213220338983049373e+01
2.213559322033897203e+01
2.213333333333332220e+01
2.214124293785309661e+01
2.214350282485874999e+01
2.214124293785309305e+01
2.215367231638416712e+01
2.214802259887004254e+01
2.213672316384179695e+01
2.212542372881354780e+01
2.210960451977400254e+01
2.209265536723162882e+01
2.209039548022597899e+01
2.207683615819208001e+01
2.205988700564970628e+01
2.206101694915253120e+01
2.204519774011298239e+01
2.204519774011298239e+01
2.202485875706213392e+01
2.201129943502823494e+01
2.200112994350281070e+01
2.198644067796609392e+01
2.197175141242936647e+01
2.196384180790959206e+01
2.196158192090394579e+01
2.194689265536722189e+01
2.193333333333332291e+01
2.192203389830507376e+01
2.192994350282484817e+01
2.192316384180789868e+01
2.190734463276835342e+01
2.188926553672315123e+01
2.188022598870055546e+01
2.187683615819207716e+01
2.184858757062145784e+01
2.183728813559321225e+01
2.183502824858755886e+01
2.182937853107343784e+01
2.181807909604518869e+01
2.180225988700563988e+01
2.179548022598869039e+01
2.178305084745761633e+01
2.176836158192089243e+01
2.175028248587569735e+01
2.174689265536722260e+01
2.173333333333332718e+01
2.172429378531072430e+01
2.171073446327682888e+01
2.171299435028247515e+01
2.170056497175140464e+01
2.168135593220337753e+01
2.168361581920903092e+01
2.166666666666665719e+01
2.165988700564970770e+01
2.166327683615818245e+01
2.165649717514123296e+01
2.164519774011298381e+01
2.162372881355931042e+01
2.161920903954801076e+01
2.160112994350281213e+01
2.159435028248586264e+01
2.158757062146891315e+01
2.158644067796609178e+01
2.157853107344631738e+01
2.155480225988699772e+01
2.154237288135592365e+01
2.153220338983049942e+01
2.151412429378530078e+01
2.148474576271185654e+01
2.146666666666665790e+01
2.145423728813558739e+01
2.142372881355931469e+01
2.140112994350281639e+01
2.137514124293784334e+01
2.135141242937852368e+01
2.132768361581920402e+01
2.129604519774010640e+01
2.125762711864405929e+01
2.123389830508473608e+01
2.120564971751411676e+01
2.116836158192089812e+01
2.113785310734462541e+01
2.109943502824857831e+01
2.106101694915253120e+01
2.102485875706214102e+01
2.098757062146891883e+01
2.094915254237287527e+01
2.091186440677965663e+01
2.088135593220338393e+01
2.084632768361581157e+01
2.080677966101694309e+01
2.077627118644067039e+01
2.074350282485875141e+01
2.070621468926552922e+01
2.066553672316383228e+01
2.064180790960451262e+01
2.059435028248586974e+01
2.055932203389829738e+01
2.051864406779660044e+01
2.047796610169490350e+01
2.044858757062145926e+01
2.041694915254236520e+01
2.038644067796609249e+01
2.035367231638416996e+01
2.032542372881355064e+01
2.028248587570620742e+01
2.025084745762710980e+01
2.020790960451976659e+01
2.016723163841806965e+01
2.014350282485874999e+01
2.010734463276835271e+01
2.008700564971750424e+01
2.005536723163841017e+01
2.001694915254236662e+01
1.998418079096044409e+01
1.995028248587569664e+01
1.991525423728812783e+01
1.987796610169490918e+01
1.985084745762710767e+01
1.981468926553671395e+01
1.979209039548021565e+01
1.976271186440677496e+01
1.974124293785309803e+01
1.972203389830507803e+01
1.968587570621468075e+01
1.967118644067795685e+01
1.964406779661016245e+01
1.962033898305084278e+01
1.959774011299434093e+01
1.958079096045197076e+01
1.956158192090394721e+01
1.954915254237287314e+01
1.952316384180790010e+01
1.950395480225987654e+01
1.950847457627117620e+01
1.950282485875705163e+01
1.948813559322032773e+01
1.947344632768360739e+01
1.947231638418077893e+01
1.947231638418077893e+01
1.946101694915253333e+01
1.945762711864405503e+01
1.945197740112993401e+01
1.944632768361580943e+01
1.943841807909603858e+01
1.943954802259886350e+01
1.945423728813558384e+01
1.944519774011298452e+01
1.944293785310733469e+01
1.944293785310733469e+01
1.945536723163840875e+01
1.944632768361581299e+01
1.944067796610168841e+01
1.943841807909603503e+01
1.944293785310733824e+01
1.943050847457626418e+01
1.941468926553671537e+01
1.941016949152541571e+01
1.940338983050846622e+01
1.940564971751411605e+01
1.940790960451976588e+01
1.943615819209038875e+01
1.943954802259886350e+01
1.943276836158191401e+01
1.944067796610168841e+01
1.944180790960451333e+01
1.944858757062146282e+01
1.945423728813558739e+01
1.945875706214688705e+01
1.947118644067796112e+01
1.946779661016948282e+01
1.946779661016948282e+01
1.947570621468925367e+01
1.946327683615817961e+01
1.948022598870055688e+01
1.949378531073445231e+01
1.950508474576270501e+01
1.951186440677965095e+01
1.950508474576270501e+01
1.951186440677965450e+01
1.952655367231637484e+01
1.954124293785309874e+01
1.954802259887004823e+01
1.956384180790959704e+01
1.956949152542372161e+01
1.957514124293784619e+01
1.959435028248586619e+01
1.961129943502823991e+01
1.962033898305083923e+01
1.964745762711863719e+01
1.966214689265535753e+01
1.966553672316383228e+01
1.968248587570620600e+01
1.969378531073445515e+01
1.971186440677965379e+01
1.972316384180790294e+01
1.973898305084745175e+01
1.975367231638417564e+01
1.977627118644067039e+01
1.979661016949151531e+01
1.981581920903953886e+01
1.982033898305083852e+01
1.984406779661016174e+01
1.984971751412428631e+01
1.986666666666666003e+01
1.988587570621468359e+01
1.989943502824858257e+01
1.991299435028248155e+01
1.990960451977399970e+01
1.991638418079094919e+01
1.993107344632767308e+01
1.994011299435027240e+01
1.996384180790959562e+01
1.999096045197739357e+01
2.000903954802259221e+01
2.002259887005649119e+01
2.003163841807909051e+01
2.004180790960451475e+01
2.004858757062146424e+01
2.006214689265535966e+01
2.007909604519772984e+01
2.008474576271185441e+01
2.009265536723163237e+01
2.009943502824857831e+01
2.010847457627117763e+01
2.011412429378530220e+01
2.012316384180790152e+01
2.012655367231637626e+01
2.013220338983050084e+01
2.012994350282485101e+01
2.012542372881355135e+01
2.014011299435027524e+01
2.015480225988699914e+01
2.015141242937852084e+01
2.014576271186439982e+01
2.014237288135592507e+01
2.012881355932202609e+01
2.011977401129942677e+01
2.011751412429377694e+01
2.010282485875705305e+01
2.010395480225987797e+01
2.008474576271185441e+01
2.007231638418078035e+01
2.007005649717513052e+01
2.004745762711863577e+01
2.002598870056496594e+01
2.001016949152541358e+01
1.999774011299434306e+01
1.996610169491524545e+01
1.993446327683614783e+01
1.990169491525423240e+01
1.987344632768360952e+01
1.985310734463276106e+01
1.982598870056496310e+01
1.978644067796609463e+01
1.976723163841807462e+01
1.973559322033897701e+01
1.972316384180790294e+01
1.968248587570620600e+01
1.966327683615818245e+01
1.963615819209038449e+01
1.961242937853106483e+01
1.960112994350281568e+01
1.958079096045196721e+01
1.956045197740112229e+01
1.954802259887004823e+01
1.952316384180790010e+01
1.950169491525422671e+01
1.948587570621467790e+01
1.946440677966100452e+01
1.945084745762710554e+01
1.943841807909603148e+01
1.941920903954800792e+01
1.940225988700563775e+01
1.938305084745761775e+01
1.937966101694914300e+01
1.937627118644066471e+01
1.935932203389829453e+01
1.935028248587569522e+01
1.934350282485874573e+01
1.933785310734462115e+01
1.932542372881354709e+01
1.931864406779659760e+01
1.932203389830507234e+01
1.929604519774010285e+01
1.929039548022597828e+01
1.928587570621467862e+01
1.926440677966100523e+01
1.926101694915253049e+01
1.925197740112993117e+01
1.924067796610168202e+01
1.923954802259886065e+01
1.922937853107343642e+01
1.923050847457626134e+01
1.922711864406778659e+01
1.922937853107343642e+01
1.923050847457626134e+01
1.923163841807908625e+01
1.923728813559321082e+01
1.923389830508473608e+01
1.922937853107343642e+01
1.923728813559321082e+01
1.922937853107343642e+01
1.922259887005648693e+01
1.923615819209038591e+01
1.924632768361581014e+01
1.925310734463275608e+01
1.927005649717512625e+01
1.927683615819207574e+01
1.928474576271185370e+01
1.929717514124292421e+01
1.931525423728812285e+01
1.932768361581919692e+01
1.934576271186439556e+01
1.936384180790959419e+01
1.939096045197739215e+01
1.940225988700563775e+01
1.942485875706213250e+01
1.944745762711863080e+01
1.946440677966100452e+01
1.949378531073445231e+01
1.953107344632767450e+01
1.956271186440676857e+01
1.958644067796609178e+01
1.961920903954801076e+01
1.964406779661015534e+01
1.968248587570620600e+01
1.971751412429377481e+01
1.975480225988699345e+01
1.979096045197739073e+01
1.984180790960450480e+01
1.987909604519772699e+01
1.992881355932201970e+01
1.997853107344631240e+01
2.003163841807908341e+01
2.007231638418078035e+01
2.012429378531071933e+01
2.018079096045196508e+01
2.022485875706213676e+01
2.027231638418077964e+01
2.031864406779659760e+01
2.037514124293783979e+01
2.042824858757060724e+01
2.046666666666665435e+01
2.050847457627117620e+01
2.054689265536721976e+01
2.058192090395478857e+01
2.062259887005648551e+01
2.067005649717512838e+01
2.070508474576269720e+01
2.074124293785309447e+01
2.075141242937851871e+01
2.078531073446326616e+01
2.081355932203388903e+01
2.082937853107343429e+01
2.085310734463275395e+01
2.085536723163840733e+01
2.086666666666665293e+01
2.089265536723162597e+01
2.091638418079094919e+01
2.091864406779659902e+01
2.091412429378529936e+01
2.092203389830507376e+01
2.091977401129942393e+01
2.092994350282484817e+01
2.095028248587569308e+01
2.095932203389829240e+01
2.095932203389829240e+01
2.096271186440676715e+01
2.097175141242936647e+01
2.097288135593219138e+01
2.096610169491523834e+01
2.097740112994348749e+01
2.098644067796608681e+01
2.097853107344631240e+01
2.098418079096043698e+01
2.098644067796608681e+01
2.097062146892653800e+01
2.096949152542371664e+01
2.097627118644066613e+01
2.098531073446326189e+01
2.097175141242936647e+01
2.098644067796608681e+01
2.098757062146891172e+01
2.098531073446326189e+01
2.099096045197738647e+01
2.101468926553670968e+01
2.101468926553670968e+01
2.102033898305083426e+01
2.103502824858755815e+01
2.105988700564970628e+01
2.106892655367230560e+01
2.107683615819208001e+01
2.108700564971750069e+01
2.109491525423727865e+01
2.109265536723162526e+01
2.110960451977399899e+01
2.113107344632766882e+01
2.114576271186439271e+01
2.116271186440676999e+01
2.117288135593219067e+01
2.118305084745761491e+01
2.118079096045196508e+01
2.119999999999998863e+01
2.121242937853106270e+01
2.122259887005648693e+01
2.122937853107343287e+01
2.123615819209038591e+01
2.125310734463275608e+01
2.125536723163840946e+01
2.127005649717512981e+01
2.126101694915253049e+01
2.126553672316383015e+01
2.126779661016947998e+01
2.127683615819207930e+01
2.126892655367230844e+01
2.127457627118642947e+01
2.128248587570620387e+01
2.127570621468925793e+01
2.127344632768360455e+01
2.126666666666665861e+01
2.127005649717513336e+01
2.125988700564970557e+01
2.123954802259886065e+01
2.123841807909603574e+01
2.121694915254236236e+01
2.121242937853106270e+01
2.118983050847456795e+01
2.118531073446326474e+01
2.117288135593219778e+01
2.115593220338982050e+01
2.115254237288134931e+01
2.112542372881355135e+01
2.109604519774010356e+01
2.107909604519772984e+01
2.105536723163840662e+01
2.103502824858756171e+01
2.101807909604519153e+01
2.098757062146891883e+01
2.095932203389829596e+01
2.091638418079094919e+01
2.089491525423727936e+01
2.087683615819208427e+01
2.084745762711863293e+01
2.081694915254236378e+01
2.078305084745761633e+01
2.076497175141241769e+01
2.073898305084744464e+01
2.070734463276835413e+01
2.067457627118643160e+01
2.064519774011298381e+01
2.062598870056496025e+01
2.059096045197739500e+01
2.055593220338981908e+01
2.051751412429377552e+01
2.048700564971750637e+01
2.045084745762711265e+01
2.041694915254236520e+01
2.037740112994349317e+01
2.035254237288134505e+01
2.031977401129942606e+01
2.027796610169490776e+01
2.023276836158191117e+01
2.021129943502823778e+01
2.017966101694914371e+01
2.013898305084745033e+01
2.012090395480225169e+01
2.009039548022597899e+01
2.006214689265535611e+01
2.003728813559321154e+01
2.000451977401129255e+01
1.998644067796609392e+01
1.995932203389829596e+01
1.994124293785309732e+01
1.992090395480224885e+01
1.989943502824858257e+01
1.988135593220338038e+01
1.987118644067795969e+01
1.984971751412428631e+01
1.982937853107343784e+01
1.980790960451976446e+01
1.979435028248586903e+01
1.977175141242937073e+01
1.974576271186440124e+01
1.974011299435027667e+01
1.972203389830507803e+01
1.970621468926552922e+01
1.968587570621468075e+01
1.966779661016948211e+01
1.965084745762710838e+01
1.963615819209038449e+01
1.960790960451976517e+01
1.959548022598869466e+01
1.957627118644067110e+01
1.956271186440677212e+01
1.956610169491524331e+01
1.956723163841807178e+01
1.955367231638417280e+01
1.955028248587569806e+01
1.953898305084744891e+01
1.954689265536722331e+01
1.954350282485874857e+01
1.954802259887004823e+01
1.955706214689264755e+01
1.956497175141242195e+01
1.957175141242936789e+01
1.959096045197739144e+01
1.960564971751411534e+01
1.963615819209038449e+01
1.965762711864405787e+01
1.969265536723163024e+01
1.973785310734462328e+01
1.977627118644066684e+01
1.980677966101693954e+01
1.984745762711863648e+01
1.990395480225987868e+01
1.994915254237287527e+01
2.000677966101694238e+01
2.004858757062146424e+01
2.010056497175140677e+01
2.015819209039547388e+01
2.021355932203389116e+01
2.024519774011298523e+01
2.028361581920903234e+01
2.032316384180790081e+01
2.036384180790959419e+01
2.039774011299434164e+01
2.045423728813558384e+01
2.049717514124292705e+01
2.051751412429377552e+01
2.056384180790959348e+01
2.058757062146892025e+01
2.060903954802259008e+01
2.063728813559320940e+01
2.066666666666665719e+01
2.068361581920902736e+01
2.069604519774010498e+01
2.070847457627117549e+01
2.073672316384179837e+01
2.073559322033897345e+01
2.073672316384179481e+01
2.075480225988699345e+01
2.075480225988699345e+01
2.076949152542371735e+01
2.076836158192089243e+01
2.076497175141241769e+01
2.074802259887004396e+01
2.074237288135591939e+01
2.072655367231637058e+01
2.073333333333332362e+01
2.073559322033897345e+01
2.071525423728812854e+01
2.069265536723163024e+01
2.069152542372880532e+01
2.069039548022598041e+01
2.068022598870055617e+01
2.068587570621468075e+01
2.068135593220338109e+01
2.065649717514123296e+01
2.065536723163840804e+01
2.064858757062145855e+01
2.064293785310733398e+01
2.062598870056496025e+01
2.062711864406778517e+01
2.061920903954801076e+01
2.059096045197739144e+01
2.058418079096044551e+01
2.056949152542372161e+01
2.056045197740112229e+01
2.055028248587569450e+01
2.054124293785309874e+01
2.052994350282484959e+01
2.051751412429377552e+01
2.050282485875705163e+01
2.048700564971750282e+01
2.046440677966100452e+01
2.045762711864405503e+01
2.044293785310733114e+01
2.043163841807908554e+01
2.041129943502824062e+01
2.040225988700563775e+01
2.038644067796609249e+01
2.038079096045196792e+01
2.036384180790959419e+01
2.034463276836157064e+01
2.031299435028247302e+01
2.030169491525422742e+01
2.028474576271185725e+01
2.026101694915253404e+01
2.023163841807908625e+01
2.021581920903953744e+01
2.019548022598868897e+01
2.018192090395478999e+01
2.015593220338982405e+01
2.014802259887004610e+01
2.012768361581920118e+01
2.010734463276835271e+01
2.009378531073445373e+01
2.006553672316383086e+01
2.006553672316383086e+01
2.005197740112993543e+01
2.004519774011298594e+01
2.004067796610168983e+01
2.002485875706214102e+01
2.001920903954801645e+01
2.001016949152541358e+01
2.001016949152541358e+01
1.998644067796609392e+01
1.997401129943502340e+01
1.996610169491524545e+01
1.997740112994349460e+01
1.999096045197739357e+01
1.998983050847456866e+01
2.001016949152541713e+01
2.002033898305084136e+01
2.002372881355931611e+01
2.003615819209039017e+01
2.004745762711863932e+01
2.005875706214688847e+01
2.008361581920903305e+01
2.011186440677965592e+01
2.013107344632767592e+01
2.015706214689264897e+01
2.018644067796609676e+01
2.021016949152541997e+01
2.022824858757061861e+01
2.025988700564971268e+01
2.027909604519773268e+01
2.031073446327683030e+01
2.033785310734462826e+01
2.036271186440677639e+01
2.038757062146892096e+01
2.040903954802259079e+01
2.044858757062146282e+01
2.047005649717513620e+01
2.049943502824858399e+01
2.052881355932203178e+01
2.054802259887004823e+01
2.056158192090394721e+01
2.058983050847457008e+01
2.061016949152541855e+01
2.063728813559321651e+01
2.064632768361581583e+01
2.067344632768361379e+01
2.069265536723163379e+01
2.071525423728813564e+01
2.073559322033898056e+01
2.076158192090395005e+01
2.080225988700564699e+01
2.082711864406779512e+01
2.085197740112993969e+01
2.088813559322034052e+01
2.091299435028248510e+01
2.094237288135592934e+01
2.096271186440677781e+01
2.100564971751412102e+01
2.103954802259886847e+01
2.108022598870056186e+01
2.111525423728813422e+01
2.115141242937852795e+01
2.119322033898304625e+01
2.122259887005649404e+01
2.126553672316384080e+01
2.129265536723163521e+01
2.131073446327683030e+01
2.133333333333333215e+01
2.136836158192090096e+01
2.139887005649717366e+01
2.142146892655367196e+01
2.144745762711864501e+01
2.146892655367231484e+01
2.149830508474575907e+01
2.151525423728813280e+01
2.154011299435028093e+01
2.155367231638417991e+01
2.157514124293784619e+01
2.159661016949152312e+01
2.162146892655367125e+01
2.162372881355931753e+01
2.163389830508474176e+01
2.165988700564971481e+01
2.166892655367231413e+01
2.167683615819208853e+01
2.169039548022598751e+01
2.169943502824858683e+01
2.171073446327683598e+01
2.172090395480225666e+01
2.174011299435028022e+01
2.175593220338982903e+01
2.177853107344632377e+01
2.178983050847457292e+01
2.179999999999999716e+01
2.181694915254237088e+01
2.181468926553672105e+01
2.181694915254237088e+01
2.181920903954802071e+01
2.182824858757062003e+01
2.184293785310734037e+01
2.185423728813558952e+01
2.186779661016948495e+01
2.186779661016948850e+01
2.187118644067796325e+01
2.187683615819208782e+01
2.188022598870055901e+01
2.188022598870055901e+01
2.188587570621468714e+01
2.189039548022598325e+01
2.190282485875705731e+01
2.190056497175140748e+01
2.190508474576270714e+01
2.191073446327683172e+01
2.191073446327683172e+01
2.191299435028248155e+01
2.190169491525423240e+01
2.189491525423728291e+01
2.189717514124293629e+01
2.189265536723163308e+01
2.189265536723163308e+01
2.188474576271185867e+01
2.188135593220338748e+01
2.187231638418078461e+01
2.186553672316383867e+01
2.186440677966101731e+01
2.187005649717513833e+01
2.187570621468926291e+01
2.186553672316384223e+01
2.185084745762711478e+01
2.184858757062146850e+01
2.184406779661016884e+01
2.183502824858756952e+01
2.182485875706214173e+01
2.181920903954802071e+01
2.180903954802259648e+01
2.180564971751412173e+01
2.178192090395479852e+01
2.176610169491524971e+01
2.174237288135593005e+01
2.173785310734462684e+01
2.172542372881355988e+01
2.169943502824858683e+01
2.168474576271186294e+01
2.167231638418078887e+01
2.164293785310734108e+01
2.163502824858756668e+01
2.161129943502824347e+01
2.159548022598869821e+01
2.159209039548022346e+01
2.158531073446327042e+01
2.156949152542372516e+01
2.157062146892655008e+01
2.156836158192089670e+01
2.155593220338982619e+01
2.155593220338982974e+01
2.154689265536722687e+01
2.154124293785310584e+01
2.154576271186440550e+01
2.155367231638417636e+01
2.155706214689265110e+01
2.155819209039547601e+01
2.155367231638417991e+01
2.156384180790960059e+01
2.156045197740112229e+01
2.156158192090394721e+01
2.156158192090394721e+01
2.155028248587570161e+01
2.154915254237288025e+01
2.154124293785310584e+01
2.154237288135593076e+01
2.154689265536723042e+01
2.155480225988700482e+01
2.155593220338982974e+01
2.155254237288135144e+01
2.155028248587570516e+01
2.155706214689265110e+01
2.155819209039547601e+01
2.156384180790960414e+01
2.158079096045197431e+01
2.158418079096044906e+01
2.158870056497174872e+01
2.160338983050846906e+01
2.162259887005649261e+01
2.163728813559321651e+01
2.165423728813559023e+01
2.167683615819208853e+01
2.169830508474576192e+01
2.171864406779660683e+01
2.174350282485875141e+01
2.176497175141242479e+01
2.179096045197739784e+01
2.182372881355932037e+01
2.184406779661016884e+01
2.185084745762711833e+01
2.187570621468926291e+01
2.189039548022598325e+01
2.192203389830508087e+01
2.193220338983050510e+01
2.196723163841807747e+01
2.199661016949152170e+01
2.201807909604519509e+01
2.203502824858756526e+01
2.206779661016948779e+01
2.209265536723163592e+01
2.211412429378530931e+01
2.211864406779660541e+01
2.213785310734462897e+01
2.215932203389830590e+01
2.217514124293784761e+01
2.218870056497174659e+01
2.220338983050847048e+01
2.222598870056496878e+01
2.224180790960451404e+01
2.225423728813559165e+01
2.226553672316383725e+01
2.227457627118643657e+01
2.228587570621468217e+01
2.228587570621468217e+01
2.229604519774010640e+01
2.230734463276835555e+01
2.231299435028248013e+01
2.231525423728812996e+01
2.232542372881355419e+01
2.233107344632767877e+01
2.233107344632767877e+01
2.234689265536722758e+01
2.233898305084745317e+01
2.234689265536722758e+01
2.235367231638417707e+01
2.235254237288135215e+01
2.236723163841807249e+01
2.235706214689264826e+01
2.237288135593219707e+01
2.238870056497174588e+01
2.240903954802259435e+01
2.240338983050846977e+01
2.241016949152541571e+01
2.242259887005649333e+01
2.242598870056496807e+01
2.243389830508473892e+01
2.245875706214688705e+01
2.247796610169491061e+01
2.249378531073445942e+01
2.251073446327683314e+01
2.252090395480225737e+01
2.253220338983050297e+01
2.255028248587570161e+01
2.256949152542372161e+01
2.258418079096044906e+01
2.259774011299434449e+01
2.260564971751412244e+01
2.261694915254236804e+01
2.263050847457626702e+01
2.263954802259886634e+01
2.266892655367231058e+01
2.267796610169490990e+01
2.268474576271185938e+01
2.269039548022598396e+01
2.269604519774010853e+01
2.270508474576270785e+01
2.270960451977400751e+01
2.270847457627118260e+01
2.271638418079095700e+01
2.271864406779660683e+01
2.271751412429377837e+01
2.272090395480225666e+01
2.271299435028248226e+01
2.270395480225988294e+01
2.269604519774011209e+01
2.267344632768361379e+01
2.266779661016948921e+01
2.266779661016948921e+01
2.266101694915253972e+01
2.266214689265536464e+01
2.265875706214688989e+01
2.264519774011299091e+01
2.263050847457626702e+01
2.263163841807909193e+01
2.261807909604519295e+01
2.261129943502824347e+01
2.259887005649716940e+01
2.258305084745762059e+01
2.258644067796609534e+01
2.258192090395479568e+01
2.258531073446327042e+01
2.259435028248586974e+01
2.258418079096044551e+01
2.260564971751411889e+01
2.259774011299434449e+01
2.259999999999999432e+01
2.259999999999999432e+01
2.259774011299434449e+01
2.259435028248586974e+01
2.258757062146892025e+01
2.259435028248586974e+01
2.260564971751411889e+01
2.262372881355931753e+01
2.263050847457626702e+01
2.264067796610169125e+01
2.264067796610169125e+01
2.264632768361581583e+01
2.265423728813558668e+01
2.266327683615818955e+01
2.267457627118643515e+01
2.268248587570620955e+01
2.269491525423728362e+01
2.270734463276835413e+01
2.270056497175140819e+01
2.270395480225987939e+01
2.271299435028247871e+01
2.271638418079095700e+01
2.269943502824857973e+01
2.269604519774010498e+01
2.270734463276835413e+01
2.269265536723163024e+01
2.267683615819208143e+01
2.267570621468926007e+01
2.266892655367231413e+01
2.265649717514123651e+01
2.263163841807909193e+01
2.261242937853106838e+01
2.261129943502824347e+01
2.260903954802259364e+01
2.259096045197739500e+01
2.257288135593219636e+01
2.256949152542372161e+01
2.258079096045197076e+01
2.256497175141242195e+01
2.255254237288134789e+01
2.254802259887004823e+01
2.253220338983049942e+01
2.252203389830507874e+01
2.249943502824858399e+01
2.247796610169491061e+01
2.246553672316383654e+01
2.244745762711863790e+01
2.243502824858756384e+01
2.241920903954801503e+01
2.239999999999999147e+01
2.238757062146892451e+01
2.237966101694914656e+01
2.235367231638417707e+01
2.232542372881355419e+01
2.231186440677965521e+01
2.229378531073445657e+01
2.227344632768360810e+01
2.226666666666665861e+01
2.224519774011298523e+01
2.222937853107343997e+01
2.221694915254236946e+01
2.219548022598869608e+01
2.218983050847457150e+01
2.218531073446327184e+01
2.217175141242937286e+01
2.217175141242937286e+01
2.216384180790959846e+01
2.216949152542372303e+01
2.218531073446327184e+01
2.218192090395479710e+01
2.217966101694914727e+01
2.219322033898304625e+01
2.220451977401129540e+01
2.221355932203389472e+01
2.222937853107343997e+01
2.225649717514124148e+01
2.225988700564971623e+01
2.228361581920903589e+01
2.230621468926553064e+01
2.232881355932202894e+01
2.236384180790960130e+01
2.238870056497174588e+01
2.241807909604519367e+01
2.244180790960451333e+01
2.247570621468926078e+01
2.250734463276835484e+01
2.252994350282485314e+01
2.255932203389829738e+01
2.258305084745762059e+01
2.260451977401129398e+01
2.262937853107344210e+01
2.265649717514124006e+01
2.268474576271185583e+01
2.269943502824858328e+01
2.273898305084745175e+01
2.275819209039547530e+01
2.278079096045197360e+01
2.281016949152542139e+01
2.283954802259886918e+01
2.284632768361581512e+01
2.287231638418078461e+01
2.288248587570620884e+01
2.289830508474575765e+01
2.292316384180790578e+01
2.294576271186440408e+01
2.296723163841807391e+01
2.298870056497175085e+01
2.299774011299434662e+01
2.302259887005649119e+01
2.301920903954801645e+01
2.303728813559321509e+01
2.305988700564971339e+01
2.308248587570621169e+01
2.310621468926553490e+01
2.313107344632767948e+01
2.315932203389829880e+01
2.317401129943502269e+01
2.321129943502824489e+01
2.322824858757061506e+01
2.324632768361581725e+01
2.328022598870056115e+01
2.329604519774011351e+01
2.332881355932202894e+01
2.335028248587570232e+01
2.339209039548022062e+01
2.342937853107343926e+01
2.345988700564971197e+01
2.349830508474575907e+01
2.353559322033898127e+01
2.358305084745762059e+01
2.363163841807909193e+01
2.366101694915253617e+01
2.369378531073445870e+01
2.372768361581920260e+01
2.377288135593219565e+01
2.380451977401129682e+01
2.384067796610169410e+01
2.388022598870056257e+01
2.390621468926553206e+01
2.393672316384180476e+01
2.397514124293785187e+01
2.400903954802259932e+01
2.403954802259886847e+01
2.406440677966101305e+01
2.408135593220338677e+01
2.412429378531072999e+01
2.414463276836158201e+01
2.417627118644067608e+01
2.420225988700564557e+01
2.424067796610169268e+01
2.428587570621468927e+01
2.432203389830508300e+01
2.435706214689265181e+01
2.438644067796609960e+01
2.443163841807909620e+01
2.446892655367231484e+01
2.449152542372880959e+01
2.453220338983050652e+01
2.455819209039547957e+01
2.457740112994350312e+01
2.461016949152542210e+01
2.463389830508474176e+01
2.465536723163841515e+01
2.467118644067796396e+01
2.469604519774011209e+01
2.472542372881355988e+01
2.474689265536723326e+01
2.476949152542372801e+01
2.479096045197740139e+01
2.482372881355932037e+01
2.485536723163841799e+01
2.489265536723163308e+01
2.490395480225988578e+01
2.491977401129943104e+01
2.493220338983050510e+01
2.495480225988700340e+01
2.497175141242937713e+01
2.498418079096045119e+01
2.498870056497175085e+01
2.499548022598870034e+01
2.501581920903954881e+01
2.501016949152542423e+01
2.501807909604519509e+01
2.502146892655366983e+01
2.502824858757061932e+01
2.501694915254237372e+01
2.502824858757062287e+01
2.501694915254237372e+01
2.502033898305084847e+01
2.503389830508474390e+01
2.503502824858756881e+01
2.504067796610169339e+01
2.503728813559322219e+01
2.504519774011298949e+01
2.504519774011299305e+01
2.504745762711864288e+01
2.503728813559321864e+01
2.502372881355932321e+01
2.501355932203389898e+01
2.501920903954802355e+01
2.501016949152542423e+01
2.500451977401129966e+01
2.500677966101694949e+01
2.499322033898305051e+01
2.498305084745762628e+01
2.498418079096045119e+01
2.498870056497175085e+01
2.499209039548022560e+01
2.499096045197740068e+01
2.498079096045197645e+01
2.497062146892655221e+01
2.496836158192090238e+01
2.496158192090395289e+01
2.495706214689265323e+01
2.494915254237287883e+01
2.494011299435027951e+01
2.493898305084745459e+01
2.492768361581920544e+01
2.492768361581920544e+01
2.492881355932203036e+01
2.492429378531073070e+01
2.492429378531073070e+01
2.491864406779660612e+01
2.491751412429378121e+01
2.491525423728813138e+01
2.491638418079095629e+01
2.491977401129943104e+01
2.492316384180790578e+01
2.492542372881355561e+01
2.492429378531073070e+01
2.492429378531073070e+01
2.492655367231638053e+01
2.493672316384180476e+01
2.495819209039547815e+01
2.496610169491525255e+01
2.498305084745762628e+01
2.498305084745762628e+01
2.498531073446327255e+01
2.499209039548022204e+01
2.501355932203389543e+01
2.501920903954801645e+01
2.502485875706214102e+01
2.504180790960451475e+01
2.505875706214688847e+01
2.506327683615818813e+01
2.507909604519773694e+01
2.510282485875706016e+01
2.512429378531072643e+01
2.514463276836157846e+01
2.516045197740112371e+01
2.518418079096044693e+01
2.520338983050847048e+01
2.522259887005649404e+01
2.524067796610169268e+01
2.527909604519773623e+01
2.528022598870055759e+01
2.530056497175140606e+01
2.530847457627118047e+01
2.532655367231637911e+01
2.534689265536722758e+01
2.535706214689265181e+01
2.536497175141242266e+01
2.536610169491525113e+01
2.536045197740112300e+01
2.536836158192090096e+01
2.536949152542372588e+01
2.538757062146892451e+01
2.539322033898304909e+01
2.540338983050846622e+01
2.539661016949152383e+01
2.541129943502824062e+01
2.541468926553671537e+01
2.542259887005649333e+01
2.542146892655366486e+01
2.542259887005648977e+01
2.542485875706213960e+01
2.542485875706214316e+01
2.543728813559321367e+01
2.543841807909604213e+01
2.545197740112993756e+01
2.546553672316383654e+01
2.545988700564971197e+01
2.548022598870056044e+01
2.547796610169491061e+01
2.548248587570621027e+01
2.550621468926552993e+01
2.551299435028247942e+01
2.552429378531072857e+01
2.554915254237287314e+01
2.555254237288134789e+01
2.557401129943502127e+01
2.557853107344632093e+01
2.560225988700564415e+01
2.560225988700564059e+01
2.561807909604519295e+01
2.563389830508473821e+01
2.565310734463275821e+01
2.567118644067795685e+01
2.569039548022598041e+01
2.569943502824858328e+01
2.572655367231637769e+01
2.575706214689265039e+01
2.576497175141242124e+01
2.579096045197739429e+01
2.580451977401128971e+01
2.581920903954801361e+01
2.584519774011298665e+01
2.587683615819208427e+01
2.589378531073445444e+01
2.589491525423728291e+01
2.592429378531072359e+01
2.593559322033897274e+01
2.595593220338982121e+01
2.597062146892654511e+01
2.600338983050846409e+01
2.602146892655365917e+01
2.604293785310733611e+01
2.604858757062145713e+01
2.604971751412428205e+01
2.603728813559320798e+01
2.603389830508473679e+01
2.604067796610168273e+01
2.604180790960450764e+01
2.605197740112993543e+01
2.604745762711863222e+01
2.604180790960450764e+01
2.604745762711863222e+01
2.603502824858755815e+01
2.601581920903953460e+01
2.599887005649716443e+01
2.598079096045196579e+01
2.596949152542372019e+01
2.594689265536721834e+01
2.594237288135592223e+01
2.591864406779659902e+01
2.588813559322032631e+01
2.588135593220337682e+01
2.584971751412428276e+01
2.583163841807908767e+01
2.580903954802258937e+01
2.580225988700563988e+01
2.577853107344631667e+01
2.575706214689264328e+01
2.574011299435027311e+01
2.573333333333332362e+01
2.570169491525422956e+01
2.567683615819208143e+01
2.565875706214688279e+01
2.563954802259885923e+01
2.563050847457625991e+01
2.561242937853106127e+01
2.560112994350281568e+01
2.559661016949151247e+01
2.558531073446326332e+01
2.558757062146891670e+01
2.557288135593219280e+01
2.556723163841807178e+01
2.555141242937852297e+01
2.554915254237287314e+01
2.553785310734462399e+01
2.552316384180790010e+01
2.551977401129942891e+01
2.550395480225987654e+01
2.548022598870055333e+01
2.547005649717512910e+01
2.546101694915253688e+01
2.543728813559321367e+01
2.542033898305083994e+01
2.539322033898304198e+01
2.538305084745761775e+01
2.535028248587569522e+01
2.532768361581920402e+01
2.530395480225988081e+01
2.528135593220338251e+01
2.527457627118643302e+01
2.525310734463275963e+01
2.522259887005648693e+01
2.519999999999999218e+01
2.518531073446326829e+01
2.515367231638417422e+01
2.513220338983050084e+01
2.510960451977400254e+01
2.507231638418078035e+01
2.503954802259886137e+01
2.499661016949151815e+01
2.497627118644066968e+01
2.493559322033897629e+01
2.490508474576270004e+01
2.486553672316383157e+01
2.481920903954801361e+01
2.478870056497174090e+01
2.475367231638416854e+01
2.470621468926552566e+01
2.466214689265535753e+01
2.461807909604518585e+01
2.457401129943501772e+01
2.451299435028247586e+01
2.447118644067795401e+01
2.441694915254236520e+01
2.437175141242936860e+01
2.433559322033897132e+01
2.428474576271185370e+01
2.424519774011298523e+01
2.420112994350281355e+01
2.416497175141241627e+01
2.412655367231637271e+01
2.408361581920902950e+01
2.404406779661015747e+01
2.400112994350281426e+01
2.397288135593219494e+01
2.394124293785309732e+01
2.391751412429377410e+01
2.387231638418077750e+01
2.384745762711862938e+01
2.382259887005648125e+01
2.379887005649716158e+01
2.376949152542371380e+01
2.374350282485874430e+01
2.372203389830507092e+01
2.369265536723162313e+01
2.367005649717512838e+01
2.365762711864405432e+01
2.364406779661015889e+01
2.363728813559320940e+01
2.362824858757061008e+01
2.362372881355931042e+01
2.360564971751411179e+01
2.359548022598868755e+01
2.358757062146891315e+01
2.357401129943501417e+01
2.356384180790959348e+01
2.356497175141241840e+01
2.355593220338981908e+01
2.356836158192088959e+01
2.358192090395479212e+01
2.357740112994348891e+01
2.360225988700563704e+01
2.361242937853106127e+01
2.363954802259885923e+01
2.365310734463275821e+01
2.366214689265535753e+01
2.368248587570620600e+01
2.369491525423727651e+01
2.372316384180789584e+01
2.374915254237286888e+01
2.377966101694914158e+01
2.380225988700563633e+01
2.382033898305083852e+01
2.384971751412427921e+01
2.389039548022597614e+01
2.391751412429377410e+01
2.395819209039546749e+01
2.399887005649716443e+01
2.402598870056495883e+01
2.406327683615818103e+01
2.411073446327682390e+01
2.415593220338981695e+01
2.420564971751411321e+01
2.425762711864405929e+01
2.430621468926552353e+01
2.436497175141241911e+01
2.440903954802258724e+01
2.445310734463275537e+01
2.450282485875705163e+01
2.455141242937852297e+01
2.459435028248586264e+01
2.463502824858755957e+01
2.467005649717513194e+01
2.471638418079094990e+01
2.474689265536721905e+01
2.478305084745761633e+01
2.482937853107343429e+01
2.486892655367230276e+01
2.490621468926552495e+01
2.494350282485874715e+01
2.498305084745761562e+01
2.500903954802258511e+01
2.504293785310733256e+01
2.507683615819208001e+01
2.511977401129942322e+01
2.515706214689264186e+01
2.519661016949151389e+01
2.521694915254236236e+01
2.525875706214688066e+01
2.528926553672314981e+01
2.531525423728812285e+01
2.534463276836157064e+01
2.537966101694914300e+01
2.541807909604519011e+01
2.544067796610168841e+01
2.546440677966100452e+01
2.548248587570620316e+01
2.551299435028247586e+01
2.551412429378530078e+01
2.552429378531072501e+01
2.552994350282484604e+01
2.554350282485874857e+01
2.555819209039546891e+01
2.554689265536722331e+01
2.555932203389829382e+01
2.555028248587569806e+01
2.555028248587569806e+01
2.554124293785309874e+01
2.553672316384179908e+01
2.552768361581919976e+01
2.551977401129942535e+01
2.550169491525422671e+01
2.548587570621467790e+01
2.546214689265535824e+01
2.542598870056496452e+01
2.539887005649716301e+01
2.538757062146891741e+01
2.535593220338981979e+01
2.531299435028247302e+01
2.528700564971749998e+01
2.524519774011298523e+01
2.521242937853106270e+01
2.516384180790959491e+01
2.513333333333332220e+01
2.508474576271185441e+01
2.505423728813558171e+01
2.503502824858755815e+01
2.499887005649716443e+01
2.497288135593219138e+01
2.493446327683614783e+01
2.488474576271185157e+01
2.485310734463275750e+01
2.482259887005648480e+01
2.478983050847456582e+01
2.476836158192089243e+01
2.473333333333332007e+01
2.471751412429377126e+01
2.468022598870055617e+01
2.465762711864405432e+01
2.463502824858755957e+01
2.462146892655366059e+01
2.459661016949151247e+01
2.457175141242936789e+01
2.455819209039546891e+01
2.454350282485874502e+01
2.451186440677965095e+01
2.447683615819208214e+01
2.446779661016947927e+01
2.445084745762710909e+01
2.443841807909603503e+01
2.441694915254236165e+01
2.440338983050846622e+01
2.437401129943501843e+01
2.434576271186439556e+01
2.433107344632767166e+01
2.432542372881354709e+01
2.430621468926552353e+01
2.430169491525422742e+01
2.427457627118642947e+01
2.424971751412428489e+01
2.423615819209038236e+01
2.422259887005648693e+01
2.421129943502823778e+01
2.418870056497173948e+01
2.416497175141241982e+01
2.415367231638416712e+01
2.414124293785310016e+01
2.412994350282485101e+01
2.412768361581919407e+01
2.412203389830507305e+01
2.412090395480224814e+01
2.412090395480224458e+01
2.411186440677964882e+01
2.410056497175139967e+01
2.409604519774010001e+01
2.409265536723162526e+01
2.408587570621467577e+01
2.408248587570620458e+01
2.410282485875704950e+01
2.409604519774010356e+01
2.410395480225987441e+01
2.410169491525422814e+01
2.411525423728812356e+01
2.411525423728812356e+01
2.412203389830507305e+01
2.412429378531072643e+01
2.413559322033897203e+01
2.414237288135591797e+01
2.415141242937851729e+01
2.416610169491524118e+01
2.417966101694914016e+01
2.419774011299433880e+01
2.421807909604518372e+01
2.422937853107343287e+01
2.424519774011298168e+01
2.424519774011298168e+01
2.425649717514122727e+01
2.425875706214688066e+01
2.426440677966100523e+01
2.426779661016947998e+01
2.427344632768360455e+01
2.429265536723162811e+01
2.430056497175140251e+01
2.431751412429377268e+01
2.432994350282484675e+01
2.433107344632767166e+01
2.432429378531072217e+01
2.432203389830507234e+01
2.432655367231637200e+01
2.432316384180789726e+01
2.432994350282484675e+01
2.433220338983049658e+01
2.432090395480224743e+01
2.432203389830507234e+01
2.431638418079094777e+01
2.431299435028247302e+01
2.429943502824857404e+01
2.429943502824857759e+01
2.428700564971749998e+01
2.429378531073445302e+01
2.428700564971749998e+01
2.429152542372880319e+01
2.429265536723162455e+01
2.428700564971750353e+01
2.427118644067795472e+01
2.428248587570620032e+01
2.428700564971750353e+01
2.427683615819207930e+01
2.428361581920902879e+01
2.427796610169490421e+01
2.428587570621467862e+01
2.427796610169490421e+01
2.426553672316383370e+01
2.427457627118643302e+01
2.427570621468925793e+01
2.426553672316383015e+01
2.426214689265535895e+01
2.425649717514123438e+01
2.425084745762710980e+01
2.422824858757061151e+01
2.421468926553671253e+01
2.420225988700563846e+01
2.418305084745761846e+01
2.416949152542371948e+01
2.415367231638417422e+01
2.414576271186439982e+01
2.412090395480225169e+01
2.411864406779660186e+01
2.409265536723162882e+01
2.408474576271185441e+01
2.405536723163841017e+01
2.403050847457626205e+01
2.402259887005648764e+01
2.400225988700564272e+01
2.398192090395479070e+01
2.396497175141242053e+01
2.393672316384179766e+01
2.391412429378529936e+01
2.388813559322032987e+01
2.385762711864405716e+01
2.383163841807908767e+01
2.380338983050846480e+01
2.376384180790959277e+01
2.371977401129942820e+01
2.369265536723163024e+01
2.365762711864405787e+01
2.362259887005648551e+01
2.358531073446327042e+01
2.355141242937852297e+01
2.351864406779660044e+01
2.349152542372880248e+01
2.346666666666665790e+01
2.343954802259886350e+01
2.340677966101694096e+01
2.336949152542371877e+01
2.334124293785309590e+01
2.330395480225987725e+01
2.327796610169490776e+01
2.323163841807908980e+01
2.320564971751411321e+01
2.316723163841807320e+01
2.314237288135592507e+01
2.310734463276835271e+01
2.307570621468925864e+01
2.304858757062146424e+01
2.303163841807909051e+01
2.299774011299434306e+01
2.295819209039547104e+01
2.292542372881355206e+01
2.288474576271185867e+01
2.284406779661016174e+01
2.280338983050846835e+01
2.275367231638417564e+01
2.271864406779660328e+01
2.269604519774010498e+01
2.266892655367230702e+01
2.265084745762711194e+01
2.264067796610168770e+01
2.262259887005649261e+01
2.259548022598869466e+01
2.257627118644067110e+01
2.256271186440677212e+01
2.253898305084744891e+01
2.253107344632767450e+01
2.252881355932202823e+01
2.250734463276835129e+01
2.249265536723163450e+01
2.249830508474575552e+01
2.247683615819208569e+01
2.247909604519773197e+01
2.247683615819208569e+01
2.247457627118643586e+01
2.247344632768361095e+01
2.247909604519773552e+01
2.246779661016948637e+01
2.246666666666666146e+01
2.248135593220338535e+01
2.250395480225988010e+01
2.250282485875705518e+01
2.252203389830508229e+01
2.253220338983050297e+01
2.255028248587569806e+01
2.257514124293784619e+01
2.259774011299434449e+01
2.261355932203389330e+01
2.262937853107344210e+01
2.264406779661016245e+01
2.266214689265536464e+01
2.267231638418078532e+01
2.271073446327683243e+01
2.273898305084745175e+01
2.276045197740112513e+01
2.278192090395479852e+01
2.281468926553672105e+01
2.284745762711864003e+01
2.287570621468925935e+01
2.289152542372880816e+01
2.292881355932203036e+01
2.296271186440677425e+01
2.299322033898304340e+01
2.302259887005649119e+01
2.305084745762711407e+01
2.308361581920903660e+01
2.309604519774010711e+01
2.312316384180790507e+01
2.316045197740112371e+01
2.318079096045197218e+01
2.323389830508473963e+01
2.327231638418078319e+01
2.330960451977400538e+01
2.334802259887005249e+01
2.338757062146892096e+01
2.342259887005648977e+01
2.346779661016948637e+01
2.351412429378530433e+01
2.355706214689264755e+01
2.359999999999999432e+01
2.364971751412429057e+01
2.369604519774010498e+01
2.373220338983050581e+01
2.377401129943502411e+01
2.382033898305084563e+01
2.386327683615818529e+01
2.390395480225988223e+01
2.395141242937852510e+01
2.399887005649717153e+01
2.404632768361581441e+01
2.409717514124293203e+01
2.414689265536722473e+01
2.419435028248586761e+01
2.424180790960451404e+01
2.429039548022598183e+01
2.432316384180790081e+01
2.437175141242937215e+01
2.441694915254236520e+01
2.446214689265536180e+01
2.449152542372880603e+01
2.452994350282484959e+01
2.456158192090394721e+01
2.458305084745762059e+01
2.461355932203388974e+01
2.462824858757061719e+01
2.464632768361581583e+01
2.466101694915253617e+01
2.467344632768361024e+01
2.467683615819208143e+01
2.467570621468926007e+01
2.466892655367230702e+01
2.467570621468925651e+01
2.467683615819208498e+01
2.467683615819208143e+01
2.466666666666666075e+01
2.465875706214688634e+01
2.465423728813558668e+01
2.465988700564971126e+01
2.465536723163841160e+01
2.466101694915253617e+01
2.464293785310733753e+01
2.464632768361581228e+01
2.462485875706214244e+01
2.460677966101694381e+01
2.459774011299434449e+01
2.459096045197738789e+01
2.457288135593219636e+01
2.456271186440677212e+01
2.454802259887004823e+01
2.454463276836157348e+01
2.452768361581919976e+01
2.452768361581919976e+01
2.453333333333332433e+01
2.453446327683614925e+01
2.453559322033897416e+01
2.453446327683614925e+01
2.454463276836157348e+01
2.454802259887004823e+01
2.456610169491524331e+01
2.458531073446327042e+01
2.459096045197739144e+01
2.459435028248586974e+01
2.461242937853106483e+01
2.463615819209038449e+01
2.465875706214688279e+01
2.466666666666665719e+01
2.467796610169490634e+01
2.468813559322033058e+01
2.471073446327682888e+01
2.471751412429377837e+01
2.472994350282485243e+01
2.474915254237287243e+01
2.475593220338982547e+01
2.476723163841807462e+01
2.478192090395479852e+01
2.480790960451976446e+01
2.481242937853106412e+01
2.482485875706213818e+01
2.483728813559321225e+01
2.484519774011298665e+01
2.486101694915253546e+01
2.486214689265536038e+01
2.487005649717513478e+01
2.488022598870055901e+01
2.487796610169490918e+01
2.487570621468925580e+01
2.487683615819208427e+01
2.487683615819208427e+01
2.488135593220338393e+01
2.488587570621468359e+01
2.488022598870055901e+01
2.487683615819208427e+01
2.487344632768360952e+01
2.486779661016948495e+01
2.485310734463276106e+01
2.483954802259886208e+01
2.482711864406778801e+01
2.482146892655366699e+01
2.478870056497174446e+01
2.478192090395479852e+01
2.476384180790959988e+01
2.474802259887005107e+01
2.474011299435027667e+01
2.472203389830507803e+01
2.470508474576270430e+01
2.470847457627117905e+01
2.470734463276835413e+01
2.470621468926552922e+01
2.470056497175140464e+01
2.470621468926552922e+01
2.472090395480225311e+01
2.473333333333332718e+01
2.474124293785310158e+01
2.477175141242937428e+01
2.479322033898304767e+01
2.481581920903954241e+01
2.484293785310733682e+01
2.487118644067795969e+01
2.490508474576270714e+01
2.494350282485875070e+01
2.497514124293784477e+01
2.500225988700564272e+01
2.502598870056496594e+01
2.506327683615818813e+01
2.510395480225987797e+01
2.514689265536722473e+01
2.518531073446327184e+01
2.522598870056496168e+01
2.527231638418078674e+01
2.530734463276835555e+01
2.535819209039547673e+01
2.538418079096044266e+01
2.543163841807908909e+01
2.547005649717513620e+01
2.551864406779660044e+01
2.555028248587569806e+01
2.560225988700564415e+01
2.564858757062146211e+01
2.569717514124292990e+01
2.574576271186440124e+01
2.578983050847456937e+01
2.583276836158191259e+01
2.588926553672315833e+01
2.594011299435027240e+01
2.599548022598869323e+01
2.605988700564970628e+01
2.610734463276835271e+01
2.615480225988699914e+01
2.620338983050846693e+01
2.627118644067795827e+01
2.631751412429377979e+01
2.638192090395479283e+01
2.645084745762711265e+01
2.651638418079095061e+01
2.658079096045197076e+01
2.664858757062145855e+01
2.673107344632767735e+01
2.678983050847456937e+01
2.687344632768360952e+01
2.694576271186440053e+01
2.700112994350281781e+01
2.708022598870055475e+01
2.716158192090394508e+01
2.725084745762710980e+01
2.733785310734462115e+01
2.741129943502824062e+01
2.749152542372880248e+01
2.757175141242937144e+01
2.765310734463275821e+01
2.773785310734462684e+01
2.779999999999999361e+01
2.787909604519773410e+01
2.796158192090394579e+01
2.803954802259886492e+01
2.813220338983050084e+01
2.821694915254236591e+01
2.831186440677965521e+01
2.839661016949151673e+01
2.848813559322032773e+01
2.858418079096044551e+01
2.866779661016948211e+01
2.875367231638417209e+01
2.883728813559321225e+01
2.891299435028247800e+01
2.899209039548021849e+01
2.907457627118643373e+01
2.915141242937852439e+01
2.922711864406778659e+01
2.930734463276835555e+01
2.938757062146891741e+01
2.946214689265536180e+01
2.955141242937852297e+01
2.962711864406778872e+01
2.970847457627117905e+01
2.978870056497174446e+01
2.986327683615818529e+01
2.994011299435027951e+01
3.002259887005649119e+01
3.009943502824857831e+01
3.017288135593219778e+01
3.025197740112993472e+01
3.030395480225988081e+01
3.037966101694914656e+01
3.045875706214688705e+01
3.051864406779660754e+01
3.056836158192089670e+01
3.063502824858756668e+01
3.069717514124292990e+01
3.075254237288135073e+01
3.080903954802259292e+01
3.085310734463276106e+01
3.090960451977400680e+01
3.096723163841807747e+01
3.100112994350281781e+01
3.105536723163841373e+01
3.109943502824857831e+01
3.114802259887004965e+01
3.120112994350281355e+01
3.124519774011298523e+01
3.129717514124293132e+01
3.134915254237287385e+01
3.140225988700564130e+01
3.144519774011298807e+01
3.149265536723163095e+01
3.154124293785309874e+01
3.157740112994349602e+01
3.162598870056496381e+01
3.165988700564971481e+01
3.169604519774010498e+01
3.174576271186440124e+01
3.178418079096044835e+01
3.182146892655366699e+01
3.186440677966101376e+01
3.189604519774010782e+01
3.194463276836157561e+01
3.198305084745761917e+01
3.202146892655366628e+01
3.205762711864406356e+01
3.210169491525422814e+01
3.214576271186440692e+01
3.219209039548022133e+01
3.221694915254236946e+01
3.226101694915253404e+01
3.230508474576271283e+01
3.234011299435027809e+01
3.237966101694914300e+01
3.241694915254237230e+01
3.244067796610168841e+01
3.248135593220338535e+01
3.252768361581919976e+01
3.256271186440677923e+01
3.260790960451977583e+01
3.265084745762711549e+01
3.267796610169490634e+01
3.272655367231638479e+01
3.275254237288135073e+01
3.279774011299434733e+01
3.281581920903954597e+01
3.284293785310733682e+01
3.286214689265536038e+01
3.288813559322034052e+01
3.290960451977400680e+01
3.291864406779660612e+01
3.292768361581920544e+01
3.294915254237287883e+01
3.296497175141242053e+01
3.296497175141242764e+01
3.297401129943502696e+01
3.298757062146892594e+01
3.299435028248587543e+01
3.297740112994350170e+01
3.298757062146892594e+01
3.298983050847457577e+01
3.298531073446327611e+01
3.300000000000000000e+01
3.299887005649718219e+01
3.301468926553672389e+01
3.301468926553672389e+01
3.301581920903954881e+01
3.301694915254236662e+01
3.301468926553671679e+01
3.300903954802259932e+01
3.300564971751411747e+01
3.298757062146892594e+01
3.297627118644067679e+01
3.296045197740112798e+01
3.294802259887005391e+01
3.292316384180790578e+01
3.290621468926553916e+01
3.288700564971751561e+01
3.284745762711864359e+01
3.282598870056497020e+01
3.279887005649717224e+01
3.277740112994349886e+01
3.274689265536723326e+01
3.271864406779660328e+01
3.270508474576271141e+01
3.268587570621468785e+01
3.265649717514124006e+01
3.263276836158191685e+01
3.261355932203389330e+01
3.258418079096044551e+01
3.256271186440677923e+01
3.254463276836158059e+01
3.251412429378531499e+01
3.249604519774011635e+01
3.247683615819208569e+01
3.246327683615818671e+01
3.244067796610168841e+01
3.242372881355932179e+01
3.240451977401129113e+01
3.239999999999999858e+01
3.238305084745762485e+01
3.235367231638417707e+01
3.235141242937852724e+01
3.234124293785310300e+01
3.233672316384180334e+01
3.232881355932202894e+01
3.233672316384180334e+01
3.232994350282485385e+01
3.232994350282485385e+01
3.232429378531072928e+01
3.232655367231637911e+01
3.232429378531072928e+01
3.231525423728812996e+01
3.232768361581920402e+01
3.232768361581920402e+01
3.232429378531072928e+01
3.232316384180790436e+01
3.232881355932202894e+01
3.232542372881356130e+01
3.233672316384179624e+01
3.232542372881355419e+01
3.231525423728812996e+01
3.231299435028248013e+01
3.230734463276836266e+01
3.230734463276835555e+01
3.231525423728812996e+01
3.230960451977401249e+01
3.230508474576269862e+01
3.231299435028248013e+01
3.230734463276835555e+01
3.230847457627118047e+01
3.231412429378530504e+01
3.230508474576270572e+01
3.229830508474576334e+01
3.230169491525423098e+01
3.230847457627118047e+01
3.231525423728812996e+01
3.232429378531072928e+01
3.231977401129942962e+01
3.231186440677965521e+01
3.232429378531072928e+01
3.233220338983050368e+01
3.234463276836157775e+01
3.235706214689264471e+01
3.236045197740112656e+01
3.237853107344632519e+01
3.239322033898304909e+01
3.241242937853107264e+01
3.242598870056497162e+01
3.244067796610168841e+01
3.245649717514123722e+01
3.247005649717513620e+01
3.247909604519773552e+01
3.250169491525423382e+01
3.249717514124292705e+01
3.251638418079095061e+01
3.251186440677965095e+01
3.251864406779660754e+01
3.253785310734463110e+01
3.254124293785310584e+01
3.252881355932203178e+01
3.253785310734463110e+01
3.253898305084745601e+01
3.254576271186439840e+01
3.255028248587569806e+01
3.256836158192089670e+01
3.256271186440677923e+01
3.255819209039547957e+01
3.255819209039547246e+01
3.256949152542372161e+01
3.257288135593219636e+01
3.256045197740112940e+01
3.256497175141242906e+01
3.256836158192089670e+01
3.256158192090395431e+01
3.254124293785309874e+01
3.253898305084744891e+01
3.253220338983049942e+01
3.252429378531073212e+01
3.251638418079095061e+01
3.250169491525423382e+01
3.248813559322033484e+01
3.247909604519773552e+01
3.247909604519773552e+01
3.247570621468925367e+01
3.247344632768360384e+01
3.247005649717513620e+01
3.245423728813558739e+01
3.243389830508473892e+01
3.242485875706213960e+01
3.241920903954801503e+01
3.239661016949152383e+01
3.237740112994350028e+01
3.235706214689265892e+01
3.233785310734462826e+01
3.233446327683616062e+01
3.233559322033897843e+01
3.233898305084746028e+01
3.232994350282486096e+01
3.233672316384181045e+01
3.233333333333332860e+01
3.232768361581921113e+01
3.232429378531073638e+01
3.233672316384181045e+01
3.234689265536722758e+01
3.236723163841807605e+01
3.237175141242937570e+01
3.238418079096045687e+01
3.239661016949152383e+01
3.240225988700564841e+01
3.242033898305083994e+01
3.242485875706213960e+01
3.244858757062146282e+01
3.244971751412428773e+01
3.246892655367231129e+01
3.248700564971751703e+01
3.249943502824858399e+01
3.249717514124293416e+01
3.251977401129943246e+01
3.252881355932203178e+01
3.254576271186439840e+01
3.255480225988699772e+01
3.256497175141242906e+01
3.258870056497174517e+01
3.259322033898304483e+01
3.262033898305084278e+01
3.264745762711864074e+01
3.265762711864405787e+01
3.267231638418078887e+01
3.269152542372880532e+01
3.272090395480225311e+01
3.273220338983050226e+01
3.274237288135592649e+01
3.276271186440676786e+01
3.277514124293784903e+01
3.277853107344632377e+01
3.278305084745762343e+01
3.277966101694914869e+01
3.279435028248586548e+01
3.281920903954801361e+01
3.283728813559321225e+01
3.286327683615818529e+01
3.288022598870055901e+01
3.289491525423728291e+01
3.290734463276835697e+01
3.291864406779660612e+01
3.293898305084745459e+01
3.294463276836157917e+01
3.297740112994350170e+01
3.299661016949151815e+01
3.302146892655366628e+01
3.303954802259886492e+01
3.304519774011298239e+01
3.306101694915253830e+01
3.306779661016948779e+01
3.308022598870056186e+01
3.309830508474576050e+01
3.309604519774010356e+01
3.311751412429377694e+01
3.314011299435027524e+01
3.314689265536722473e+01
3.314689265536722473e+01
3.315593220338982405e+01
3.318079096045197218e+01
3.319096045197738931e+01
3.319661016949152099e+01
3.320903954802259506e+01
3.321807909604519438e+01
3.322937853107343642e+01
3.325084745762711691e+01
3.325536723163841657e+01
3.327344632768361521e+01
3.327570621468925083e+01
3.328474576271185725e+01
3.328813559322033200e+01
3.329265536723163166e+01
3.329039548022598183e+01
3.328248587570620742e+01
3.328135593220338251e+01
3.327344632768360810e+01
3.326892655367231555e+01
3.326327683615818387e+01
3.324971751412428489e+01
3.324180790960451759e+01
3.323389830508473608e+01
3.322485875706214387e+01
3.321694915254236946e+01
3.320677966101693812e+01
3.319209039548022133e+01
3.318418079096044693e+01
3.317514124293784050e+01
3.316723163841807320e+01
3.316045197740112371e+01
3.316158192090394863e+01
3.315593220338982405e+01
3.313785310734462541e+01
3.312768361581920118e+01
3.312090395480225169e+01
3.309717514124292848e+01
3.307796610169491203e+01
3.307683615819208711e+01
3.306779661016948779e+01
3.306327683615818813e+01
3.307344632768361237e+01
3.306327683615818103e+01
3.307005649717513052e+01
3.306101694915253120e+01
3.305762711864406356e+01
3.304632768361581441e+01
3.303728813559321509e+01
3.304067796610169694e+01
3.303502824858756526e+01
3.303276836158191543e+01
3.303728813559321509e+01
3.303615819209039728e+01
3.303841807909604711e+01
3.303841807909604711e+01
3.303615819209039728e+01
3.302824858757062287e+01
3.303163841807909762e+01
3.303615819209039728e+01
3.304067796610169694e+01
3.304745762711864643e+01
3.303841807909604711e+01
3.304971751412429626e+01
3.303841807909604711e+01
3.303954802259886492e+01
3.302711864406779796e+01
3.302598870056496594e+01
3.302033898305084847e+01
3.301242937853106696e+01
3.301807909604519864e+01
3.299661016949151815e+01
3.299096045197740068e+01
3.298079096045196934e+01
3.296384180790960272e+01
3.295706214689265323e+01
3.294463276836157917e+01
3.294350282485875425e+01
3.293559322033897274e+01
3.292881355932202325e+01
3.293333333333332291e+01
3.293333333333333002e+01
3.292090395480225595e+01
3.290960451977400680e+01
3.291186440677965663e+01
3.289717514124293984e+01
3.290847457627118189e+01
3.289378531073445799e+01
3.289604519774010782e+01
3.289378531073445799e+01
3.290056497175140748e+01
3.290282485875705731e+01
3.291525423728813138e+01
3.290282485875705731e+01
3.290508474576270714e+01
3.291073446327683172e+01
3.290169491525423240e+01
3.289604519774010782e+01
3.288700564971750850e+01
3.287457627118643444e+01
3.287457627118643444e+01
3.287118644067795969e+01
3.287909604519773410e+01
3.287796610169490918e+01
3.287118644067795969e+01
3.285988700564971055e+01
3.286779661016948495e+01
3.288022598870055901e+01
3.287909604519774120e+01
3.287005649717513478e+01
3.286666666666666003e+01
3.284745762711863648e+01
3.284067796610168699e+01
3.284406779661016174e+01
3.284293785310732972e+01
3.282146892655366344e+01
3.279096045197739784e+01
3.277175141242937428e+01
3.273785310734462684e+01
3.270621468926552922e+01
3.266666666666665719e+01
3.264632768361581583e+01
3.262259887005649261e+01
3.258983050847457719e+01
3.255028248587569806e+01
3.251638418079095061e+01
3.247909604519773552e+01
3.244406779661016316e+01
3.239322033898304198e+01
3.236384180790960130e+01
3.234689265536722758e+01
3.231638418079095487e+01
3.227683615819208285e+01
3.224519774011299234e+01
3.220451977401130250e+01
3.216045197740112371e+01
3.212994350282485811e+01
3.209378531073446084e+01
3.205649717514123864e+01
3.201129943502824204e+01
3.197627118644066968e+01
3.193898305084745459e+01
3.190621468926553206e+01
3.185536723163841089e+01
3.182372881355931682e+01
3.180338983050847190e+01
3.177175141242937428e+01
3.172768361581920260e+01
3.167796610169490990e+01
3.165649717514124006e+01
3.162372881355931753e+01
3.159999999999999432e+01
3.157175141242937144e+01
3.154689265536722331e+01
3.152090395480225382e+01
3.150169491525423382e+01
3.147796610169491061e+01
3.144858757062146282e+01
3.142937853107344282e+01
3.140338983050847332e+01
3.139661016949152028e+01
3.137514124293784690e+01
3.136384180790960130e+01
3.133559322033897843e+01
3.131751412429377979e+01
3.129943502824858115e+01
3.127909604519773268e+01
3.127005649717513336e+01
3.124971751412428844e+01
3.124180790960451759e+01
3.123050847457626844e+01
3.120790960451977014e+01
3.120338983050847048e+01
3.121016949152541997e+01
3.119661016949152099e+01
3.120451977401129540e+01
3.120564971751412031e+01
3.120564971751412031e+01
3.119661016949152099e+01
3.120790960451977014e+01
3.120790960451977014e+01
3.119661016949152099e+01
3.120338983050846693e+01
3.121581920903954455e+01
3.123389830508473963e+01
3.125649717514124148e+01
3.125988700564971268e+01
3.127796610169491132e+01
3.127909604519773268e+01
3.129039548022598183e+01
3.131186440677965521e+01
3.131073446327683030e+01
3.133785310734462826e+01
3.135706214689265181e+01
3.137966101694914656e+01
3.138644067796609960e+01
3.140677966101694807e+01
3.143276836158191756e+01
3.145423728813558739e+01
3.148022598870056044e+01
3.151186440677965805e+01
3.155028248587569806e+01
3.157175141242937144e+01
3.160903954802259364e+01
3.164632768361580872e+01
3.169152542372880887e+01
3.172542372881355277e+01
3.177175141242937073e+01
3.181129943502824275e+01
3.186327683615818529e+01
3.191073446327682461e+01
3.195141242937852510e+01
3.198870056497174374e+01
3.205423728813558171e+01
3.211186440677965948e+01
3.217740112994349744e+01
3.223615819209038591e+01
3.229378531073446368e+01
3.235028248587569522e+01
3.241581920903954028e+01
3.247118644067796112e+01
3.253672316384179908e+01
3.258079096045197076e+01
3.264180790960451617e+01
3.269152542372880532e+01
3.274463276836158343e+01
3.278983050847457292e+01
3.282146892655366344e+01
3.288022598870055901e+01
3.292881355932203036e+01
3.297062146892655221e+01
3.298757062146891883e+01
3.302146892655366628e+01
3.302937853107344068e+01
3.303163841807909051e+01
3.302711864406779085e+01
3.303163841807909051e+01
3.301807909604519153e+01
3.301242937853106696e+01
3.300338983050846764e+01
3.299548022598869323e+01
3.298418079096044409e+01
3.297288135593219494e+01
3.297627118644066968e+01
3.296384180790960272e+01
3.295932203389830306e+01
3.294689265536722189e+01
3.293333333333333002e+01
3.292090395480225595e+01
3.291977401129943104e+01
3.293785310734462968e+01
3.296158192090395289e+01
3.298644067796610102e+01
3.301920903954801645e+01
3.306101694915253830e+01
3.309830508474576050e+01
3.313898305084745743e+01
3.318870056497174659e+01
3.323502824858756810e+01
3.329265536723163876e+01
3.333898305084746028e+01
3.341355932203389756e+01
3.346892655367231839e+01
3.354463276836158059e+01
3.361129943502824347e+01
3.366892655367231413e+01
3.372090395480225311e+01
3.379548022598869750e+01
3.384293785310734393e+01
3.389378531073445799e+01
3.394802259887005391e+01
3.398192090395480136e+01
3.402033898305084847e+01
3.406440677966101305e+01
3.410056497175141033e+01
3.412655367231637626e+01
3.414463276836158201e+01
3.417740112994350454e+01
3.419322033898304625e+01
3.422485875706213676e+01
3.424632768361581725e+01
3.427118644067796538e+01
3.431525423728812996e+01
3.434237288135592792e+01
3.438757062146892451e+01
3.443050847457627128e+01
3.446553672316383654e+01
3.450734463276835129e+01
3.455593220338982974e+01
3.460790960451977583e+01
3.466666666666665719e+01
3.471525423728812854e+01
3.477062146892654937e+01
3.480677966101694665e+01
3.485084745762711123e+01
3.487570621468925935e+01
3.492203389830507376e+01
3.494011299435027240e+01
3.495254237288134647e+01
3.495819209039547104e+01
3.496384180790960272e+01
3.496723163841807036e+01
3.495141242937852155e+01
3.494237288135592223e+01
3.490960451977400680e+01
3.488926553672315833e+01
3.485536723163841089e+01
3.481468926553671395e+01
3.478305084745761633e+01
3.476045197740112513e+01
3.474011299435026956e+01
3.473672316384180192e+01
3.472090395480225311e+01
3.470169491525422956e+01
3.470169491525423666e+01
3.468135593220338819e+01
3.467909604519773126e+01
3.466779661016948921e+01
3.467344632768361379e+01
3.465649717514124006e+01
3.464971751412429057e+01
3.463954802259885923e+01
3.462598870056496736e+01
3.462259887005649261e+01
3.461016949152541855e+01
3.459661016949151957e+01
3.458531073446327042e+01
3.458192090395479568e+01
3.456497175141242906e+01
3.456158192090394721e+01
3.456271186440677212e+01
3.457740112994349602e+01
3.457966101694914585e+01
3.458644067796609534e+01
3.458531073446327042e+01
3.457853107344632093e+01
3.457175141242937144e+01
3.457627118644067110e+01
3.456158192090394721e+01
3.455367231638417991e+01
3.453446327683615635e+01
3.452655367231638195e+01
3.452994350282485669e+01
3.453333333333333144e+01
3.454237288135593076e+01
3.454576271186439840e+01
3.456271186440677212e+01
3.456384180790959704e+01
3.455706214689265465e+01
3.454915254237288025e+01
3.453559322033898127e+01
3.453220338983050652e+01
3.453220338983050652e+01
3.453559322033898127e+01
3.452429378531073212e+01
3.453107344632768161e+01
3.452316384180790720e+01
3.454124293785309874e+01
3.454463276836158059e+01
3.454802259887005533e+01
3.455706214689264755e+01
3.456497175141242906e+01
3.456497175141242906e+01
3.459322033898304483e+01
3.459322033898304483e+01
3.457966101694914585e+01
3.458870056497174517e+01
3.458757062146892025e+01
3.457627118644067110e+01
3.457514124293784619e+01
3.457740112994349602e+01
3.455819209039547246e+01
3.454011299435027382e+01
3.452542372881354993e+01
3.451299435028248297e+01
3.448474576271185299e+01
3.447683615819208569e+01
3.447344632768360384e+01
3.446666666666665435e+01
3.446892655367231129e+01
3.444406779661015605e+01
3.443615819209038875e+01
3.440564971751411605e+01
3.437401129943502553e+01
3.435367231638417707e+01
3.434237288135592792e+01
3.432542372881356130e+01
3.429943502824858115e+01
3.427909604519773268e+01
3.427005649717513336e+01
3.424180790960451048e+01
3.423502824858756100e+01
3.422598870056496878e+01
3.420903954802258795e+01
3.420790960451977014e+01
3.420338983050847048e+01
3.418757062146892167e+01
3.418305084745762201e+01
3.419209039548022133e+01
3.418644067796608965e+01
3.417401129943502269e+01
3.415819209039547388e+01
3.412994350282485101e+01
3.410169491525422814e+01
3.408135593220337967e+01
3.405084745762711407e+01
3.402711864406778375e+01
3.398418079096044409e+01
3.393446327683615493e+01
3.389491525423728291e+01
3.384067796610168699e+01
3.378870056497174090e+01
3.374350282485875141e+01
3.370169491525422245e+01
3.366666666666665719e+01
3.362259887005648551e+01
3.357740112994348891e+01
3.353220338983049942e+01
3.348248587570620316e+01
3.342937853107343926e+01
3.338418079096044266e+01
3.333446327683614641e+01
3.328700564971749998e+01
3.323728813559321082e+01
3.319435028248587116e+01
3.315593220338982405e+01
3.311751412429377694e+01
3.307457627118643018e+01
3.304519774011298949e+01
3.300903954802259932e+01
3.296045197740112087e+01
3.292994350282485527e+01
3.291525423728812427e+01
3.290621468926552495e+01
3.291977401129942393e+01
3.293220338983050510e+01
3.296723163841807036e+01
3.300451977401129255e+01
3.305310734463276390e+01
3.311525423728812711e+01
3.316723163841807320e+01
3.324067796610168557e+01
3.333785310734462115e+01
3.340903954802259079e+01
3.347796610169490350e+01
3.355932203389829738e+01
3.363954802259885923e+01
3.371864406779660328e+01
3.379096045197739784e+01
3.386440677966101021e+01
3.393672316384180476e+01
3.401355932203388477e+01
3.407344632768361237e+01
3.413220338983050084e+01
3.418418079096044693e+01
3.424858757062146708e+01
3.429378531073445657e+01
3.435141242937852013e+01
3.440112994350281639e+01
3.444180790960451333e+01
3.451525423728813280e+01
3.455141242937853008e+01
3.461694915254236804e+01
3.466101694915253262e+01
3.469717514124292279e+01
3.474011299435026956e+01
3.478757062146891599e+01
3.484180790960451191e+01
3.486892655367230986e+01
3.491299435028247444e+01
3.494350282485874004e+01
3.496610169491524545e+01
3.498870056497174374e+01
3.501807909604519153e+01
3.504406779661016458e+01
3.503954802259886492e+01
3.505197740112993188e+01
3.507118644067796254e+01
3.508135593220337967e+01
3.508361581920902950e+01
3.507570621468926220e+01
3.507683615819208711e+01
3.504745762711863932e+01
3.502824858757061577e+01
3.500451977401129966e+01
3.498192090395480136e+01
3.495593220338982832e+01
3.492316384180790578e+01
3.489152542372880816e+01
3.486440677966101021e+01
3.483728813559321225e+01
3.482485875706214529e+01
3.480903954802259648e+01
3.479661016949151531e+01
3.479548022598869750e+01
3.478531073446326616e+01
3.478079096045196650e+01
3.477740112994349886e+01
3.478870056497174801e+01
3.479096045197739784e+01
3.481581920903953886e+01
3.482824858757061293e+01
3.485423728813558597e+01
3.487570621468925935e+01
3.490734463276835697e+01
3.493672316384179766e+01
3.496836158192089528e+01
3.499999999999999289e+01
3.502711864406778375e+01
3.506214689265536322e+01
3.509604519774011067e+01
3.512542372881355135e+01
3.515932203389829880e+01
3.518757062146892167e+01
3.520677966101693812e+01
3.524067796610168557e+01
3.527231638418078319e+01
3.526779661016948353e+01
3.527344632768360810e+01
3.527118644067795827e+01
3.526214689265536606e+01
3.524858757062146708e+01
3.523276836158191827e+01
3.521355932203388761e+01
3.520790960451977014e+01
3.517740112994349033e+01
3.515932203389829880e+01
3.512881355932202609e+01
3.510508474576270999e+01
3.506892655367231271e+01
3.503276836158191543e+01
3.499209039548021849e+01
3.496497175141242053e+01
3.492881355932203036e+01
3.490169491525423240e+01
3.486327683615818529e+01
3.482824858757061293e+01
3.478870056497174801e+01
3.474011299435027667e+01
3.469717514124293700e+01
3.463954802259886634e+01
3.458983050847457719e+01
3.454011299435028093e+01
3.450960451977400822e+01
3.445536723163841231e+01
3.441129943502824062e+01
3.436158192090395147e+01
3.432316384180791147e+01
3.426553672316384080e+01
3.420790960451977014e+01
3.415028248587569948e+01
3.409152542372881101e+01
3.403050847457627270e+01
3.397966101694915153e+01
3.391525423728813848e+01
3.384971751412429342e+01
3.378418079096045545e+01
3.370960451977401107e+01
3.365084745762712259e+01
3.358418079096045261e+01
3.351412429378531499e+01
3.343050847457627128e+01
3.336158192090395858e+01
3.328813559322033910e+01
3.320790960451977014e+01
3.313107344632768303e+01
3.307005649717514473e+01
3.300000000000000000e+01
3.291638418079096340e+01
3.283954802259887629e+01
3.275367231638418275e+01
3.266892655367232123e+01
3.259999999999999432e+01
3.252429378531073212e+01
3.244067796610168841e+01
3.235028248587570232e+01
3.227344632768360810e+01
3.218983050847457150e+01
3.209491525423728575e+01
3.201355932203389898e+01
3.193898305084745459e+01
3.184745762711863648e+01
3.176045197740112513e+01
3.167118644067796041e+01
3.158531073446327042e+01
3.150734463276835484e+01
3.142824858757061435e+01
3.135028248587569522e+01
3.127570621468925438e+01
3.119548022598868897e+01
3.111638418079095203e+01
3.103389830508473679e+01
3.094802259887004681e+01
3.087570621468925580e+01
3.081581920903953886e+01
3.075367231638416854e+01
3.068700564971750211e+01
3.061694915254236093e+01
3.057288135593219280e+01
3.052655367231637129e+01
3.046892655367230418e+01
3.042259887005648622e+01
3.036045197740111945e+01
3.029604519774009930e+01
3.023050847457626134e+01
3.016610169491524118e+01
3.009265536723162526e+01
3.003276836158190832e+01
2.997853107344631596e+01
2.991638418079094919e+01
2.984180790960451191e+01
2.977853107344631667e+01
2.970960451977400041e+01
2.965310734463275821e+01
2.958644067796608823e+01
2.952542372881354993e+01
2.947231638418077893e+01
2.943276836158190690e+01
2.938192090395478928e+01
2.933446327683614641e+01
2.928700564971749998e+01
2.924519774011298523e+01
2.920564971751411321e+01
2.915932203389829169e+01
2.911186440677964882e+01
2.907796610169490492e+01
2.905423728813558171e+01
2.903163841807908341e+01
2.899096045197739357e+01
2.896836158192089172e+01
2.896836158192089172e+01
2.894576271186439698e+01
2.893898305084744749e+01
2.894237288135592223e+01
2.895028248587569664e+01
2.895593220338982121e+01
2.895141242937852155e+01
2.897062146892654511e+01
2.899774011299433596e+01
2.900790960451976375e+01
2.904293785310733256e+01
2.907005649717513052e+01
2.909830508474575339e+01
2.912881355932202609e+01
2.915593220338982050e+01
2.918983050847456440e+01
2.922485875706213676e+01
2.926892655367230844e+01
2.932429378531072217e+01
2.936949152542371877e+01
2.941694915254236165e+01
2.947909604519772842e+01
2.951186440677965095e+01
2.958079096045197076e+01
2.964180790960450906e+01
2.969152542372880532e+01
2.975367231638417564e+01
2.981920903954801361e+01
2.989152542372880816e+01
2.998983050847456866e+01
3.006327683615818458e+01
3.014463276836157490e+01
3.021694915254236591e+01
3.029604519774010640e+01
3.038757062146891741e+01
3.046666666666666146e+01
3.054915254237287314e+01
3.063502824858755957e+01
3.070847457627117549e+01
3.080451977401128971e+01
3.087683615819208427e+01
3.097514124293784477e+01
3.105875706214688492e+01
3.113785310734462541e+01
3.122033898305084065e+01
3.131186440677965521e+01
3.140338983050846622e+01
3.146892655367231129e+01
3.155028248587570161e+01
3.158192090395479568e+01
3.160112994350281923e+01
3.161016949152541855e+01
3.165423728813558668e+01
3.167683615819208498e+01
3.168248587570620955e+01
3.168248587570620600e+01
3.169378531073445870e+01
3.168926553672315549e+01
3.167457627118643515e+01
3.166214689265535753e+01
3.165423728813558668e+01
3.163954802259886634e+01
3.160225988700564415e+01
3.156723163841807178e+01
3.153220338983049942e+01
3.148474576271186010e+01
3.144293785310733824e+01
3.140338983050846622e+01
3.135593220338982334e+01
3.131977401129942962e+01
3.128248587570620742e+01
3.125423728813558810e+01
3.122937853107343997e+01
3.120112994350281710e+01
3.117966101694914727e+01
3.115819209039547388e+01
3.115028248587569948e+01
3.115367231638417422e+01
3.115367231638417422e+01
3.115367231638417422e+01
3.116384180790959846e+01
3.117514124293784761e+01
3.118305084745762201e+01
3.121355932203389116e+01
3.122372881355931185e+01
3.125084745762711336e+01
3.129039548022598183e+01
3.132881355932202894e+01
3.134802259887004539e+01
3.138870056497174232e+01
3.142033898305083994e+01
3.146214689265536180e+01
3.149039548022598112e+01
3.152090395480225027e+01
3.155028248587569806e+01
3.160338983050846906e+01
3.163615819209038449e+01
3.168135593220338109e+01
3.170960451977400396e+01
3.172768361581920260e+01
3.173559322033897345e+01
3.175367231638417209e+01
3.177740112994349531e+01
3.180338983050846835e+01
3.183841807909603716e+01
3.185875706214688563e+01
3.189943502824857902e+01
3.191186440677964953e+01
3.191864406779659902e+01
3.194576271186439698e+01
3.197627118644066613e+01
3.199661016949151815e+01
3.203163841807909051e+01
3.205762711864405645e+01
3.210960451977400254e+01
3.214576271186439982e+01
3.217627118644067252e+01
3.219774011299433880e+01
3.222937853107343642e+01
3.224632768361581014e+01
3.227683615819208285e+01
3.230395480225988081e+01
3.230395480225988081e+01
3.232203389830507945e+01
3.232316384180789726e+01
3.230734463276834845e+01
3.229604519774009930e+01
3.228700564971750708e+01
3.227231638418078319e+01
3.226553672316383370e+01
3.224858757062145997e+01
3.223615819209038591e+01
3.224745762711863506e+01
3.224745762711863506e+01
3.224745762711863506e+01
3.225084745762710270e+01
3.225084745762710980e+01
3.225084745762710980e+01
3.225875706214688421e+01
3.224971751412428489e+01
3.223050847457626134e+01
3.221129943502823778e+01
3.219209039548021423e+01
3.217175141242936576e+01
3.214463276836157490e+01
3.211525423728812711e+01
3.210282485875705305e+01
3.207231638418078035e+01
3.208022598870054765e+01
3.206553672316383086e+01
3.207796610169490492e+01
3.209378531073444663e+01
3.209604519774010356e+01
3.211525423728812711e+01
3.215028248587569237e+01
3.217514124293784050e+01
3.221807909604518727e+01
3.224745762711863506e+01
3.228022598870055759e+01
3.233446327683614641e+01
3.239209039548021707e+01
3.245649717514123722e+01
3.250169491525422671e+01
3.254689265536721621e+01
3.257740112994349602e+01
3.262598870056496025e+01
3.267457627118642449e+01
3.269830508474575481e+01
3.273446327683614498e+01
3.278305084745761633e+01
3.282824858757061293e+01
3.285536723163840378e+01
3.288813559322032631e+01
3.288022598870055191e+01
3.287796610169490918e+01
3.287118644067795969e+01
3.285988700564971055e+01
3.287005649717512767e+01
3.286779661016947784e+01
3.290056497175140038e+01
3.292542372881354851e+01
3.294350282485874715e+01
3.298983050847456866e+01
3.304293785310733256e+01
3.307118644067795543e+01
3.312542372881354424e+01
3.316723163841807320e+01
3.322598870056496168e+01
3.325988700564970912e+01
3.329717514124293132e+01
3.332655367231637200e+01
3.335593220338981268e+01
3.339435028248586690e+01
3.342033898305083994e+01
3.347005649717512910e+01
3.348361581920903518e+01
3.353898305084744891e+01
3.355480225988699772e+01
3.360564971751411179e+01
3.365649717514124006e+01
3.370734463276835413e+01
3.377062146892654937e+01
3.383615819209038733e+01
3.389943502824857546e+01
3.396497175141242053e+01
3.403502824858756526e+01
3.409717514124292848e+01
3.415819209039547388e+01
3.424067796610168557e+01
3.430960451977399828e+01
3.438757062146891741e+01
3.447683615819208569e+01
3.453333333333332433e+01
3.461242937853106127e+01
3.467909604519773836e+01
3.473785310734462684e+01
3.479887005649716514e+01
3.485875706214688563e+01
3.491864406779660612e+01
3.497175141242937002e+01
3.501355932203388477e+01
3.507570621468926220e+01
3.512768361581920118e+01
3.517062146892654084e+01
3.523050847457626844e+01
3.528587570621468217e+01
3.535932203389829453e+01
3.541581920903954028e+01
3.547796610169490350e+01
3.555932203389829738e+01
3.563163841807908483e+01
3.570621468926552922e+01
3.576836158192089243e+01
3.582937853107343074e+01
3.589378531073445089e+01
3.595593220338982121e+01
3.602259887005648409e+01
3.607118644067795543e+01
3.613559322033896848e+01
3.616384180790959135e+01
3.619887005649715661e+01
3.621920903954800508e+01
3.623615819209038591e+01
3.626779661016947642e+01
3.627909604519772557e+01
3.631073446327683030e+01
3.632994350282484675e+01
3.635254237288134505e+01
3.637175141242936860e+01
3.639435028248586690e+01
3.641129943502824062e+01
3.644858757062145571e+01
3.647231638418078603e+01
3.649265536723163450e+01
3.650395480225987654e+01
3.651751412429376842e+01
3.652994350282484959e+01
3.653898305084744891e+01
3.654802259887004823e+01
3.655480225988699772e+01
3.657175141242936434e+01
3.658644067796609534e+01
3.659096045197738789e+01
3.658983050847457008e+01
3.659435028248586264e+01
3.659435028248586264e+01
3.659096045197739500e+01
3.658870056497174517e+01
3.658757062146891315e+01
3.656723163841807178e+01
3.655819209039547246e+01
3.653446327683614925e+01
3.651299435028247586e+01
3.649717514124292705e+01
3.648474576271185299e+01
3.648022598870055333e+01
3.647344632768360384e+01
3.648587570621467790e+01
3.647570621468925367e+01
3.647457627118642876e+01
3.647457627118642876e+01
3.649152542372880248e+01
3.649830508474575197e+01
3.651186440677965095e+01
3.652203389830507518e+01
3.655141242937852297e+01
3.658531073446327042e+01
3.661016949152541144e+01
3.664971751412429057e+01
3.669152542372880532e+01
3.674011299435026956e+01
3.679322033898304056e+01
3.685423728813557886e+01
3.691186440677964953e+01
3.697401129943501985e+01
3.705197740112993188e+01
3.710847457627117763e+01
3.717062146892654084e+01
3.723841807909603574e+01
3.729830508474574913e+01
3.736610169491524402e+01
3.744406779661015605e+01
3.752655367231637484e+01
3.760790960451976161e+01
3.767909604519773126e+01
3.774350282485875141e+01
3.782937853107343074e+01
3.790621468926552495e+01
3.798644067796608681e+01
3.806101694915253120e+01
3.814689265536722473e+01
3.823050847457626134e+01
3.831977401129941541e+01
3.840677966101693386e+01
3.850734463276835129e+01
3.860225988700564415e+01
3.869604519774010498e+01
3.881129943502823210e+01
3.892655367231637342e+01
3.902259887005648409e+01
3.914915254237287456e+01
3.926892655367230134e+01
3.939548022598868471e+01
3.950621468926552637e+01
3.964180790960450906e+01
3.975028248587570090e+01
3.988700564971750850e+01
4.004293785310733256e+01
4.020112994350281355e+01
4.037627118644066826e+01
4.052768361581919976e+01
4.069943502824857973e+01
4.085649717514123580e+01
4.105762711864406356e+01
4.127118644067795827e+01
4.146440677966101163e+01
4.165875706214688279e+01
4.185084745762711123e+01
4.201242937853106696e+01
4.218192090395478999e+01
4.235480225988699488e+01
4.254124293785309874e+01
4.272542372881355277e+01
4.289265536723162597e+01
4.304406779661016458e+01
4.317401129943502269e+01
4.331751412429377979e+01
4.342259887005648977e+01
4.356045197740112229e+01
4.367570621468925651e+01
4.378644067796609107e+01
4.388587570621468359e+01
4.398531073446326900e+01
4.407796610169491203e+01
4.419661016949152099e+01
4.431864406779660470e+01
4.439774011299434164e+01
4.449604519774010214e+01
4.454689265536723042e+01
4.459548022598869466e+01
4.464067796610169125e+01
4.465988700564970770e+01
4.468022598870056328e+01
4.467909604519773836e+01
4.466892655367231413e+01
4.465649717514124006e+01
4.463050847457626702e+01
4.459435028248587685e+01
4.456271186440677923e+01
4.452768361581920686e+01
4.451412429378530078e+01
4.451186440677965805e+01
4.450395480225988365e+01
4.452203389830508229e+01
4.453559322033898127e+01
4.454011299435028093e+01
4.454124293785310584e+01
4.455932203389829738e+01
4.456949152542372872e+01
4.458644067796610244e+01
4.458644067796609534e+01
4.460677966101694381e+01
4.459661016949151957e+01
4.460903954802259364e+01
4.462146892655366770e+01
4.462824858757061008e+01
4.462372881355931753e+01
4.464745762711864074e+01
4.466666666666666430e+01
4.468587570621468785e+01
4.471864406779660328e+01
4.473898305084745175e+01
4.476271186440677496e+01
4.478531073446328037e+01
4.481694915254236378e+01
4.484971751412428631e+01
4.487457627118644155e+01
4.489830508474576476e+01
4.494576271186440408e+01
4.499322033898305051e+01
4.501129943502824915e+01
4.504632768361581441e+01
4.509039548022598609e+01
4.513220338983050794e+01
4.516836158192089812e+01
4.518192090395479710e+01
4.520677966101694523e+01
4.521581920903954455e+01
4.521355932203389472e+01
4.521242937853106980e+01
4.521694915254236946e+01
4.522711864406779370e+01
4.523389830508474319e+01
4.523728813559321793e+01
4.524406779661016742e+01
4.523163841807908625e+01
4.523389830508473608e+01
4.523163841807909336e+01
4.523163841807910046e+01
4.524971751412428489e+01
4.526666666666666572e+01
4.528813559322033910e+01
4.530169491525423098e+01
4.533559322033897843e+01
4.537514124293784334e+01
4.540112994350282349e+01
4.545762711864406924e+01
4.550282485875705873e+01
4.555480225988699772e+01
4.560903954802259364e+01
4.566666666666665719e+01
4.572090395480225311e+01
4.579435028248587969e+01
4.583163841807909478e+01
4.588361581920904086e+01
4.594350282485875425e+01
4.599887005649717509e+01
4.604858757062147134e+01
4.609604519774011067e+01
4.615480225988700624e+01
4.617175141242937997e+01
4.621920903954801929e+01
4.626892655367231555e+01
4.631186440677966232e+01
4.635819209039549094e+01
4.639661016949152383e+01
4.644632768361582009e+01
4.647344632768361805e+01
4.648700564971751703e+01
4.651525423728813990e+01
4.652881355932203178e+01
4.651864406779661465e+01
4.653898305084746312e+01
4.654915254237288025e+01
4.656384180790961125e+01
4.657401129943503548e+01
4.656271186440677923e+01
4.657401129943502838e+01
4.657401129943502838e+01
4.657514124293785329e+01
4.657062146892656074e+01
4.656836158192090380e+01
4.655932203389831159e+01
4.652881355932203888e+01
4.649491525423729854e+01
4.646440677966101873e+01
4.643615819209040296e+01
4.638983050847458856e+01
4.633333333333334281e+01
4.629717514124294553e+01
4.622146892655367623e+01
4.615819209039548809e+01
4.609378531073446794e+01
4.604293785310734677e+01
4.598757062146893304e+01
4.594463276836158627e+01
4.589830508474576476e+01
4.587909604519774120e+01
4.586779661016949206e+01
4.586553672316384223e+01
4.586892655367231697e+01
4.588587570621469069e+01
4.594802259887006102e+01
4.596949152542373440e+01
4.600564971751413168e+01
4.604745762711864643e+01
4.615367231638418133e+01
4.624180790960451759e+01
4.634350282485875994e+01
4.647005649717514331e+01
4.664632768361582293e+01
4.679435028248587969e+01
4.696271186440678491e+01
4.717401129943503690e+01
4.738983050847458145e+01
4.765197740112995461e+01
4.790169491525423950e+01
4.817514124293786182e+01
4.848022598870056754e+01
4.878192090395481273e+01
4.908587570621469354e+01
4.945536723163841941e+01
4.979774011299435443e+01
5.017514124293785471e+01
5.051186440677966516e+01
5.081242937853107833e+01
5.111299435028249150e+01
5.138079096045198924e+01
5.164632768361582293e+01
5.195819209039548525e+01
5.225310734463278095e+01
5.254011299435028803e+01
5.282711864406780933e+01
5.312203389830509082e+01
5.336497175141243332e+01
5.361581920903955023e+01
5.381920903954802782e+01
5.403841807909604711e+01
5.419435028248587827e+01
5.436836158192090807e+01
5.453446327683616346e+01
5.469604519774011209e+01
5.484293785310735814e+01
5.498192090395480847e+01
5.512542372881356556e+01
5.523615819209040012e+01
5.536836158192091517e+01
5.548587570621469922e+01
5.559096045197740921e+01
5.571186440677966800e+01
5.583163841807910899e+01
5.591751412429379542e+01
5.595819209039548525e+01
5.598870056497175796e+01
5.602598870056498015e+01
5.602937853107344779e+01
5.603050847457627981e+01
5.601581920903956302e+01
5.599661016949153236e+01
5.597288135593220915e+01
5.590169491525423950e+01
5.586101694915254257e+01
5.581129943502825341e+01
5.575028248587570801e+01
5.568361581920904513e+01
5.563050847457628123e+01
5.558531073446327753e+01
5.552655367231638195e+01
5.548926553672316686e+01
5.546779661016950058e+01
5.547344632768361805e+01
5.544858757062146992e+01
5.544971751412429484e+01
5.546892655367231839e+01
5.549378531073445942e+01
5.551638418079096482e+01
5.555028248587571227e+01
5.559096045197740210e+01
5.566101694915254683e+01
5.574350282485875852e+01
5.583276836158191969e+01
5.593220338983051221e+01
5.602598870056497304e+01
5.610282485875706726e+01
5.618757062146893588e+01
5.627796610169491487e+01
5.633559322033897843e+01
5.643050847457627839e+01
5.652881355932203888e+01
5.662485875706215666e+01
5.671751412429378547e+01
5.681016949152542850e+01
5.691977401129943814e+01
5.701242937853108117e+01
5.711638418079095914e+01
5.720677966101695233e+01
5.730169491525424519e+01
5.739209039548022417e+01
5.750169491525423382e+01
5.761807909604519295e+01
5.770847457627118615e+01
5.780564971751412884e+01
5.790960451977401391e+01
5.801807909604519864e+01
5.811412429378530931e+01
5.821468926553671963e+01
5.830960451977401249e+01
5.841129943502825483e+01
5.851073446327683314e+01
5.858079096045197787e+01
5.867344632768361379e+01
5.873672316384180192e+01
5.878870056497175511e+01
5.884293785310734393e+01
5.891073446327683172e+01
5.899322033898304340e+01
5.904519774011299660e+01
5.908813559322032916e+01
5.913559322033897558e+01
5.915141242937852439e+01
5.916497175141242337e+01
5.916497175141243048e+01
5.917740112994350454e+01
5.922598870056497589e+01
5.926214689265536606e+01
5.934802259887005960e+01
5.938418079096044977e+01
5.944067796610169552e+01
5.948361581920903518e+01
5.956723163841807889e+01
5.961355932203389330e+01
5.966440677966102157e+01
5.969378531073445515e+01
5.975706214689265749e+01
5.980451977401129682e+01
5.985875706214689274e+01
5.990169491525423950e+01
5.997288135593220204e+01
6.001694915254237372e+01
6.008022598870056186e+01
6.014915254237288167e+01
6.021242937853106980e+01
6.027570621468926504e+01
6.027457627118644012e+01
6.028135593220338961e+01
6.027005649717514046e+01
6.030960451977401249e+01
6.030960451977401249e+01
6.033333333333333570e+01
6.035932203389830164e+01
6.040564971751412315e+01
6.040564971751412315e+01
6.040564971751412315e+01
6.042937853107344637e+01
6.048474576271186720e+01
6.054463276836158059e+01
6.061242937853107549e+01
6.070395480225988649e+01
6.082372881355932037e+01
6.091638418079095629e+01
6.102372881355932321e+01
6.115593220338982405e+01
6.130734463276836266e+01
6.146440677966101873e+01
6.160000000000000142e+01
6.174576271186440835e+01
6.189491525423729001e+01
6.207005649717514473e+01
6.222937853107344353e+01
6.237175141242937570e+01
6.251299435028248297e+01
6.265310734463276532e+01
6.279999999999999716e+01
6.295028248587570374e+01
6.307796610169491203e+01
6.322259887005650114e+01
6.339774011299435585e+01
6.353672316384180618e+01
6.369265536723163734e+01
6.381920903954802782e+01
6.398757062146892594e+01
6.414576271186442114e+01
6.435932203389830875e+01
6.454802259887006244e+01
6.474802259887006528e+01
6.493446327683616914e+01
6.511977401129942677e+01
6.529378531073447789e+01
6.548474576271186720e+01
6.566440677966102157e+01
6.584858757062147561e+01
6.603502824858757947e+01
6.623728813559321793e+01
6.641807909604520432e+01
6.663050847457627412e+01
6.683163841807909478e+01
6.702485875706214813e+01
6.722033898305085131e+01
6.740451977401130534e+01
6.761920903954802498e+01
6.777514124293784903e+01
6.796271186440677070e+01
6.815028248587570658e+01
6.830395480225988081e+01
6.844745762711863790e+01
6.859209039548022702e+01
6.877062146892656358e+01
6.889152542372882237e+01
6.902937853107346200e+01
6.915819209039548809e+01
6.929717514124294553e+01
6.940225988700564130e+01
6.950621468926553348e+01
6.963050847457627412e+01
6.977853107344633088e+01
6.995932203389830306e+01
7.008474576271187573e+01
7.027796610169491487e+01
7.044745762711863790e+01
7.060903954802259364e+01
7.081920903954801361e+01
7.105084745762711407e+01
7.126666666666667993e+01
7.148926553672316686e+01
7.173672316384181613e+01
7.198192090395480136e+01
7.218983050847458571e+01
7.249491525423729854e+01
7.271751412429378547e+01
7.292768361581921965e+01
7.309378531073446084e+01
7.326440677966101589e+01
7.346214689265536890e+01
7.365084745762712259e+01
7.384180790960451191e+01
7.394576271186440408e+01
7.406214689265536322e+01
7.416836158192090522e+01
7.426553672316384791e+01
7.432090395480226164e+01
7.441920903954802213e+01
7.447005649717515041e+01
7.454689265536723042e+01
7.458757062146892736e+01
7.465310734463277242e+01
7.465197740112995461e+01
7.470847457627118615e+01
7.477514124293784903e+01
7.485084745762711123e+01
7.487231638418077750e+01
7.498644067796610102e+01
7.503728813559321509e+01
7.510169491525422814e+01
7.516610169491525539e+01
7.523389830508473608e+01
7.528813559322034621e+01
7.528700564971751419e+01
7.534011299435027809e+01
7.532768361581921113e+01
7.534011299435027809e+01
7.535141242937852724e+01
7.535932203389830875e+01
7.537175141242937570e+01
7.538079096045197502e+01
7.538644067796609249e+01
7.537740112994350739e+01
7.538644067796610670e+01
7.539209039548022417e+01
7.540000000000000568e+01
7.541807909604520432e+01
7.543728813559320656e+01
7.544632768361582009e+01
7.544180790960450622e+01
7.542711864406778943e+01
7.543163841807910330e+01
7.539209039548022417e+01
7.536610169491524402e+01
7.534350282485875994e+01
7.531073446327684451e+01
7.532655367231637911e+01
7.532542372881356130e+01
7.537853107344633941e+01
7.539435028248587400e+01
7.548926553672316686e+01
7.558305084745762770e+01
7.568813559322033768e+01
7.576949152542373156e+01
7.593446327683616914e+01
7.611073446327682746e+01
7.627118644067796538e+01
7.646101694915253688e+01
7.665310734463275821e+01
7.687570621468927357e+01
7.709830508474576050e+01
7.732768361581921113e+01
7.757401129943502838e+01
7.779661016949152952e+01
7.802485875706214813e+01
7.825988700564971623e+01
7.844971751412428773e+01
7.865762711864405787e+01
7.883841807909604427e+01
7.902033898305084847e+01
7.915141242937852439e+01
7.931412429378531215e+01
7.944858757062146992e+01
7.958079096045197787e+01
7.971186440677965379e+01
7.986214689265537459e+01
7.999887005649716798e+01
8.010734463276835982e+01
8.019661016949152099e+01
8.028700564971751419e+01
8.035367231638417707e+01
8.043502824858757094e+01
8.051299435028248297e+01
8.056384180790959704e+01
8.057740112994349602e+01
8.056836158192089670e+01
8.058531073446327753e+01
8.060564971751412600e+01
8.067909604519773836e+01
8.071186440677966800e+01
8.071638418079095345e+01
8.076384180790961409e+01
8.079887005649717935e+01
8.082485875706214529e+01
8.091638418079095629e+01
8.094576271186440408e+01
8.102598870056496594e+01
8.102711864406779796e+01
8.102372881355931611e+01
8.102259887005649830e+01
8.102259887005649830e+01
8.102937853107344779e+01
8.104745762711864643e+01
8.107683615819209422e+01
8.109265536723162882e+01
8.118192090395480420e+01
8.121129943502825199e+01
8.123276836158191827e+01
8.129265536723163166e+01
8.142824858757062145e+01
8.150734463276836550e+01
8.161242937853106127e+01
8.170960451977401817e+01
8.180677966101694665e+01
8.193333333333333712e+01
8.201468926553671679e+01
8.209152542372881101e+01
8.220564971751412031e+01
8.228022598870056470e+01
8.236158192090394436e+01
8.246553672316383654e+01
8.255706214689264755e+01
8.263276836158192395e+01
8.272203389830508513e+01
8.280112994350281497e+01
8.291525423728813848e+01
8.298305084745761917e+01
8.303389830508474745e+01
8.315706214689265607e+01
8.321016949152541997e+01
8.333898305084744607e+01
8.348361581920903518e+01
8.366327683615818955e+01
8.379999999999999716e+01
8.400903954802259932e+01
8.423841807909603574e+01
8.442711864406780364e+01
8.465310734463275821e+01
8.490282485875707152e+01
8.518644067796608965e+01
8.549265536723163450e+01
8.579435028248587969e+01
8.610282485875706016e+01
8.644293785310733824e+01
8.678192090395479852e+01
8.715593220338982405e+01
8.752768361581919976e+01
8.793785310734463678e+01
8.838305084745762485e+01
8.882711864406780933e+01
8.924180790960451759e+01
8.968926553672316970e+01
9.010395480225989218e+01
9.051977401129943246e+01
9.089152542372882237e+01
9.125649717514124859e+01
9.161129943502825768e+01
9.202598870056496594e+01
9.242372881355932179e+01
9.277514124293784903e+01
9.309491525423729286e+01
9.346440677966103294e+01
9.387005649717514189e+01
9.424180790960451759e+01
9.457966101694916006e+01
9.487457627118644155e+01
9.510847457627119184e+01
9.530960451977401249e+01
9.545875706214690126e+01
9.551412429378531499e+01
9.557966101694914585e+01
9.558192090395479568e+01
9.549830508474576618e+01
9.545649717514123722e+01
9.537627118644067536e+01
9.534350282485877415e+01
9.533333333333334281e+01
9.536045197740112656e+01
9.537401129943503975e+01
9.536949152542372588e+01
9.540000000000000568e+01
9.543841807909605279e+01
9.546214689265536890e+01
9.548700564971750282e+01
9.552429378531073212e+01
9.557175141242937855e+01
9.559322033898305904e+01
9.559548022598869466e+01
9.559999999999999432e+01
9.555932203389829738e+01
9.556158192090396142e+01
9.552316384180791431e+01
9.555480225988701193e+01
9.559096045197740921e+01
9.564632768361582293e+01
9.570734463276835413e+01
9.581920903954801361e+01
9.592881355932203746e+01
9.605988700564972760e+01
9.611864406779660897e+01
9.624406779661016742e+01
9.632203389830507945e+01
9.641920903954802213e+01
9.649378531073446652e+01
9.661920903954802498e+01
9.672316384180791715e+01
9.683502824858757663e+01
9.695028248587570374e+01
9.710056497175142454e+01
9.726101694915254825e+01
9.740000000000000568e+01
9.753333333333333144e+01
9.772542372881356698e+01
9.789152542372883659e+01
9.802259887005649830e+01
9.818757062146892167e+01
9.834915254237287741e+01
9.853333333333334565e+01
9.871638418079096766e+01
9.894802259887006812e+01
9.918079096045198639e+01
9.951412429378530078e+01
9.979887005649719356e+01
1.001627118644067878e+02
1.004666666666666828e+02
1.007864406779661124e+02
1.011016949152542566e+02
1.014112994350282690e+02
1.016903954802259875e+02
1.020293785310734620e+02
1.023265536723163933e+02
1.026745762711864387e+02
1.029627118644067707e+02
1.032531073446327810e+02
1.035028248587570658e+02
1.036903954802259875e+02
1.038372881355932122e+02
1.039570621468926674e+02
1.040485875706214784e+02
1.040870056497175113e+02
1.041005649717514245e+02
1.041491525423728888e+02
1.042293785310734506e+02
1.043966101694915380e+02
1.045841807909604597e+02
1.048485875706214756e+02
1.050915254237288252e+02
1.054610169491525511e+02
1.058497175141243076e+02
1.063401129943502781e+02
1.067887005649717622e+02
1.073706214689265721e+02
1.080463276836158286e+02
1.088011299435028292e+02
1.096485875706214870e+02
1.106474576271186550e+02
1.115943502824858768e+02
1.124858757062146992e+02
1.134271186440678036e+02
1.142384180790960500e+02
1.152847457627118786e+02
1.163435028248587741e+02
1.174926553672316345e+02
1.184666666666666686e+02
1.193864406779661067e+02
1.202406779661016998e+02
1.210745762711864444e+02
1.219005649717514217e+02
1.227661016949152497e+02
1.234576271186440835e+02
1.241141242937853235e+02
1.247954802259887117e+02
1.254983050847457662e+02
1.261581920903954881e+02
1.267118644067796680e+02
1.271649717514124234e+02
1.275683615819209109e+02
1.279231638418079058e+02
1.282293785310734506e+02
1.284960451977401021e+02
1.288146892655367424e+02
1.291423728813559251e+02
1.293615819209039444e+02
1.295807909604519637e+02
1.297186440677966175e+02
1.298045197740112826e+02
1.297807909604519807e+02
1.297966101694915437e+02
1.298666666666666742e+02
1.298723163841808059e+02
1.298790960451977412e+02
1.298994350282485755e+02
1.299514124293785358e+02
1.300203389830508343e+02
1.301254237288135585e+02
1.302248587570621225e+02
1.303830508474576391e+02
1.305875706214689274e+02
1.307355932203389841e+02
1.309152542372881385e+02
1.310666666666666629e+02
1.312553672316383881e+02
1.314723163841807718e+02
1.317231638418079172e+02
1.319491525423728717e+02
1.322180790960451873e+02
1.324531073446327696e+02
1.326553672316384223e+02
1.328689265536723099e+02
1.331028248587570602e+02
1.333288135593220147e+02
1.336079096045197616e+02
1.339276836158192054e+02
1.342576271186440522e+02
1.346192090395480250e+02
1.349615819209039387e+02
1.353412429378531101e+02
1.357887005649717480e+02
1.362361581920903859e+02
1.367197740112994211e+02
1.371841807909604256e+02
1.376836158192090238e+02
1.382225988700564869e+02
1.387774011299434846e+02
1.393186440677965834e+02
1.397909604519774120e+02
1.402564971751412486e+02
1.407457627118644155e+02
1.412090395480225880e+02
1.417220338983050851e+02
1.422316384180791147e+02
1.426757062146892849e+02
1.430870056497175256e+02
1.434711864406779682e+02
1.438847457627118729e+02
1.442790960451977185e+02
1.446293785310734279e+02
1.449728813559322020e+02
1.453367231638418104e+02
1.456723163841807605e+02
1.460338983050847332e+02
1.463152542372881157e+02
1.465999999999999943e+02
1.468768361581920772e+02
1.471581920903954597e+02
1.474350282485875709e+02
1.477593220338983144e+02
1.481197740112994552e+02
1.484237288135593360e+02
1.487435028248587514e+02
1.489819209039548014e+02
1.491514124293785244e+02
1.493785310734463110e+02
1.495299435028248638e+02
1.496338983050847560e+02
1.496881355932203519e+02
1.497220338983050851e+02
1.497152542372881214e+02
1.496745762711864245e+02
1.496237288135593246e+02
1.496169491525423609e+02
1.496497175141242906e+02
1.497322033898305165e+02
1.498824858757062088e+02
1.500259887005649659e+02
1.502327683615819183e+02
1.503966101694915096e+02
1.506926553672316231e+02
1.509909604519774007e+02
1.512937853107344495e+02
1.516508474576270942e+02
1.519310734463276731e+02
1.520949152542372929e+02
1.522564971751412486e+02
1.524033898305084733e+02
1.525536723163841657e+02
1.527163841807909535e+02
1.528824858757062088e+02
1.529559322033898070e+02
1.530564971751412600e+02
1.530203389830508627e+02
1.529762711864406697e+02
1.528734463276836095e+02
1.527559322033898184e+02
1.527604519774011465e+02
1.528079096045198071e+02
1.529389830508474688e+02
1.530915254237288252e+02
1.532813559322033825e+02
1.535197740112994325e+02
1.538180790960452100e+02
1.541276836158192225e+02
1.544768361581920999e+02
1.548327683615819126e+02
1.551299435028248581e+02
1.555107344632768331e+02
1.558700564971751419e+02
1.562621468926553803e+02
1.566689265536723212e+02
1.571288135593220545e+02
1.575559322033898297e+02
1.579887005649717366e+02
1.583920903954802384e+02
1.588203389830508740e+02
1.592485875706214529e+02
1.596271186440678207e+02
1.600519774011299319e+02
1.604655367231638365e+02
1.608553672316384109e+02
1.612655367231638479e+02
1.616497175141242906e+02
1.620395480225988649e+02
1.624553672316384336e+02
1.628644067796610102e+02
1.632372881355932179e+02
1.635864406779660953e+02
1.639853107344632690e+02
1.643242937853107435e+02
1.646757062146892565e+02
1.649231638418079342e+02
1.651898305084745857e+02
1.654135593220339047e+02
1.655762711864406924e+02
1.657310734463276845e+02
1.659107344632768672e+02
1.660723163841807946e+02
1.662429378531073496e+02
1.663920903954802384e+02
1.665604519774011578e+02
1.666847457627118843e+02
1.667943502824858797e+02
1.668971751412429398e+02
1.670056497175141317e+02
1.671401129943502895e+02
1.672632768361581839e+02
1.673649717514124404e+02
1.674926553672316345e+02
1.676327683615819240e+02
1.677548022598870148e+02
1.679084745762712032e+02
1.680305084745762656e+02
1.682033898305084847e+02
1.683751412429378433e+02
1.685581920903954938e+02
1.687694915254237458e+02
1.689751412429378661e+02
1.691661016949152554e+02
1.692903954802259818e+02
1.694666666666666401e+02
1.695841807909604313e+02
1.696892655367231555e+02
1.697672316384180817e+02
1.699073446327683428e+02
1.700045197740112997e+02
1.701005649717513961e+02
1.701649717514124518e+02
1.702485875706214529e+02
1.703412429378531101e+02
1.703988700564971737e+02
1.705005649717514018e+02
1.705672316384180931e+02
1.706282485875706243e+02
1.706711864406779569e+02
1.707084745762712146e+02
1.707389830508474802e+02
1.707412429378530874e+02
1.707333333333333485e+02
1.707141242937853178e+02
1.706564971751412827e+02
1.706011299435028263e+02
1.705717514124293643e+02
1.706090395480225936e+02
1.707186440677966175e+02
1.708293785310734449e+02
1.709887005649717651e+02
1.711536723163841884e+02
1.714451977401129739e+02
1.716915254237288195e+02
1.719389830508474688e+02
1.721638418079095914e+02
1.723491525423728774e+02
1.725751412429378320e+02
1.727853107344632804e+02
1.730259887005649659e+02
1.732180790960451873e+02
1.734440677966101418e+02
1.736745762711864245e+02
1.738463276836158116e+02
1.740293785310734052e+02
1.741887005649717253e+02
1.742937853107344495e+02
1.744090395480225766e+02
1.744519774011299091e+02
1.745163841807909364e+02
1.745096045197740011e+02
1.744542372881355732e+02
1.743977401129943416e+02
1.743276836158191827e+02
1.742847457627118501e+02
1.741830508474576220e+02
1.740711864406779341e+02
1.739491525423728717e+02
1.737954802259886833e+02
1.736429378531072985e+02
1.735028248587570374e+02
1.732949152542373099e+02
1.731231638418078944e+02
1.729084745762711748e+02
1.727084745762711577e+02
1.725050847457627015e+02
1.723446327683615777e+02
1.721638418079095914e+02
1.720045197740112712e+02
1.717977401129943473e+02
1.716531073446327582e+02
1.715005649717514018e+02
1.714011299435027809e+02
1.712802259887005505e+02
1.711887005649717253e+02
1.711717514124293587e+02
1.710915254237287968e+02
1.710531073446327639e+02
1.710384180790960613e+02
1.710000000000000000e+02
1.710146892655367026e+02
1.710870056497175256e+02
1.711016949152542281e+02
1.711774011299434619e+02
1.712836158192090181e+02
1.713570621468926447e+02
1.715152542372881044e+02
1.717209039548022531e+02
1.719254237288135414e+02
1.720576271186440636e+02
1.722542372881355845e+02
1.723796610169491430e+02
1.725220338983050681e+02
1.726361581920903916e+02
1.727333333333332916e+02
1.728033898305084506e+02
1.728214689265536776e+02
1.728395480225988763e+02
1.728316384180790806e+02
1.728802259887005448e+02
1.729288135593220090e+02
1.729740112994350341e+02
1.730101694915254029e+02
1.730870056497175256e+02
1.731593220338983201e+02
1.732418079096045176e+02
1.733457627118643813e+02
1.734011299435028377e+02
1.735096045197740295e+02
1.736079096045197616e+02
1.737615819209039500e+02
1.739242937853107378e+02
1.740316384180790976e+02
1.741446327683615891e+02
1.742723163841807832e+02
1.743751412429378433e+02
1.745163841807909648e+02
1.746519774011299546e+02
1.748011299435028150e+02
1.749796610169491657e+02
1.751728813559322191e+02
1.753525423728813735e+02
1.754983050847457662e+02
1.757231638418078887e+02
1.759039548022598751e+02
1.761186440677966232e+02
1.762610169491525482e+02
1.763932203389830420e+02
1.765446327683615948e+02
1.766531073446327866e+02
1.767378531073446197e+02
1.768259887005649773e+02
1.768779661016949092e+02
1.769593220338983315e+02
1.769717514124293984e+02
1.769977401129943360e+02
1.770248587570621339e+02
1.770327683615819296e+02
1.770429378531073326e+02
1.770960451977401249e+02
1.771740112994350511e+02
1.772768361581921113e+02
1.774259887005649716e+02
1.776542372881356187e+02
1.778598870056497390e+02
1.781118644067796595e+02
1.783819209039548070e+02
1.786892655367231839e+02
1.789853107344632974e+02
1.792395480225988535e+02
1.795050847457627015e+02
1.797288135593220204e+02
1.799186440677966061e+02
1.801322033898305222e+02
1.802745762711864472e+02
1.803887005649717707e+02
1.804429378531073667e+02
1.805423728813559592e+02
1.805502824858756981e+02
1.805299435028248922e+02
1.805050847457627015e+02
1.804937853107344665e+02
1.804903954802259705e+02
1.804259887005649716e+02
1.804271186440677752e+02
1.804022598870056413e+02
1.803593220338983087e+02
1.802926553672316459e+02
1.802926553672316459e+02
1.802237288135593190e+02
1.801661016949152554e+02
1.801118644067796595e+02
1.800418079096045290e+02
1.799706214689265948e+02
1.799276836158192339e+02
1.798689265536723383e+02
1.798384180790960727e+02
1.797909604519774120e+02
1.797491525423729399e+02
1.797209039548022815e+02
1.797016949152542793e+02
1.796440677966102157e+02
1.795796610169491885e+02
1.795231638418079569e+02
1.794870056497175597e+02
1.794237288135593644e+02
1.793740112994350682e+02
1.793514124293785699e+02
1.793333333333333712e+02
1.793039548022599092e+02
1.793412429378531385e+02
1.794350282485875994e+02
1.795559322033898582e+02
1.796802259887006130e+02
1.798564971751412713e+02
1.800395480225988933e+02
1.801909604519774462e+02
1.803175141242938366e+02
1.804677966101695290e+02
1.806406779661017481e+02
1.807661016949152781e+02
1.808497175141243360e+02
1.809638418079096027e+02
1.810418079096045290e+02
1.811288135593220545e+02
1.811898305084746141e+02
1.811954802259887174e+02
1.812451977401130137e+02
1.812553672316384450e+02
1.812282485875706470e+02
1.811310734463277186e+02
1.810610169491525596e+02
1.809717514124293984e+02
1.809785310734463337e+02
1.809559322033898638e+02
1.809401129943503292e+02
1.808813559322034337e+02
1.808316384180791090e+02
1.807310734463277129e+02
1.805751412429378888e+02
1.804090395480226334e+02
1.801966101694915494e+02
1.800079096045197957e+02
1.797480225988700795e+02
1.795276836158192566e+02
1.793118644067797050e+02
1.790949152542373213e+02
1.788858757062147333e+02
1.786983050847458117e+02
1.784508474576271624e+02
1.782881355932203746e+02
1.781197740112994552e+02
1.780248587570621623e+02
1.779548022598870318e+02
1.779175141242938025e+02
1.779491525423729286e+02
1.780485875706215211e+02
1.781333333333333826e+02
1.783062146892655733e+02
1.784790960451977639e+02
1.786971751412429512e+02
1.789604519774011635e+02
1.792384180790960500e+02
1.795525423728813905e+02
1.798451977401130080e+02
1.802225988700565154e+02
1.806655367231638820e+02
1.810903954802259932e+02
1.815039548022599263e+02
1.819457627118644609e+02
1.823887005649717707e+02
1.829050847457627356e+02
1.834474576271186663e+02
1.839593220338983315e+02
1.844790960451977639e+02
1.850158192090395630e+02
1.855830508474576277e+02
1.860824858757062259e+02
1.865932203389830875e+02
1.870870056497175540e+02
1.875740112994350568e+02
1.880338983050847901e+02
1.884903954802260273e+02
1.889389830508474688e+02
1.894067796610169694e+02
1.898542372881356073e+02
1.903954802259887060e+02
1.909514124293785642e+02
1.915333333333333599e+02
1.921378531073446538e+02
1.927231638418079456e+02
1.933050847457627412e+02
1.938960451977401362e+02
1.945141242937853292e+02
1.950259887005649944e+02
1.954937853107344949e+02
1.958937853107344722e+02
1.961762711864407152e+02
1.963909604519774348e+02
1.965491525423728945e+02
1.965570621468926902e+02
1.965762711864406924e+02
1.965276836158192282e+02
1.965050847457627583e+02
1.965401129943502951e+02
1.966146892655367537e+02
1.966926553672316516e+02
1.968259887005650057e+02
1.970101694915254598e+02
1.971830508474576789e+02
1.974225988700565324e+02
1.976881355932203519e+02
1.979728813559322589e+02
1.982237288135593190e+02
1.985322033898305278e+02
1.988056497175141430e+02
1.991152542372881840e+02
1.993966101694915380e+02
1.996949152542372872e+02
1.999728813559322020e+02
2.002451977401130137e+02
2.005774011299434960e+02
2.009129943502825029e+02
2.013096045197740409e+02
2.017446327683616119e+02
2.021977401129943814e+02
2.027096045197740466e+02
2.032564971751412770e+02
2.038474576271186720e+02
2.044655367231638934e+02
2.050361581920904257e+02
2.056700564971751533e+02
2.062994350282486096e+02
2.069254237288135698e+02
2.075016949152542338e+02
2.080824858757062543e+02
2.086553672316384507e+02
2.092225988700565154e+02
2.097898305084746085e+02
2.103807909604520034e+02
2.109254237288135982e+02
2.114757062146892963e+02
2.120033898305085245e+02
2.125197740112994893e+02
2.130316384180791260e+02
2.134644067796610614e+02
2.139107344632768672e+02
2.143502824858757378e+02
2.147706214689265778e+02
2.151717514124294155e+02
2.155751412429378888e+02
2.159073446327683996e+02
2.162870056497175426e+02
2.167163841807910103e+02
2.172079096045197844e+02
2.176960451977401476e+02
2.182610169491525767e+02
2.187988700564972078e+02
2.194101694915254370e+02
2.200180790960451986e+02
2.206519774011299546e+02
2.212101694915254484e+02
2.217468926553672190e+02
2.222056497175141203e+02
2.225412429378531272e+02
2.227446327683615834e+02
2.229841807909604654e+02
2.230734463276836266e+02
2.231242937853107833e+02
2.230610169491525880e+02
2.230451977401129966e+02
2.232000000000000171e+02
2.234203389830508684e+02
2.238553672316384393e+02
2.241502824858757208e+02
2.246655367231638536e+02
2.253265536723163791e+02
2.262418079096045176e+02
2.268531073446327468e+02
2.279819209039548014e+02
2.283887005649717707e+02
2.292994350282486380e+02
2.300802259887005903e+02
2.310033898305084961e+02
2.319107344632768672e+02
2.330519774011299603e+02
2.342101694915254484e+02
2.354474576271186947e+02
2.368011299435028718e+02
2.382192090395480477e+02
2.395615819209039898e+02
2.410372881355932577e+02
2.424259887005650000e+02
2.439864406779661294e+02
2.454836158192090636e+02
2.469536723163841998e+02
2.483152542372881442e+02
2.497333333333333485e+02
2.510802259887005903e+02
2.524338983050847673e+02
2.535887005649717878e+02
2.548915254237288366e+02
2.560135593220339274e+02
2.569548022598870602e+02
2.578474576271186720e+02
2.584790960451977639e+02
2.592451977401130421e+02
2.604282485875706925e+02
2.619706214689266517e+02
2.637570621468927357e+02
2.655683615819209535e+02
2.673966101694915665e+02
2.692598870056497731e+02
2.711141242937853804e+02
2.730169491525423950e+02
2.748406779661016799e+02
2.766553672316384791e+02
2.784937853107345518e+02
2.802519774011299774e+02
2.819807909604519978e+02
2.836768361581921454e+02
2.853796610169492283e+02
2.869491525423729854e+02
2.884316384180791601e+02
2.898564971751413282e+02
2.912022598870057095e+02
2.924700564971751646e+02
2.936203389830508854e+02
2.948045197740113395e+02
2.957988700564972078e+02
2.966666666666667425e+02
2.973988700564972305e+02
2.980259887005650512e+02
2.988180790960452669e+02
2.996915254237288764e+02
3.007536723163842112e+02
3.019446327683616573e+02
3.032259887005650398e+02
3.045627118644068219e+02
3.058271186440678093e+02
3.072858757062147106e+02
3.087344632768362658e+02
3.101672316384181158e+02
3.115175141242938253e+02
3.127355932203390125e+02
3.142146892655367765e+02
3.155446327683616232e+02
3.164847457627118956e+02
3.172282485875706470e+02
3.179175141242938594e+02
3.186169491525423609e+02
3.192949152542373099e+02
3.198293785310735302e+02
3.204666666666666970e+02
3.209819209039548582e+02
3.213977401129943701e+02
3.218214689265537345e+02
3.221977401129943814e+02
3.224858757062147561e+02
3.228474576271186720e+02
3.231717514124294439e+02
3.237084745762712146e+02
3.244192090395480363e+02
3.253186440677966402e+02
3.263028248587570488e+02
3.273220338983051079e+02
3.285050847457627583e+02
3.297581920903954824e+02
3.308949152542372758e+02
3.321909604519774462e+02
3.335107344632768900e+02
3.348485875706215324e+02
3.362271186440679003e+02
3.376180790960452214e+02
3.389536723163841998e+02
3.400983050847457889e+02
3.411310734463277186e+02
3.421525423728813848e+02
3.430881355932203860e+02
3.440237288135593303e+02
3.449446327683616573e+02
3.458293785310734734e+02
3.467062146892656074e+02
3.475265536723164814e+02
3.482734463276837005e+02
3.489875706214689899e+02
3.496847457627118843e+02
3.503807909604520319e+02
3.511401129943503747e+02
3.519344632768362544e+02
3.527163841807910103e+02
3.536497175141243474e+02
3.545649717514124859e+02
3.555129943502824972e+02
3.564576271186441545e+02
3.574090395480226334e+02
3.583401129943503065e+02
3.592101694915254484e+02
3.600598870056497844e+02
3.610225988700565267e+02
3.618576271186441318e+02
3.626214689265536890e+02
3.632372881355932464e+02
3.638915254237288082e+02
3.644474576271186379e+02
3.648395480225989331e+02
3.653129943502825085e+02
3.656790960451977526e+02
3.662124293785311124e+02
3.665096045197740864e+02
3.667525423728814076e+02
3.669785310734464474e+02
3.672858757062147106e+02
3.673163841807910330e+02
3.672384180790961636e+02
3.671412429378531215e+02
3.670282485875707152e+02
3.669649717514124632e+02
3.667548022598870148e+02
3.666112994350282861e+02
3.664237288135593644e+02
3.663197740112995007e+02
3.661525423728813848e+02
3.659864406779661294e+02
3.658169491525424064e+02
3.656903954802260159e+02
3.654937853107345518e+02
3.653819209039548355e+02
3.652124293785311124e+02
3.651005649717514530e+02
3.649830508474576618e+02
3.648497175141243360e+02
3.647864406779661408e+02
3.647446327683616119e+02
3.646180790960452214e+02
3.645344632768361635e+02
3.644169491525424291e+02
3.643039548022599092e+02
3.642079096045198412e+02
3.641220338983051192e+02
3.640994350282486494e+02
3.643016949152542452e+02
3.645107344632768900e+02
3.647887005649718049e+02
3.650474576271186606e+02
3.653559322033898979e+02
3.656011299435028832e+02
3.658361581920904655e+02
3.660259887005649944e+02
3.662271186440677866e+02
3.664474576271186379e+02
3.666994350282486721e+02
3.669265536723164018e+02
3.671796610169491260e+02
3.674677966101695574e+02
3.676576271186440863e+02
3.679423728813559933e+02
3.681231638418079228e+02
3.684112994350283543e+02
3.686542372881356187e+02
3.689389830508475256e+02
3.692451977401130421e+02
3.695322033898305563e+02
3.698271186440678093e+02
3.701548022598870489e+02
3.705062146892655619e+02
3.707559322033898752e+02
3.711129943502825199e+02
3.716101694915254825e+02
3.720553672316384564e+02
3.724937853107344381e+02
3.730090395480226562e+02
3.735152542372881612e+02
3.739796610169491942e+02
3.743299435028249036e+02
3.746045197740113508e+02
3.749943502824859252e+02
3.753378531073446993e+02
3.755299435028248922e+02
3.757378531073446197e+02
3.760395480225988649e+02
3.764508474576271624e+02
3.769152542372881953e+02
3.774406779661017026e+02
3.779333333333333940e+02
3.784508474576271055e+02
3.789322033898305335e+02
3.794045197740113053e+02
3.799265536723164587e+02
3.804180790960451759e+02
3.809988700564971396e+02
3.814711864406779682e+02
3.819898305084745971e+02
3.824700564971751646e+02
3.830519774011299887e+02
3.835299435028249491e+02
3.840350282485875937e+02
3.845762711864407493e+02
3.850610169491525880e+02
3.854926553672316913e+02
3.859220338983051306e+02
3.862293785310735075e+02
3.865254237288136210e+02
3.868022598870056754e+02
3.869536723163841998e+02
3.870485875706215211e+02
3.870497175141243815e+02
3.871322033898305790e+02
3.872293785310735075e+02
3.873412429378531669e+02
3.874576271186440977e+02
3.875593220338982974e+02
3.875864406779661522e+02
3.876350282485875596e+02
3.876056497175141544e+02
3.876553672316384791e+02
3.877378531073446766e+02
3.878259887005649489e+02
3.878598870056497390e+02
3.879265536723164018e+02
3.879875706214689899e+02
3.880903954802259932e+02
3.881785310734463792e+02
3.881887005649717821e+02
3.882451977401130421e+02
3.882418079096045744e+02
3.883536723163842339e+02
3.884418079096045631e+02
3.885570621468926902e+02
3.886485875706214301e+02
3.888892655367232010e+02
3.891378531073446538e+02
3.893005649717514416e+02
3.895570621468926902e+02
3.898158192090395460e+02
3.901604519774011806e+02
3.904700564971751646e+02
3.907819209039548127e+02
3.910836158192090579e+02
3.914858757062146992e+02
3.917039548022598865e+02
3.918350282485875482e+02
3.920180790960451986e+02
3.922610169491525198e+02
3.924327683615819069e+02
3.925254237288135073e+02
3.926451977401130193e+02
3.929163841807909421e+02
3.933062146892655164e+02
3.937830508474576163e+02
3.942576271186441090e+02
3.946881355932204087e+02
3.951661016949152554e+02
3.955672316384180931e+02
3.959412429378530760e+02
3.963401129943503065e+02
3.966836158192089670e+02
3.969661016949152668e+02
3.972542372881355277e+02
3.975073446327683087e+02
3.978372881355932122e+02
3.980305084745763224e+02
3.983005649717514416e+02
3.986451977401130193e+02
3.989559322033898638e+02
3.992248587570621794e+02
3.995502824858756981e+02
3.997683615819208853e+02
3.999581920903954710e+02
4.001209039548022020e+02
4.003016949152542452e+02
4.004677966101694437e+02
4.005073446327683655e+02
4.005694915254237003e+02
4.006576271186440863e+02
4.008655367231638138e+02
4.010915254237287968e+02
4.013062146892655164e+02
4.014451977401129739e+02
4.015774011299434960e+02
4.016112994350282293e+02
4.016338983050847560e+02
4.015604519774010441e+02
4.014836158192090352e+02
4.013186440677965834e+02
4.011785310734463224e+02
4.009717514124293984e+02
4.007864406779660840e+02
4.005299435028248354e+02
4.003254237288135755e+02
4.000892655367231328e+02
3.998576271186440749e+02
3.996248587570621567e+02
3.994723163841807718e+02
3.993242937853107151e+02
3.990926553672316004e+02
3.990237288135592735e+02
3.990180790960451986e+02
3.990124293785311238e+02
3.989581920903954710e+02
3.989774011299434733e+02
3.990757062146892622e+02
3.992474576271186493e+02
3.993999999999999773e+02
3.994836158192090352e+02
3.996677966101694892e+02
3.997209039548022815e+02
3.997276836158192168e+02
3.995966101694914983e+02
3.995175141242937684e+02
3.992542372881355277e+02
3.989649717514124063e+02
3.984564971751411804e+02
3.978881355932202837e+02
3.972836158192089897e+02
3.966158192090395005e+02
3.958271186440678093e+02
3.950847457627118047e+02
3.944316384180791033e+02
3.937468926553672190e+02
3.932169491525423268e+02
3.924915254237288309e+02
3.916937853107344836e+02
3.908542372881355504e+02
3.901774011299435188e+02
3.895310734463276958e+02
3.889593220338982746e+02
3.882994350282485811e+02
3.877220338983050851e+02
3.871954802259886605e+02
3.868259887005649489e+02
3.864915254237288309e+02
3.862135593220338023e+02
3.858598870056496821e+02
3.854847457627118388e+02
3.851683615819208626e+02
3.850112994350282634e+02
3.848180790960451532e+02
3.845717514124293643e+02
3.842971751412428603e+02
3.840474576271186606e+02
3.838011299435028150e+02
3.835480225988700340e+02
3.834497175141243019e+02
3.833412429378530533e+02
3.833288135593220431e+02
3.833344632768361180e+02
3.834463276836157775e+02
3.835548022598869693e+02
3.835412429378530987e+02
3.835468926553672304e+02
3.835096045197740295e+02
3.834903954802259705e+02
3.833966101694915096e+02
3.834655367231638365e+02
3.835163841807909648e+02
3.834327683615819069e+02
3.832960451977401135e+02
3.831276836158192509e+02
3.830564971751412600e+02
3.829627118644067991e+02
3.828079096045197502e+02
3.826372881355932236e+02
3.824644067796610329e+02
3.822892655367231782e+02
3.821209039548023156e+02
3.818497175141243360e+02
3.815864406779661522e+02
3.814689265536724179e+02
3.813762711864407038e+02
3.813152542372881157e+02
3.813186440677966402e+02
3.813412429378531669e+02
3.812146892655367765e+02
3.810406779661017254e+02
3.809355932203389443e+02
3.808079096045197502e+02
3.806350282485875596e+02
3.803197740112994438e+02
3.800655367231638593e+02
3.797276836158192737e+02
3.793548022598870375e+02
3.789807909604520546e+02
3.786790960451977526e+02
3.783525423728814303e+02
3.781107344632768559e+02
3.780203389830509195e+02
3.779446327683615436e+02
3.777683615819208853e+02
3.776564971751412259e+02
3.774395480225988422e+02
3.772824858757062430e+02
3.771966101694915210e+02
3.770531073446328492e+02
3.769242937853107378e+02
3.768338983050847446e+02
3.767887005649717480e+02
3.768282485875706129e+02
3.768689265536723383e+02
3.769129943502824744e+02
3.769141242937853349e+02
3.768282485875706698e+02
3.768112994350282747e+02
3.768406779661016799e+02
3.768214689265536776e+02
3.767559322033898752e+02
3.767288135593220204e+02
3.766169491525423609e+02
3.764011299435028377e+02
3.762666666666667084e+02
3.761457627118644496e+02
3.761649717514125086e+02
3.762011299435028491e+02
3.762576271186441090e+02
3.763864406779661067e+02
3.765084745762712259e+02
3.766553672316384791e+02
3.768361581920904655e+02
3.770723163841807946e+02
3.773830508474576391e+02
3.776214689265536890e+02
3.778271186440678093e+02
3.780022598870056072e+02
3.781864406779661749e+02
3.782689265536723155e+02
3.783649717514124404e+02
3.784350282485875709e+02
3.784338983050847673e+02
3.782723163841807832e+02
3.780870056497175256e+02
3.779559322033898638e+02
3.776666666666666856e+02
3.773254237288135755e+02
3.770790960451977867e+02
3.768519774011300001e+02
3.766180790960452214e+02
3.764621468926554257e+02
3.762112994350283088e+02
3.759491525423729286e+02
3.757694915254237458e+02
3.756045197740113508e+02
3.756135593220338933e+02
3.756203389830508286e+02
3.758033898305084790e+02
3.761333333333333258e+02
3.763672316384181045e+02
3.763887005649718276e+02
3.762011299435029059e+02
3.761197740112994552e+02
3.759344632768361976e+02
3.756000000000000227e+02
3.752033898305085131e+02
3.747977401129943473e+02
3.743604519774011692e+02
3.739389830508474688e+02
3.736056497175140976e+02
3.732790960451977753e+02
3.728158192090395460e+02
3.723796610169491714e+02
3.718497175141243360e+02
3.713073446327683769e+02
3.708610169491525426e+02
3.704395480225988990e+02
3.699254237288135982e+02
3.694225988700565040e+02
3.689559322033898070e+02
3.686644067796610784e+02
3.683412429378531669e+02
3.680632768361582521e+02
3.678847457627119297e+02
3.676576271186440863e+02
3.673977401129943701e+02
3.671152542372881840e+02
3.669344632768361976e+02
3.668903954802260614e+02
3.667446327683616119e+02
3.667005649717514189e+02
3.667050847457627469e+02
3.667706214689266062e+02
3.668723163841808628e+02
3.670598870056497844e+02
3.672881355932203746e+02
3.675197740112994325e+02
3.677502824858756867e+02
3.680293785310734620e+02
3.683062146892655164e+02
3.686135593220338933e+02
3.688949152542373326e+02
3.692790960451977753e+02
3.696214689265538027e+02
3.699050847457627924e+02
3.701265536723164473e+02
3.704090395480226334e+02
3.707525423728814076e+02
3.711050847457627242e+02
3.714146892655367651e+02
3.717638418079096709e+02
3.720079096045197957e+02
3.721751412429379116e+02
3.722406779661017140e+02
3.724350282485876278e+02
3.726790960451977526e+02
3.727819209039548127e+02
3.729491525423728717e+02
3.731367231638417934e+02
3.733265536723163791e+02
3.735333333333333599e+02
3.737118644067796822e+02
3.739683615819208740e+02
3.741231638418079228e+02
3.743107344632768445e+02
3.744994350282486266e+02
3.747615819209039500e+02
3.748892655367232010e+02
3.750248587570621339e+02
3.752305084745762542e+02
3.754587570621469013e+02
3.755209039548022929e+02
3.755559322033898297e+02
3.756519774011300115e+02
3.758112994350283316e+02
3.759988700564972532e+02
3.761966101694915778e+02
3.763480225988701022e+02
3.765197740112994893e+02
3.765638418079096255e+02
3.765683615819209535e+02
3.766451977401129625e+02
3.766847457627118843e+02
3.767310734463276845e+02
3.768112994350282747e+02
3.769186440677966630e+02
3.770463276836159139e+02
3.770689265536723838e+02
3.770937853107344608e+02
3.770180790960452555e+02
3.768610169491525994e+02
3.765435028248588196e+02
3.762316384180791715e+02
3.759627118644068560e+02
3.757039548022599433e+02
3.755152542372882181e+02
3.753502824858757094e+02
3.751593220338983770e+02
3.749186440677966630e+02
3.749288135593220659e+02
3.749966101694915324e+02
3.750497175141242678e+02
3.752847457627118501e+02
3.754463276836158911e+02
3.755853107344632917e+02
3.758564971751412145e+02
3.759209039548022702e+02
3.760666666666667197e+02
3.763039548022599092e+02
3.764598870056497617e+02
3.768508474576271396e+02
3.773084745762712373e+02
3.778689265536723951e+02
3.781774011299435188e+02
3.785807909604519637e+02
3.793887005649717707e+02
3.800994350282486494e+02
3.806734463276836777e+02
3.817141242937853463e+02
3.834192090395480932e+02
3.856858757062147447e+02
3.885220338983051533e+02
3.946553672316384791e+02
4.032135593220339160e+02
4.144361581920904882e+02
4.326587570621469467e+02
4.555288135593220886e+02
4.779254237288135982e+02
5.033774011299435642e+02
5.349141242937853349e+02
5.685186440677966857e+02
6.020079096045199094e+02
6.355807909604520773e+02
6.690610169491526449e+02
7.025322033898305563e+02
7.360135593220339842e+02
7.694802259887005675e+02
8.029062146892656529e+02
8.363841807909604995e+02
8.697841807909605905e+02
9.031661016949153691e+02
9.365355932203390239e+02
9.698870056497175938e+02
1.003183050847457707e+03
1.036541242937853212e+03
1.069232768361581975e+03
1.101005649717514189e+03
1.131571751412429421e+03
1.160819209039548241e+03
1.189214689265536890e+03
1.216483615819209263e+03
1.242166101694915596e+03
1.266818079096045267e+03
1.290289265536723406e+03
1.312320903954802361e+03
1.332589830508474734e+03
1.351487005649717503e+03
1.369341242937853167e+03
1.385715254237288264e+03
1.400463276836158229e+03
1.414202259887005766e+03
1.426650847457627151e+03
1.437865536723164041e+03
1.447757062146892849e+03
1.456576271186440863e+03
1.464510734463277004e+03
1.471390960451977662e+03
1.477138983050847628e+03
1.482319774011299614e+03
1.487154802259887219e+03
1.491035028248587651e+03
1.494326553672316550e+03
1.496829378531073644e+03
1.498924293785310965e+03
1.500555932203390057e+03
1.501716384180791010e+03
1.503085875706214665e+03
1.504258757062146969e+03
1.504910734463276867e+03
1.505388700564971714e+03
1.505959322033898388e+03
1.506625988700564903e+03
1.507446327683615891e+03
1.507472316384180886e+03
1.507671186440677957e+03
1.508802259887005675e+03
1.508761581920904064e+03
1.509270056497175119e+03
1.509148022598870284e+03
1.511992090395480318e+03
1.516111864406779887e+03
1.522044067796610307e+03
1.534153672316384473e+03
1.550978531073446447e+03
1.568666666666666515e+03
1.587891525423729036e+03
1.612583050847457798e+03
1.641546892655367401e+03
1.671836158192090352e+03
1.702768361581920999e+03
1.733985310734463383e+03
1.764919774011299523e+03
1.796207909604519728e+03
1.828103954802259977e+03
1.860075706214689490e+03
1.891864406779661067e+03
1.923795480225988740e+03
1.955673446327683450e+03
1.987515254237288218e+03
2.018745762711864472e+03
2.049499435028248627e+03
2.080224858757062066e+03
2.109459887005649762e+03
2.138050847457627242e+03
2.166497175141243133e+03
2.191609039548022793e+03
2.214177401129943519e+03
2.235984180790960636e+03
2.251709604519774075e+03
2.259499435028248627e+03
2.263848587570621930e+03
2.266532203389830556e+03
2.268981920903955142e+03
2.277836158192090352e+03
2.290896045197740023e+03
2.306675706214689399e+03
2.324162711864406901e+03
2.342411299435028013e+03
2.361584180790960545e+03
2.382065536723163859e+03
2.403815819209039546e+03
2.426403389830508786e+03
2.449462146892655255e+03
2.472868926553672281e+03
2.496931073446327900e+03
2.521046327683616255e+03
2.545019209039548059e+03
2.568548022598869920e+03
2.591667796610169717e+03
2.614493785310734893e+03
2.636255367231638957e+03
2.656815819209039546e+03
2.676788700564971805e+03
2.695632768361581839e+03
2.713096045197739841e+03
2.728983050847457889e+03
2.743729943502824881e+03
2.757160451977400953e+03
2.768603389830508604e+03
2.777875706214689217e+03
2.786012429378531124e+03
2.792195480225988376e+03
2.796637288135592826e+03
2.799126553672316277e+03
2.800300564971751555e+03
2.800329943502824790e+03
2.801996610169491760e+03
2.805374011299435097e+03
2.809618079096045221e+03
2.815127683615819478e+03
2.822422598870056390e+03
2.830609039548022338e+03
2.839584180790960090e+03
2.849170621468926583e+03
2.859606779661016844e+03
2.871248587570621567e+03
2.883152542372881271e+03
2.895890395480226289e+03
2.909571751412429421e+03
2.923485875706214756e+03
2.937090395480226107e+03
2.951358192090395278e+03
2.965308474576271237e+03
2.980004519774011442e+03
2.994201129943502565e+03
3.007216949152541929e+03
3.021519774011298978e+03
3.035248587570621112e+03
3.048161581920903700e+03
3.062077966101694983e+03
3.075137853107344199e+03
3.086896045197740023e+03
3.100650847457627151e+03
3.115344632768361407e+03
3.129688135593220068e+03
3.146680225988700840e+03
3.169558192090395096e+03
3.195493785310733983e+03
3.221873446327683268e+03
3.250776271186440681e+03
3.283689265536723269e+03
3.316894915254237276e+03
3.350190960451977389e+03
3.383352542372881544e+03
3.416537853107344745e+03
3.449588700564971987e+03
3.482648587570621203e+03
3.515589830508474734e+03
3.548577401129943610e+03
3.581463276836158002e+03
3.614325423728813348e+03
3.647178531073446266e+03
3.680044067796609852e+03
3.712897175141242769e+03
3.745786440677966311e+03
3.778155932203389966e+03
3.810021468926553553e+03
3.842289265536723178e+03
3.872081355932203223e+03
3.898629378531073598e+03
3.924865536723164041e+03
3.949211299435028195e+03
3.966560451977401044e+03
3.976987570621468876e+03
3.984317514124294121e+03
3.988151412429378979e+03
3.988322033898305563e+03
3.994362711864406720e+03
4.005590960451977480e+03
4.020833898305085313e+03
4.038317514124293666e+03
4.057214689265537345e+03
4.077402259887006039e+03
4.099374011299434642e+03
4.123047457627119002e+03
4.147405649717514279e+03
4.172659887005649580e+03
4.198903954802260159e+03
4.225666666666666060e+03
4.253064406779660203e+03
4.280294915254236912e+03
4.307604519774011351e+03
4.335110734463276458e+03
4.362186440677965948e+03
4.388454237288135118e+03
4.414294915254236912e+03
4.439587570621468331e+03
4.464251977401129807e+03
4.487472316384180886e+03
4.509870056497175028e+03
4.531742372881355550e+03
4.551981920903954233e+03
4.570429378531072871e+03
4.587390960451977662e+03
4.603083615819208717e+03
4.617057627118643722e+03
4.629411299435028923e+03
4.640132203389830465e+03
4.649943502824859024e+03
4.658203389830508968e+03
4.664468926553672645e+03
4.670041807909605268e+03
4.674619209039548878e+03
4.677810169491525812e+03
4.679735593220339069e+03
4.680536723163841998e+03
4.681109604519773711e+03
4.680893785310734529e+03
4.681507344632767854e+03
4.682612429378530578e+03
4.683908474576272056e+03
4.686877966101694255e+03
4.689901694915253756e+03
4.693659887005649580e+03
4.697209039548022702e+03
4.700302824858757049e+03
4.705067796610169353e+03
4.709700564971751191e+03
4.712960451977401135e+03
4.717451977401129625e+03
4.721772881355932441e+03
4.725100564971751737e+03
4.729436158192090261e+03
4.734022598870056754e+03
4.736977401129943246e+03
4.740245197740113326e+03
4.745384180790961182e+03
4.750106214689265471e+03
4.754238418079095936e+03
4.762225988700565722e+03
4.775180790960452214e+03
4.790683615819209081e+03
4.807805649717514825e+03
4.827937853107345290e+03
4.851850847457627424e+03
4.879496045197740386e+03
4.910432768361582021e+03
4.942450847457626878e+03
4.974621468926554371e+03
5.006861016949153054e+03
5.039366101694915415e+03
5.072433898305084767e+03
5.104891525423729036e+03
5.136476836158191873e+03
5.169323163841808309e+03
5.201061016949152872e+03
5.231757062146893077e+03
5.263231638418079456e+03
5.293496045197740386e+03
5.321885875706215302e+03
5.350915254237288536e+03
5.379757062146893077e+03
5.405312994350282679e+03
5.429540112994350238e+03
5.454845197740112781e+03
5.477379661016949285e+03
5.493900564971752829e+03
5.505190960451977844e+03
5.513020338983051261e+03
5.517033898305085131e+03
5.517377401129944701e+03
5.523280225988701204e+03
5.534419209039548150e+03
5.549929943502825154e+03
5.567719774011300615e+03
5.586529943502825517e+03
5.606690395480226471e+03
5.628915254237288536e+03
5.651725423728814349e+03
5.676263276836158184e+03
5.701125423728813985e+03
5.727018079096045767e+03
5.753522033898305381e+03
5.780127683615819478e+03
5.806505084745762360e+03
5.833405649717514279e+03
5.860025988700565904e+03
5.886303954802259796e+03
5.911638418079095572e+03
5.936847457627120093e+03
5.961519774011299887e+03
5.984978531073446902e+03
6.007100564971751737e+03
6.028803389830508422e+03
6.049644067796610216e+03
6.068924293785310510e+03
6.086745762711864700e+03
6.103257627118644450e+03
6.118480225988701022e+03
6.132134463276835959e+03
6.143594350282486630e+03
6.154572881355932623e+03
6.164262146892655437e+03
6.172141242937854258e+03
6.178911864406780296e+03
6.184714124293785062e+03
6.189002259887005494e+03
6.191432768361582021e+03
6.191957062146892895e+03
6.191845197740112781e+03
6.191398870056496889e+03
6.189542372881356641e+03
6.187759322033898570e+03
6.186615819209040637e+03
6.186476836158193692e+03
6.186926553672317823e+03
6.189047457627119911e+03
6.191351412429379707e+03
6.192523163841808127e+03
6.195441807909604904e+03
6.198917514124294030e+03
6.201345762711865063e+03
6.204433898305085677e+03
6.208119774011300251e+03
6.210671186440677957e+03
6.213535593220339251e+03
6.217610169491525994e+03
6.220698305084746607e+03
6.222441807909604904e+03
6.225720903954803362e+03
6.229806779661017572e+03
6.232594350282486630e+03
6.235151412429378979e+03
6.241103954802259977e+03
6.250593220338983883e+03
6.262611299435028741e+03
6.276743502824858297e+03
6.293099435028248990e+03
6.312993220338983519e+03
6.337256497175141703e+03
6.364557062146893259e+03
6.393810169491525812e+03
6.423441807909604904e+03
6.453021468926554007e+03
6.483970621468926765e+03
6.514570621468927129e+03
6.544649717514124859e+03
6.576110734463277367e+03
6.607412429378531669e+03
6.637492655367232146e+03
6.668213559322034598e+03
6.699299435028249718e+03
6.728030508474576891e+03
6.756397740112995052e+03
6.786062146892656529e+03
6.813996610169492669e+03
6.839092655367232510e+03
6.864435028248588424e+03
6.890259887005649944e+03
6.913360451977401681e+03
6.931363841807909921e+03
6.944203389830508968e+03
6.953014689265537527e+03
6.958160451977400953e+03
6.958786440677966311e+03
6.960893785310734529e+03
6.969004519774011897e+03
6.981907344632769309e+03
6.997265536723165496e+03
7.014487005649718412e+03
7.033681355932204497e+03
7.054298305084746971e+03
7.076275706214690217e+03
7.099023728813559501e+03
7.123028248587572307e+03
7.148355932203390694e+03
7.174029378531074144e+03
7.200122033898305745e+03
7.226430508474577437e+03
7.253268926553673737e+03
7.280176271186441227e+03
7.306414689265537163e+03
7.332332203389831193e+03
7.358429378531074690e+03
7.383790960451977298e+03
7.407801129943503838e+03
7.431237288135594099e+03
7.453849717514125587e+03
7.475407909604520682e+03
7.495540112994351148e+03
7.513757062146893077e+03
7.531246327683616983e+03
7.546903954802260159e+03
7.560462146892656165e+03
7.572520903954802634e+03
7.583719774011300615e+03
7.593015819209040274e+03
7.600709604519774985e+03
7.606631638418080911e+03
7.612123163841808491e+03
7.616567231638418889e+03
7.618872316384182341e+03
7.620534463276837414e+03
7.621541242937853895e+03
7.621224858757062975e+03
7.621022598870056754e+03
7.621929943502826063e+03
7.623022598870057664e+03
7.624168361581921999e+03
7.627631638418080001e+03
7.632041807909605268e+03
7.635198870056497981e+03
7.639384180790961182e+03
7.644894915254237276e+03
7.649610169491526904e+03
7.654254237288136210e+03
7.659893785310736348e+03
7.664738983050848219e+03
7.668473446327685451e+03
7.673566101694916142e+03
7.678723163841808855e+03
7.682291525423729581e+03
7.685406779661017936e+03
7.689969491525424928e+03
7.694071186440678503e+03
7.696595480225989377e+03
7.699203389830508968e+03
7.704241807909604177e+03
7.712285875706214938e+03
7.723664406779661476e+03
7.736464406779661658e+03
7.751576271186440863e+03
7.770266666666667334e+03
7.792735593220339069e+03
7.819654237288135846e+03
7.848138983050848765e+03
7.876677966101695347e+03
7.907064406779662022e+03
7.937881355932204315e+03
7.967578531073448175e+03
7.997605649717515917e+03
8.028406779661017936e+03
8.057606779661018663e+03
8.086762711864407720e+03
8.117171751412430240e+03
8.146256497175141703e+03
8.173432768361582930e+03
8.201494915254237640e+03
8.229816949152544112e+03
8.255662146892656892e+03
8.279533333333334667e+03
8.303572881355932623e+03
8.327971751412429512e+03
8.350326553672317459e+03
8.368423728813559137e+03
8.381941242937853531e+03
8.391467796610169898e+03
8.397484745762711100e+03
8.399510734463277913e+03
8.402446327683617710e+03
8.411648587570622112e+03
8.425479096045197366e+03
8.442681355932203587e+03
8.462138983050848765e+03
8.483754802259889402e+03
8.507120903954802998e+03
8.531445197740114963e+03
8.556811299435028559e+03
8.583264406779660931e+03
8.610702824858757594e+03
8.638579661016949103e+03
8.666622598870057118e+03
8.695138983050848765e+03
8.724360451977401681e+03
8.753496045197740386e+03
8.781772881355933350e+03
8.810448587570623204e+03
8.838796610169491032e+03
8.866276836158191145e+03
8.892751412429377524e+03
8.918150282485876232e+03
8.943094915254238003e+03
8.966802259887006585e+03
8.988920903954804089e+03
9.009923163841809583e+03
9.030000000000000000e+03
9.047783050847458071e+03
9.063908474576272056e+03
9.078389830508476734e+03
9.091736723163841816e+03
9.103384180790961182e+03
9.112529943502826427e+03
9.120923163841809583e+03
9.128406779661017936e+03
9.133632768361581839e+03
9.137822598870057845e+03
9.140682485875706334e+03
9.142236158192090443e+03
9.143272316384180158e+03
9.142628248587570852e+03
9.142699435028251173e+03
9.142197740112995234e+03
9.143055367231638229e+03
9.146116384180792011e+03
9.149088135593221523e+03
9.152144632768362499e+03
9.156793220338982792e+03
9.161140112994351512e+03
9.165080225988702296e+03
9.170264406779660931e+03
9.175771751412430604e+03
9.179919774011299523e+03
9.184305084745763452e+03
9.190083615819210536e+03
9.195275706214688398e+03
9.198910734463277549e+03
9.203098305084748063e+03
9.208181920903956780e+03
9.212402259887006949e+03
9.215805649717516644e+03
9.218262146892655437e+03
9.222552542372883181e+03
9.230292655367233237e+03
9.239951412429378252e+03
9.252033898305086041e+03
9.265830508474577073e+03
9.282331073446328446e+03
9.304087005649718776e+03
9.329664406779662386e+03
9.356435028248588424e+03
9.385004519774010987e+03
9.415525423728813621e+03
9.445202259887006221e+03
9.474851977401129261e+03
9.505748022598871103e+03
9.535731073446328082e+03
9.564424858757061884e+03
9.594317514124293666e+03
9.624401129943504202e+03
9.652484745762712919e+03
9.679839548022599047e+03
9.708014689265535708e+03
9.735809039548023065e+03
9.761307344632768945e+03
9.785124293785313057e+03
9.809126553672316732e+03
9.833451977401131444e+03
9.856090395480227016e+03
9.875132203389830465e+03
9.889832768361582566e+03
9.900475706214689126e+03
9.908181920903956780e+03
9.911784180790960818e+03
9.912518644067797140e+03
9.919378531073449267e+03
9.931421468926553644e+03
9.947188700564973260e+03
9.966160451977400953e+03
9.987507344632769673e+03
1.001064519774011387e+04
1.003517288135593299e+04
1.006096610169491578e+04
1.008796949152542402e+04
1.011616723163841743e+04
1.014501129943503111e+04
1.017388813559322080e+04
1.020406101694915378e+04
1.023438983050847673e+04
1.026455593220338960e+04
1.029464745762711937e+04
1.032485649717514389e+04
1.035489830508474734e+04
1.038427118644067923e+04
1.041248700564972023e+04
1.044018079096045403e+04
1.046733785310734675e+04
1.049288813559322261e+04
1.051751864406779896e+04
1.054119096045197875e+04
1.056356610169491614e+04
1.058419096045197875e+04
1.060261016949152690e+04
1.062025423728813621e+04
1.063662937853107542e+04
1.065023502824858951e+04
1.066272881355932259e+04
1.067414237288135701e+04
1.068384180790960636e+04
1.069245423728813694e+04
1.069931977401129916e+04
1.070471412429378688e+04
1.070975254237288209e+04
1.071291525423729036e+04
1.071423728813559501e+04
1.071627344632768472e+04
1.071823050847457671e+04
1.071834576271186597e+04
1.071912316384180849e+04
1.072003163841808055e+04
1.072241016949152618e+04
1.072554915254237494e+04
1.072780000000000109e+04
1.073092429378531233e+04
1.073526666666666642e+04
1.073905649717514098e+04
1.074171299435028232e+04
1.074563389830508459e+04
1.075045762711864518e+04
1.075401129943502747e+04
1.075740903954802343e+04
1.076096610169491578e+04
1.076539322033898316e+04
1.076994915254237276e+04
1.077222146892655292e+04
1.077421129943502820e+04
1.077765649717514134e+04
1.078332316384180740e+04
1.079203050847457780e+04
1.080253559322033834e+04
1.081392316384180958e+04
1.082900112994350275e+04
1.084939435028248590e+04
1.087254350282486121e+04
1.089838757062146942e+04
1.092749378531073671e+04
1.095728248587570852e+04
1.098686440677966311e+04
1.101798305084745880e+04
1.104946327683616073e+04
1.107938870056497399e+04
1.110943954802260123e+04
1.114072090395480336e+04
1.117154576271186670e+04
1.120055819209039691e+04
1.122945762711864518e+04
1.125909039548022702e+04
1.128827005649717648e+04
1.131524745762711973e+04
1.134077853107344708e+04
1.136648700564971841e+04
1.139255480225988867e+04
1.141787005649717503e+04
1.143997966101695056e+04
1.145803954802259977e+04
1.147243502824858842e+04
1.148393898305084804e+04
1.149169152542372831e+04
1.149396836158192127e+04
1.149725875706214720e+04
1.150600225988700731e+04
1.151905536723163823e+04
1.153586666666666861e+04
1.155538418079096118e+04
1.157681581920904136e+04
1.159988248587570706e+04
1.162424406779661149e+04
1.165053220338983374e+04
1.167774237288135737e+04
1.170545197740113144e+04
1.173400790960452105e+04
1.176354915254237494e+04
1.179324632768361698e+04
1.182323502824858951e+04
1.185300225988700549e+04
1.188311412429378652e+04
1.191335028248587696e+04
1.194256384180791065e+04
1.197124293785310874e+04
1.199962372881355986e+04
1.202702824858757231e+04
1.205352655367231637e+04
1.207874011299435006e+04
1.210366214689265689e+04
1.212751751412429439e+04
1.214876949152542329e+04
1.216906101694915196e+04
1.218857853107344636e+04
1.220580677966101939e+04
1.222157062146892713e+04
1.223584745762712009e+04
1.224853785310734565e+04
1.226038418079096300e+04
1.227050847457627242e+04
1.227852203389830538e+04
1.228631299435028268e+04
1.229299548022598901e+04
1.229688474576271256e+04
1.230031751412429367e+04
1.230424293785310874e+04
1.230687909604519882e+04
1.230819322033898425e+04
1.230950960451977517e+04
1.230961920903954888e+04
1.231024519774011424e+04
1.231083841807909630e+04
1.231092655367231782e+04
1.231276949152542511e+04
1.231548361581921199e+04
1.231680000000000109e+04
1.231859209039548114e+04
1.232114237288135701e+04
1.232400903954802561e+04
1.232668926553672463e+04
1.232812994350282679e+04
1.233049378531073671e+04
1.233400112994350457e+04
1.233670056497175392e+04
1.233817062146892749e+04
1.233892316384180958e+04
1.233986214689265762e+04
1.234339548022599047e+04
1.235003050847457780e+04
1.235705875706214829e+04
1.236552090395480263e+04
1.237834350282486048e+04
1.239492768361582057e+04
1.241449604519774221e+04
1.243857514124293994e+04
1.246535254237288245e+04
1.249249717514124495e+04
1.252100451977401281e+04
1.255131977401130280e+04
1.258115593220338997e+04
1.260991299435028304e+04
1.263957401129943537e+04
1.267018192090395314e+04
1.270008926553672427e+04
1.272847118644067814e+04
1.275710395480225998e+04
1.278660338983051042e+04
1.281545875706214792e+04
1.284258079096045185e+04
1.286812203389830574e+04
1.289372316384180886e+04
1.292007231638418307e+04
1.294605310734463455e+04
1.296963502824858915e+04
1.298948135593220286e+04
1.300638305084745843e+04
1.302047231638418089e+04
1.303118531073446502e+04
1.303676610169491687e+04
1.303683841807909812e+04
1.304177514124293884e+04
1.305146327683615891e+04
1.306511186440678102e+04
1.308226214689265726e+04
1.310147005649717721e+04
1.312217627118644305e+04
1.314485988700565213e+04
1.316919322033898425e+04
1.319430169491525521e+04
1.322045310734463419e+04
1.324726666666666642e+04
1.327485084745762651e+04
1.330293333333333430e+04
1.333091525423728672e+04
1.335919548022598792e+04
1.338800564971751373e+04
1.341636949152542365e+04
1.344427457627118565e+04
1.347150960451977517e+04
1.349865536723164041e+04
1.352515706214689271e+04
1.355000677966101830e+04
1.357447796610169644e+04
1.359867005649717612e+04
1.362065084745762761e+04
1.364128813559322043e+04
1.366096723163841853e+04
1.367903163841808055e+04
1.369563276836158184e+04
1.371055028248587769e+04
1.372312655367231855e+04
1.373523841807909776e+04
1.374607118644067850e+04
1.375430508474576345e+04
1.376166779661017063e+04
1.376897627118644232e+04
1.377377514124293884e+04
1.377663615819209008e+04
1.377960338983050860e+04
1.378186214689265580e+04
1.378300338983050824e+04
1.378381016949152763e+04
1.378443841807909666e+04
1.378476271186440681e+04
1.378608813559322152e+04
1.378630734463276895e+04
1.378782033898305235e+04
1.379066327683615964e+04
1.379331864406779641e+04
1.379573559322033907e+04
1.379760112994350493e+04
1.380052316384180813e+04
1.380403841807909703e+04
1.380637062146892640e+04
1.380811299435028377e+04
1.381101920903954669e+04
1.381405423728813548e+04
1.381678757062146906e+04
1.381861581920904064e+04
1.381834350282486048e+04
1.381818418079096227e+04
1.382106101694915378e+04
1.382545084745762688e+04
1.382997062146892858e+04
1.383695480225988649e+04
1.384700000000000000e+04
1.385965084745762579e+04
1.387666553672316149e+04
1.389836610169491541e+04
1.392211751412429294e+04
1.394697288135593044e+04
1.397424067796609961e+04
1.400280451977401208e+04
1.403085084745762651e+04
1.405830508474576163e+04
1.408688926553672354e+04
1.411614124293785244e+04
1.414422259887005748e+04
1.417116158192090370e+04
1.419837966101694838e+04
1.422644858757062320e+04
1.425396158192090479e+04
1.427979661016949285e+04
1.430384519774011460e+04
1.432776158192090588e+04
1.435278644067796813e+04
1.437761807909604613e+04
1.440050169491525594e+04
1.441993446327683705e+04
1.443686101694915487e+04
1.445128022598870302e+04
1.446253446327683560e+04
1.446953898305084658e+04
1.447123728813559319e+04
1.447503276836158329e+04
1.448345423728813512e+04
1.449657740112994361e+04
1.451327231638418016e+04
1.453198418079096155e+04
1.455285084745762833e+04
1.457555706214689417e+04
1.459947005649717539e+04
1.462459096045197839e+04
1.465028587570621494e+04
1.467689378531073453e+04
1.470448813559322116e+04
1.473221468926553644e+04
1.476007118644067668e+04
1.478841920903954815e+04
1.481698531073446247e+04
1.484550847457626878e+04
1.487310508474576272e+04
1.490062937853107178e+04
1.492799661016948994e+04
1.495360338983050679e+04
1.497866101694915051e+04
1.500368813559322007e+04
1.502699096045197621e+04
1.504899435028248627e+04
1.507012994350282679e+04
1.508892768361582057e+04
1.510610847457627096e+04
1.512130621468926620e+04
1.513329604519774148e+04
1.514071977401129880e+04
1.514527796610169571e+04
1.514451638418079165e+04
1.513493446327683705e+04
1.512068926553672281e+04
1.510548248587570743e+04
1.508497740112994325e+04
1.505702259887005494e+04
1.502654124293785208e+04
1.499461129943502783e+04
1.496180451977401026e+04
1.492991751412429585e+04
1.489649943502825045e+04
1.486474576271186379e+04
1.483288700564971805e+04
1.480150056497174955e+04
1.477082259887005421e+04
1.474140564971751337e+04
1.471240564971751337e+04
1.468256836158192164e+04
1.465276610169491505e+04
1.462443502824858660e+04
1.459582598870056609e+04
1.456690508474576382e+04
1.453883050847457707e+04
1.451219209039548150e+04
1.448746553672316440e+04
1.446429717514124422e+04
1.444040338983050970e+04
1.441554011299435115e+04
1.439283163841807982e+04
1.437322485875706298e+04
1.435548135593220468e+04
1.434069491525423837e+04
1.432945423728813694e+04
1.432063954802259832e+04
1.431593672316384254e+04
1.431794124293785353e+04
1.432488135593220431e+04
1.433510282485875723e+04
1.434860225988700586e+04
1.436625423728813621e+04
1.438599322033898352e+04
1.440581129943502856e+04
1.442675367231638302e+04
1.444982146892655510e+04
1.447400677966101648e+04
1.449711751412429476e+04
1.452028022598870120e+04
1.454420677966101721e+04
1.456960677966101866e+04
1.459497514124293775e+04
1.461892542372881508e+04
1.464149943502825045e+04
1.466340451977401244e+04
1.468651638418079165e+04
1.471028813559322043e+04
1.473244971751412413e+04
1.475193107344632881e+04
1.476883615819209081e+04
1.478309604519774075e+04
1.479559322033898206e+04
1.480365423728813585e+04
1.480571638418079056e+04
1.480715706214689271e+04
1.481357401129943537e+04
1.482561129943502965e+04
1.483837288135593371e+04
1.485280451977401208e+04
1.486755480225988867e+04
1.487824406779660967e+04
1.488602824858757049e+04
1.489393672316384254e+04
1.490133220338983119e+04
1.490440677966101612e+04
1.490392655367231782e+04
1.490263276836158366e+04
1.490039548022598683e+04
1.489861355932203514e+04
1.489756384180791065e+04
1.489529717514124241e+04
1.489212542372881398e+04
1.488938531073446211e+04
1.488563615819209008e+04
1.488055932203389784e+04
1.487530282485875796e+04
1.486922259887005566e+04
1.486290508474576200e+04
1.485616949152542293e+04
1.484752994350282461e+04
1.483915367231638447e+04
1.483103163841808055e+04
1.482034802259886965e+04
1.481098418079095973e+04
1.480376045197740132e+04
1.479544406779660858e+04
1.479081355932203405e+04
1.479297514124293957e+04
1.479823389830508313e+04
1.480319774011299523e+04
1.480637401129943464e+04
1.480280677966101575e+04
1.479283954802259905e+04
1.477871864406779605e+04
1.476346214689265616e+04
1.474677627118643977e+04
1.472772542372881435e+04
1.470815932203390003e+04
1.468791073446327937e+04
1.466684745762711827e+04
1.464638305084746025e+04
1.462720677966101721e+04
1.460718644067796777e+04
1.458644971751412413e+04
1.456681129943502856e+04
1.454838531073446211e+04
1.453008926553672427e+04
1.451204632768361625e+04
1.449445197740113144e+04
1.447785649717514207e+04
1.446385423728813475e+04
1.445131977401129916e+04
1.443765084745762761e+04
1.442409378531073526e+04
1.441257627118644086e+04
1.440279661016949285e+04
1.439572768361581984e+04
1.439273785310734456e+04
1.439176497175141412e+04
1.439351864406779714e+04
1.440015932203390003e+04
1.441371525423728963e+04
1.443201694915254302e+04
1.445389152542372904e+04
1.447723841807909776e+04
1.450187231638418234e+04
1.452672429378531160e+04
1.454973559322033907e+04
1.457161581920904064e+04
1.459365423728813585e+04
1.461521129943502820e+04
1.463507118644068032e+04
1.465311073446327646e+04
1.467018305084745953e+04
1.468761468926553789e+04
1.470397062146892858e+04
1.471765536723164041e+04
1.472900000000000182e+04
1.474022259887005930e+04
1.475161694915254338e+04
1.476331864406780005e+04
1.477314011299435151e+04
1.478103615819209153e+04
1.478765197740113217e+04
1.479124971751412522e+04
1.479262146892655437e+04
1.479109830508474624e+04
1.478415254237288173e+04
1.477281581920904136e+04
1.476486779661017135e+04
1.476014915254237349e+04
1.475889152542372904e+04
1.476096045197740204e+04
1.476314576271186525e+04
1.476182598870056609e+04
1.475919548022598974e+04
1.475763502824858733e+04
1.475438531073446393e+04
1.474860112994350493e+04
1.474364632768361844e+04
1.473854237288135846e+04
1.473387118644067959e+04
1.473050169491525594e+04
1.472681807909604686e+04
1.472275367231638666e+04
1.471935480225988977e+04
1.471568474576271547e+04
1.471120112994350347e+04
1.470628361581921126e+04
1.470045310734463419e+04
1.469399435028248627e+04
1.468761016949152690e+04
1.467917740112994579e+04
1.466978192090395532e+04
1.466092655367231782e+04
1.464992542372881508e+04
1.463903276836158329e+04
1.463013672316384145e+04
1.462082824858757158e+04
1.461094802259887001e+04
1.460583276836158257e+04
1.460757514124293812e+04
1.461063276836158366e+04
1.461535819209039619e+04
1.462326666666666642e+04
1.462349830508474770e+04
1.461628587570621676e+04
1.460442824858757194e+04
1.459011073446327828e+04
1.457388248587570706e+04
1.455503841807909703e+04
1.453299096045197803e+04
1.450912090395480300e+04
1.448428474576271401e+04
1.446017288135593481e+04
1.443631864406779823e+04
1.441143050847457744e+04
1.438642146892655546e+04
1.436222146892655473e+04
1.433818305084745953e+04
1.431489943502825190e+04
1.429176158192090588e+04
1.426808022598870230e+04
1.424575819209039764e+04
1.422642033898305090e+04
1.420734124293785499e+04
1.418787118644067959e+04
1.416884858757062284e+04
1.415002259887005857e+04
1.413288700564971805e+04
1.411891864406779860e+04
1.410823954802259868e+04
1.409868022598870084e+04
1.409157175141242988e+04
1.408934802259886965e+04
1.409301807909604395e+04
1.410084067796610179e+04
1.411292090395480227e+04
1.413091186440677848e+04
1.415275819209039582e+04
1.417671977401130061e+04
1.420209604519774075e+04
1.422954576271186670e+04
1.425931073446327719e+04
1.428962259887005712e+04
1.431982937853107433e+04
1.434836836158192091e+04
1.437648022598870011e+04
1.440529039548022592e+04
1.443243954802260123e+04
1.445759661016949394e+04
1.448013785310734602e+04
1.450222824858757122e+04
1.452518305084745771e+04
1.454714350282485975e+04
1.456809717514124350e+04
1.458832429378531015e+04
1.460556497175141158e+04
1.462114576271186525e+04
1.463524293785310692e+04
1.464524406779661149e+04
1.465092768361582057e+04
1.465352994350282461e+04
1.465008022598870048e+04
1.464915706214689271e+04
1.465321129943502820e+04
1.466155028248587405e+04
1.466903163841807691e+04
1.467427005649717648e+04
1.467921016949152545e+04
1.468363954802259832e+04
1.468645423728813694e+04
1.468773898305084731e+04
1.468572090395480154e+04
1.468067457627118711e+04
1.467592429378531051e+04
1.467167005649717430e+04
1.466698983050847528e+04
1.466269604519773929e+04
1.465798079096045331e+04
1.465354011299435115e+04
1.465016610169491469e+04
1.464428135593220213e+04
1.463868926553672645e+04
1.463480225988700477e+04
1.462888022598870157e+04
1.462263389830508459e+04
1.461768248587570633e+04
1.461194124293785353e+04
1.460430734463276895e+04
1.459796610169491396e+04
1.459296497175141121e+04
1.458513898305084876e+04
1.457753559322033834e+04
1.457536384180790992e+04
1.457702937853107505e+04
1.458039435028248772e+04
1.458694576271186452e+04
1.459597966101695056e+04
1.459737175141242915e+04
1.459142372881355914e+04
1.458014689265536799e+04
1.456627570621469022e+04
1.455075141242937934e+04
1.453189943502824826e+04
1.451031073446327719e+04
1.448809378531073526e+04
1.446369378531073380e+04
1.443880790960451850e+04
1.441339096045197766e+04
1.438786666666666861e+04
1.436242711864406738e+04
1.433686327683615855e+04
1.431178079096045258e+04
1.428810734463276822e+04
1.426312881355932404e+04
1.423785423728813657e+04
1.421435932203389893e+04
1.419269378531073562e+04
1.417178192090395532e+04
1.415117514124294030e+04
1.413038418079096118e+04
1.410898192090395605e+04
1.408938757062147124e+04
1.407292655367231782e+04
1.405885197740113108e+04
1.404563615819209372e+04
1.403474802259887292e+04
1.402905197740113363e+04
1.402763728813559283e+04
1.403047231638418089e+04
1.403856158192090516e+04
1.405228135593220577e+04
1.407020677966101903e+04
1.409064858757062393e+04
1.411309717514124350e+04
1.413836271186440899e+04
1.416549604519774221e+04
1.419346779661017172e+04
1.422218757062147051e+04
1.424972316384180886e+04
1.427700903954802379e+04
1.430439209039548223e+04
1.433121807909604468e+04
1.435505875706214829e+04
1.437679999999999927e+04
1.439875819209039764e+04
1.441983050847457707e+04
1.444089604519774002e+04
1.446229717514124422e+04
1.448171751412429512e+04
1.449901016949152654e+04
1.451609378531073526e+04
1.453070395480226216e+04
1.454169378531073562e+04
1.455030056497175246e+04
1.455585762711864663e+04
1.455465084745762942e+04
1.455192090395480409e+04
1.455568022598870266e+04
1.456315028248587623e+04
1.457045536723164150e+04
1.457756384180791065e+04
1.458367118644067887e+04
1.458879548022599010e+04
1.459396384180791028e+04
1.459716045197740277e+04
1.459599322033898534e+04
1.459293785310734529e+04
1.458888248587570706e+04
1.458454689265536945e+04
1.458115819209039910e+04
1.457594463276836177e+04
1.457130734463277076e+04
1.456851864406779714e+04
1.456362824858757085e+04
1.455787005649717685e+04
1.455330395480226071e+04
1.454836271186440717e+04
1.454157288135593444e+04
1.453569378531073380e+04
1.453079209039548005e+04
1.452334576271186597e+04
1.451532994350282570e+04
1.450977966101694983e+04
1.450285310734463383e+04
1.449311525423728926e+04
1.448483841807909812e+04
1.448000903954802379e+04
1.447823389830508677e+04
1.447908474576271328e+04
1.448285988700565213e+04
1.448989039548022811e+04
1.449345310734463601e+04
1.448876949152542511e+04
1.447822259887005748e+04
1.446536158192090625e+04
1.444917740112994397e+04
1.442950056497175319e+04
1.440830847457627169e+04
1.438526327683616000e+04
1.436180000000000291e+04
1.433807796610169680e+04
1.431421129943503001e+04
1.429104293785310801e+04
1.426675819209039764e+04
1.424261129943502965e+04
1.421980000000000291e+04
1.419744745762712046e+04
1.417392881355932332e+04
1.415042372881356096e+04
1.412833333333333576e+04
1.410749039548022847e+04
1.408827344632768654e+04
1.406951186440678248e+04
1.405005084745763088e+04
1.402993333333333430e+04
1.401144180790960672e+04
1.399627005649717830e+04
1.398227457627118929e+04
1.396927796610169571e+04
1.395897062146892858e+04
1.395270056497175392e+04
1.395000225988700913e+04
1.395180677966101939e+04
1.395875480225988940e+04
1.397181694915254411e+04
1.398886101694915487e+04
1.400870734463277040e+04
1.403185762711864663e+04
1.405662259887005712e+04
1.408380338983051115e+04
1.411302824858757231e+04
1.414123615819209226e+04
1.416746892655367265e+04
1.419358305084746098e+04
1.422062372881355986e+04
1.424594237288135628e+04
1.426881129943502856e+04
1.429072316384180886e+04
1.431094802259887001e+04
1.433046101694915342e+04
1.435112203389830756e+04
1.437113107344632954e+04
1.438908813559322152e+04
1.440661355932203514e+04
1.442357740112994361e+04
1.443737514124294103e+04
1.444898192090395605e+04
1.445908135593220504e+04
1.446572881355932259e+04
1.446583841807909630e+04
1.446279096045197912e+04
1.446611186440678102e+04
1.447322372881356205e+04
1.448251412429378615e+04
1.449196610169491760e+04
1.449954237288135664e+04
1.450810621468926547e+04
1.451653107344632917e+04
1.452204632768361625e+04
1.452530734463276895e+04
1.452483841807909630e+04
1.452339887005649871e+04
1.452296949152542584e+04
1.452052655367231637e+04
1.451753898305085022e+04
1.451639548022599047e+04
1.451527909604520028e+04
1.451221016949152727e+04
1.450975819209039764e+04
1.450826214689265726e+04
1.450469039548022920e+04
1.450052542372881544e+04
1.449851186440678248e+04
1.449518757062147051e+04
1.448962372881356168e+04
1.448565536723164041e+04
1.448274689265537017e+04
1.447784519774011460e+04
1.447106214689265835e+04
1.446507231638418307e+04
1.446137401129943646e+04
1.446045310734463419e+04
1.446232768361582021e+04
1.446684519774011642e+04
1.447476836158192236e+04
1.447927909604520028e+04
1.447529265536723324e+04
1.446626440677966093e+04
1.445308361581921054e+04
1.443601920903955033e+04
1.441609152542372976e+04
1.439391638418079128e+04
1.436981129943503038e+04
1.434423841807909776e+04
1.431802259887005857e+04
1.429255367231638593e+04
1.426704519774011533e+04
1.424039887005649871e+04
1.421455141242938043e+04
1.419019435028248699e+04
1.416555819209039691e+04
1.414058305084745916e+04
1.411541807909604722e+04
1.409124745762711973e+04
1.406861581920904064e+04
1.404790734463277113e+04
1.402830169491525521e+04
1.400740790960452068e+04
1.398597627118644232e+04
1.396663615819209372e+04
1.394981920903954961e+04
1.393382259887005785e+04
1.391959548022599120e+04
1.390751186440678066e+04
1.389912542372881580e+04
1.389380564971751483e+04
1.389258305084745916e+04
1.389753333333333467e+04
1.390755254237288318e+04
1.392225988700565176e+04
1.394141581920904173e+04
1.396265310734463492e+04
1.398677627118644159e+04
1.401409152542372976e+04
1.404252316384180813e+04
1.407216949152542293e+04
1.410012429378531306e+04
1.412873220338983265e+04
1.415705197740113181e+04
1.418382937853107433e+04
1.420947231638418089e+04
1.423296836158192127e+04
1.425387683615819333e+04
1.427526666666666642e+04
1.429705762711864372e+04
1.431723841807909776e+04
1.433643050847457562e+04
1.435560677966101684e+04
1.437319435028248517e+04
1.438797966101695056e+04
1.440119435028248517e+04
1.441363163841807909e+04
1.442223841807909776e+04
1.442453333333333467e+04
1.442222711864407029e+04
1.442023954802260050e+04
1.442432542372881653e+04
1.443146101694915342e+04
1.443770282485875759e+04
1.444494011299435078e+04
1.445226214689265544e+04
1.445956949152542438e+04
1.446610734463276822e+04
1.446841355932203260e+04
1.446780790960451850e+04
1.446730056497175065e+04
1.446582937853107433e+04
1.446221242937853094e+04
1.445955367231638411e+04
1.445853559322033834e+04
1.445607909604519955e+04
1.445312881355932223e+04
1.445223276836158220e+04
1.445025197740113072e+04
1.444649152542372940e+04
1.444444858757062138e+04
1.444317740112994397e+04
1.443996158192090479e+04
1.443600225988700549e+04
1.443384745762712009e+04
1.443197514124293957e+04
1.442855141242938043e+04
1.442358079096045185e+04
1.441859887005649580e+04
1.441561355932203332e+04
1.441479548022598829e+04
1.441669604519773929e+04
1.442148361581920835e+04
1.442915819209039546e+04
1.443709830508474624e+04
1.443761468926553607e+04
1.443199209039548077e+04
1.442121468926553644e+04
1.440634237288135773e+04
1.438818192090395678e+04
1.436711977401130207e+04
1.434430734463276895e+04
1.432018531073446502e+04
1.429297627118644232e+04
1.426581016949152763e+04
1.423742937853107287e+04
1.420876497175141230e+04
1.418077966101694983e+04
1.415397627118644232e+04
1.412711186440677920e+04
1.409995593220339106e+04
1.407255141242938043e+04
1.404545762711864518e+04
1.401981694915254411e+04
1.399689491525424091e+04
1.397469039548022738e+04
1.395100790960452105e+04
1.392760564971751592e+04
1.390557288135593262e+04
1.388562146892655437e+04
1.386665649717514316e+04
1.384900564971751555e+04
1.383415593220338997e+04
1.382144971751412595e+04
1.381154011299435297e+04
1.380654350282486121e+04
1.380603615819209153e+04
1.381118757062147051e+04
1.382218531073446502e+04
1.383654802259887038e+04
1.385435367231638520e+04
1.387548700564971841e+04
1.389902824858757231e+04
1.392541468926553716e+04
1.395342485875706188e+04
1.397980338983050751e+04
1.400619209039548150e+04
1.403572316384180886e+04
1.406535819209039619e+04
1.409367005649717612e+04
1.411876384180790956e+04
1.414218531073446502e+04
1.416614237288135701e+04
1.418929717514124241e+04
1.421126553672316368e+04
1.423284293785310729e+04
1.425459209039548114e+04
1.427412542372881217e+04
1.429110960451977371e+04
1.430761694915254338e+04
1.432321920903954742e+04
1.433516384180790919e+04
1.434128926553672500e+04
1.434322259887005930e+04
1.434204745762711900e+04
1.434400677966101830e+04
1.434876384180791138e+04
1.435504067796610252e+04
1.436114350282485975e+04
1.436788474576271256e+04
1.437614576271186525e+04
1.438246553672316440e+04
1.438451638418079165e+04
1.438489039548022629e+04
1.438457062146892713e+04
1.438137288135593190e+04
1.437673785310734456e+04
1.437403615819209153e+04
1.437075706214689490e+04
1.436607005649717757e+04
1.436306101694915378e+04
1.436069491525423837e+04
1.435633107344632845e+04
1.435162372881355986e+04
1.434890056497175283e+04
1.434552655367231637e+04
1.434063389830508459e+04
1.433574915254237567e+04
1.433214463276836250e+04
1.432899774011299451e+04
1.432435367231638520e+04
1.431812090395480482e+04
1.431166779661017063e+04
1.430631977401130098e+04
1.430247909604519919e+04
1.430171751412429512e+04
1.430342937853107651e+04
1.430717401129943755e+04
1.431465536723164041e+04
1.431981694915254411e+04
1.431801807909604759e+04
1.431069265536723105e+04
1.429894463276836177e+04
1.428301468926553753e+04
1.426373107344632808e+04
1.424336497175141267e+04
1.422132203389830465e+04
1.419500338983050824e+04
1.416879322033898461e+04
1.414139774011299596e+04
1.411374124293785462e+04
1.408667118644067887e+04
1.406043728813559392e+04
1.403401016949152836e+04
1.400781468926553862e+04
1.398069265536723287e+04
1.395299661016949176e+04
1.392752768361581911e+04
1.390418418079096227e+04
1.388132542372881289e+04
1.385744745762711864e+04
1.383324632768361698e+04
1.381067570621468985e+04
1.378891638418079310e+04
1.376788474576271256e+04
1.374911864406779750e+04
1.373145988700565067e+04
1.371559548022598756e+04
1.370301242937853385e+04
1.369330508474576345e+04
1.368833220338983119e+04
1.368939435028248590e+04
1.369539774011299414e+04
1.370569604519773929e+04
1.372015141242937898e+04
1.373690056497175101e+04
1.375700000000000000e+04
1.378145423728813694e+04
1.380634802259887147e+04
1.382956384180791065e+04
1.385435367231638520e+04
1.388190395480226107e+04
1.390996384180791210e+04
1.393843615819209117e+04
1.396515932203389821e+04
1.399062033898305162e+04
1.401614689265536799e+04
1.404015254237288173e+04
1.406317853107344854e+04
1.408684067796610179e+04
1.410997175141243133e+04
1.413089039548022629e+04
1.414971299435028232e+04
1.416849378531073671e+04
1.418700564971751555e+04
1.420137514124293739e+04
1.421115932203389821e+04
1.421739887005649689e+04
1.421971864406779787e+04
1.422006214689265835e+04
1.422504406779661076e+04
1.423136949152542365e+04
1.423773559322033907e+04
1.424635028248587696e+04
1.425660225988700768e+04
1.426407570621469131e+04
1.426840451977401244e+04
1.427228248587570852e+04
1.427320000000000073e+04
1.427082485875706334e+04
1.426876610169491687e+04
1.426697514124293957e+04
1.426335254237288245e+04
1.425976723163841962e+04
1.425822824858757303e+04
1.425560677966101866e+04
1.425153559322034016e+04
1.424811751412429476e+04
1.424576045197740314e+04
1.424255593220339142e+04
1.423794915254237458e+04
1.423331073446327719e+04
1.422994350282485902e+04
1.422696384180791028e+04
1.422230960451977444e+04
1.421662485875706443e+04
1.421003050847457780e+04
1.420329378531073598e+04
1.419846779661017172e+04
1.419583728813559537e+04
1.419502937853107505e+04
1.419608700564971878e+04
1.420110056497175174e+04
1.420968926553672281e+04
1.421144745762712046e+04
1.420788248587570706e+04
1.419931751412429367e+04
1.418513672316384327e+04
1.416838079096045476e+04
1.415083841807909812e+04
1.412997288135593408e+04
1.410569604519774293e+04
1.408125084745762797e+04
1.405554350282486121e+04
1.403004519774011351e+04
1.400486553672316586e+04
1.398002598870056681e+04
1.395624971751412522e+04
1.393227118644068105e+04
1.390687344632768509e+04
1.388121016949152727e+04
1.385728361581921126e+04
1.383594802259887183e+04
1.381483728813559355e+04
1.379280677966101939e+04
1.377155480225989049e+04
1.375047344632768363e+04
1.372999661016949358e+04
1.371126101694915269e+04
1.369344180790960672e+04
1.367681807909604686e+04
1.366235706214689526e+04
1.364977966101695165e+04
1.363971638418079419e+04
1.363464858757062393e+04
1.363436723163842180e+04
1.363924971751412886e+04
1.364972994350282897e+04
1.366328813559322407e+04
1.367910960451977735e+04
1.370020225988700986e+04
1.372524067796610325e+04
1.374993559322034162e+04
1.377445084745763052e+04
1.380044293785310947e+04
1.382791638418079310e+04
1.385608587570621603e+04
1.388423050847457853e+04
1.391006214689265835e+04
1.393540790960452250e+04
1.395951525423729072e+04
1.398206440677966384e+04
1.400418644067796777e+04
1.402701355932203660e+04
1.404956271186440972e+04
1.406924632768361880e+04
1.408773559322034271e+04
1.410692542372881690e+04
1.412526214689265908e+04
1.414033559322034307e+04
1.415203954802260341e+04
1.416006666666666933e+04
1.416417062146892931e+04
1.416520225988700986e+04
1.416917175141243206e+04
1.417417740112994579e+04
1.418052655367232001e+04
1.419084971751412741e+04
1.420150508474576418e+04
1.420992203389830865e+04
1.421763841807909921e+04
1.422378305084746171e+04
1.422569830508474843e+04
1.422561242937853604e+04
1.422598983050847892e+04
1.422444180790960672e+04
1.422156497175141340e+04
1.421982033898305235e+04
1.421897966101695056e+04
1.421682485875706334e+04
1.421386101694915487e+04
1.421160112994350493e+04
1.421016158192090734e+04
1.420793107344633063e+04
1.420398870056497435e+04
1.420069039548022920e+04
1.419832994350282752e+04
1.419600225988700913e+04
1.419311864406779932e+04
1.418892542372881508e+04
1.418334237288135773e+04
1.417727005649717830e+04
1.417318418079096227e+04
1.417039661016949321e+04
1.416886553672316586e+04
1.416986327683616037e+04
1.417391186440678212e+04
1.418093333333333430e+04
1.418496045197740386e+04
1.418379209039548368e+04
1.417574689265537017e+04
1.416224858757062430e+04
1.414678983050847819e+04
1.412937401129943828e+04
1.410848022598870375e+04
1.408477175141243242e+04
1.405934802259887147e+04
1.403348813559322298e+04
1.400729830508474697e+04
1.398094463276836541e+04
1.395559209039548296e+04
1.393127344632768654e+04
1.390702485875706407e+04
1.388108135593220504e+04
1.385449491525423946e+04
1.383050395480226325e+04
1.380803841807909885e+04
1.378593220338983338e+04
1.376437853107344927e+04
1.374274463276836468e+04
1.372109491525424164e+04
1.370077853107344890e+04
1.368145423728813694e+04
1.366287005649717685e+04
1.364635141242937971e+04
1.363106440677966384e+04
1.361699209039548441e+04
1.360605762711864736e+04
1.359877740112994798e+04
1.359561355932203878e+04
1.359911186440678284e+04
1.360780677966101939e+04
1.361855480225988867e+04
1.363332655367231928e+04
1.365376497175141412e+04
1.367766101694915596e+04
1.370186779661017135e+04
1.372718870056497326e+04
1.375370282485876123e+04
1.377997175141243497e+04
1.380895593220339288e+04
1.383604519774011715e+04
1.386162146892655801e+04
1.388611299435028559e+04
1.390911977401130207e+04
1.392988474576271619e+04
1.395066779661017426e+04
1.397249039548022847e+04
1.399310395480226362e+04
1.401109378531073889e+04
1.402867005649717976e+04
1.404656610169491978e+04
1.406327457627118929e+04
1.407823276836158402e+04
1.408993898305084986e+04
1.409733785310734675e+04
1.410265649717514316e+04
1.410466666666666788e+04
1.410475254237288391e+04
1.410649265536723578e+04
1.411199435028248990e+04
1.412096271186441118e+04
1.412970734463277222e+04
1.413847570621469276e+04
1.414762033898305344e+04
1.415358418079096373e+04
1.415609717514124532e+04
1.415779096045198094e+04
1.415850960451977880e+04
1.415671299435028413e+04
1.415448022598870375e+04
1.415329717514124604e+04
1.415247683615819551e+04
1.415078870056497544e+04
1.414817853107345036e+04
1.414714689265537163e+04
1.414655706214689781e+04
1.414483841807909994e+04
1.414230056497175610e+04
1.414017740112994761e+04
1.413868587570621821e+04
1.413757514124294175e+04
1.413674124293785644e+04
1.413431525423729181e+04
1.413006779661017208e+04
1.412584745762712191e+04
1.412273672316384545e+04
1.412005988700565285e+04
1.411913672316384327e+04
1.412029604519774148e+04
1.412356497175141340e+04
1.413008361581921054e+04
1.413796497175141485e+04
1.413915254237288536e+04
1.413271412429378688e+04
1.412120112994350711e+04
1.410684406779661367e+04
1.408984067796610543e+04
1.406922937853107578e+04
1.404571638418079237e+04
1.402053446327683923e+04
1.399397514124293957e+04
1.396697401129943682e+04
1.393960677966101866e+04
1.391316836158192382e+04
1.388885649717514389e+04
1.386383841807909812e+04
1.383703502824858879e+04
1.381052994350282643e+04
1.378559322033898388e+04
1.376182033898305235e+04
1.373955367231638593e+04
1.371774689265536836e+04
1.369549378531073671e+04
1.367406666666666752e+04
1.365339661016949321e+04
1.363309943502825081e+04
1.361459209039548296e+04
1.359769943502824935e+04
1.358114463276836432e+04
1.356681807909604686e+04
1.355483050847457889e+04
1.354467457627118893e+04
1.353984406779661367e+04
1.354157966101695092e+04
1.354763276836158548e+04
1.355606779661017208e+04
1.356964745762712118e+04
1.358909265536723615e+04
1.361072542372881799e+04
1.363540112994350602e+04
1.366131977401130280e+04
1.368642146892655364e+04
1.371357966101695092e+04
1.374326101694915451e+04
1.377152429378531451e+04
1.379879435028248918e+04
1.382518418079096227e+04
1.384903615819209335e+04
1.387065988700565140e+04
1.389287570621469058e+04
1.391573559322034271e+04
1.393647570621469276e+04
1.395571638418079237e+04
1.397437062146892640e+04
1.399223615819209226e+04
1.401030621468926620e+04
1.402683502824858806e+04
1.403921129943502820e+04
1.404892090395480409e+04
1.405678079096045258e+04
1.406011299435028559e+04
1.405834915254237421e+04
1.405723615819209226e+04
1.406095367231638556e+04
1.406666101694915415e+04
1.407339661016949321e+04
1.408216723163842107e+04
1.409063276836158366e+04
1.409562372881355986e+04
1.409865310734463492e+04
1.410044745762712046e+04
1.410017062146892567e+04
1.409768474576271183e+04
1.409435593220339069e+04
1.409242937853107287e+04
1.409022485875706298e+04
1.408683954802259905e+04
1.408346779661017172e+04
1.408144519774011496e+04
1.407954915254237494e+04
1.407679209039548186e+04
1.407370395480226216e+04
1.407051073446327973e+04
1.406761920903955070e+04
1.406605310734463637e+04
1.406479661016949467e+04
1.406160903954802416e+04
1.405738757062147124e+04
1.405294350282485902e+04
1.404859322033898388e+04
1.404498757062146979e+04
1.404286327683616037e+04
1.404242711864406920e+04
1.404341242937853349e+04
1.404772316384180886e+04
1.405695141242938007e+04
1.406211525423729108e+04
1.405964406779661294e+04
1.405161242937853240e+04
1.404025197740113072e+04
1.402534802259887147e+04
1.400661581920904064e+04
1.398532768361582202e+04
1.396151186440678066e+04
1.393588587570621530e+04
1.390877627118644159e+04
1.388048813559322298e+04
1.385407118644068032e+04
1.382914011299435151e+04
1.380310508474576454e+04
1.377616723163842107e+04
1.374910734463276822e+04
1.372250621468926693e+04
1.369765310734463492e+04
1.367421694915254375e+04
1.365074350282485830e+04
1.362774350282486193e+04
1.360543050847457562e+04
1.358265649717514316e+04
1.356125423728813621e+04
1.354147796610169462e+04
1.352185988700565213e+04
1.350388135593220431e+04
1.348774802259887292e+04
1.347249830508474770e+04
1.345861242937853240e+04
1.345044293785310947e+04
1.344856384180791065e+04
1.344919548022598974e+04
1.345423954802260050e+04
1.346466101694915415e+04
1.347894011299435078e+04
1.349802711864406956e+04
1.352059096045198021e+04
1.354330056497175428e+04
1.356686440677966311e+04
1.359218192090395678e+04
1.361937627118644195e+04
1.364822937853107578e+04
1.367714237288135701e+04
1.370519887005649798e+04
1.372995706214689562e+04
1.375334237288135773e+04
1.377727118644068105e+04
1.380042259887005821e+04
1.382253672316384291e+04
1.384332768361582021e+04
1.386218531073446502e+04
1.388129152542373049e+04
1.390100225988700731e+04
1.391812090395480482e+04
1.393217853107344854e+04
1.394472429378531160e+04
1.395434689265536872e+04
1.395974463276836286e+04
1.396182824858757340e+04
1.395885536723164114e+04
1.395994463276836541e+04
1.396255480225988867e+04
1.396843276836158475e+04
1.397656610169491796e+04
1.398402146892655583e+04
1.398925197740113072e+04
1.399265310734463492e+04
1.399495593220339106e+04
1.399444067796610216e+04
1.399129830508474697e+04
1.398785423728813839e+04
1.398524632768361698e+04
1.398180903954802488e+04
1.397742824858757376e+04
1.397352994350282825e+04
1.397050621468926875e+04
1.396740225988700877e+04
1.396416723163842107e+04
1.396047909604520100e+04
1.395585649717514389e+04
1.395219774011299705e+04
1.395001016949152836e+04
1.394769265536723469e+04
1.394417514124294030e+04
1.393968926553672645e+04
1.393465988700565140e+04
1.392913898305084876e+04
1.392430847457627533e+04
1.392099774011299633e+04
1.391823389830508677e+04
1.391669152542373195e+04
1.391864745762712118e+04
1.392460451977401499e+04
1.393429378531073780e+04
1.393724632768362062e+04
1.393467344632768800e+04
1.392767796610169717e+04
1.391655593220339142e+04
1.390194011299435078e+04
1.388396610169491760e+04
1.386350960451977517e+04
1.384098644067796886e+04
1.381642033898305272e+04
1.379100112994350457e+04
1.376588813559322261e+04
1.374145988700565067e+04
1.371670056497175392e+04
1.369131864406779823e+04
1.366481129943503038e+04
1.363894124293785535e+04
1.361489717514124459e+04
1.359112090395480482e+04
1.356838644067796849e+04
1.354643276836158475e+04
1.352366553672316513e+04
1.350151751412429621e+04
1.348049378531073671e+04
1.346019322033898425e+04
1.344010508474576636e+04
1.342227683615819296e+04
1.340601694915254484e+04
1.338843954802259941e+04
1.337334915254237421e+04
1.336381694915254411e+04
1.335789943502825008e+04
1.335615028248587623e+04
1.335913898305084876e+04
1.336565536723164041e+04
1.337745423728813694e+04
1.339459661016949212e+04
1.341470960451977589e+04
1.343614237288135701e+04
1.345849491525423764e+04
1.348222937853107214e+04
1.350811525423728744e+04
1.353606553672316295e+04
1.356352542372881362e+04
1.359084067796610179e+04
1.361674237288135555e+04
1.364172203389830611e+04
1.366580677966101575e+04
1.368995593220338924e+04
1.371363841807909557e+04
1.373493446327683705e+04
1.375481355932203587e+04
1.377596384180791028e+04
1.379667457627118711e+04
1.381508248587570779e+04
1.383225423728813621e+04
1.384745762711864518e+04
1.385943502824858842e+04
1.386884745762711827e+04
1.387531751412429367e+04
1.387628135593220395e+04
1.387609717514124350e+04
1.387891073446327755e+04
1.388550508474576418e+04
1.389488587570621530e+04
1.390388587570621530e+04
1.391129378531073598e+04
1.391781355932203223e+04
1.392275819209039400e+04
1.392428135593220213e+04
1.392330847457627169e+04
1.392205988700564922e+04
1.392079435028248554e+04
1.391821468926553644e+04
1.391512655367231491e+04
1.391238983050847492e+04
1.390968135593220359e+04
1.390761242937852876e+04
1.390548022598870011e+04
1.390215706214689271e+04
1.389803502824858697e+04
1.389484293785310729e+04
1.389284971751412377e+04
1.389073446327683632e+04
1.388779774011299378e+04
1.388429378531073417e+04
1.387934011299435042e+04
1.387385649717514025e+04
1.386932655367231564e+04
1.386526440677966093e+04
1.386149039548022483e+04
1.385862372881355805e+04
1.385893220338983156e+04
1.386288135593220431e+04
1.386994802259887001e+04
1.387627796610169389e+04
1.387631412429378543e+04
1.387152542372881180e+04
1.386262711864406629e+04
1.384954124293785208e+04
1.383353785310734384e+04
1.381481581920903773e+04
1.379312090395479936e+04
1.377040903954801979e+04
1.374704632768361625e+04
1.372174689265536654e+04
1.369738870056497035e+04
1.367370056497175028e+04
1.364833107344632663e+04
1.362249265536723033e+04
1.359746892655367265e+04
1.357271977401129880e+04
1.354928135593220213e+04
1.352715254237288173e+04
1.350533446327683487e+04
1.348284519774011278e+04
1.346154124293785208e+04
1.344136723163841816e+04
1.342030395480226071e+04
1.340105762711864372e+04
1.338479661016949103e+04
1.336765197740112853e+04
1.335039548022598683e+04
1.333598757062146797e+04
1.332462259887005530e+04
1.331763615819209008e+04
1.331524067796609961e+04
1.331640564971751155e+04
1.332152203389830538e+04
1.333239209039547859e+04
1.334848926553672209e+04
1.336816949152542111e+04
1.339019322033898061e+04
1.341266553672316149e+04
1.343696836158191763e+04
1.346398305084745516e+04
1.349220451977400808e+04
1.352079661016948921e+04
1.354836836158191727e+04
1.357404067796609888e+04
1.359756836158191800e+04
1.362029491525423509e+04
1.364397966101694692e+04
1.366616384180790737e+04
1.368571073446327500e+04
1.370514237288135337e+04
1.372505536723163459e+04
1.374380903954802125e+04
1.376173333333332994e+04
1.377865875706214501e+04
1.379316271186440645e+04
1.380507570621468767e+04
1.381535480225988431e+04
1.382308361581920690e+04
1.382542033898304908e+04
1.382166214689265325e+04
1.382152542372880998e+04
1.382612090395479936e+04
1.383376723163841598e+04
1.384142259887005275e+04
1.384882372881355695e+04
1.385605875706214647e+04
1.386141581920903627e+04
1.386317175141242842e+04
1.386293107344632517e+04
1.386223954802259686e+04
1.386051299435028159e+04
1.385804971751412268e+04
1.385518418079095864e+04
1.385200338983050824e+04
1.384919096045197512e+04
1.384741807909604177e+04
1.384558757062146833e+04
1.384246327683615709e+04
1.383876497175141049e+04
1.383628926553672136e+04
1.383442711864406738e+04
1.383293898305084440e+04
1.383154915254237130e+04
1.382911977401129843e+04
1.382549604519773857e+04
1.382136158192090261e+04
1.381808248587570597e+04
1.381502824858756867e+04
1.381161016949152508e+04
1.380933559322033761e+04
1.380982711864406701e+04
1.381292655367231418e+04
1.381944745762711682e+04
1.382798192090395423e+04
1.383025988700564994e+04
1.382736045197740168e+04
1.381915254237288173e+04
1.380718531073446320e+04
1.379221581920903918e+04
1.377319548022598974e+04
1.375151864406779532e+04
1.372944293785310583e+04
1.370566101694915233e+04
1.367924293785310692e+04
1.365430395480225889e+04
1.362908813559321788e+04
1.360330960451977444e+04
1.357726666666666642e+04
1.355130169491525521e+04
1.352541581920903991e+04
1.350136045197740168e+04
1.347901694915254302e+04
1.345579209039548005e+04
1.343325988700564994e+04
1.341272090395480336e+04
1.339095593220338924e+04
1.336949039548022665e+04
1.335109039548022702e+04
1.333361355932203514e+04
1.331605197740112999e+04
1.329897740112994325e+04
1.328316723163841743e+04
1.326998757062146979e+04
1.326147457627118638e+04
1.325677401129943428e+04
1.325523954802259868e+04
1.325823389830508495e+04
1.326625423728813621e+04
1.327989152542372904e+04
1.329815141242937898e+04
1.331844067796610034e+04
1.333984519774011278e+04
1.336365649717514316e+04
1.338949830508474770e+04
1.341673107344632808e+04
1.344541807909604540e+04
1.347404180790960527e+04
1.350065536723164041e+04
1.352463163841807909e+04
1.354889943502824826e+04
1.357338531073446211e+04
1.359548813559322116e+04
1.361604067796610252e+04
1.363639887005649689e+04
1.365616723163841743e+04
1.367518192090395678e+04
1.369400564971751555e+04
1.371159887005649762e+04
1.372666440677966057e+04
1.373951864406779532e+04
1.375153333333333285e+04
1.376120112994350347e+04
1.376538983050847673e+04
1.376352542372881362e+04
1.376040112994350420e+04
1.376227796610169571e+04
1.376722372881356023e+04
1.377282824858757158e+04
1.377953559322033834e+04
1.378648474576271110e+04
1.379106327683615746e+04
1.379274463276836104e+04
1.379256271186440790e+04
1.379099887005649725e+04
1.378846666666666715e+04
1.378523389830508495e+04
1.378125310734463346e+04
1.377666779661017063e+04
1.377263276836158184e+04
1.377010395480225998e+04
1.376697288135593226e+04
1.376285762711864481e+04
1.375863841807909557e+04
1.375482033898305235e+04
1.375181807909604322e+04
1.374949943502824863e+04
1.374754011299434933e+04
1.374474915254237203e+04
1.374043389830508386e+04
1.373609943502824899e+04
1.373249265536723033e+04
1.372826214689265544e+04
1.372379548022598829e+04
1.372060903954802052e+04
1.371896045197740023e+04
1.371948022598870011e+04
1.372389717514124277e+04
1.373233898305084585e+04
1.373945875706214611e+04
1.374001468926553571e+04
1.373524858757062248e+04
1.372712429378531124e+04
1.371441016949152618e+04
1.369754124293785389e+04
1.367835706214689344e+04
1.365767231638418161e+04
1.363582937853107433e+04
1.361135819209039619e+04
1.358636045197740168e+04
1.356112316384180849e+04
1.353585649717514025e+04
1.351051977401129989e+04
1.348374576271186379e+04
1.345757966101694910e+04
1.343395932203389748e+04
1.340982033898305235e+04
1.338584858757062102e+04
1.336390508474576200e+04
1.334173559322033907e+04
1.331863841807909557e+04
1.329675141242937752e+04
1.327681355932203405e+04
1.325756949152542074e+04
1.323909604519773893e+04
1.322036610169491541e+04
1.320189265536723178e+04
1.318640112994350420e+04
1.317447570621468913e+04
1.316593446327683705e+04
1.316088022598870157e+04
1.315951299435028341e+04
1.316309491525423800e+04
1.317306214689265471e+04
1.318745649717514243e+04
1.320431073446327719e+04
1.322349717514124313e+04
1.324464745762711755e+04
1.326775480225988576e+04
1.329307231638418125e+04
1.332029265536723142e+04
1.334669943502824935e+04
1.337332994350282388e+04
1.339908474576271146e+04
1.342515819209039546e+04
1.345028587570621312e+04
1.347349830508474406e+04
1.349576045197740132e+04
1.351715706214689271e+04
1.353755480225988867e+04
1.355763389830508459e+04
1.357792768361582057e+04
1.359681694915254229e+04
1.361301807909604395e+04
1.362772655367231710e+04
1.364221016949152545e+04
1.365420338983050897e+04
1.366145084745762870e+04
1.366312655367231673e+04
1.366025762711864445e+04
1.366060451977400953e+04
1.366379774011299378e+04
1.366901355932203296e+04
1.367636158192090443e+04
1.368386779661016953e+04
1.368963728813559283e+04
1.369299209039548077e+04
1.369427570621468840e+04
1.369372881355932259e+04
1.369210734463276822e+04
1.368999887005649543e+04
1.368621920903954742e+04
1.368185310734463201e+04
1.367840338983050788e+04
1.367582485875706152e+04
1.367295254237288100e+04
1.366925649717514170e+04
1.366530056497175065e+04
1.366156836158192164e+04
1.365824971751412522e+04
1.365612203389830393e+04
1.365459435028248481e+04
1.365172090395480336e+04
1.364774463276836104e+04
1.364414350282485975e+04
1.364041581920903991e+04
1.363585310734463383e+04
1.363129039548022592e+04
1.362756158192090334e+04
1.362394350282485902e+04
1.362279548022599010e+04
1.362565988700564958e+04
1.363081807909604686e+04
1.363935819209039619e+04
1.364365536723163859e+04
1.364323502824858770e+04
1.363812768361581766e+04
1.362837401129943464e+04
1.361433446327683487e+04
1.359701355932203478e+04
1.357856497175141340e+04
1.355903389830508604e+04
1.353632655367231564e+04
1.351120000000000073e+04
1.348647909604519919e+04
1.346306327683615746e+04
1.343764180790960381e+04
1.341128248587570852e+04
1.338674802259886928e+04
1.336261468926553789e+04
1.333814802259887074e+04
1.331529152542373049e+04
1.329370734463277040e+04
1.327118418079096227e+04
1.324871186440678139e+04
1.322704745762711900e+04
1.320654124293785389e+04
1.318778870056497180e+04
1.316945875706214792e+04
1.315044180790960672e+04
1.313191073446327755e+04
1.311556949152542438e+04
1.310214463276836250e+04
1.309244180790960490e+04
1.308545084745762870e+04
1.308172203389830611e+04
1.308341694915254266e+04
1.309106666666666752e+04
1.310334576271186597e+04
1.311895480225988649e+04
1.313760112994350493e+04
1.315752655367231637e+04
1.317972316384180886e+04
1.320550734463276967e+04
1.323178305084745989e+04
1.325751412429378615e+04
1.328526553672316732e+04
1.331203615819209153e+04
1.333847457627118638e+04
1.336356384180791065e+04
1.338741581920904173e+04
1.341036836158192273e+04
1.343204971751412631e+04
1.345243163841808018e+04
1.347308248587570779e+04
1.349417740112994579e+04
1.351338418079096118e+04
1.353039209039548223e+04
1.354648587570621567e+04
1.356249830508474770e+04
1.357642598870056645e+04
1.358640112994350420e+04
1.359144745762712046e+04
1.359163163841807909e+04
1.358991073446327937e+04
1.359172429378531160e+04
1.359655028248587769e+04
1.360411638418079201e+04
1.361226101694915269e+04
1.361926327683616000e+04
1.362461129943502965e+04
1.362715932203390003e+04
1.362785536723164114e+04
1.362774802259887110e+04
1.362618983050847601e+04
1.362284519774011460e+04
1.361877062146892786e+04
1.361530282485875796e+04
1.361260677966101866e+04
1.360948587570621748e+04
1.360585762711864481e+04
1.360199435028248809e+04
1.359753785310734747e+04
1.359371186440678139e+04
1.359156497175141340e+04
1.358949717514124495e+04
1.358627570621469204e+04
1.358252090395480263e+04
1.357919435028248699e+04
1.357475367231638484e+04
1.357009830508474624e+04
1.356593446327683705e+04
1.356072768361581984e+04
1.355606779661016844e+04
1.355386553672316586e+04
1.355430395480226071e+04
1.355730621468926620e+04
1.356359774011299487e+04
1.357140451977401244e+04
1.357376610169491505e+04
1.357143389830508568e+04
1.356431412429378543e+04
1.355215141242938080e+04
1.353642033898305272e+04
1.351993107344632881e+04
1.350224971751412522e+04
1.348072542372881435e+04
1.345591977401130134e+04
1.343220338983050897e+04
1.340823841807909776e+04
1.338238192090395387e+04
1.335693220338983156e+04
1.333241581920903991e+04
1.330712881355932223e+04
1.328278983050847455e+04
1.326006666666666933e+04
1.323772994350282715e+04
1.321541807909604722e+04
1.319297853107344781e+04
1.317064180790960563e+04
1.315003841807909703e+04
1.313119548022598974e+04
1.311246101694915524e+04
1.309369039548022738e+04
1.307474124293785462e+04
1.305733220338983301e+04
1.304303502824858879e+04
1.303171412429378688e+04
1.302268813559322189e+04
1.301677062146892786e+04
1.301638531073446393e+04
1.302111412429378652e+04
1.303079887005649834e+04
1.304547683615819187e+04
1.306230508474576345e+04
1.308048813559322298e+04
1.310273785310734638e+04
1.312765762711864591e+04
1.315248361581921017e+04
1.317852655367231637e+04
1.320652655367231637e+04
1.323357288135593262e+04
1.325970621468926765e+04
1.328434802259886965e+04
1.330831751412429549e+04
1.333128700564971950e+04
1.335225988700564994e+04
1.337218644067796777e+04
1.339275706214689490e+04
1.341347796610169462e+04
1.343228700564971950e+04
1.344922259887005748e+04
1.346563050847457635e+04
1.348178079096045258e+04
1.349664180790960745e+04
1.350847005649717539e+04
1.351538870056497399e+04
1.351781920903954961e+04
1.351670169491525667e+04
1.351540564971751519e+04
1.351827231638418198e+04
1.352385988700565031e+04
1.353086553672316404e+04
1.353801581920904027e+04
1.354327909604519846e+04
1.354608813559322152e+04
1.354721807909604831e+04
1.354728700564971950e+04
1.354573333333333539e+04
1.354211864406779750e+04
1.353768135593220359e+04
1.353393672316384254e+04
1.353040790960452068e+04
1.352695932203390112e+04
1.352351186440678066e+04
1.351924971751412522e+04
1.351439209039548041e+04
1.351048813559322116e+04
1.350850734463277149e+04
1.350596723163842034e+04
1.350308813559322152e+04
1.350061920903954888e+04
1.349714124293785426e+04
1.349335706214689344e+04
1.349001016949152472e+04
1.348601807909604577e+04
1.348109943502824899e+04
1.347660451977401135e+04
1.347389830508474552e+04
1.347332203389830465e+04
1.347497288135593408e+04
1.347983615819209081e+04
1.348824745762711973e+04
1.349333672316384400e+04
1.349385988700565031e+04
1.348917401129943755e+04
1.347841694915254266e+04
1.346438757062146942e+04
1.344966666666666606e+04
1.343289039548022629e+04
1.341239774011299596e+04
1.338947344632768545e+04
1.336599322033898534e+04
1.334131299435028268e+04
1.331634915254237239e+04
1.329187909604519882e+04
1.326702711864406956e+04
1.324204745762711900e+04
1.321823502824858770e+04
1.319536836158192091e+04
1.317352655367231637e+04
1.315194463276836177e+04
1.312955706214689417e+04
1.310775480225988758e+04
1.308735028248587696e+04
1.306855706214689235e+04
1.305047457627118638e+04
1.303201468926553571e+04
1.301310056497175174e+04
1.299532542372881289e+04
1.298058644067796558e+04
1.296784632768361371e+04
1.295690960451977298e+04
1.294969152542372831e+04
1.294655254237288136e+04
1.294790621468926474e+04
1.295587344632768327e+04
1.296827909604519664e+04
1.298231751412429367e+04
1.299940451977401062e+04
1.302058644067796558e+04
1.304350282485875505e+04
1.306692316384180776e+04
1.309245423728813512e+04
1.311988361581920981e+04
1.314717966101694947e+04
1.317308587570621421e+04
1.319798531073446247e+04
1.322255028248587587e+04
1.324568248587570633e+04
1.326654237288135482e+04
1.328659435028248663e+04
1.330744293785310765e+04
1.332795141242937825e+04
1.334681581920903773e+04
1.336417401129943573e+04
1.338064971751412486e+04
1.339709378531073526e+04
1.341309152542372976e+04
1.342627796610169389e+04
1.343484745762711827e+04
1.343977175141243060e+04
1.344107796610169316e+04
1.343820564971751446e+04
1.343932316384180740e+04
1.344389039548022629e+04
1.345104745762711718e+04
1.345882937853107433e+04
1.346523615819208862e+04
1.346947796610169462e+04
1.347214350282485975e+04
1.347399096045197621e+04
1.347354463276836032e+04
1.347103954802259977e+04
1.346780903954802125e+04
1.346451977401129989e+04
1.346136949152542365e+04
1.345864858757062029e+04
1.345627683615819114e+04
1.345220225988700622e+04
1.344778418079096082e+04
1.344502146892655219e+04
1.344274011299435006e+04
1.344057401129943537e+04
1.343897062146892858e+04
1.343683615819209081e+04
1.343397627118644050e+04
1.343125423728813621e+04
1.342873898305084731e+04
1.342532542372881289e+04
1.342082372881356059e+04
1.341676723163841962e+04
1.341341920903954815e+04
1.341206779661017026e+04
1.341278757062146906e+04
1.341513898305084876e+04
1.342210734463276822e+04
1.342989378531073453e+04
1.343311864406779750e+04
1.342999435028248627e+04
1.342042598870056463e+04
1.340791412429378761e+04
1.339388587570621530e+04
1.337695593220338924e+04
1.335710734463277004e+04
1.333492768361582057e+04
1.331071299435028413e+04
1.328602485875706225e+04
1.326183276836158257e+04
1.323720790960451995e+04
1.321230508474576345e+04
1.318747909604519919e+04
1.316298079096045331e+04
1.314000225988700731e+04
1.311796384180791210e+04
1.309602146892655583e+04
1.307353785310734565e+04
1.305127909604519846e+04
1.303030169491525521e+04
1.301096384180791028e+04
1.299277288135593335e+04
1.297391299435028304e+04
1.295427344632768472e+04
1.293631299435028268e+04
1.292034915254237421e+04
1.290550847457627242e+04
1.289359435028248663e+04
1.288434576271186597e+04
1.287778079096045258e+04
1.287684180790960636e+04
1.288251525423728890e+04
1.289188813559322080e+04
1.290379096045197730e+04
1.291991299435028486e+04
1.293974350282486193e+04
1.296104293785310801e+04
1.298380225988700840e+04
1.300912881355932404e+04
1.303628926553672500e+04
1.306346101694915342e+04
1.308985084745763015e+04
1.311556836158192345e+04
1.314105762711864372e+04
1.316442824858757194e+04
1.318558644067796558e+04
1.320615706214689453e+04
1.322697740112994506e+04
1.324740000000000146e+04
1.326661242937853240e+04
1.328401016949152836e+04
1.330026666666666642e+04
1.331701016949152654e+04
1.333363276836158366e+04
1.334732429378531378e+04
1.335749152542373122e+04
1.336465423728813767e+04
1.336756271186440790e+04
1.336522598870056754e+04
1.336345988700565067e+04
1.336579661016949285e+04
1.337140677966101794e+04
1.337874124293785462e+04
1.338487796610169607e+04
1.338945988700565067e+04
1.339301355932203478e+04
1.339532429378531197e+04
1.339531525423728817e+04
1.339326440677966093e+04
1.339054802259887038e+04
1.338668361581920908e+04
1.338319435028248699e+04
1.338103841807909703e+04
1.337803841807909703e+04
1.337369265536723105e+04
1.336978983050847819e+04
1.336641129943502892e+04
1.336358644067796740e+04
1.336154802259887038e+04
1.336002485875706407e+04
1.335787118644067959e+04
1.335511412429378652e+04
1.335320338983050897e+04
1.335086553672316404e+04
1.334785423728813475e+04
1.334424406779661149e+04
1.333971977401130061e+04
1.333645310734463419e+04
1.333490282485875650e+04
1.333373333333333358e+04
1.333460112994350493e+04
1.334057627118644086e+04
1.335031299435028268e+04
1.335788135593220431e+04
1.335810282485875723e+04
1.335227231638418016e+04
1.334313446327683778e+04
1.333101468926553753e+04
1.331624067796610143e+04
1.329870282485875759e+04
1.327831638418079092e+04
1.325553898305084840e+04
1.323086101694915124e+04
1.320609604519774075e+04
1.318136610169491541e+04
1.315619096045197875e+04
1.313075706214689308e+04
1.310572542372881435e+04
1.308214350282485975e+04
1.305964745762711937e+04
1.303725536723163896e+04
1.301454237288135664e+04
1.299174237288135555e+04
1.296989378531073635e+04
1.295043954802260123e+04
1.293193898305084986e+04
1.291227118644068105e+04
1.289302937853107505e+04
1.287479661016949467e+04
1.285726440677966093e+04
1.284181129943503038e+04
1.282904858757062175e+04
1.281741807909604540e+04
1.280845423728813694e+04
1.280562259887005712e+04
1.280854576271186670e+04
1.281495480225988831e+04
1.282517740112994579e+04
1.283996045197740386e+04
1.285810056497175356e+04
1.287803502824859061e+04
1.289988022598870157e+04
1.292494802259887365e+04
1.295149830508474770e+04
1.297826440677966093e+04
1.300544745762712046e+04
1.303248361581920835e+04
1.305924971751412522e+04
1.308384180790960636e+04
1.310650960451977517e+04
1.312832203389830647e+04
1.315003389830508604e+04
1.317170847457627315e+04
1.319226666666666824e+04
1.321044180790960672e+04
1.322783954802259905e+04
1.324605197740113181e+04
1.326376271186440863e+04
1.327909152542372976e+04
1.329203050847457780e+04
1.330217853107344854e+04
1.330781694915254411e+04
1.330846666666666715e+04
1.330530056497175246e+04
1.330527457627118747e+04
1.330949943502825045e+04
1.331586779661017135e+04
1.332172994350282534e+04
1.332666214689265689e+04
1.333117175141243024e+04
1.333380112994350384e+04
1.333431073446327900e+04
1.333347118644067996e+04
1.333046214689265616e+04
1.332621581920904100e+04
1.332303954802259977e+04
1.332025649717514170e+04
1.331661920903954888e+04
1.331223954802259868e+04
1.330792994350282606e+04
1.330372881355932259e+04
1.329999096045197803e+04
1.329780451977401390e+04
1.329543728813559392e+04
1.329264067796610470e+04
1.329009717514124350e+04
1.328744406779661222e+04
1.328501581920904209e+04
1.328238418079096300e+04
1.327809265536723251e+04
1.327328022598870120e+04
1.327020564971751446e+04
1.326717288135593299e+04
1.326409830508474624e+04
1.326394350282485902e+04
1.326756836158192164e+04
1.327427683615819114e+04
1.328520903954802270e+04
1.328917401129943573e+04
1.328729717514124422e+04
1.328100000000000182e+04
1.327157853107344818e+04
1.325920790960451995e+04
1.324401355932203478e+04
1.322640225988700695e+04
1.320563502824858915e+04
1.318252203389830720e+04
1.315815819209039728e+04
1.313319322033898425e+04
1.310767909604519991e+04
1.308156045197740241e+04
1.305577627118644159e+04
1.303130847457627169e+04
1.300769717514124568e+04
1.298472768361581984e+04
1.296124745762711973e+04
1.293682372881356059e+04
1.291414350282485975e+04
1.289358644067796740e+04
1.287313446327683778e+04
1.285266779661017063e+04
1.283279548022599010e+04
1.281260564971751592e+04
1.279323954802260050e+04
1.277653220338983010e+04
1.276138305084745843e+04
1.274647683615819369e+04
1.273473333333333539e+04
1.272850508474576418e+04
1.272719661016949249e+04
1.272978531073446538e+04
1.273669604519774293e+04
1.274871638418079419e+04
1.276377401129943792e+04
1.278081242937853312e+04
1.280099774011299814e+04
1.282391299435028486e+04
1.284862372881356350e+04
1.287443050847457926e+04
1.290076497175141594e+04
1.292674011299435188e+04
1.295252542372881726e+04
1.297786327683616037e+04
1.300132090395480554e+04
1.302336271186440717e+04
1.304547796610169644e+04
1.306797514124293957e+04
1.308883050847457707e+04
1.310737062146893004e+04
1.312558418079096373e+04
1.314436384180791174e+04
1.316244971751412595e+04
1.317898757062147342e+04
1.319421920903954924e+04
1.320661355932203514e+04
1.321468813559322371e+04
1.321859887005649944e+04
1.321812994350282679e+04
1.321564632768361844e+04
1.321838418079096300e+04
1.322333333333333576e+04
1.322863163841808273e+04
1.323439548022599047e+04
1.323913220338983228e+04
1.324215819209039728e+04
1.324416158192090552e+04
1.324382711864407065e+04
1.324099548022599265e+04
1.323718079096045403e+04
1.323409491525423982e+04
1.323101920903955033e+04
1.322709039548022884e+04
1.322323276836158402e+04
1.321848474576271474e+04
1.321363954802260196e+04
1.321006779661017208e+04
1.320722711864407029e+04
1.320452316384180995e+04
1.320205084745762906e+04
1.319911751412429658e+04
1.319642711864407102e+04
1.319489491525424091e+04
1.319217288135593481e+04
1.318778644067796995e+04
1.318407457627118856e+04
1.318107457627118856e+04
1.317702598870056681e+04
1.317372655367231891e+04
1.317287683615819333e+04
1.317390282485876014e+04
1.317893898305084804e+04
1.318889604519774184e+04
1.319644180790960672e+04
1.319777740112994434e+04
1.319453785310734747e+04
1.318728813559322225e+04
1.317694463276836359e+04
1.316424632768361698e+04
1.314856271186440972e+04
1.312955480225989049e+04
1.310892542372881690e+04
1.308619209039548150e+04
1.306172655367231891e+04
1.303638983050847673e+04
1.301171751412429512e+04
1.298626327683616000e+04
1.296147118644067996e+04
1.293841355932203442e+04
1.291610734463276822e+04
1.289245762711864518e+04
1.286861129943502965e+04
1.284667118644067887e+04
1.282582259887005966e+04
1.280556723163842071e+04
1.278633785310734675e+04
1.276698757062146979e+04
1.274663841807909921e+04
1.272797627118644232e+04
1.271152994350282825e+04
1.269555367231638593e+04
1.267996271186440936e+04
1.266713446327683778e+04
1.265929152542373049e+04
1.265544180790960672e+04
1.265545875706214792e+04
1.266091525423729036e+04
1.267086779661017135e+04
1.268386666666666861e+04
1.269965084745762942e+04
1.271850621468926693e+04
1.274013785310734784e+04
1.276374011299435188e+04
1.278918305084745953e+04
1.281542146892655728e+04
1.284044180790960672e+04
1.286559661016949212e+04
1.289207005649717757e+04
1.291616271186441008e+04
1.293876158192090588e+04
1.296187683615819333e+04
1.298512994350282679e+04
1.300649830508474770e+04
1.302585875706214938e+04
1.304524406779661149e+04
1.306453107344633099e+04
1.308301581920904209e+04
1.310118079096045403e+04
1.311821016949152909e+04
1.313248361581921199e+04
1.314361355932203696e+04
1.315049152542373122e+04
1.315225649717514352e+04
1.315062824858757267e+04
1.315088474576271619e+04
1.315386553672316586e+04
1.315899435028248809e+04
1.316439322033898679e+04
1.316902937853107505e+04
1.317282824858757340e+04
1.317569943502825117e+04
1.317582937853107433e+04
1.317315932203390184e+04
1.317003841807909885e+04
1.316658531073446466e+04
1.316290169491525739e+04
1.315934011299435224e+04
1.315506892655367483e+04
1.314971186440678139e+04
1.314479774011299742e+04
1.314043728813559574e+04
1.313674124293785644e+04
1.313409491525423982e+04
1.313091638418079310e+04
1.312719322033898607e+04
1.312484067796610361e+04
1.312321581920904282e+04
1.311965762711864591e+04
1.311570056497175392e+04
1.311263276836158366e+04
1.310860451977401317e+04
1.310432090395480191e+04
1.310088135593220431e+04
1.309813220338983228e+04
1.309718644067796777e+04
1.310029943502824972e+04
1.310795480225988831e+04
1.311840564971751519e+04
1.312294237288135628e+04
1.312200564971751555e+04
1.311633333333333576e+04
1.310805536723164005e+04
1.309687457627118783e+04
1.308197401129943682e+04
1.306479661016949467e+04
1.304578531073446356e+04
1.302343389830508750e+04
1.299920790960452359e+04
1.297501581920904209e+04
1.295072881355932623e+04
1.292501355932203660e+04
1.290050847457627424e+04
1.287812090395480482e+04
1.285567909604520173e+04
1.283211751412429658e+04
1.280906101694915560e+04
1.278701129943503111e+04
1.276537288135593553e+04
1.274550395480226143e+04
1.272659322033898570e+04
1.270663615819209372e+04
1.268633559322034125e+04
1.266757740112994725e+04
1.265067570621469349e+04
1.263358983050847746e+04
1.261664858757062393e+04
1.260271186440678503e+04
1.259231073446328082e+04
1.258523728813559501e+04
1.258262146892655801e+04
1.258528135593220577e+04
1.259236158192090625e+04
1.260270847457627315e+04
1.261630734463276895e+04
1.263324858757062248e+04
1.265245988700565067e+04
1.267447118644068178e+04
1.269934463276836323e+04
1.272428361581921126e+04
1.274843954802260123e+04
1.277295367231638738e+04
1.279958983050847746e+04
1.282362937853107360e+04
1.284634011299435224e+04
1.286973898305085095e+04
1.289275819209039764e+04
1.291364632768361844e+04
1.293344293785311129e+04
1.295273898305085095e+04
1.297117401129943755e+04
1.298952203389830720e+04
1.300779887005650016e+04
1.302475141242938116e+04
1.304007570621469131e+04
1.305295141242938189e+04
1.306101468926553935e+04
1.306431977401130280e+04
1.306439096045197948e+04
1.306222824858757485e+04
1.306354350282486121e+04
1.306775141242938116e+04
1.307253785310734747e+04
1.307703728813559610e+04
1.308196271186441118e+04
1.308556271186441154e+04
1.308629943502825336e+04
1.308506440677966384e+04
1.308252090395480627e+04
1.307904632768361807e+04
1.307607231638418307e+04
1.307283615819209444e+04
1.306855932203390148e+04
1.306396610169491760e+04
1.305902711864407138e+04
1.305430734463277258e+04
1.305105536723164187e+04
1.304859887005649944e+04
1.304478192090395714e+04
1.304155254237288318e+04
1.304013107344632954e+04
1.303791977401130134e+04
1.303485649717514389e+04
1.303213672316384327e+04
1.302907457627118856e+04
1.302526440677966457e+04
1.302163050847457998e+04
1.301800903954802561e+04
1.301432203389830829e+04
1.301210960451977735e+04
1.301360790960452323e+04
1.301919322033898607e+04
1.302819548022599156e+04
1.303672994350282897e+04
1.303868135593220723e+04
1.303630395480226252e+04
1.303084293785310911e+04
1.302124293785311056e+04
1.300837288135593553e+04
1.299375819209039764e+04
1.297617966101695129e+04
1.295481468926553862e+04
1.293168248587570997e+04
1.290827683615819478e+04
1.288440112994350420e+04
1.285917627118644305e+04
1.283494915254237640e+04
1.281235028248587696e+04
1.278915932203390003e+04
1.276604971751412631e+04
1.274314124293785608e+04
1.272005649717514461e+04
1.269812090395480482e+04
1.267809830508474806e+04
1.265892429378531233e+04
1.263864293785311020e+04
1.261811525423729108e+04
1.259969830508474843e+04
1.258222937853107760e+04
1.256426666666667006e+04
1.254710282485876087e+04
1.253221468926554007e+04
1.251986892655367410e+04
1.251061694915254520e+04
1.250580451977401390e+04
1.250638983050847673e+04
1.251094350282486084e+04
1.251938305084746025e+04
1.253190056497175465e+04
1.254685536723164114e+04
1.256466214689265689e+04
1.258612316384181031e+04
1.261048926553672572e+04
1.263522598870056754e+04
1.265935593220339069e+04
1.268398418079096155e+04
1.271028248587570852e+04
1.273516158192090552e+04
1.275942711864407102e+04
1.278388587570621712e+04
1.280731977401130280e+04
1.282942033898305272e+04
1.285059661016949394e+04
1.287037401129943828e+04
1.288952316384180995e+04
1.290882485875706334e+04
1.292751751412429621e+04
1.294559887005649944e+04
1.296300451977401462e+04
1.297797401129943682e+04
1.298858757062147197e+04
1.299445875706214792e+04
1.299699548022599083e+04
1.299776158192090588e+04
1.299791977401130134e+04
1.300105423728813912e+04
1.300510282485875905e+04
1.301043389830508750e+04
1.301629265536723324e+04
1.302061920903955070e+04
1.302314915254237530e+04
1.302335819209039619e+04
1.302142033898305090e+04
1.301908926553672427e+04
1.301668587570621457e+04
1.301364745762712118e+04
1.301016497175141558e+04
1.300617401129943755e+04
1.300075593220339215e+04
1.299621694915254375e+04
1.299356271186440790e+04
1.299014350282486157e+04
1.298622598870056754e+04
1.298373333333333539e+04
1.298180451977401390e+04
1.297929604519774330e+04
1.297688135593220613e+04
1.297435819209039801e+04
1.297126666666667006e+04
1.296783050847458071e+04
1.296465084745762942e+04
1.296085649717514389e+04
1.295657401129943901e+04
1.295345762711864518e+04
1.295330960451977626e+04
1.295713220338983228e+04
1.296445310734463601e+04
1.297445875706214792e+04
1.297999548022599083e+04
1.298142711864406920e+04
1.297842937853107469e+04
1.297096836158192309e+04
1.296096836158192309e+04
1.294886327683616037e+04
1.293321016949152909e+04
1.291388926553672536e+04
1.289265084745762942e+04
1.287053672316384473e+04
1.284791525423729036e+04
1.282446440677966166e+04
1.279948700564972023e+04
1.277508813559322334e+04
1.275103954802260159e+04
1.272721242937853458e+04
1.270310056497175174e+04
1.267849604519774221e+04
1.265507231638418307e+04
1.263402824858757231e+04
1.261327005649717830e+04
1.259131751412429730e+04
1.257010169491525812e+04
1.255051864406780078e+04
1.253128587570621676e+04
1.251194011299435260e+04
1.249334689265536872e+04
1.247667909604520173e+04
1.246143389830508750e+04
1.244914463276836614e+04
1.244156384180791247e+04
1.243832655367231928e+04
1.243954576271186670e+04
1.244542033898305272e+04
1.245510169491525812e+04
1.246726779661017099e+04
1.248272542372881617e+04
1.250241468926553898e+04
1.252516271186440827e+04
1.254882937853107433e+04
1.257226666666667006e+04
1.259603050847457780e+04
1.262157175141242988e+04
1.264723841807909776e+04
1.267240677966101794e+04
1.269687683615819333e+04
1.272063389830508459e+04
1.274371073446327864e+04
1.276531186440677993e+04
1.278560112994350493e+04
1.280561807909604613e+04
1.282510395480226180e+04
1.284418079096045403e+04
1.286323728813559501e+04
1.288210734463277186e+04
1.289933220338983301e+04
1.291242485875706370e+04
1.292064519774011387e+04
1.292615480225988722e+04
1.292998192090395605e+04
1.292989152542372904e+04
1.292986666666666679e+04
1.293231751412429730e+04
1.293650056497175319e+04
1.294109265536723251e+04
1.294532429378531197e+04
1.294789265536723360e+04
1.294765197740113217e+04
1.294550282485875869e+04
1.294285649717514207e+04
1.293909943502824899e+04
1.293529717514124241e+04
1.293165310734463492e+04
1.292603954802259977e+04
1.291947344632768363e+04
1.291458870056497108e+04
1.291027118644067923e+04
1.290524971751412522e+04
1.290075593220339215e+04
1.289725310734463346e+04
1.289396271186440754e+04
1.289068361581920908e+04
1.288783276836158257e+04
1.288455706214689417e+04
1.288083389830508531e+04
1.287730395480226071e+04
1.287378418079096082e+04
1.286952316384180813e+04
1.286452994350282461e+04
1.285995932203389748e+04
1.285808587570621603e+04
1.285970282485875759e+04
1.286448700564971841e+04
1.287267683615819260e+04
1.288173220338983083e+04
1.288593107344632881e+04
1.288478531073446356e+04
1.287934915254237421e+04
1.287157288135593262e+04
1.286127118644067741e+04
1.284728022598869939e+04
1.283003276836158329e+04
1.281014915254237349e+04
1.278905310734463274e+04
1.276794350282485902e+04
1.274574915254237203e+04
1.272109265536723251e+04
1.269690847457627024e+04
1.267347005649717539e+04
1.265068361581920908e+04
1.262703050847457598e+04
1.260255028248587587e+04
1.258000112994350275e+04
1.255933107344632663e+04
1.253846666666666715e+04
1.251719774011299342e+04
1.249668248587570633e+04
1.247760338983050679e+04
1.245832542372881289e+04
1.243919661016949249e+04
1.242118079096045221e+04
1.240371864406779605e+04
1.238741920903954815e+04
1.237394463276836177e+04
1.236422937853107396e+04
1.235831977401129916e+04
1.235721242937853094e+04
1.236101581920903845e+04
1.236819887005649798e+04
1.237795819209039473e+04
1.239133559322033943e+04
1.240887344632768509e+04
1.243003728813559428e+04
1.245237401129943464e+04
1.247458983050847382e+04
1.249763502824858733e+04
1.252147570621469094e+04
1.254721016949152727e+04
1.257266892655367337e+04
1.259726101694915269e+04
1.262169717514124386e+04
1.264508361581921054e+04
1.266705988700564922e+04
1.268801920903955033e+04
1.270829830508474697e+04
1.272790508474576200e+04
1.274704180790960527e+04
1.276621242937853094e+04
1.278606666666666570e+04
1.280486779661017135e+04
1.281937401129943464e+04
1.282950169491525412e+04
1.283750282485875869e+04
1.284315367231638447e+04
1.284499887005649725e+04
1.284343050847457744e+04
1.284496610169491578e+04
1.284832316384180740e+04
1.285298644067796704e+04
1.285820112994350347e+04
1.286131186440677993e+04
1.286216949152542293e+04
1.286161242937853240e+04
1.285906327683615746e+04
1.285562033898305162e+04
1.285306101694915196e+04
1.284945536723163787e+04
1.284376384180790956e+04
1.283795141242937825e+04
1.283316045197740095e+04
1.282827118644067923e+04
1.282318192090395496e+04
1.281890621468926474e+04
1.281508700564971514e+04
1.281148926553672209e+04
1.280846553672316440e+04
1.280556384180790883e+04
1.280217966101694765e+04
1.279864406779660931e+04
1.279520790960451995e+04
1.279195141242937825e+04
1.278777514124293884e+04
1.278223954802259868e+04
1.277698418079096155e+04
1.277355480225988686e+04
1.277279435028248554e+04
1.277526666666666642e+04
1.278132429378531015e+04
1.278996271186440572e+04
1.279699661016949176e+04
1.279812203389830393e+04
1.279523389830508313e+04
1.278952429378530906e+04
1.278091864406779496e+04
1.276906892655367119e+04
1.275350960451977153e+04
1.273477514124293884e+04
1.271488474576271256e+04
1.269484858757062102e+04
1.267351638418079165e+04
1.264959435028248663e+04
1.262580338983050751e+04
1.260368361581920726e+04
1.258185988700564849e+04
1.255862033898305162e+04
1.253513107344632590e+04
1.251327005649717466e+04
1.249299548022598901e+04
1.247222259887005566e+04
1.245150847457627060e+04
1.243196610169491396e+04
1.241281242937852949e+04
1.239365762711864227e+04
1.237516158192090370e+04
1.235718418079095864e+04
1.233915254237287809e+04
1.232219322033898061e+04
1.230762485875706079e+04
1.229566892655367155e+04
1.228732768361581839e+04
1.228407909604519773e+04
1.228535141242937607e+04
1.229025649717514170e+04
1.229772090395480154e+04
1.230857627118643904e+04
1.232437288135593190e+04
1.234345649717514061e+04
1.236439209039547859e+04
1.238614011299435151e+04
1.240791073446327573e+04
1.243063050847457635e+04
1.245546666666666533e+04
1.248090395480225925e+04
1.250573559322033907e+04
1.253007570621468767e+04
1.255343728813559210e+04
1.257554124293785208e+04
1.259654237288135482e+04
1.261685649717514025e+04
1.263627796610169389e+04
1.265464858757061847e+04
1.267344745762711682e+04
1.269384519774011278e+04
1.271304293785310438e+04
1.272842485875706006e+04
1.274025197740112890e+04
1.274986779661016772e+04
1.275684971751412377e+04
1.276029943502824608e+04
1.275988587570621348e+04
1.276010169491525266e+04
1.276293446327683523e+04
1.276847570621468913e+04
1.277425875706214720e+04
1.277869717514124204e+04
1.278211412429378470e+04
1.278306779661016844e+04
1.278165197740112853e+04
1.278022824858756940e+04
1.277922711864406665e+04
1.277653559322033834e+04
1.277226892655367192e+04
1.276816384180790919e+04
1.276427231638418016e+04
1.276010508474576272e+04
1.275631864406779641e+04
1.275301016949152472e+04
1.274993333333333248e+04
1.274752542372881362e+04
1.274558305084745734e+04
1.274383728813559355e+04
1.274167796610169535e+04
1.273925310734463164e+04
1.273737740112994288e+04
1.273562146892655255e+04
1.273273898305084549e+04
1.272851412429378615e+04
1.272424858757062066e+04
1.272078418079096082e+04
1.271928926553672136e+04
1.272143502824858660e+04
1.272642711864406738e+04
1.273389491525423728e+04
1.274390395480225925e+04
1.274808361581920872e+04
1.274770847457627133e+04
1.274391977401129770e+04
1.273740338983050788e+04
1.272754802259886856e+04
1.271356610169491614e+04
1.269597740112994325e+04
1.267718870056497144e+04
1.265808135593220322e+04
1.263696723163841671e+04
1.261365423728813403e+04
1.258968361581920908e+04
1.256710169491525448e+04
1.254474576271186379e+04
1.252084519774011278e+04
1.249709039548022520e+04
1.247512994350282497e+04
1.245382937853107251e+04
1.243245649717514061e+04
1.241187683615818969e+04
1.239212542372881217e+04
1.237254124293785208e+04
1.235348700564971659e+04
1.233539548022598683e+04
1.231730734463276895e+04
1.229920790960451995e+04
1.228245988700564885e+04
1.226697627118643868e+04
1.225378757062146542e+04
1.224404406779660894e+04
1.223902485875706043e+04
1.223921355932203187e+04
1.224255028248587405e+04
1.224869491525423655e+04
1.225885197740112744e+04
1.227344293785310583e+04
1.229190734463276567e+04
1.231315480225988540e+04
1.233535028248587332e+04
1.235759999999999673e+04
1.238104406779660712e+04
1.240652429378530724e+04
1.243279999999999563e+04
1.245829830508474333e+04
1.248317401129943391e+04
1.250718305084745589e+04
1.252975593220338669e+04
1.255141807909604358e+04
1.257260451977400953e+04
1.259198757062146615e+04
1.261006666666666570e+04
1.262915141242937716e+04
1.264988587570621348e+04
1.266951638418078983e+04
1.268600564971751373e+04
1.269966666666666424e+04
1.271081920903954597e+04
1.271930056497174883e+04
1.272481581920903773e+04
1.272618079096045039e+04
1.272367231638417979e+04
1.272492316384180594e+04
1.272871073446327682e+04
1.273318531073446138e+04
1.273795706214689199e+04
1.274174237288135555e+04
1.274246779661016808e+04
1.274120338983050897e+04
1.274021807909604468e+04
1.273881016949152581e+04
1.273559548022598756e+04
1.273149039548022483e+04
1.272705762711864372e+04
1.272230169491525339e+04
1.271761581920903882e+04
1.271307118644067668e+04
1.270887683615819151e+04
1.270502824858756867e+04
1.270174915254237203e+04
1.269930621468926620e+04
1.269691751412429221e+04
1.269405536723163823e+04
1.269120225988700622e+04
1.268920225988700622e+04
1.268723502824858770e+04
1.268415932203389821e+04
1.268039887005649689e+04
1.267570282485875578e+04
1.267100564971751373e+04
1.266858757062146833e+04
1.266897627118644232e+04
1.267173898305084731e+04
1.267782937853107433e+04
1.268739887005649689e+04
1.269464858757062029e+04
1.269680903954802125e+04
1.269520112994350347e+04
1.269089039548022447e+04
1.268326440677966093e+04
1.267079774011299378e+04
1.265471751412429330e+04
1.263753559322033834e+04
1.261914124293785244e+04
1.259842824858757012e+04
1.257621129943502820e+04
1.255335706214689344e+04
1.253004745762711900e+04
1.250627118644067741e+04
1.248133333333333212e+04
1.245704519774011169e+04
1.243378757062146906e+04
1.241079548022598829e+04
1.238816836158192018e+04
1.236663954802259832e+04
1.234533898305084585e+04
1.232426779661016917e+04
1.230443841807909666e+04
1.228484406779661003e+04
1.226541920903954815e+04
1.224626553672316368e+04
1.222768926553672281e+04
1.221042598870056463e+04
1.219436384180790992e+04
1.218133107344632663e+04
1.217335367231638338e+04
1.217001920903954851e+04
1.216994011299435078e+04
1.217317966101694765e+04
1.218018644067796595e+04
1.219151751412429439e+04
1.220738418079096300e+04
1.222662824858757085e+04
1.224710508474576272e+04
1.226787457627118783e+04
1.229046666666666715e+04
1.231451186440678066e+04
1.233951412429378615e+04
1.236588813559322080e+04
1.239182259887005785e+04
1.241642259887005639e+04
1.243971864406779787e+04
1.246272090395480336e+04
1.248487005649717503e+04
1.250456158192090334e+04
1.252290282485875650e+04
1.254258418079096009e+04
1.256358757062146833e+04
1.258383050847457707e+04
1.260197627118644232e+04
1.261732994350282388e+04
1.263026440677966093e+04
1.264103389830508604e+04
1.264846892655367265e+04
1.265200338983051006e+04
1.265233785310734493e+04
1.265095706214689199e+04
1.265197288135593408e+04
1.265492090395480409e+04
1.265932090395480373e+04
1.266241694915254448e+04
1.266248022598870193e+04
1.266129152542373049e+04
1.265985536723163932e+04
1.265743615819209299e+04
1.265380903954802488e+04
1.264909491525423800e+04
1.264382259887005785e+04
1.263815141242937898e+04
1.263236949152542365e+04
1.262685649717514389e+04
1.262142146892655546e+04
1.261634463276836323e+04
1.261206779661017026e+04
1.260880451977401208e+04
1.260552090395480263e+04
1.260165762711864591e+04
1.259849039548022847e+04
1.259594689265536726e+04
1.259329491525423873e+04
1.259061355932203514e+04
1.258698418079096336e+04
1.258171073446327864e+04
1.257668135593220541e+04
1.257323163841808127e+04
1.257174463276836286e+04
1.257264180790960745e+04
1.257706214689265835e+04
1.258508022598870230e+04
1.259482146892655510e+04
1.260027909604520028e+04
1.260188135593220431e+04
1.260100677966102012e+04
1.259621920903955106e+04
1.258631525423728999e+04
1.257316949152542657e+04
1.255860338983051042e+04
1.254169717514124568e+04
1.252281242937853312e+04
1.250314802259887256e+04
1.248199887005650089e+04
1.245864180790960745e+04
1.243441242937853349e+04
1.240962259887006076e+04
1.238561807909604795e+04
1.236188474576271437e+04
1.233826779661017281e+04
1.231586779661017135e+04
1.229371299435028595e+04
1.227184858757062466e+04
1.225071525423728963e+04
1.223028474576271401e+04
1.221045310734463419e+04
1.219055593220339142e+04
1.217087118644067959e+04
1.215199435028248809e+04
1.213459209039548296e+04
1.211664180790960745e+04
1.210155254237288318e+04
1.209088135593220613e+04
1.208447231638418452e+04
1.208162146892655619e+04
1.208207570621469313e+04
1.208601920903955033e+04
1.209406440677966384e+04
1.210742711864407102e+04
1.212423163841808127e+04
1.214235141242938153e+04
1.216196045197740386e+04
1.218304858757062539e+04
1.220488135593220613e+04
1.222835593220339251e+04
1.225393107344633063e+04
1.228009491525423982e+04
1.230524745762711973e+04
1.232958079096045549e+04
1.235415932203390184e+04
1.237734915254237603e+04
1.239776158192090588e+04
1.241717288135593481e+04
1.243750395480226507e+04
1.245895706214689562e+04
1.248047796610169826e+04
1.250013333333333503e+04
1.251738531073446575e+04
1.253286440677966493e+04
1.254592768361582421e+04
1.255558079096045549e+04
1.256220564971751810e+04
1.256546553672316804e+04
1.256466892655367519e+04
1.256423163841808127e+04
1.256724858757062430e+04
1.257211638418079383e+04
1.257565649717514498e+04
1.257710508474576636e+04
1.257719661016949613e+04
1.257666327683616146e+04
1.257510169491525812e+04
1.257227683615819478e+04
1.256850621468927056e+04
1.256377175141243242e+04
1.255848248587570924e+04
1.255298079096045512e+04
1.254761920903955070e+04
1.254207796610169862e+04
1.253663954802260196e+04
1.253247344632768727e+04
1.252910734463277186e+04
1.252530169491525885e+04
1.252162598870056900e+04
1.251841355932203805e+04
1.251521920903955106e+04
1.251281920903955142e+04
1.251044858757062320e+04
1.250676949152542693e+04
1.250159435028248845e+04
1.249627005649717830e+04
1.249189378531073817e+04
1.248832429378531378e+04
1.248724293785311056e+04
1.248991977401130316e+04
1.249539887005650235e+04
1.250269152542373195e+04
1.251075932203390403e+04
1.251513672316384327e+04
1.251687909604520246e+04
1.251390169491525739e+04
1.250611299435028559e+04
1.249554350282486121e+04
1.248228248587570852e+04
1.246635819209039801e+04
1.244889265536723542e+04
1.243044293785310947e+04
1.241025762711864809e+04
1.238768813559322371e+04
1.236402598870056681e+04
1.234071977401130061e+04
1.231726101694915451e+04
1.229393220338983338e+04
1.227125197740113254e+04
1.224914576271186525e+04
1.222743954802260123e+04
1.220595706214689562e+04
1.218508022598870230e+04
1.216516723163842107e+04
1.214551525423729072e+04
1.212570395480226216e+04
1.210668700564972096e+04
1.208804406779661258e+04
1.206979209039548368e+04
1.205131638418079456e+04
1.203492542372881508e+04
1.202232090395480554e+04
1.201357175141243351e+04
1.200885536723163932e+04
1.200712203389830756e+04
1.200823615819209226e+04
1.201414576271186706e+04
1.202523841807909776e+04
1.203956610169491796e+04
1.205633107344633027e+04
1.207516836158192382e+04
1.209479774011299742e+04
1.211537288135593553e+04
1.213810169491525630e+04
1.216231186440678357e+04
1.218758983050847746e+04
1.221305197740113181e+04
1.223847457627118820e+04
1.226300451977401281e+04
1.228672542372881617e+04
1.230802598870056681e+04
1.232789943502825190e+04
1.234817062146892931e+04
1.236985649717514389e+04
1.239165649717514316e+04
1.241184180790960818e+04
1.243057514124294175e+04
1.244759209039548296e+04
1.246191751412429585e+04
1.247346666666666897e+04
1.248222824858757303e+04
1.248744858757062320e+04
1.248881129943503038e+04
1.248686101694915487e+04
1.248901355932203660e+04
1.249343276836158475e+04
1.249729039548022956e+04
1.249958531073446647e+04
1.250077966101695165e+04
1.250096158192090661e+04
1.250014689265536981e+04
1.249812655367231855e+04
1.249513333333333503e+04
1.249102259887005857e+04
1.248606101694915560e+04
1.248114689265536981e+04
1.247604858757062539e+04
1.247021694915254557e+04
1.246502259887005857e+04
1.246107005649717757e+04
1.245728474576271401e+04
1.245387570621469240e+04
1.245054011299435297e+04
1.244718644067796777e+04
1.244422033898305381e+04
1.244226892655367374e+04
1.244066214689265689e+04
1.243746327683615891e+04
1.243317627118644305e+04
1.242878079096045440e+04
1.242407683615819406e+04
1.241979096045197912e+04
1.241799209039548077e+04
1.241965197740113217e+04
1.242372994350282534e+04
1.242956836158192164e+04
1.243864293785311020e+04
1.244731073446327900e+04
1.245217288135593481e+04
1.245225536723164078e+04
1.244815141242938080e+04
1.244074463276836286e+04
1.242996949152542584e+04
1.241626327683615818e+04
1.240124293785310874e+04
1.238493672316384436e+04
1.236639322033898497e+04
1.234592994350282788e+04
1.232416384180791101e+04
1.230119774011299523e+04
1.227759661016949394e+04
1.225422711864407029e+04
1.223135254237288427e+04
1.220922372881356205e+04
1.218734237288135773e+04
1.216558983050847746e+04
1.214497288135593408e+04
1.212506327683615928e+04
1.210527118644068105e+04
1.208579887005650016e+04
1.206734576271186597e+04
1.204913446327683778e+04
1.203014576271186525e+04
1.201154576271186488e+04
1.199449039548022847e+04
1.198027231638418198e+04
1.197030508474576345e+04
1.196428361581921126e+04
1.196061242937853240e+04
1.196017627118644305e+04
1.196470960451977589e+04
1.197375706214689490e+04
1.198655706214689417e+04
1.200302824858757231e+04
1.202131864406779823e+04
1.204053107344633099e+04
1.206145988700565067e+04
1.208375593220339215e+04
1.210761129943502965e+04
1.213340338983050970e+04
1.215955367231638593e+04
1.218547344632768545e+04
1.221094463276836177e+04
1.223562711864406992e+04
1.225776158192090588e+04
1.227796497175141303e+04
1.229868700564971732e+04
1.232050960451977517e+04
1.234227570621468840e+04
1.236327005649717648e+04
1.238335367231638520e+04
1.240159322033898388e+04
1.241760451977401135e+04
1.243119209039548150e+04
1.244217401129943755e+04
1.244987344632768509e+04
1.245341920903954815e+04
1.245384067796610179e+04
1.245410395480225998e+04
1.245706553672316659e+04
1.246038192090395751e+04
1.246276610169491687e+04
1.246421807909604831e+04
1.246463502824858733e+04
1.246392881355932332e+04
1.246233785310734675e+04
1.245963841807909739e+04
1.245532881355932295e+04
1.245063728813559464e+04
1.244589152542373085e+04
1.244004632768361807e+04
1.243400790960452105e+04
1.242847344632768363e+04
1.242367231638418161e+04
1.241938192090395751e+04
1.241563728813559283e+04
1.241194689265536726e+04
1.240781016949152763e+04
1.240443276836158293e+04
1.240245423728813694e+04
1.240040677966101794e+04
1.239727457627118747e+04
1.239358418079096373e+04
1.238933785310734675e+04
1.238413672316384327e+04
1.237886553672316586e+04
1.237618079096045403e+04
1.237634802259887147e+04
1.237842598870056645e+04
1.238291186440678212e+04
1.239039096045197948e+04
1.240101016949152836e+04
1.240767570621469167e+04
1.240966553672316513e+04
1.240780677966101939e+04
1.240221355932203551e+04
1.239253785310734747e+04
1.238015819209039728e+04
1.236623389830508677e+04
1.235055141242938043e+04
1.233280564971751483e+04
1.231343841807909848e+04
1.229220677966101903e+04
1.226969604519774293e+04
1.224676497175141412e+04
1.222275367231638666e+04
1.219918983050847783e+04
1.217596384180791210e+04
1.215274915254237567e+04
1.212989943502825190e+04
1.210814463276836432e+04
1.208686440677966129e+04
1.206544293785310947e+04
1.204489152542373085e+04
1.202538644067796668e+04
1.200568361581920908e+04
1.198604519774011351e+04
1.196726666666666642e+04
1.194878531073446356e+04
1.193170169491525485e+04
1.191894802259887001e+04
1.190932881355932113e+04
1.190207570621468949e+04
1.189871073446327864e+04
1.189947231638418089e+04
1.190447118644067814e+04
1.191441355932203442e+04
1.192797401129943682e+04
1.194366101694915415e+04
1.196130395480226071e+04
1.198028587570621494e+04
1.200051525423728890e+04
1.202295819209039655e+04
1.204729491525423873e+04
1.207253672316384473e+04
1.209804519774011351e+04
1.212301355932203478e+04
1.214714915254237349e+04
1.216919548022598974e+04
1.218945762711864518e+04
1.220997401129943682e+04
1.223091638418079310e+04
1.225214689265536799e+04
1.227313898305084876e+04
1.229340000000000146e+04
1.231222711864407029e+04
1.232890169491525376e+04
1.234352655367231819e+04
1.235619887005649798e+04
1.236502711864406956e+04
1.236984858757062466e+04
1.237236836158192273e+04
1.237229152542373049e+04
1.237348926553672572e+04
1.237578870056497544e+04
1.237794576271186634e+04
1.237944067796610398e+04
1.237955141242938043e+04
1.237898418079096155e+04
1.237765084745762942e+04
1.237442372881356096e+04
1.237021129943502820e+04
1.236556384180791065e+04
1.236020790960451995e+04
1.235386666666666861e+04
1.234727457627118747e+04
1.234098079096045331e+04
1.233500338983051006e+04
1.232990169491525376e+04
1.232565084745762942e+04
1.232091073446327937e+04
1.231588926553672354e+04
1.231197966101695056e+04
1.230920112994350347e+04
1.230644632768361771e+04
1.230304406779661076e+04
1.229976045197740314e+04
1.229551864406779714e+04
1.228957853107344818e+04
1.228380677966101939e+04
1.227995819209039837e+04
1.227843502824858842e+04
1.227865988700565140e+04
1.228158418079096191e+04
1.228737966101695019e+04
1.229530395480226071e+04
1.230410847457627278e+04
1.230866214689265689e+04
1.230936045197740168e+04
1.230568135593220359e+04
1.229776271186440863e+04
1.228721581920903918e+04
1.227446327683615891e+04
1.225973672316384182e+04
1.224343276836158293e+04
1.222500790960451923e+04
1.220451864406779714e+04
1.218322259887005566e+04
1.216104858757062175e+04
1.213744406779661040e+04
1.211385875706214574e+04
1.209040225988700695e+04
1.206675367231638484e+04
1.204387570621469058e+04
1.202196836158192127e+04
1.199997966101695056e+04
1.197827231638418198e+04
1.195769604519774111e+04
1.193773446327683814e+04
1.191797062146892858e+04
1.189815141242938080e+04
1.187864180790960745e+04
1.185992090395480591e+04
1.184185988700565213e+04
1.182713559322034052e+04
1.181496497175141485e+04
1.180596045197740386e+04
1.180020790960452359e+04
1.179791751412429585e+04
1.180040677966101975e+04
1.180765875706214865e+04
1.181861016949152690e+04
1.183272768361581984e+04
1.184885084745763015e+04
1.186618870056497326e+04
1.188510282485876087e+04
1.190612881355932404e+04
1.192895819209039837e+04
1.195325649717514170e+04
1.197842485875706370e+04
1.200247570621469276e+04
1.202577966101694983e+04
1.204952429378531269e+04
1.207158192090395460e+04
1.209318418079096227e+04
1.211506101694915378e+04
1.213713107344632954e+04
1.215928135593220577e+04
1.218128587570621676e+04
1.220172090395480336e+04
1.222023502824858951e+04
1.223768813559322371e+04
1.225287683615819333e+04
1.226398305084746062e+04
1.227186553672316768e+04
1.227753898305085022e+04
1.228009265536723615e+04
1.227987683615819515e+04
1.228193220338983519e+04
1.228466214689265689e+04
1.228641694915254266e+04
1.228751299435028341e+04
1.228810621468926729e+04
1.228738305084745843e+04
1.228498757062146979e+04
1.228168813559322371e+04
1.227778983050847637e+04
1.227277288135593335e+04
1.226682937853107615e+04
1.226062598870056718e+04
1.225392881355932332e+04
1.224762824858757449e+04
1.224253559322033834e+04
1.223790847457627387e+04
1.223277175141243060e+04
1.222735028248587878e+04
1.222330169491525703e+04
1.221995367231638738e+04
1.221642711864407102e+04
1.221326892655367556e+04
1.221016158192090734e+04
1.220587231638418234e+04
1.219962485875706443e+04
1.219338531073446575e+04
1.218857401129943719e+04
1.218488587570621712e+04
1.218338305084746025e+04
1.218471412429378688e+04
1.218768587570621639e+04
1.219286892655367410e+04
1.220237288135593553e+04
1.221063276836158548e+04
1.221462372881356168e+04
1.221391412429378761e+04
1.220927231638418380e+04
1.220133107344633027e+04
1.219070169491525667e+04
1.217848022598870375e+04
1.216432655367231928e+04
1.214763050847457998e+04
1.212926214689265908e+04
1.210991073446327937e+04
1.208909604519774257e+04
1.206705310734463274e+04
1.204464180790960745e+04
1.202183163841807982e+04
1.199917627118644305e+04
1.197749830508474770e+04
1.195615254237288354e+04
1.193473446327683814e+04
1.191396497175141485e+04
1.189389943502825190e+04
1.187433220338983301e+04
1.185589378531073635e+04
1.183703615819209153e+04
1.181738870056497399e+04
1.179888700564971805e+04
1.178088587570621712e+04
1.176474463276836468e+04
1.175159548022599120e+04
1.174129491525423873e+04
1.173354915254237494e+04
1.172944293785310947e+04
1.172971073446327864e+04
1.173441129943503074e+04
1.174341242937853349e+04
1.175602259887005857e+04
1.177071977401130243e+04
1.178686101694915487e+04
1.180490621468926838e+04
1.182449491525423946e+04
1.184603728813559610e+04
1.187001807909604759e+04
1.189456045197740241e+04
1.191804293785310983e+04
1.194138531073446575e+04
1.196566892655367519e+04
1.198817062146892931e+04
1.201009943502825081e+04
1.203170621468926765e+04
1.205334915254237421e+04
1.207584745762712191e+04
1.209806327683616109e+04
1.211863502824858915e+04
1.213834237288135773e+04
1.215732994350282752e+04
1.217376384180791138e+04
1.218649265536723397e+04
1.219677401129943792e+04
1.220451864406779896e+04
1.220878418079096264e+04
1.221003389830508786e+04
1.221112881355932404e+04
1.221316384180791101e+04
1.221494576271186816e+04
1.221659209039548296e+04
1.221775367231638666e+04
1.221743615819209299e+04
1.221570734463277040e+04
1.221336949152542729e+04
1.220982259887005785e+04
1.220532429378531378e+04
1.220019661016949249e+04
1.219416497175141558e+04
1.218756723163842071e+04
1.218127683615819296e+04
1.217644406779661222e+04
1.217185084745763015e+04
1.216655367231638593e+04
1.216173220338983447e+04
1.215785423728813839e+04
1.215438757062147124e+04
1.215095932203390112e+04
1.214849830508474770e+04
1.214639322033898497e+04
1.214258418079096191e+04
1.213724745762712155e+04
1.213195819209039837e+04
1.212666214689265689e+04
1.212236497175141631e+04
1.212075706214689490e+04
1.212108361581921235e+04
1.212269717514124568e+04
1.212670960451977771e+04
1.213481807909604868e+04
1.214594576271186816e+04
1.215244745762712046e+04
1.215462598870056900e+04
1.215256158192090879e+04
1.214648926553672572e+04
1.213791864406779860e+04
1.212753333333333649e+04
1.211466214689265871e+04
1.209943954802260123e+04
1.208268022598870266e+04
1.206442937853107651e+04
1.204463615819209190e+04
1.202376158192090588e+04
1.200192316384180958e+04
1.197891412429378761e+04
1.195635706214689526e+04
1.193450508474576418e+04
1.191260112994350493e+04
1.189129491525424055e+04
1.187034576271186597e+04
1.184950056497175319e+04
1.183018757062147051e+04
1.181211977401130207e+04
1.179311977401130207e+04
1.177315480225988904e+04
1.175407005649717757e+04
1.173578305084745989e+04
1.171897627118644232e+04
1.170466101694915415e+04
1.169276949152542511e+04
1.168348813559322298e+04
1.167765536723164041e+04
1.167568926553672645e+04
1.167808926553672427e+04
1.168543954802260123e+04
1.169638192090395751e+04
1.170980790960452214e+04
1.172550847457627242e+04
1.174265423728813767e+04
1.176114802259887256e+04
1.178230395480226071e+04
1.180606779661017208e+04
1.183020225988700804e+04
1.185382598870056790e+04
1.187761694915254520e+04
1.190187344632768509e+04
1.192485762711864663e+04
1.194654463276836395e+04
1.196723163841808127e+04
1.198838757062147124e+04
1.201043954802260305e+04
1.203177062146892968e+04
1.205188700564972169e+04
1.207202485875706407e+04
1.209132542372881653e+04
1.210788474576271619e+04
1.212179661016949467e+04
1.213338983050847673e+04
1.214189717514124641e+04
1.214732542372881653e+04
1.215020790960452359e+04
1.215023728813559683e+04
1.215157966101695274e+04
1.215347344632768727e+04
1.215594124293785717e+04
1.215761581920904428e+04
1.215812542372881762e+04
1.215765988700565322e+04
1.215611299435028559e+04
1.215355367231638957e+04
1.215003954802260341e+04
1.214602372881356314e+04
1.214064519774011569e+04
1.213427344632768654e+04
1.212868813559322371e+04
1.212415367231638811e+04
1.211961129943502965e+04
1.211463728813559646e+04
1.211030395480226252e+04
1.210674463276836468e+04
1.210296497175141485e+04
1.209969604519774293e+04
1.209805310734463455e+04
1.209617740112994579e+04
1.209301581920904209e+04
1.208910508474576636e+04
1.208417288135593481e+04
1.207862146892655619e+04
1.207425536723164259e+04
1.207215480225989086e+04
1.207153785310734747e+04
1.207194011299435260e+04
1.207469830508474843e+04
1.208131864406780005e+04
1.209184067796610179e+04
1.210041468926553898e+04
1.210459548022598938e+04
1.210391073446327937e+04
1.209912542372881580e+04
1.209180000000000109e+04
1.208204632768361625e+04
1.206966892655367337e+04
1.205509604519774075e+04
1.203873333333333721e+04
1.202055706214689417e+04
1.200086666666666861e+04
1.198014689265536799e+04
1.195826101694915633e+04
1.193489265536723542e+04
1.191175254237288391e+04
1.188856271186440972e+04
1.186602824858757231e+04
1.184405536723164187e+04
1.182149039548022847e+04
1.179959435028248845e+04
1.177951073446327791e+04
1.176021694915254557e+04
1.174062598870056718e+04
1.172011525423729108e+04
1.169927005649717830e+04
1.167997288135593408e+04
1.166259661016949394e+04
1.164611864406779932e+04
1.163181129943503038e+04
1.162034124293785499e+04
1.161173107344632990e+04
1.160657853107344818e+04
1.160614237288135701e+04
1.161044519774011496e+04
1.161851073446327791e+04
1.163008474576271328e+04
1.164417062146892931e+04
1.165931977401130280e+04
1.167620677966101903e+04
1.169619209039548150e+04
1.171865649717514316e+04
1.174170847457627315e+04
1.176508700564971878e+04
1.178868926553672645e+04
1.181242485875706552e+04
1.183640225988700695e+04
1.185855141242938043e+04
1.187953107344632917e+04
1.190130508474576345e+04
1.192346553672316440e+04
1.194454576271186488e+04
1.196540564971751519e+04
1.198647231638418270e+04
1.200634802259887147e+04
1.202411751412429658e+04
1.203979887005650016e+04
1.205299435028248809e+04
1.206294689265536908e+04
1.207011977401130207e+04
1.207480338983051115e+04
1.207661016949152872e+04
1.207577627118644159e+04
1.207650169491525594e+04
1.207772994350282534e+04
1.207861016949152690e+04
1.207849265536723397e+04
1.207760564971751592e+04
1.207536949152542547e+04
1.207200000000000000e+04
1.206822033898305381e+04
1.206350734463276967e+04
1.205707570621469131e+04
1.204972768361581984e+04
1.204307118644068032e+04
1.203723050847457853e+04
1.203105988700565285e+04
1.202488474576271256e+04
1.201984632768361917e+04
1.201470621468926765e+04
1.200934463276836323e+04
1.200538757062146942e+04
1.200254124293785389e+04
1.199963050847457635e+04
1.199644632768361771e+04
1.199252768361582093e+04
1.198705649717514279e+04
1.198078079096045440e+04
1.197564067796610470e+04
1.197240225988700695e+04
1.197025536723164078e+04
1.196904180790960709e+04
1.197001920903955033e+04
1.197458870056497472e+04
1.198288587570621712e+04
1.199442598870056827e+04
1.200151299435028523e+04
1.200353333333333649e+04
1.200150282485875869e+04
1.199652994350282825e+04
1.198864067796610470e+04
1.197811073446327828e+04
1.196540564971751701e+04
1.195062937853107360e+04
1.193382598870056609e+04
1.191555819209039691e+04
1.189624745762711973e+04
1.187573446327683996e+04
1.185331073446327719e+04
1.182970508474576491e+04
1.180662146892655437e+04
1.178451186440678066e+04
1.176211412429378834e+04
1.173932542372881653e+04
1.171733559322034125e+04
1.169687344632768509e+04
1.167742146892655546e+04
1.165814576271186706e+04
1.163799322033898352e+04
1.161678983050847637e+04
1.159747683615819551e+04
1.157994689265536908e+04
1.156294576271186452e+04
1.154749717514124495e+04
1.153448700564972023e+04
1.152366892655367337e+04
1.151640903954802343e+04
1.151356045197740241e+04
1.151493672316384254e+04
1.152065310734463492e+04
1.153053446327683741e+04
1.154288361581920981e+04
1.155624971751412522e+04
1.157188361581920981e+04
1.159050960451977517e+04
1.161146327683615891e+04
1.163368135593220359e+04
1.165649039548022483e+04
1.167978644067796631e+04
1.170294802259887001e+04
1.172624745762711973e+04
1.174912768361582130e+04
1.177132090395480191e+04
1.179401016949152654e+04
1.181626553672316550e+04
1.183788474576271256e+04
1.185977966101694983e+04
1.188172429378531160e+04
1.190253446327683741e+04
1.192196384180791210e+04
1.193963728813559464e+04
1.195462259887005712e+04
1.196680338983051115e+04
1.197614576271186525e+04
1.198291186440678030e+04
1.198713559322034052e+04
1.198851525423728890e+04
1.198858870056497472e+04
1.198950734463276967e+04
1.199037175141243097e+04
1.199095480225988831e+04
1.199058644067796740e+04
1.198875254237288209e+04
1.198611412429378652e+04
1.198313672316384327e+04
1.197905084745762724e+04
1.197289491525423728e+04
1.196585084745762651e+04
1.195964745762711937e+04
1.195336836158192091e+04
1.194676045197740314e+04
1.194105423728813730e+04
1.193580225988700658e+04
1.193009039548022702e+04
1.192470847457626951e+04
1.192050960451977517e+04
1.191703163841807873e+04
1.191396158192090479e+04
1.191124632768361698e+04
1.190769830508474479e+04
1.190226214689265544e+04
1.189590621468926656e+04
1.189034576271186597e+04
1.188626101694915269e+04
1.188287344632768509e+04
1.188018644067796777e+04
1.187945084745762870e+04
1.188172203389830611e+04
1.188749830508474770e+04
1.189684067796610179e+04
1.190711525423728926e+04
1.191236045197740168e+04
1.191349039548022483e+04
1.191112542372881398e+04
1.190552768361581911e+04
1.189730960451977444e+04
1.188667570621468985e+04
1.187378305084745807e+04
1.185855932203389966e+04
1.184177966101694983e+04
1.182420000000000073e+04
1.180502598870056499e+04
1.178356384180791065e+04
1.176102598870056499e+04
1.173870847457627315e+04
1.171689491525423728e+04
1.169482598870056609e+04
1.167222937853107578e+04
1.165014237288135701e+04
1.162926327683615818e+04
1.160979887005649834e+04
1.159062937853107360e+04
1.157051751412429439e+04
1.154964067796610107e+04
1.152963163841807909e+04
1.151162259887005712e+04
1.149442824858757194e+04
1.147769378531073380e+04
1.146266666666666606e+04
1.144977740112994434e+04
1.144031525423728817e+04
1.143455141242938043e+04
1.143267457627118711e+04
1.143589039548022629e+04
1.144345197740113144e+04
1.145341581920903991e+04
1.146497853107344781e+04
1.147880112994350202e+04
1.149562372881355986e+04
1.151478983050847455e+04
1.153544406779661222e+04
1.155753898305084658e+04
1.157994576271186452e+04
1.160191412429378579e+04
1.162463728813559283e+04
1.164843050847457562e+04
1.167199096045197803e+04
1.169536045197740168e+04
1.171791299435028122e+04
1.174028474576271037e+04
1.176301581920903845e+04
1.178547909604519737e+04
1.180745084745762688e+04
1.182840451977401244e+04
1.184776610169491505e+04
1.186478531073446356e+04
1.187909717514124350e+04
1.189076384180791138e+04
1.189955819209039691e+04
1.190597740112994506e+04
1.190935932203389893e+04
1.191001129943502747e+04
1.191062824858757085e+04
1.191200451977401099e+04
1.191336949152542365e+04
1.191376949152542511e+04
1.191270282485875941e+04
1.191101694915254484e+04
1.190937853107344745e+04
1.190599435028248627e+04
1.190045988700564885e+04
1.189465423728813403e+04
1.188881581920903773e+04
1.188233446327683487e+04
1.187614802259886892e+04
1.187083389830508531e+04
1.186548587570621385e+04
1.185987909604519882e+04
1.185486214689265580e+04
1.185055819209039510e+04
1.184682711864406701e+04
1.184409830508474624e+04
1.184208135593220322e+04
1.183931186440677993e+04
1.183458079096045185e+04
1.182883050847457707e+04
1.182372655367231710e+04
1.181960790960451959e+04
1.181595593220338924e+04
1.181294237288135628e+04
1.181156610169491614e+04
1.181258870056497108e+04
1.181689717514124277e+04
1.182526779661016917e+04
1.183650169491525594e+04
1.184531751412429549e+04
1.184972994350282534e+04
1.185033107344632845e+04
1.184745649717514243e+04
1.184175593220339215e+04
1.183374237288135555e+04
1.182301920903955033e+04
1.180964858757062211e+04
1.179505536723163823e+04
1.177951638418079165e+04
1.176191525423729036e+04
1.174217514124293848e+04
1.172125197740113072e+04
1.169974802259887110e+04
1.167852542372881362e+04
1.165778644067796631e+04
1.163606666666666752e+04
1.161326892655367192e+04
1.159187005649717685e+04
1.157205762711864554e+04
1.155251412429378615e+04
1.153270960451977589e+04
1.151227005649717830e+04
1.149205649717514461e+04
1.147394576271186452e+04
1.145645197740113144e+04
1.143892203389830684e+04
1.142264067796610470e+04
1.140886553672316586e+04
1.139793672316384436e+04
1.138995254237288282e+04
1.138612316384181031e+04
1.138745875706214792e+04
1.139335932203389893e+04
1.140202146892655583e+04
1.141248474576271292e+04
1.142565084745762942e+04
1.144156610169491614e+04
1.145961468926553789e+04
1.148014011299435151e+04
1.150224745762712155e+04
1.152460451977401317e+04
1.154674689265537017e+04
1.156984632768361735e+04
1.159400000000000182e+04
1.161800338983051006e+04
1.164114576271186525e+04
1.166366666666666788e+04
1.168599322033898716e+04
1.170843050847457744e+04
1.173083841807909630e+04
1.175292655367231782e+04
1.177449039548022847e+04
1.179463389830508640e+04
1.181272768361581984e+04
1.182873898305085095e+04
1.184176384180791138e+04
1.185171525423728963e+04
1.185999322033898534e+04
1.186586327683615855e+04
1.186864067796610107e+04
1.186780000000000291e+04
1.186828587570621676e+04
1.186939887005649871e+04
1.186926892655367556e+04
1.186778983050847637e+04
1.186649491525423946e+04
1.186473559322033907e+04
1.186092090395480409e+04
1.185564858757062393e+04
1.184988813559322261e+04
1.184328474576271401e+04
1.183607457627118856e+04
1.182950169491525594e+04
1.182339322033898497e+04
1.181709604519774075e+04
1.181094237288135810e+04
1.180523276836158220e+04
1.179988474576271256e+04
1.179507457627118856e+04
1.179168700564971914e+04
1.178940564971751519e+04
1.178645423728813694e+04
1.178172090395480336e+04
1.177601920903954851e+04
1.177068474576271183e+04
1.176588587570621530e+04
1.176136723163841998e+04
1.175761016949152690e+04
1.175490282485875650e+04
1.175381016949152581e+04
1.175640451977401244e+04
1.176289830508474734e+04
1.177170395480226216e+04
1.178288700564971805e+04
1.178963615819209008e+04
1.179212881355932223e+04
1.179080225988700658e+04
1.178682033898305235e+04
1.178026214689265544e+04
1.177043954802259941e+04
1.175806440677966202e+04
1.174460000000000036e+04
1.172968022598870084e+04
1.171279661016949285e+04
1.169400000000000182e+04
1.167339548022599047e+04
1.165184632768361917e+04
1.163087344632768509e+04
1.161025536723164078e+04
1.158867005649717612e+04
1.156547344632768545e+04
1.154333107344633027e+04
1.152243276836158293e+04
1.150209717514124532e+04
1.148202033898305308e+04
1.146115254237288354e+04
1.144018644067796777e+04
1.142108587570621603e+04
1.140284632768361735e+04
1.138499887005649907e+04
1.136765762711864591e+04
1.135166440677966239e+04
1.133786101694915305e+04
1.132662033898305162e+04
1.131911412429378834e+04
1.131700564971751373e+04
1.131946666666666715e+04
1.132468135593220359e+04
1.133260677966101866e+04
1.134309039548022702e+04
1.135606666666666933e+04
1.137149717514124495e+04
1.138991751412429403e+04
1.141020225988700622e+04
1.143056045197740241e+04
1.145148474576271110e+04
1.147337966101695019e+04
1.149595367231638556e+04
1.151896836158192309e+04
1.154215593220338997e+04
1.156506666666666752e+04
1.158777740112994434e+04
1.161037853107344745e+04
1.163287344632768509e+04
1.165555367231638593e+04
1.167769265536723287e+04
1.169857062146892713e+04
1.171824293785310692e+04
1.173584971751412377e+04
1.175014124293785426e+04
1.176162824858757085e+04
1.177160790960452141e+04
1.177990056497175283e+04
1.178503615819209153e+04
1.178600790960451923e+04
1.178574915254237385e+04
1.178608813559322152e+04
1.178506327683615928e+04
1.178348813559322116e+04
1.178215819209039728e+04
1.177985197740113108e+04
1.177577627118644341e+04
1.177072316384180886e+04
1.176457740112994361e+04
1.175713785310734420e+04
1.174936271186440717e+04
1.174194011299435078e+04
1.173467457627118711e+04
1.172733446327683669e+04
1.172037853107344563e+04
1.171372655367231710e+04
1.170700112994350457e+04
1.170089265536723178e+04
1.169651412429378615e+04
1.169349152542373122e+04
1.169001355932203296e+04
1.168491751412429585e+04
1.167909943502824899e+04
1.167330508474576345e+04
1.166745536723163968e+04
1.166227344632768472e+04
1.165763615819209008e+04
1.165294576271186452e+04
1.165015932203389821e+04
1.165076497175141412e+04
1.165442372881355914e+04
1.166095480225988649e+04
1.167049830508474406e+04
1.168032542372881471e+04
1.168532994350282570e+04
1.168662259887005712e+04
1.168539435028248772e+04
1.168095367231638556e+04
1.167310734463277186e+04
1.166301468926553935e+04
1.165133446327683851e+04
1.163807344632768582e+04
1.162332316384180740e+04
1.160642259887005639e+04
1.158727118644067741e+04
1.156721355932203369e+04
1.154752090395480263e+04
1.152819548022598974e+04
1.150813333333333503e+04
1.148636949152542365e+04
1.146410508474576272e+04
1.144272655367231710e+04
1.142260225988700768e+04
1.140285649717514207e+04
1.138206214689265653e+04
1.136150056497175319e+04
1.134266327683615964e+04
1.132482259887005785e+04
1.130748248587570743e+04
1.129110621468926547e+04
1.127544067796610216e+04
1.126016384180791101e+04
1.124666101694915415e+04
1.123711299435028195e+04
1.123256949152542438e+04
1.123242711864406738e+04
1.123556949152542256e+04
1.124188587570621530e+04
1.125076610169491323e+04
1.126171073446327682e+04
1.127579435028248554e+04
1.129303163841807873e+04
1.131195932203389930e+04
1.133166892655367337e+04
1.135215254237287991e+04
1.137334689265536690e+04
1.139526666666666642e+04
1.141790282485875832e+04
1.144062485875706261e+04
1.146290847457627387e+04
1.148574689265536836e+04
1.150850734463276967e+04
1.153162259887005712e+04
1.155491638418079128e+04
1.157758870056497290e+04
1.159965762711864409e+04
1.162112316384180849e+04
1.164050282485875869e+04
1.165667005649717612e+04
1.167033785310734493e+04
1.168230621468926620e+04
1.169224293785310874e+04
1.169896045197740023e+04
1.170206101694915196e+04
1.170203050847457598e+04
1.170253220338983010e+04
1.170232090395480191e+04
1.170231073446327719e+04
1.170218305084745771e+04
1.170093672316384254e+04
1.169863728813559283e+04
1.169528813559322043e+04
1.169039322033898497e+04
1.168417175141243024e+04
1.167754350282485757e+04
1.167093333333333430e+04
1.166409604519774075e+04
1.165737401129943646e+04
1.165116723163841743e+04
1.164493107344632881e+04
1.163828813559322043e+04
1.163216271186440645e+04
1.162792881355932332e+04
1.162518757062146688e+04
1.162190395480225925e+04
1.161767005649717612e+04
1.161277740112994434e+04
1.160695706214689380e+04
1.160147457627118638e+04
1.159666666666666788e+04
1.159146101694915342e+04
1.158615593220338997e+04
1.158258870056497290e+04
1.158146214689265616e+04
1.158316271186440645e+04
1.158808022598870048e+04
1.159573333333333358e+04
1.160583050847457707e+04
1.161293672316384072e+04
1.161663050847457635e+04
1.161727231638418198e+04
1.161432994350282388e+04
1.160820338983050897e+04
1.159950395480225961e+04
1.158877514124293884e+04
1.157674011299435006e+04
1.156316497175141376e+04
1.154723841807909594e+04
1.152899209039548077e+04
1.150941242937852985e+04
1.149009039548022520e+04
1.147123050847457489e+04
1.145148022598870011e+04
1.143025536723163896e+04
1.140845197740112962e+04
1.138695141242937825e+04
1.136692542372881508e+04
1.134708474576271328e+04
1.132675141242937934e+04
1.130572994350282534e+04
1.128653898305084658e+04
1.126796158192090297e+04
1.125014802259887074e+04
1.123425875706214720e+04
1.121900225988700549e+04
1.120231638418079092e+04
1.118716836158192200e+04
1.117569717514124386e+04
1.116881242937853131e+04
1.116597288135593044e+04
1.116724180790960418e+04
1.117194237288135628e+04
1.117881468926553680e+04
1.118812203389830393e+04
1.120077966101694983e+04
1.121647796610169462e+04
1.123416158192090370e+04
1.125315254237288173e+04
1.127301920903954669e+04
1.129345762711864336e+04
1.131489830508474552e+04
1.133730847457627169e+04
1.135942259887005639e+04
1.138118757062146869e+04
1.140362711864406810e+04
1.142645536723163787e+04
1.144973107344632808e+04
1.147283615819209081e+04
1.149548926553672209e+04
1.151820451977401171e+04
1.154050508474576236e+04
1.156088700564971805e+04
1.157846553672316440e+04
1.159350508474576236e+04
1.160665649717514134e+04
1.161844067796610216e+04
1.162745536723163968e+04
1.163191299435028122e+04
1.163317288135593117e+04
1.163260903954802052e+04
1.163237062146892640e+04
1.163248813559321934e+04
1.163222711864406847e+04
1.163116723163841743e+04
1.162946666666666533e+04
1.162658079096045185e+04
1.162192881355931968e+04
1.161603163841807873e+04
1.160961129943502965e+04
1.160272542372881253e+04
1.159545649717514243e+04
1.158846214689265435e+04
1.158203276836157966e+04
1.157549943502824681e+04
1.156804971751412450e+04
1.156135480225988431e+04
1.155669152542372831e+04
1.155304180790960345e+04
1.154967457627118529e+04
1.154596158192090297e+04
1.154101581920903845e+04
1.153533220338982937e+04
1.153030282485875614e+04
1.152539548022598683e+04
1.151988135593220250e+04
1.151450169491525230e+04
1.151018983050847419e+04
1.150776836158191873e+04
1.150821807909604468e+04
1.151166214689265325e+04
1.151761694915253975e+04
1.152656497175140976e+04
1.153707570621468767e+04
1.154391977401129770e+04
1.154716723163841743e+04
1.154698192090395241e+04
1.154341129943502528e+04
1.153678305084745443e+04
1.152806666666666388e+04
1.151793446327683341e+04
1.150624293785310692e+04
1.149223389830508313e+04
1.147544858757062138e+04
1.145711977401129661e+04
1.143900903954802197e+04
1.142103389830508422e+04
1.140202711864406592e+04
1.138188022598869793e+04
1.136117514124293848e+04
1.133995593220338924e+04
1.131961920903954706e+04
1.129973107344632808e+04
1.127943389830508386e+04
1.125898192090395605e+04
1.123919209039547968e+04
1.121960112994350311e+04
1.120139435028248408e+04
1.118546666666666715e+04
1.116990960451977480e+04
1.115295932203389748e+04
1.113675367231638302e+04
1.112374011299435006e+04
1.111444632768361589e+04
1.110947683615819187e+04
1.110907118644067850e+04
1.111194576271186452e+04
1.111719548022598974e+04
1.112520112994350347e+04
1.113651751412429621e+04
1.115078531073446356e+04
1.116756836158192164e+04
1.118616271186440827e+04
1.120545084745762870e+04
1.122561807909604613e+04
1.124716384180790919e+04
1.126950169491525412e+04
1.129168474576271183e+04
1.131355706214689417e+04
1.133602598870056681e+04
1.135934463276836323e+04
1.138277175141243060e+04
1.140575819209039582e+04
1.142861468926553789e+04
1.145185536723163932e+04
1.147493446327683705e+04
1.149639661016949140e+04
1.151558757062146833e+04
1.153211525423728926e+04
1.154633446327683669e+04
1.155985536723163932e+04
1.157136158192090443e+04
1.157810508474576454e+04
1.158172881355932259e+04
1.158244406779661222e+04
1.158155706214689417e+04
1.158107005649717757e+04
1.158026440677966093e+04
1.157916497175141376e+04
1.157767683615819260e+04
1.157486666666666861e+04
1.157041920903954815e+04
1.156483728813559355e+04
1.155848700564971841e+04
1.155140000000000146e+04
1.154359661016949212e+04
1.153632994350282570e+04
1.152984406779661003e+04
1.152256045197740241e+04
1.151456949152542438e+04
1.150745197740112962e+04
1.150165310734463310e+04
1.149709152542372976e+04
1.149366214689265689e+04
1.148967909604519809e+04
1.148442598870056463e+04
1.147892542372881326e+04
1.147376949152542511e+04
1.146837627118644014e+04
1.146261807909604613e+04
1.145672429378531160e+04
1.145113785310734602e+04
1.144730734463276895e+04
1.144597853107344599e+04
1.144716271186440827e+04
1.145098644067796704e+04
1.145795367231638556e+04
1.146777288135593335e+04
1.147682033898305235e+04
1.148227005649717466e+04
1.148420903954802270e+04
1.148251299435028341e+04
1.147760225988700586e+04
1.147026440677966093e+04
1.146147457627118638e+04
1.145131977401129916e+04
1.143870734463277040e+04
1.142302598870056499e+04
1.140580338983050751e+04
1.138852090395480263e+04
1.137097062146892495e+04
1.135263050847457635e+04
1.133327570621468840e+04
1.131329265536723142e+04
1.129309378531073526e+04
1.127211299435028195e+04
1.125152768361581911e+04
1.123096836158192127e+04
1.121052542372881362e+04
1.119019209039548150e+04
1.117003954802259796e+04
1.115197288135593044e+04
1.113599887005649725e+04
1.112032316384180740e+04
1.110425649717513988e+04
1.108761920903954888e+04
1.107185762711864299e+04
1.105929265536723142e+04
1.105114915254237349e+04
1.104754576271186306e+04
1.104715367231638447e+04
1.104944180790960309e+04
1.105471299435028232e+04
1.106291299435028304e+04
1.107428926553672136e+04
1.108875367231638302e+04
1.110497966101695056e+04
1.112219661016949249e+04
1.114060225988700586e+04
1.116048361581920835e+04
1.118137740112994288e+04
1.120202598870056499e+04
1.122251638418079165e+04
1.124376723163841962e+04
1.126590056497175101e+04
1.128855819209039510e+04
1.131076384180790956e+04
1.133309378531073526e+04
1.135596723163841853e+04
1.137864180790960381e+04
1.140053785310734384e+04
1.142057062146892531e+04
1.143731977401129916e+04
1.145203954802259796e+04
1.146664971751412304e+04
1.147969265536723105e+04
1.148819887005649798e+04
1.149330056497175065e+04
1.149599661016949176e+04
1.149495254237288100e+04
1.149431186440677993e+04
1.149369039548022738e+04
1.149318305084745771e+04
1.149225197740113072e+04
1.149018983050847419e+04
1.148643502824858660e+04
1.148171073446327500e+04
1.147616949152542293e+04
1.146912768361581766e+04
1.146144406779660858e+04
1.145464180790960381e+04
1.144806440677966020e+04
1.144060790960451777e+04
1.143288474576271074e+04
1.142539435028248408e+04
1.141883502824858806e+04
1.141408587570621239e+04
1.141057401129943173e+04
1.140651073446327428e+04
1.140167344632768254e+04
1.139668587570621457e+04
1.139161468926553425e+04
1.138658305084745734e+04
1.138115141242937534e+04
1.137513672316383963e+04
1.136922598870056390e+04
1.136473785310734456e+04
1.136223502824858588e+04
1.136188022598869975e+04
1.136424406779660785e+04
1.136974011299435006e+04
1.137806892655367119e+04
1.138878531073446175e+04
1.139590056497175101e+04
1.139940338983050606e+04
1.139916045197740095e+04
1.139537627118644014e+04
1.138878531073446356e+04
1.138090621468926474e+04
1.137169717514124204e+04
1.135970169491525485e+04
1.134477627118644159e+04
1.132818079096045039e+04
1.131104067796610252e+04
1.129366666666666606e+04
1.127540903954802161e+04
1.125604971751412450e+04
1.123654576271186306e+04
1.121686779661016953e+04
1.119559096045197657e+04
1.117463502824858733e+04
1.115438305084745662e+04
1.113453559322033834e+04
1.111358644067796558e+04
1.109294350282485902e+04
1.107431412429378543e+04
1.105737401129943464e+04
1.104133220338982937e+04
1.102544067796610216e+04
1.100904519774011351e+04
1.099198305084745880e+04
1.097783389830508531e+04
1.096811977401129843e+04
1.096257288135593262e+04
1.096051864406779532e+04
1.096161242937853058e+04
1.096539435028248408e+04
1.097217514124293666e+04
1.098241242937853167e+04
1.099583163841807982e+04
1.101133785310734493e+04
1.102796723163841671e+04
1.104606327683615746e+04
1.106598418079095973e+04
1.108682711864406701e+04
1.110749265536723033e+04
1.112832203389830465e+04
1.114978870056496999e+04
1.117162259887005712e+04
1.119434124293785317e+04
1.121691412429378397e+04
1.123974689265536654e+04
1.126262485875706261e+04
1.128583728813559355e+04
1.130919548022598974e+04
1.133033785310734493e+04
1.134815141242937898e+04
1.136458757062146833e+04
1.138063163841807909e+04
1.139497062146892677e+04
1.140611977401129843e+04
1.141338079096045294e+04
1.141741355932203442e+04
1.141884067796610179e+04
1.141758644067796558e+04
1.141669943502824754e+04
1.141627231638418016e+04
1.141575141242937752e+04
1.141395028248587550e+04
1.141085310734463201e+04
1.140723502824858588e+04
1.140217288135593117e+04
1.139529717514124059e+04
1.138821581920903918e+04
1.138159548022598756e+04
1.137487796610169426e+04
1.136781920903954779e+04
1.136030621468926620e+04
1.135237288135593190e+04
1.134545988700565067e+04
1.134049378531073489e+04
1.133655593220338960e+04
1.133255593220338960e+04
1.132806553672316477e+04
1.132321468926553644e+04
1.131835367231638156e+04
1.131363841807909557e+04
1.130835593220339069e+04
1.130226440677966093e+04
1.129612203389830393e+04
1.129098305084745516e+04
1.128719209039547968e+04
1.128533898305084585e+04
1.128601242937853021e+04
1.128951299435028341e+04
1.129631525423728817e+04
1.130528700564971587e+04
1.131524180790960236e+04
1.132162824858757085e+04
1.132412203389830393e+04
1.132242824858757012e+04
1.131788361581920981e+04
1.131204067796610070e+04
1.130451977401129807e+04
1.129431751412429367e+04
1.128115480225988540e+04
1.126593898305084622e+04
1.125004519774011351e+04
1.123371525423728781e+04
1.121603502824858879e+04
1.119745649717514243e+04
1.117925310734463346e+04
1.116045423728813512e+04
1.113948135593220286e+04
1.111849604519774039e+04
1.109875254237288027e+04
1.107913898305084695e+04
1.105845762711864336e+04
1.103768135593220359e+04
1.101850169491525230e+04
1.100088022598869793e+04
1.098457175141242988e+04
1.096887570621468694e+04
1.095257966101694910e+04
1.093535593220338887e+04
1.091980451977401026e+04
1.090792316384180776e+04
1.090010734463276822e+04
1.089615028248587623e+04
1.089535480225988431e+04
1.089725762711864445e+04
1.090214576271186525e+04
1.091063389830508459e+04
1.092258757062146833e+04
1.093668587570621457e+04
1.095214689265536799e+04
1.096953107344632735e+04
1.098892090395480045e+04
1.100903615819208972e+04
1.102946666666666715e+04
1.105036836158192091e+04
1.107134576271186415e+04
1.109265875706214501e+04
1.111543954802259759e+04
1.113895367231638375e+04
1.116202824858756867e+04
1.118497740112994143e+04
1.120922372881355841e+04
1.123375932203389675e+04
1.125594463276836177e+04
1.127533785310734311e+04
1.129359999999999854e+04
1.131102485875706225e+04
1.132677627118644159e+04
1.134033107344632663e+04
1.134988361581920981e+04
1.135578644067796631e+04
1.135930056497175246e+04
1.135940112994350420e+04
1.135781694915254047e+04
1.135730621468926438e+04
1.135648926553672209e+04
1.135446553672316440e+04
1.135197175141242769e+04
1.134875932203389675e+04
1.134368135593220359e+04
1.133704180790960345e+04
1.133005423728813548e+04
1.132291525423728672e+04
1.131598418079095973e+04
1.130894689265536726e+04
1.130090395480226107e+04
1.129237401129943464e+04
1.128482485875706334e+04
1.127893672316384254e+04
1.127425197740113072e+04
1.126992542372881508e+04
1.126521581920903918e+04
1.126021355932203369e+04
1.125541242937853167e+04
1.125084632768361553e+04
1.124558079096045185e+04
1.123960451977401135e+04
1.123355367231638229e+04
1.122783276836158257e+04
1.122344971751412595e+04
1.122051638418079165e+04
1.121962711864406810e+04
1.122204293785310801e+04
1.122755028248587587e+04
1.123515819209039546e+04
1.124474915254237203e+04
1.125453333333333285e+04
1.126000225988700549e+04
1.126108700564971696e+04
1.125926553672316368e+04
1.125574463276836104e+04
1.125053672316384109e+04
1.124273672316384182e+04
1.123168813559322007e+04
1.121845310734463237e+04
1.120460564971751410e+04
1.118969717514124204e+04
1.117292768361581875e+04
1.115592542372881508e+04
1.113931073446327719e+04
1.112139322033898134e+04
1.110162485875706261e+04
1.108122937853107396e+04
1.106089830508474552e+04
1.104036610169491541e+04
1.101929604519774148e+04
1.099878079096045258e+04
1.097929378531073598e+04
1.096129943502824972e+04
1.094505875706214647e+04
1.092959887005649580e+04
1.091351073446327791e+04
1.089675480225988758e+04
1.088028022598869939e+04
1.086592655367231600e+04
1.085556497175141340e+04
1.084917966101694947e+04
1.084607005649717576e+04
1.084566440677966239e+04
1.084826101694915269e+04
1.085470621468926583e+04
1.086473785310734456e+04
1.087689830508474552e+04
1.089090847457627024e+04
1.090730395480226071e+04
1.092548700564971841e+04
1.094461920903954888e+04
1.096480112994350202e+04
1.098522711864406847e+04
1.100539774011299596e+04
1.102633446327683851e+04
1.104879435028248554e+04
1.107167683615819260e+04
1.109403502824858879e+04
1.111678418079096082e+04
1.114101581920904027e+04
1.116564632768361844e+04
1.118827118644067741e+04
1.120877853107344708e+04
1.122804858757062175e+04
1.124620112994350347e+04
1.126298870056497435e+04
1.127786440677966311e+04
1.128951412429378615e+04
1.129695932203389930e+04
1.130190282485875832e+04
1.130433333333333576e+04
1.130295593220339288e+04
1.130230169491525521e+04
1.130113672316384327e+04
1.129945197740113144e+04
1.129767909604519809e+04
1.129476497175141412e+04
1.129020338983050897e+04
1.128423728813559501e+04
1.127721807909604649e+04
1.127002259887005675e+04
1.126323502824858951e+04
1.125611977401130025e+04
1.124790847457627024e+04
1.123911412429378470e+04
1.123090395480225925e+04
1.122415932203389821e+04
1.121876271186440681e+04
1.121402033898305126e+04
1.120885649717514207e+04
1.120361016949152508e+04
1.119880112994350202e+04
1.119387231638418052e+04
1.118863954802259832e+04
1.118260564971751592e+04
1.117608361581921054e+04
1.117003954802259977e+04
1.116469265536723287e+04
1.116019322033898425e+04
1.115771525423728963e+04
1.115841694915254266e+04
1.116194576271186452e+04
1.116759435028248663e+04
1.117548248587570561e+04
1.118611073446327646e+04
1.119362711864406810e+04
1.119669039548022556e+04
1.119644519774011496e+04
1.119424971751412522e+04
1.119051977401129989e+04
1.118398644067796704e+04
1.117387118644067959e+04
1.116200451977401099e+04
1.114922598870056572e+04
1.113438870056497399e+04
1.111798757062146979e+04
1.110167457627118711e+04
1.108534237288135773e+04
1.106755367231638593e+04
1.104823954802259868e+04
1.102837627118644195e+04
1.100805197740112999e+04
1.098719435028248699e+04
1.096626553672316368e+04
1.094526101694915269e+04
1.092478418079096082e+04
1.090585762711864663e+04
1.088900225988700549e+04
1.087289265536723178e+04
1.085636384180791174e+04
1.083957740112994361e+04
1.082291751412429585e+04
1.080637401129943646e+04
1.079324067796610325e+04
1.078411073446327828e+04
1.077826892655367374e+04
1.077491638418079310e+04
1.077467231638418161e+04
1.077847344632768363e+04
1.078559887005649762e+04
1.079494350282485902e+04
1.080686440677966311e+04
1.082108248587570779e+04
1.083696384180790847e+04
1.085448813559321934e+04
1.087336723163841816e+04
1.089223050847457671e+04
1.091082711864406883e+04
1.093073559322033907e+04
1.095194463276836177e+04
1.097331751412429367e+04
1.099468587570621457e+04
1.101680338983050933e+04
1.103983389830508531e+04
1.106360564971751592e+04
1.108720338983050897e+04
1.110902711864406956e+04
1.112945536723163968e+04
1.114882372881356059e+04
1.116686440677966311e+04
1.118307683615819224e+04
1.119663050847457635e+04
1.120605084745762724e+04
1.121306327683615746e+04
1.121792316384180776e+04
1.121934915254237239e+04
1.121758870056497108e+04
1.121580338983050933e+04
1.121405875706214647e+04
1.121201920903955033e+04
1.120902711864406956e+04
1.120474802259887110e+04
1.119867683615819260e+04
1.119127683615819296e+04
1.118370847457627315e+04
1.117643502824858660e+04
1.116883163841807982e+04
1.116010056497175174e+04
1.115071638418079056e+04
1.114142937853107287e+04
1.113351412429378615e+04
1.112722485875706116e+04
1.112136384180790810e+04
1.111557514124293630e+04
1.110988926553672172e+04
1.110445875706214792e+04
1.109937062146892640e+04
1.109393672316384254e+04
1.108756836158192164e+04
1.108089717514124277e+04
1.107451977401129807e+04
1.106824293785310510e+04
1.106245875706214792e+04
1.105855254237287954e+04
1.105753785310734384e+04
1.105915141242937898e+04
1.106294350282485902e+04
1.106905649717514098e+04
1.107796271186440572e+04
1.108834011299435224e+04
1.109408135593220504e+04
1.109601920903954851e+04
1.109624293785310874e+04
1.109485988700564849e+04
1.109009943502824899e+04
1.108224519774011242e+04
1.107289830508474552e+04
1.106190282485875650e+04
1.104850621468926511e+04
1.103378418079096082e+04
1.101917401129943391e+04
1.100410395480225998e+04
1.098771864406779787e+04
1.097015028248587623e+04
1.095185423728813475e+04
1.093280903954802125e+04
1.091323615819208862e+04
1.089341242937853167e+04
1.087309943502824899e+04
1.085298757062146979e+04
1.083456384180790883e+04
1.081800564971751373e+04
1.080230734463276895e+04
1.078660564971751410e+04
1.077069830508474479e+04
1.075484745762711827e+04
1.073934011299434860e+04
1.072426892655367192e+04
1.071327118644067741e+04
1.070530621468926620e+04
1.069975254237288027e+04
1.069782372881355877e+04
1.069969152542372831e+04
1.070463841807909557e+04
1.071239096045197766e+04
1.072298870056497253e+04
1.073571525423728599e+04
1.075029830508474515e+04
1.076731299435028268e+04
1.078568248587570633e+04
1.080382485875705970e+04
1.082220338983050897e+04
1.084193785310734347e+04
1.086264406779660931e+04
1.088364406779660931e+04
1.090488587570621530e+04
1.092675480225988576e+04
1.094946214689265616e+04
1.097274463276836286e+04
1.099692881355932150e+04
1.101978418079096082e+04
1.104144293785310583e+04
1.106213672316384327e+04
1.108132090395480191e+04
1.109904632768361625e+04
1.111439209039548041e+04
1.112615480225988722e+04
1.113506327683615928e+04
1.114090056497175283e+04
1.114442146892655364e+04
1.114562033898305162e+04
1.114380790960451850e+04
1.114215141242937898e+04
1.114040000000000146e+04
1.113820451977401171e+04
1.113477288135593153e+04
1.112946666666666715e+04
1.112261581920904064e+04
1.111560225988700768e+04
1.110862598870056536e+04
1.110136723163841816e+04
1.109321242937853094e+04
1.108384067796610179e+04
1.107451186440677884e+04
1.106639999999999964e+04
1.105954802259886856e+04
1.105346440677966166e+04
1.104758079096045185e+04
1.104169604519774293e+04
1.103631638418079092e+04
1.103136723163841816e+04
1.102589491525423909e+04
1.101958870056497290e+04
1.101312768361581948e+04
1.100660903954802416e+04
1.099969039548022556e+04
1.099295706214689199e+04
1.098775706214689126e+04
1.098507118644067850e+04
1.098475480225988758e+04
1.098645084745762870e+04
1.099066327683615964e+04
1.099755480225988867e+04
1.100683050847457707e+04
1.101448135593220286e+04
1.101848135593220286e+04
1.102080903954802307e+04
1.102089152542372904e+04
1.101750395480225961e+04
1.101153446327683741e+04
1.100399435028248627e+04
1.099413333333333139e+04
1.098176836158192236e+04
1.096826666666666642e+04
1.095454802259886856e+04
1.094016610169491469e+04
1.092469039548022556e+04
1.090827909604519846e+04
1.089080338983050751e+04
1.087250056497175137e+04
1.085396497175141121e+04
1.083482711864406883e+04
1.081479999999999927e+04
1.079485310734463201e+04
1.077632768361581839e+04
1.075952994350282461e+04
1.074382711864406883e+04
1.072837288135593190e+04
1.071279774011299378e+04
1.069718870056496962e+04
1.068231864406779641e+04
1.066779096045197730e+04
1.065493898305084804e+04
1.064480112994350202e+04
1.063741694915254084e+04
1.063370621468926402e+04
1.063340677966101612e+04
1.063620564971751446e+04
1.064243502824858660e+04
1.065138305084745662e+04
1.066221920903954742e+04
1.067557740112994361e+04
1.069169830508474479e+04
1.070892881355932332e+04
1.072623954802260050e+04
1.074408474576271146e+04
1.076305084745762724e+04
1.078290960451977298e+04
1.080304519774011351e+04
1.082358192090395460e+04
1.084470621468926583e+04
1.086632542372881471e+04
1.088852203389830538e+04
1.091192090395480409e+04
1.093556384180791065e+04
1.095835254237288245e+04
1.097992994350282606e+04
1.100010169491525448e+04
1.101909491525423800e+04
1.103588813559322080e+04
1.104934915254237421e+04
1.105929378531073417e+04
1.106608135593220322e+04
1.107032203389830465e+04
1.107289378531073453e+04
1.107261355932203514e+04
1.107125762711864263e+04
1.107003389830508604e+04
1.106882598870056427e+04
1.106637740112994288e+04
1.106200338983050824e+04
1.105620000000000073e+04
1.104968587570621457e+04
1.104327118644067741e+04
1.103670169491525485e+04
1.102895141242937825e+04
1.101997288135593226e+04
1.101078418079096082e+04
1.100232655367231564e+04
1.099515028248587623e+04
1.098889265536723178e+04
1.098270395480226034e+04
1.097673672316384182e+04
1.097155932203389784e+04
1.096676158192090406e+04
1.096144745762711864e+04
1.095563954802260014e+04
1.094972768361581984e+04
1.094360000000000218e+04
1.093685423728813839e+04
1.092991525423729036e+04
1.092430282485875796e+04
1.092085310734463383e+04
1.091936497175141267e+04
1.092012316384180849e+04
1.092339774011299596e+04
1.092902146892655583e+04
1.093726553672316368e+04
1.094751525423728890e+04
1.095437062146892822e+04
1.095920903954802270e+04
1.096112994350282679e+04
1.095977853107344708e+04
1.095627118644068105e+04
1.095081807909604686e+04
1.094265197740113035e+04
1.093202485875706407e+04
1.092019435028248699e+04
1.090767570621468985e+04
1.089438305084745843e+04
1.088038079096045294e+04
1.086526214689265726e+04
1.084882146892655510e+04
1.083180677966101757e+04
1.081449152542373122e+04
1.079628700564971950e+04
1.077698983050847528e+04
1.075752655367231819e+04
1.073913672316384327e+04
1.072223050847457853e+04
1.070663615819209008e+04
1.069160338983051042e+04
1.067616384180791101e+04
1.066082033898305235e+04
1.064675706214689308e+04
1.063288587570621530e+04
1.061801355932203478e+04
1.060575593220339033e+04
1.059673220338983083e+04
1.059111073446327828e+04
1.058856497175141340e+04
1.058964406779661294e+04
1.059440790960452250e+04
1.060151864406779896e+04
1.061086440677966311e+04
1.062324293785310874e+04
1.063841920903954815e+04
1.065489491525423728e+04
1.067177966101694983e+04
1.068940225988700695e+04
1.070812203389830756e+04
1.072758418079096009e+04
1.074743050847457926e+04
1.076800677966102012e+04
1.078891751412429585e+04
1.081001807909604759e+04
1.083212090395480482e+04
1.085532881355932477e+04
1.087868361581921272e+04
1.090207796610169680e+04
1.092438418079096300e+04
1.094539322033898679e+04
1.096518757062147051e+04
1.098415819209039910e+04
1.099979887005650016e+04
1.101191525423729036e+04
1.102064067796610470e+04
1.102656723163842071e+04
1.103030847457627351e+04
1.103278192090395896e+04
1.103156384180791429e+04
1.103015480225989086e+04
1.102879435028248918e+04
1.102652542372881726e+04
1.102256271186441154e+04
1.101681468926554044e+04
1.101027118644068105e+04
1.100383954802260268e+04
1.099708926553672791e+04
1.098923502824859133e+04
1.098015932203390184e+04
1.097041016949152981e+04
1.096113898305085058e+04
1.095317401129943937e+04
1.094596045197740386e+04
1.093881129943503220e+04
1.093221581920904282e+04
1.092647909604520100e+04
1.092106553672316659e+04
1.091534124293785499e+04
1.090926892655367556e+04
1.090327118644068105e+04
1.089697175141243133e+04
1.088969378531073744e+04
1.088217740112994579e+04
1.087563163841808273e+04
1.087055593220339324e+04
1.086733898305085131e+04
1.086638079096045476e+04
1.086767457627119074e+04
1.087093785310734893e+04
1.087717401129943755e+04
1.088673107344633172e+04
1.089565536723164041e+04
1.090190508474576563e+04
1.090484632768361917e+04
1.090480338983051115e+04
1.090276045197740314e+04
1.089833220338983301e+04
1.089103728813559610e+04
1.088143841807909848e+04
1.087021129943503183e+04
1.085789039548022993e+04
1.084500903954802561e+04
1.083141920903955179e+04
1.081651299435028523e+04
1.080034350282486230e+04
1.078364519774011569e+04
1.076663276836158548e+04
1.074855819209039873e+04
1.072928135593220759e+04
1.070965875706214865e+04
1.069050395480226143e+04
1.067272768361581984e+04
1.065667231638418161e+04
1.064098418079096336e+04
1.062477966101694983e+04
1.060927231638418380e+04
1.059499096045197984e+04
1.058070960451977589e+04
1.056579096045197912e+04
1.055131186440677993e+04
1.054006779661017208e+04
1.053156836158192345e+04
1.052621807909604649e+04
1.052478870056497362e+04
1.052676836158192236e+04
1.053105649717514461e+04
1.053785423728813839e+04
1.054791525423729036e+04
1.056083841807909994e+04
1.057526327683616182e+04
1.059039774011299778e+04
1.060662598870056718e+04
1.062381581920904136e+04
1.064157401129943719e+04
1.066021242937853458e+04
1.067963050847457998e+04
1.069895706214689562e+04
1.071882711864407065e+04
1.074000677966102012e+04
1.076169039548022920e+04
1.078375028248587842e+04
1.080683163841808346e+04
1.082951864406779896e+04
1.085070282485875941e+04
1.087098418079096336e+04
1.089080000000000291e+04
1.090798644067796886e+04
1.092192203389830865e+04
1.093249491525424128e+04
1.093976497175141776e+04
1.094477288135593699e+04
1.094852881355932550e+04
1.094975028248588023e+04
1.094785423728813839e+04
1.094636045197740532e+04
1.094439435028249136e+04
1.094067570621469349e+04
1.093510282485876087e+04
1.092870621468926765e+04
1.092213559322034052e+04
1.091524971751412704e+04
1.090750960451977699e+04
1.089831638418079456e+04
1.088809039548022884e+04
1.087832542372881653e+04
1.086959548022599120e+04
1.086139209039548223e+04
1.085343728813559574e+04
1.084614124293785426e+04
1.083979322033898643e+04
1.083382485875706334e+04
1.082752655367232001e+04
1.082124745762711973e+04
1.081520112994350529e+04
1.080860564971751592e+04
1.080103163841808055e+04
1.079309830508474806e+04
1.078570734463277040e+04
1.077917514124294030e+04
1.077448361581921017e+04
1.077205197740113181e+04
1.077115819209039728e+04
1.077226666666667006e+04
1.077680564971751664e+04
1.078428135593220577e+04
1.079335141242937971e+04
1.080180564971751664e+04
1.080677175141243060e+04
1.080908813559322152e+04
1.080918418079096227e+04
1.080664519774011569e+04
1.080142485875706370e+04
1.079373446327683814e+04
1.078399435028248627e+04
1.077299661016949358e+04
1.076148022598870375e+04
1.074917401129943755e+04
1.073543050847457926e+04
1.072046440677966166e+04
1.070515367231638629e+04
1.068929152542373049e+04
1.067235593220339069e+04
1.065440790960452068e+04
1.063558079096045367e+04
1.061664632768361844e+04
1.059939209039548223e+04
1.058375480225988940e+04
1.056810621468926911e+04
1.055238644067796849e+04
1.053762372881355986e+04
1.052362937853107542e+04
1.050990395480226107e+04
1.049634689265536872e+04
1.048177740112994434e+04
1.046880000000000291e+04
1.045827231638418380e+04
1.045116949152542657e+04
1.044798983050847528e+04
1.044803615819209153e+04
1.045047683615819187e+04
1.045561581920904064e+04
1.046424858757062248e+04
1.047575819209039582e+04
1.048892655367231782e+04
1.050341242937853167e+04
1.051918983050847601e+04
1.053548135593220468e+04
1.055266779661017063e+04
1.057110960451977371e+04
1.058979209039548005e+04
1.060858418079096009e+04
1.062818192090395496e+04
1.064879435028248554e+04
1.066967796610169535e+04
1.069099209039548077e+04
1.071352203389830538e+04
1.073679209039548005e+04
1.075869039548022556e+04
1.078020564971751446e+04
1.080106666666666570e+04
1.081963389830508459e+04
1.083516271186440645e+04
1.084699096045197803e+04
1.085541581920903991e+04
1.086124858757062248e+04
1.086531751412429367e+04
1.086815367231638447e+04
1.086803050847457598e+04
1.086736158192090443e+04
1.086653559322034016e+04
1.086416158192090370e+04
1.086017062146892567e+04
1.085516497175141194e+04
1.084979548022598829e+04
1.084439661016949140e+04
1.083818305084745771e+04
1.083027796610169389e+04
1.082135819209039619e+04
1.081264858757062211e+04
1.080467118644067887e+04
1.079711751412429476e+04
1.078972542372881435e+04
1.078321129943502820e+04
1.077766892655367337e+04
1.077236610169491541e+04
1.076689717514124277e+04
1.076171073446327682e+04
1.075679774011299378e+04
1.075117062146892749e+04
1.074468361581921090e+04
1.073782937853107251e+04
1.073067005649717612e+04
1.072406327683615746e+04
1.071944519774011314e+04
1.071641807909604540e+04
1.071441129943502892e+04
1.071477288135593335e+04
1.071832994350282388e+04
1.072447005649717539e+04
1.073255480225988867e+04
1.074242372881355914e+04
1.074891977401130134e+04
1.075275593220339033e+04
1.075409039548022702e+04
1.075287118644067959e+04
1.074905649717514279e+04
1.074256158192090516e+04
1.073368022598870084e+04
1.072343502824859024e+04
1.071265649717514316e+04
1.070089717514124277e+04
1.068761129943502965e+04
1.067337853107344745e+04
1.065862033898305162e+04
1.064313333333333503e+04
1.062702372881356132e+04
1.060978418079096082e+04
1.059098644067796704e+04
1.057210282485875723e+04
1.055491299435028486e+04
1.053878192090395532e+04
1.052275819209039764e+04
1.050722146892655473e+04
1.049231638418079092e+04
1.047797627118644232e+04
1.046454124293785571e+04
1.045158983050847564e+04
1.043757627118644086e+04
1.042304180790960527e+04
1.041093220338983156e+04
1.040228474576271401e+04
1.039757288135593262e+04
1.039598079096045331e+04
1.039673333333333358e+04
1.040050169491525594e+04
1.040792655367231782e+04
1.041800451977401281e+04
1.043024519774011424e+04
1.044445649717514243e+04
1.045955367231638593e+04
1.047541242937853167e+04
1.049257740112994543e+04
1.051078757062147088e+04
1.052914915254237349e+04
1.054782259887005785e+04
1.056750734463276967e+04
1.058781920903954961e+04
1.060841016949152618e+04
1.062954915254237494e+04
1.065162711864406810e+04
1.067495480225988831e+04
1.069741016949152618e+04
1.071948474576271292e+04
1.074069717514124568e+04
1.076071412429378688e+04
1.077819435028248699e+04
1.079219096045197875e+04
1.080270056497175392e+04
1.081023841807909776e+04
1.081582711864406883e+04
1.082006666666666752e+04
1.082232881355932477e+04
1.082106214689265653e+04
1.081982711864406883e+04
1.081755367231638593e+04
1.081371299435028413e+04
1.080852655367231819e+04
1.080306440677966384e+04
1.079759096045198021e+04
1.079123841807909776e+04
1.078326440677966093e+04
1.077405310734463274e+04
1.076491073446327755e+04
1.075622146892655473e+04
1.074763954802260014e+04
1.073930169491525521e+04
1.073196723163842034e+04
1.072561242937853058e+04
1.071935254237288245e+04
1.071322598870056390e+04
1.070774237288135555e+04
1.070233672316384218e+04
1.069641242937853167e+04
1.069018305084745771e+04
1.068318418079096045e+04
1.067535028248587696e+04
1.066838644067796486e+04
1.066305649717514098e+04
1.065868700564971732e+04
1.065546666666666715e+04
1.065467683615819260e+04
1.065666327683615782e+04
1.066127457627118565e+04
1.066825423728813621e+04
1.067712316384180667e+04
1.068614915254237167e+04
1.069223954802259868e+04
1.069566666666666606e+04
1.069659774011299305e+04
1.069496610169491396e+04
1.069031186440677993e+04
1.068293220338982974e+04
1.067419548022598792e+04
1.066466101694915233e+04
1.065374011299435006e+04
1.064154802259887038e+04
1.062836497175141267e+04
1.061414350282485975e+04
1.059944632768361407e+04
1.058442372881355914e+04
1.056772655367231528e+04
1.054918870056496962e+04
1.053070169491525303e+04
1.051331073446327719e+04
1.049654802259886856e+04
1.048031073446327719e+04
1.046456949152542438e+04
1.044899887005649725e+04
1.043413333333333321e+04
1.042059887005649762e+04
1.040739999999999964e+04
1.039337853107344563e+04
1.037866553672316149e+04
1.036461016949152327e+04
1.035407231638417943e+04
1.034751186440677702e+04
1.034370621468926402e+04
1.034254124293785208e+04
1.034481694915254047e+04
1.035027344632768290e+04
1.035867796610169353e+04
1.036991864406779496e+04
1.038322372881355841e+04
1.039745649717513879e+04
1.041283389830508349e+04
1.042978305084745625e+04
1.044753446327683560e+04
1.046555932203389602e+04
1.048422146892655292e+04
1.050369265536723105e+04
1.052381581920903773e+04
1.054431864406779641e+04
1.056509039548022520e+04
1.058682033898304871e+04
1.061001581920903845e+04
1.063333898305084585e+04
1.065605875706214647e+04
1.067794689265536726e+04
1.069903163841807873e+04
1.071843728813559210e+04
1.073465310734463128e+04
1.074719322033898061e+04
1.075657288135593080e+04
1.076397401129943319e+04
1.076959435028248481e+04
1.077326892655367192e+04
1.077378983050847455e+04
1.077223954802259686e+04
1.077005310734463274e+04
1.076623728813559137e+04
1.076111299435028195e+04
1.075564632768361480e+04
1.075023615819208862e+04
1.074395593220338924e+04
1.073597740112994325e+04
1.072679887005649653e+04
1.071749830508474406e+04
1.070832655367231564e+04
1.069892429378530869e+04
1.068985762711864299e+04
1.068195141242937825e+04
1.067471412429378506e+04
1.066756271186440608e+04
1.066110169491525266e+04
1.065512768361581766e+04
1.064906440677966020e+04
1.064319661016948885e+04
1.063708361581920690e+04
1.062964519774011205e+04
1.062146892655367083e+04
1.061416497175141194e+04
1.060782824858756976e+04
1.060216836158192018e+04
1.059774011299435006e+04
1.059530508474576163e+04
1.059544180790960309e+04
1.059823728813559319e+04
1.060351299435028159e+04
1.061075706214689126e+04
1.061976836158192054e+04
1.062807118644067668e+04
1.063353559322033834e+04
1.063671299435028050e+04
1.063723615819208862e+04
1.063436158192090261e+04
1.062879999999999927e+04
1.062170734463276676e+04
1.061327005649717466e+04
1.060354124293785208e+04
1.059275480225988576e+04
1.058044632768361407e+04
1.056697401129943319e+04
1.055352203389830538e+04
1.053955480225988686e+04
1.052356158192090334e+04
1.050595819209039473e+04
1.048815593220338997e+04
1.047070621468926402e+04
1.045388135593220431e+04
1.043788248587570524e+04
1.042197627118644050e+04
1.040603163841807873e+04
1.039119548022598792e+04
1.037754350282485757e+04
1.036408813559321788e+04
1.035046666666666533e+04
1.033644067796610034e+04
1.032144745762711682e+04
1.030863050847457635e+04
1.029913785310734238e+04
1.029234915254237058e+04
1.028855819209039510e+04
1.028795141242937825e+04
1.029028700564971587e+04
1.029588135593220250e+04
1.030472542372881253e+04
1.031549378531073307e+04
1.032746440677966166e+04
1.034104519774011351e+04
1.035606892655367119e+04
1.037192203389830502e+04
1.038831073446327719e+04
1.040528587570621312e+04
1.042313785310734420e+04
1.044178531073446356e+04
1.046065197740112853e+04
1.047975706214689126e+04
1.049990621468926474e+04
1.052138757062146942e+04
1.054398418079095973e+04
1.056717514124293666e+04
1.058988700564971441e+04
1.061179322033898279e+04
1.063193785310734347e+04
1.064908700564971696e+04
1.066256949152542256e+04
1.067311638418079019e+04
1.068137853107344563e+04
1.068763389830508277e+04
1.069198305084745698e+04
1.069445310734463237e+04
1.069364632768361480e+04
1.069197175141242769e+04
1.068877175141242878e+04
1.068420451977400990e+04
1.067929039548022411e+04
1.067436723163841816e+04
1.066856949152542438e+04
1.066102824858756867e+04
1.065231412429378361e+04
1.064338305084745662e+04
1.063406101694915196e+04
1.062422598870056390e+04
1.061499661016949176e+04
1.060664858757062029e+04
1.059858644067796376e+04
1.059109943502824717e+04
1.058433672316384036e+04
1.057767683615819078e+04
1.057131751412429185e+04
1.056567457627118347e+04
1.055947457627118456e+04
1.055193220338982792e+04
1.054389943502824826e+04
1.053628587570621312e+04
1.052922937853107214e+04
1.052275367231638302e+04
1.051731073446327537e+04
1.051352542372881362e+04
1.051206666666666570e+04
1.051324858757062248e+04
1.051700903954802197e+04
1.052276384180790956e+04
1.053036384180790992e+04
1.053992994350282424e+04
1.054719096045197693e+04
1.055234124293785135e+04
1.055449830508474406e+04
1.055330960451977262e+04
1.054958644067796558e+04
1.054379661016949103e+04
1.053634915254237058e+04
1.052801129943502747e+04
1.051834915254237058e+04
1.050675254237288027e+04
1.049433446327683487e+04
1.048208022598869866e+04
1.046897627118643868e+04
1.045404293785310801e+04
1.043774124293785280e+04
1.042066214689265507e+04
1.040346892655367083e+04
1.038720677966101721e+04
1.037155593220339142e+04
1.035567344632768436e+04
1.034006553672316477e+04
1.032549378531073307e+04
1.031193672316384254e+04
1.029876610169491505e+04
1.028572881355932259e+04
1.027273559322033907e+04
1.025907005649717576e+04
1.024457401129943537e+04
1.023301920903954851e+04
1.022442937853107287e+04
1.021901468926553571e+04
1.021634689265536690e+04
1.021668361581920908e+04
1.022075367231638302e+04
1.022800112994350275e+04
1.023734237288135591e+04
1.024842937853107287e+04
1.026123050847457489e+04
1.027556271186440608e+04
1.029094802259886819e+04
1.030690282485875650e+04
1.032353898305084658e+04
1.034126101694915269e+04
1.035969152542372831e+04
1.037831412429378543e+04
1.039730621468926620e+04
1.041713672316384145e+04
1.043814463276836068e+04
1.046051864406779714e+04
1.048364858757062029e+04
1.050680338983050751e+04
1.052954463276836213e+04
1.055112768361581948e+04
1.056994576271186452e+04
1.058547796610169462e+04
1.059791073446327755e+04
1.060785536723163750e+04
1.061568361581920908e+04
1.062145423728813694e+04
1.062497740112994325e+04
1.062688700564971805e+04
1.062511412429378470e+04
1.062203841807909703e+04
1.061768248587570633e+04
1.061303954802259796e+04
1.060849943502824863e+04
1.060300225988700367e+04
1.059580338983050751e+04
1.058782485875706152e+04
1.057931751412429367e+04
1.056988248587570706e+04
1.056019096045197875e+04
1.055108361581920872e+04
1.054227909604519664e+04
1.053394463276836177e+04
1.052658644067796558e+04
1.051950056497175137e+04
1.051252768361581911e+04
1.050642937853107287e+04
1.050105423728813548e+04
1.049505649717514098e+04
1.048794576271186452e+04
1.048032768361581839e+04
1.047275932203389857e+04
1.046548700564971659e+04
1.045858192090395460e+04
1.045244745762712046e+04
1.044754802259886856e+04
1.044471186440678139e+04
1.044440564971751519e+04
1.044659548022598938e+04
1.045082259887005603e+04
1.045689717514124277e+04
1.046509717514124350e+04
1.047474576271186379e+04
1.048195141242937825e+04
1.048604858757062175e+04
1.048716497175141194e+04
1.048546101694915342e+04
1.048109491525423800e+04
1.047529717514124422e+04
1.046859322033898388e+04
1.046004293785310801e+04
1.044951864406779714e+04
1.043843502824858660e+04
1.042723050847457671e+04
1.041500903954802197e+04
1.040150960451977517e+04
1.038645536723163968e+04
1.036998079096045331e+04
1.035347118644067814e+04
1.033773220338983083e+04
1.032225084745762797e+04
1.030655480225988867e+04
1.029114463276836250e+04
1.027662824858757085e+04
1.026303502824858879e+04
1.024982824858757158e+04
1.023702372881356132e+04
1.022479661016949103e+04
1.021197740112994506e+04
1.019717740112994397e+04
1.018376497175141412e+04
1.017360338983050679e+04
1.016627683615819114e+04
1.016149265536723033e+04
1.015996045197740204e+04
1.016209265536723251e+04
1.016739548022598865e+04
1.017515367231638447e+04
1.018487231638418052e+04
1.019646553672316440e+04
1.020984067796610179e+04
1.022431751412429367e+04
1.023938983050847492e+04
1.025537966101694838e+04
1.027246440677966166e+04
1.029019548022598974e+04
1.030834237288135773e+04
1.032676497175141412e+04
1.034573785310734456e+04
1.036604858757062175e+04
1.038758305084745734e+04
1.040990508474576200e+04
1.043287005649717321e+04
1.045605875706214647e+04
1.047833672316384218e+04
1.049833220338983119e+04
1.051536723163841816e+04
1.052927231638418016e+04
1.054059435028248663e+04
1.054977175141243060e+04
1.055679209039548005e+04
1.056131977401129916e+04
1.056377627118644159e+04
1.056516836158192018e+04
1.056218983050847601e+04
1.055794011299435078e+04
1.055368700564971732e+04
1.054932655367231564e+04
1.054375028248587660e+04
1.053692203389830684e+04
1.052945988700565067e+04
1.052086892655367228e+04
1.051123615819209226e+04
1.050156384180791065e+04
1.049182937853107433e+04
1.048218192090395678e+04
1.047338079096045294e+04
1.046532542372881289e+04
1.045726779661016917e+04
1.044958644067796558e+04
1.044297401129943682e+04
1.043703276836158147e+04
1.043066553672316513e+04
1.042339435028248590e+04
1.041560451977401135e+04
1.040761694915254338e+04
1.039976836158192236e+04
1.039217627118644123e+04
1.038503728813559428e+04
1.037887683615819333e+04
1.037449039548022665e+04
1.037262937853107360e+04
1.037317401129943755e+04
1.037568474576271183e+04
1.038037062146892640e+04
1.038730056497175246e+04
1.039579661016949103e+04
1.040512655367231673e+04
1.041171751412429512e+04
1.041552316384180813e+04
1.041593785310734529e+04
1.041360790960452141e+04
1.041003163841808055e+04
1.040525310734463164e+04
1.039822485875706116e+04
1.038955819209039691e+04
1.038020000000000073e+04
1.037028361581920763e+04
1.035976723163841962e+04
1.034815028248587623e+04
1.033466214689265689e+04
1.031966101694915233e+04
1.030451525423728890e+04
1.028981016949152581e+04
1.027520225988700622e+04
1.026037062146892640e+04
1.024575932203389857e+04
1.023205536723163823e+04
1.021898644067796704e+04
1.020623615819209044e+04
1.019436723163841816e+04
1.018325084745762797e+04
1.017171751412429330e+04
1.015858983050847564e+04
1.014355593220339142e+04
1.013151073446327791e+04
1.012208700564971878e+04
1.011529491525423873e+04
1.011172316384180886e+04
1.011177175141243060e+04
1.011520564971751446e+04
1.012127344632768472e+04
1.012949830508474588e+04
1.013995593220338924e+04
1.015235480225988795e+04
1.016581242937853131e+04
1.018015141242937898e+04
1.019554011299434933e+04
1.021186892655367410e+04
1.022911412429378652e+04
1.024673446327683632e+04
1.026445310734463419e+04
1.028282937853107433e+04
1.030236271186440717e+04
1.032292768361582057e+04
1.034438870056497217e+04
1.036680903954802125e+04
1.038977740112994434e+04
1.041232203389830465e+04
1.043316271186440645e+04
1.045133559322033943e+04
1.046641807909604540e+04
1.047887683615819333e+04
1.048920451977401171e+04
1.049727909604519846e+04
1.050267457627118711e+04
1.050542259887005639e+04
1.050727683615819114e+04
1.050674802259887110e+04
1.050313898305084876e+04
1.049970169491525485e+04
1.049571525423728963e+04
1.049063502824858733e+04
1.048487457627118783e+04
1.047805423728813548e+04
1.046985197740112926e+04
1.046091977401129952e+04
1.045157966101694910e+04
1.044163163841808091e+04
1.043190169491525376e+04
1.042305762711864372e+04
1.041460451977401317e+04
1.040610169491525448e+04
1.039811638418079019e+04
1.039127683615819114e+04
1.038508135593220322e+04
1.037873220338983083e+04
1.037169830508474479e+04
1.036406101694915196e+04
1.035611525423728926e+04
1.034815932203389821e+04
1.034030282485875796e+04
1.033261920903954888e+04
1.032551638418079165e+04
1.032001920903954851e+04
1.031687344632768327e+04
1.031574915254237385e+04
1.031675593220339033e+04
1.032021242937853094e+04
1.032561468926553789e+04
1.033254350282485939e+04
1.034162259887005712e+04
1.034980112994350202e+04
1.035496949152542402e+04
1.035634350282486048e+04
1.035518757062146869e+04
1.035261694915254338e+04
1.034823728813559137e+04
1.034179322033898279e+04
1.033375254237288027e+04
1.032453220338983010e+04
1.031475819209039400e+04
1.030465649717514134e+04
1.029341807909604540e+04
1.028024067796610143e+04
1.026555141242937862e+04
1.025042485875706188e+04
1.023561694915254157e+04
1.022066214689265689e+04
1.020535367231638338e+04
1.019047457627118638e+04
1.017626553672316368e+04
1.016235706214689344e+04
1.014895480225988649e+04
1.013655480225988686e+04
1.012511525423728744e+04
1.011367231638418161e+04
1.010084293785310729e+04
1.008615480225988722e+04
1.007203276836158147e+04
1.006043050847457562e+04
1.005134350282485684e+04
1.004527118644067741e+04
1.004280451977401026e+04
1.004376045197739950e+04
1.004727796610169389e+04
1.005329039548022411e+04
1.006178079096045258e+04
1.007210508474576272e+04
1.008379774011299378e+04
1.009648248587570561e+04
1.011010056497175174e+04
1.012487457627118602e+04
1.014066101694915233e+04
1.015672881355932077e+04
1.017298305084745698e+04
1.018992655367231418e+04
1.020780790960451850e+04
1.022662824858757085e+04
1.024645762711864518e+04
1.026746553672316259e+04
1.028936158192090443e+04
1.031144180790960309e+04
1.033242259887005639e+04
1.035111412429378470e+04
1.036701355932203478e+04
1.038029943502824790e+04
1.039157062146892713e+04
1.040080112994350202e+04
1.040708248587570597e+04
1.041026440677966093e+04
1.041254124293785208e+04
1.041494802259887001e+04
1.041335254237288245e+04
1.041015932203389821e+04
1.040618531073446138e+04
1.040164858757062029e+04
1.039639999999999964e+04
1.038972203389830611e+04
1.038191977401129952e+04
1.037338079096045112e+04
1.036391412429378579e+04
1.035364067796610107e+04
1.034362937853107360e+04
1.033434689265536872e+04
1.032519661016949249e+04
1.031603050847457598e+04
1.030744067796610216e+04
1.029990282485875650e+04
1.029315141242937898e+04
1.028650734463276785e+04
1.027934011299434860e+04
1.027161694915253975e+04
1.026348022598870011e+04
1.025527231638418016e+04
1.024710508474576091e+04
1.023866214689265325e+04
1.023059774011299305e+04
1.022402598870056318e+04
1.021926666666666461e+04
1.021630960451977262e+04
1.021572655367231528e+04
1.021757853107344636e+04
1.022102937853107142e+04
1.022625197740112890e+04
1.023375028248587478e+04
1.024329943502824790e+04
1.025030395480225889e+04
1.025373107344632626e+04
1.025470960451977226e+04
1.025379548022598647e+04
1.025096836158191945e+04
1.024626101694914905e+04
1.023966214689265325e+04
1.023161016949152327e+04
1.022307570621468767e+04
1.021427796610169389e+04
1.020444293785310583e+04
1.019270395480225852e+04
1.017928587570621312e+04
1.016547118644067632e+04
1.015165875706214501e+04
1.013737175141242915e+04
1.012292655367231600e+04
1.010885536723163750e+04
1.009516158192090370e+04
1.008169830508474479e+04
1.006871638418079056e+04
1.005669830508474479e+04
1.004599322033898352e+04
1.003567570621468803e+04
1.002400903954802197e+04
1.001077740112994434e+04
9.996957062146891985e+03
9.984021468926552188e+03
9.973322033898304653e+03
9.965691525423728308e+03
9.961674576271185288e+03
9.960829378531072507e+03
9.962876836158189690e+03
9.967724293785309783e+03
9.975084745762709645e+03
9.984589830508473824e+03
9.995732203389830829e+03
1.000788361581920981e+04
1.002112316384180667e+04
1.003574237288135555e+04
1.005138983050847310e+04
1.006739774011299232e+04
1.008373446327683632e+04
1.010076271186440681e+04
1.011853559322033834e+04
1.013720564971751446e+04
1.015689717514124277e+04
1.017774237288135555e+04
1.019978305084745807e+04
1.022245649717514061e+04
1.024455254237288136e+04
1.026487909604519700e+04
1.028254802259886856e+04
1.029754124293785208e+04
1.031087457627118602e+04
1.032216610169491469e+04
1.032992429378531051e+04
1.033462485875706261e+04
1.033820000000000073e+04
1.034136158192090443e+04
1.034290056497175101e+04
1.033968474576271183e+04
1.033585988700564849e+04
1.033180903954802307e+04
1.032688926553672354e+04
1.032070508474576309e+04
1.031368813559322007e+04
1.030584858757062102e+04
1.029670960451977408e+04
1.028678870056497180e+04
1.027711299435028195e+04
1.026792881355932150e+04
1.025876836158192054e+04
1.024962485875706261e+04
1.024098644067796704e+04
1.023338418079096118e+04
1.022663841807909557e+04
1.022017514124293848e+04
1.021350282485875687e+04
1.020614124293785244e+04
1.019840451977401062e+04
1.019069378531073380e+04
1.018268248587570633e+04
1.017409152542372794e+04
1.016582033898305053e+04
1.015867231638418161e+04
1.015263163841807909e+04
1.014845310734463237e+04
1.014671751412429330e+04
1.014696610169491578e+04
1.014891864406779678e+04
1.015281129943502674e+04
1.015879209039548005e+04
1.016667344632768436e+04
1.017502711864406774e+04
1.018005875706214647e+04
1.018239209039548223e+04
1.018252994350282643e+04
1.018085197740113108e+04
1.017717853107344672e+04
1.017138983050847492e+04
1.016402485875706407e+04
1.015602824858757231e+04
1.014790508474576200e+04
1.013881242937853312e+04
1.012769830508474661e+04
1.011510847457627096e+04
1.010197062146892677e+04
1.008840451977401244e+04
1.007432994350282388e+04
1.006014011299435151e+04
1.004614802259887074e+04
1.003244519774011496e+04
1.001890621468926656e+04
1.000553898305084658e+04
9.993262146892655437e+03
9.982688135593220068e+03
9.972552542372881362e+03
9.961265536723163677e+03
9.948940112994350784e+03
9.936145762711865245e+03
9.922462146892656165e+03
9.910150282485876232e+03
9.900846327683615527e+03
9.894838418079096300e+03
9.892019209039548514e+03
9.892249717514125223e+03
9.895266666666666424e+03
9.900984180790961545e+03
9.909168361581921999e+03
9.919035028248588787e+03
9.929981920903956052e+03
9.942238418079097755e+03
9.955945762711864518e+03
9.970586440677967403e+03
9.985764971751414123e+03
1.000135480225988795e+04
1.001749943502825045e+04
1.003430621468926620e+04
1.005189717514124277e+04
1.007030960451977444e+04
1.008991412429378761e+04
1.011086666666666861e+04
1.013266553672316513e+04
1.015461129943503147e+04
1.017524067796610325e+04
1.019310621468926729e+04
1.020872429378531160e+04
1.022305762711864372e+04
1.023495367231638556e+04
1.024330282485875796e+04
1.024886327683615855e+04
1.025260338983051042e+04
1.025525423728813621e+04
1.025772203389830611e+04
1.025698305084745880e+04
1.025418079096045403e+04
1.025111864406779932e+04
1.024706214689265471e+04
1.024201581920904027e+04
1.023628361581921126e+04
1.022944858757062320e+04
1.022114011299435151e+04
1.021203502824858879e+04
1.020290621468926656e+04
1.019405084745762724e+04
1.018510960451977553e+04
1.017609378531073526e+04
1.016757062146892713e+04
1.015985084745762651e+04
1.015307344632768400e+04
1.014690621468926474e+04
1.014055593220338960e+04
1.013353446327683741e+04
1.012640338983050970e+04
1.011931299435028450e+04
1.011149604519774039e+04
1.010324180790960600e+04
1.009524858757062248e+04
1.008768474576271365e+04
1.008107118644068032e+04
1.007628361581921126e+04
1.007369378531073744e+04
1.007303389830508604e+04
1.007413898305084876e+04
1.007736610169491723e+04
1.008256045197740241e+04
1.008946553672316440e+04
1.009858870056497290e+04
1.010592090395480409e+04
1.011024180790960600e+04
1.011227570621469022e+04
1.011234011299435224e+04
1.011033333333333394e+04
1.010598418079096155e+04
1.009971073446327864e+04
1.009280564971751664e+04
1.008576949152542511e+04
1.007755480225988867e+04
1.006751299435028341e+04
1.005609491525423800e+04
1.004379096045197912e+04
1.003079096045197912e+04
1.001725423728813803e+04
1.000342937853107469e+04
9.989718644067797868e+03
9.976348022598871466e+03
9.962731073446328082e+03
9.949037288135594281e+03
9.936654237288137665e+03
9.926056497175140976e+03
9.915845197740112781e+03
9.904899435028250082e+03
9.893327683615820206e+03
9.881225988700565722e+03
9.868267796610170990e+03
9.854470056497175392e+03
9.843442937853109470e+03
9.835587570621470149e+03
9.831009039548021974e+03
9.829494915254239459e+03
9.830864406779663113e+03
9.835255367231638957e+03
9.842346892655368720e+03
9.851190960451978754e+03
9.861422598870056390e+03
9.873131073446329538e+03
9.886303954802260705e+03
9.900570621468927129e+03
9.915538983050848401e+03
9.930985310734464292e+03
9.946990960451978026e+03
9.963716384180792375e+03
9.980968361581921272e+03
9.999089265536724270e+03
1.001839322033898316e+04
1.003886666666666861e+04
1.006070169491525303e+04
1.008345762711864518e+04
1.010492090395480227e+04
1.012398531073446429e+04
1.014151299435028341e+04
1.015763841807909557e+04
1.017123389830508495e+04
1.018168926553672463e+04
1.018931186440677993e+04
1.019445762711864518e+04
1.019816045197740095e+04
1.020160677966101866e+04
1.020402937853107323e+04
1.020261920903954888e+04
1.019917288135593299e+04
1.019480112994350384e+04
1.018980225988700658e+04
1.018415141242937898e+04
1.017731073446327719e+04
1.016893785310734529e+04
1.015962146892655437e+04
1.015020564971751446e+04
1.014081129943503038e+04
1.013125084745762979e+04
1.012162259887005712e+04
1.011229378531073598e+04
1.010364745762712118e+04
1.009614463276836250e+04
1.008944067796610398e+04
1.008242711864407102e+04
1.007514915254237349e+04
1.006800338983050824e+04
1.006054124293785389e+04
1.005247909604519919e+04
1.004411412429378652e+04
1.003566101694915415e+04
1.002727570621469204e+04
1.001958305084745734e+04
1.001358305084745916e+04
1.000952768361581911e+04
1.000716723163841743e+04
1.000679548022598829e+04
1.000857627118644086e+04
1.001204858757062175e+04
1.001711186440677920e+04
1.002467570621468985e+04
1.003374237288135555e+04
1.003969265536723105e+04
1.004311638418079019e+04
1.004461129943502965e+04
1.004396723163841853e+04
1.004060790960451959e+04
1.003523050847457671e+04
1.002922146892655473e+04
1.002280451977401208e+04
1.001523615819209226e+04
1.000609265536723251e+04
9.995512994350283407e+03
9.983846327683615527e+03
9.971445197740114963e+03
9.958220338983051988e+03
9.944545762711866701e+03
9.931177401129945792e+03
9.917990960451978026e+03
9.904142372881357005e+03
9.890148022598870739e+03
9.877564971751413395e+03
9.866536723163841089e+03
9.856012429378530214e+03
9.845220338983050169e+03
9.833984180790961545e+03
9.822359322033898934e+03
9.809891525423729036e+03
9.796204519774011715e+03
9.783120903954802998e+03
9.773092655367232510e+03
9.766255367231638957e+03
9.762301694915255212e+03
9.761366101694915415e+03
9.763648587570623931e+03
9.768683615819209081e+03
9.775612429378532397e+03
9.784192090395481500e+03
9.794316384180790919e+03
9.805960451977402045e+03
9.818866666666668607e+03
9.832500564971753192e+03
9.846741242937856441e+03
9.861724293785311602e+03
9.877189830508476007e+03
9.893192090395481500e+03
9.910204519774011715e+03
9.927923163841809583e+03
9.946795480225988285e+03
9.967779661016949831e+03
9.989857627118646633e+03
1.001086553672316586e+04
1.003021694915254193e+04
1.004843728813559392e+04
1.006515254237288173e+04
1.007965988700565140e+04
1.009150734463276967e+04
1.010031864406780005e+04
1.010626327683616000e+04
1.011064180790960563e+04
1.011448474576271474e+04
1.011773220338983083e+04
1.011890508474576382e+04
1.011554350282485939e+04
1.011146440677966166e+04
1.010690056497175283e+04
1.010175706214689490e+04
1.009530621468926620e+04
1.008728700564971950e+04
1.007822033898305017e+04
1.006881694915254411e+04
1.005916158192090552e+04
1.004930056497175246e+04
1.003932768361582021e+04
1.002921694915254375e+04
1.001981468926553862e+04
1.001169717514124204e+04
1.000415141242937898e+04
9.996538983050846582e+03
9.989013559322034780e+03
9.981532203389830102e+03
9.973703954802262160e+03
9.965405649717515189e+03
9.956873446327685087e+03
9.947977401129945065e+03
9.938779661016951650e+03
9.930172881355934805e+03
9.923024858757064067e+03
9.917393220338984975e+03
9.913388700564973988e+03
9.911593220338985702e+03
9.911888135593222614e+03
9.913534463276839233e+03
9.916908474576273875e+03
9.923007909604522865e+03
9.931447457627120457e+03
9.939267796610170990e+03
9.944533333333334667e+03
9.947918644067798596e+03
9.948891525423729036e+03
9.946952542372884636e+03
9.942979661016950558e+03
9.938108474576270964e+03
9.932613559322035144e+03
9.926115254237289264e+03
9.918114124293784698e+03
9.908607909604521410e+03
9.898096045197740750e+03
9.886624858757064430e+03
9.873971751412431331e+03
9.860925423728815076e+03
9.848340112994352239e+03
9.835538983050848401e+03
9.821829378531074326e+03
9.808051977401131808e+03
9.795423728813562775e+03
9.784253107344633463e+03
9.773745762711865609e+03
9.763223728813560228e+03
9.752605649717515917e+03
9.741628248587570852e+03
9.729829378531074326e+03
9.717186440677967767e+03
9.703375141242939208e+03
9.691481355932202860e+03
9.682535593220340161e+03
9.676395480225990468e+03
9.673480225988700113e+03
9.673868926553674100e+03
9.677117514124294757e+03
9.682612429378532397e+03
9.689877966101696074e+03
9.698853107344633827e+03
9.709598870056497617e+03
9.721590960451978390e+03
9.734454237288136937e+03
9.748302824858757958e+03
9.762687005649717321e+03
9.777492655367232146e+03
9.793229378531073962e+03
9.809610169491526904e+03
9.826270056497176483e+03
9.844367231638418161e+03
9.864838418079096300e+03
9.886379661016950195e+03
9.907341242937854986e+03
9.927337853107344927e+03
9.946275706214688398e+03
9.963746892655366537e+03
9.979515254237288900e+03
9.992879096045198821e+03
1.000293107344632881e+04
1.001005310734463274e+04
1.001538531073446575e+04
1.001964519774011569e+04
1.002293446327683705e+04
1.002574915254237567e+04
1.002475028248587842e+04
1.002112881355932404e+04
1.001727457627118747e+04
1.001296723163842034e+04
1.000734802259887147e+04
1.000025084745762797e+04
9.992142372881357005e+03
9.983281355932205770e+03
9.974159322033898206e+03
9.964975141242939571e+03
9.955235028248587696e+03
9.945246327683616983e+03
9.936071186440680322e+03
9.927955932203392877e+03
9.920414689265538982e+03
9.913077966101696802e+03
9.906073446327683996e+03
9.899075706214691309e+03
9.891755932203392149e+03
9.884224858757062975e+03
9.876459887005650671e+03
9.868061016949151963e+03
9.859178531073446720e+03
9.850788700564971805e+03
9.843470056497175392e+03
9.837171751412432059e+03
9.832491525423731218e+03
9.830205649717516280e+03
9.829584180790961909e+03
9.830167231638421072e+03
9.832801129943505657e+03
9.837888135593222614e+03
9.844994350282488085e+03
9.854129943502824972e+03
9.861396610169493215e+03
9.866662146892656892e+03
9.869280225988703023e+03
9.869025988700566813e+03
9.866571751412429876e+03
9.862875706214690581e+03
9.858537853107347473e+03
9.853192090395481500e+03
9.846305084745763452e+03
9.838070056497177575e+03
9.828945762711866337e+03
9.818415819209041729e+03
9.806525423728815440e+03
9.794422598870058209e+03
9.782629378531075417e+03
9.770404519774012442e+03
9.757222598870059301e+03
9.743805649717516644e+03
9.731384180790963001e+03
9.720222598870059301e+03
9.709716384180792375e+03
9.699612429378532397e+03
9.689620338983051624e+03
9.679196610169492487e+03
9.668228248587573034e+03
9.656715254237289628e+03
9.643940112994352603e+03
9.630603389830508604e+03
9.619911864406782115e+03
9.612028248587572307e+03
9.607342372881357733e+03
9.605917514124294030e+03
9.607610169491526904e+03
9.611654237288135846e+03
9.617580790960451850e+03
9.625587570621470149e+03
9.635300564971750646e+03
9.646259887005649944e+03
9.658551412429378615e+03
9.671815819209039546e+03
9.685429378531072871e+03
9.699853107344632008e+03
9.715318644067796413e+03
9.730912994350283043e+03
9.746689265536724633e+03
9.764125423728813985e+03
9.783815819209039546e+03
9.804644067796609306e+03
9.825599999999998545e+03
9.846061016949151963e+03
9.865438418079094845e+03
9.883790960451977298e+03
9.900880225988701568e+03
9.915702824858755775e+03
9.927285875706214938e+03
9.935971751412429512e+03
9.942692655367232874e+03
9.947823728813560592e+03
9.951700564971752101e+03
9.954967231638418525e+03
9.957255367231638957e+03
9.954651977401128534e+03
9.950959322033897479e+03
9.946719774011300615e+03
9.941329943502823880e+03
9.934692655367231055e+03
9.926679096045198094e+03
9.917798870056496526e+03
9.908760451977401317e+03
9.899349152542374213e+03
9.889183050847457707e+03
9.878767231638419617e+03
9.869044067796610761e+03
9.860127683615819478e+03
9.851759322033896751e+03
9.843910734463275730e+03
9.836470056497175392e+03
9.828984180790957907e+03
9.821335593220337614e+03
9.813743502824858297e+03
9.805882485875707061e+03
9.797132203389830465e+03
9.787911864406780296e+03
9.779158192090395460e+03
9.770836158192090807e+03
9.763233898305084949e+03
9.757510734463277913e+03
9.753938983050848037e+03
9.751708474576273147e+03
9.750915254237288536e+03
9.752285875706214938e+03
9.755640677966102885e+03
9.761091525423729763e+03
9.769035028248588787e+03
9.778586440677965584e+03
9.785935593220339797e+03
9.790638418079095572e+03
9.792464406779661658e+03
9.791781920903953505e+03
9.789687005649717321e+03
9.786905084745763816e+03
9.782872316384180522e+03
9.777342372881357733e+03
9.770831638418079820e+03
9.763196610169492487e+03
9.753849717514125587e+03
9.743179661016949467e+03
9.732220338983050169e+03
9.721455367231637865e+03
9.710143502824859752e+03
9.697736723163841816e+03
9.685036158192091534e+03
9.673059887005649216e+03
9.661984180790961545e+03
9.651736723163841816e+03
9.642177401129943974e+03
9.632698305084744788e+03
9.622926553672317823e+03
9.612977401129943246e+03
9.602536723163841089e+03
9.590882485875707061e+03
9.577736723163841816e+03
9.564890395480226289e+03
9.554735593220339069e+03
9.547623728813559865e+03
9.544056497175140976e+03
9.543610169491525085e+03
9.545618079096046131e+03
9.549981920903956052e+03
9.556575141242938116e+03
9.564787570621469058e+03
9.574684745762711827e+03
9.586211299435028195e+03
9.598446327683617710e+03
9.611274576271185651e+03
9.625353672316385200e+03
9.640340112994350420e+03
9.655160451977400953e+03
9.670285875706216757e+03
9.687059887005649216e+03
9.705719774011300615e+03
9.725882485875707061e+03
9.746728813559322589e+03
9.767271186440677411e+03
9.786966101694915778e+03
9.806056497175140976e+03
9.824263276836158184e+03
9.840315254237288173e+03
9.853432768361582930e+03
9.863696045197739295e+03
9.871775141242938844e+03
9.877906214689266562e+03
9.882380790960451122e+03
9.886236158192090443e+03
9.890081355932205042e+03
9.890484745762712919e+03
9.886741242937852803e+03
9.882594350282486630e+03
9.877705084745763088e+03
9.871442937853109470e+03
9.863675706214689853e+03
9.855083615819210536e+03
9.846229378531073962e+03
9.836742372881355550e+03
9.826360451977401681e+03
9.815714124293786881e+03
9.805499435028250446e+03
9.795797740112997417e+03
9.786689265536724633e+03
9.778283615819211263e+03
9.770261016949154509e+03
9.762120903954802998e+03
9.754051977401129989e+03
9.746291525423730491e+03
9.738027118644069560e+03
9.728824858757063339e+03
9.719384180790963001e+03
9.710001129943504566e+03
9.700449717514125950e+03
9.691577401129945429e+03
9.684600000000002183e+03
9.679207909604521774e+03
9.675129943502826791e+03
9.672790960451979117e+03
9.672274576271187470e+03
9.673451977401131444e+03
9.676910734463277549e+03
9.682928813559323316e+03
9.690987570621469786e+03
9.700048587570621748e+03
9.706571751412429876e+03
9.709984180790961545e+03
9.710733333333335395e+03
9.710106214689267290e+03
9.708411299435028923e+03
9.705247457627119729e+03
9.700870056497176847e+03
9.695631638418080911e+03
9.689115254237289264e+03
9.680741242937854622e+03
9.670906214689266562e+03
9.660821468926555099e+03
9.650832768361582566e+03
9.640056497175142795e+03
9.628244067796611489e+03
9.616103954802261796e+03
9.604221468926554735e+03
9.592998870056497253e+03
9.582818079096046858e+03
9.573324293785311966e+03
9.563975141242939571e+03
9.554595480225991196e+03
9.545212429378532761e+03
9.535419209039548150e+03
9.524579661016949103e+03
9.512462146892656165e+03
9.498924293785310510e+03
9.486757062146893077e+03
9.477687005649717321e+03
9.472064406779662022e+03
9.469324293785310147e+03
9.469306214689266199e+03
9.471949152542372758e+03
9.476548022598870375e+03
9.482892655367231782e+03
9.491308474576271692e+03
9.501220338983050169e+03
9.511673446327684360e+03
9.523085875706216029e+03
9.535943502824859024e+03
9.549368361581920908e+03
9.562637288135592826e+03
9.576259887005649944e+03
9.591087005649718776e+03
9.607627118644068105e+03
9.625941242937853531e+03
9.645281355932205770e+03
9.664397740112995962e+03
9.683051977401129989e+03
9.701471186440678139e+03
9.719229378531075781e+03
9.735174011299435733e+03
9.748390960451977662e+03
9.759075706214689490e+03
9.767416949152542657e+03
9.773369491525423655e+03
9.777623728813559865e+03
9.781089265536724270e+03
9.784158192090395460e+03
9.787077966101694983e+03
9.785848587570621021e+03
9.782788700564971805e+03
9.779108474576270964e+03
9.773989830508475279e+03
9.767294915254236912e+03
9.759785310734463565e+03
9.751801129943502019e+03
9.742916384180791283e+03
9.733100564971751737e+03
9.722917514124294030e+03
9.712813559322034052e+03
9.702960451977400226e+03
9.693715254237289628e+03
9.685334463276836686e+03
9.677129943502826791e+03
9.668844067796610034e+03
9.661005649717515553e+03
9.653441807909606723e+03
9.645184180790962273e+03
9.636289265536724997e+03
9.627322033898306472e+03
9.617829378531074326e+03
9.607897175141242769e+03
9.598759322033898570e+03
9.591018079096045767e+03
9.584515254237288900e+03
9.579572881355932623e+03
9.576309604519774439e+03
9.574543502824857569e+03
9.574453107344634191e+03
9.576566101694916142e+03
9.581305084745763452e+03
9.588253107344633463e+03
9.596481355932202860e+03
9.604311864406779932e+03
9.608873446327683268e+03
9.610880225988701568e+03
9.611333333333332121e+03
9.610344632768361407e+03
9.607841807909604540e+03
9.604300564971752465e+03
9.600044067796610761e+03
9.594492655367233965e+03
9.586925423728815076e+03
9.577941242937853531e+03
9.568740112994351875e+03
9.559375141242937389e+03
9.549244067796611489e+03
9.538300564971750646e+03
9.526799999999999272e+03
9.515205649717514461e+03
9.504242937853108742e+03
9.494320903954801906e+03
9.485084745762711464e+03
9.476141242937854258e+03
9.467451977401129625e+03
9.458945762711862699e+03
9.450075706214687671e+03
9.440501694915254120e+03
9.429858757062145742e+03
9.417726553672317095e+03
9.404273446327682905e+03
9.393560451977400589e+03
9.385907344632767490e+03
9.381212429378530942e+03
9.379644067796609306e+03
9.380722033898304289e+03
9.383668926553671554e+03
9.388844067796610034e+03
9.396346892655368720e+03
9.405133333333333212e+03
9.414707344632766763e+03
9.425630508474576345e+03
9.438007909604519227e+03
9.450900564971751010e+03
9.463891525423727217e+03
9.477170621468927493e+03
9.491246327683616983e+03
9.507051977401129989e+03
9.524836158192090807e+03
9.543734463276836323e+03
9.562763841807911376e+03
9.581602259887007676e+03
9.600562711864407902e+03
9.619183050847455888e+03
9.636138983050848765e+03
9.650917514124294030e+03
9.663395480225988649e+03
9.673244067796611489e+03
9.680595480225991196e+03
9.686073446327683996e+03
9.690346892655366901e+03
9.693985310734464292e+03
9.697370621468926402e+03
9.699063276836157456e+03
9.697490395480224834e+03
9.694084745762711464e+03
9.689291525423730491e+03
9.683099435028248990e+03
9.676137853107346018e+03
9.668533333333334667e+03
9.659960451977402045e+03
9.650498305084747699e+03
9.640651977401132172e+03
9.630492655367232146e+03
9.620422598870056390e+03
9.611190960451978754e+03
9.602697175141242042e+03
9.594202259887006221e+03
9.585958192090394732e+03
9.578476836158191873e+03
9.570970621468926765e+03
9.562927683615818751e+03
9.554752542372880271e+03
9.546263276836158184e+03
9.536839548022599047e+03
9.527079096045199549e+03
9.517821468926555099e+03
9.509413559322034416e+03
9.502188700564971441e+03
9.496470056497175392e+03
9.492261016949152690e+03
9.489410169491526176e+03
9.488037288135594281e+03
9.488682485875706334e+03
9.492054237288135482e+03
9.497670056497176120e+03
9.504549152542374941e+03
9.512416949152542657e+03
9.518483615819208353e+03
9.522005649717513734e+03
9.523700564971752101e+03
9.523648587570622112e+03
9.521964971751414851e+03
9.519338983050849492e+03
9.516138983050848765e+03
9.511432768361581111e+03
9.504641807909605632e+03
9.496553672316385928e+03
9.488000000000000000e+03
9.479039548022599774e+03
9.469451977401131444e+03
9.459101694915256303e+03
9.447906214689264743e+03
9.436351412429379707e+03
9.425305084745763452e+03
9.415179661016951286e+03
9.405628248587570852e+03
9.396544632768363954e+03
9.387914124293787609e+03
9.379425988700566450e+03
9.370845197740112781e+03
9.361858757062147561e+03
9.351800000000001091e+03
9.340407909604520682e+03
9.327883615819209808e+03
9.315892655367233601e+03
9.306606779661018663e+03
9.300510734463277913e+03
9.297726553672317095e+03
9.297312994350282679e+03
9.299016949152544839e+03
9.303351412429379707e+03
9.309961581920906610e+03
9.317767231638419617e+03
9.326687005649719140e+03
9.337142372881357005e+03
9.348893785310736348e+03
9.361433898305087496e+03
9.374271186440679230e+03
9.387135593220340525e+03
9.400568361581921636e+03
9.415595480225989377e+03
9.432662146892656892e+03
9.451007909604522865e+03
9.469550282485877688e+03
9.488314124293787245e+03
9.507509604519775166e+03
9.526396610169493215e+03
9.544087005649718776e+03
9.560096045197742569e+03
9.573899435028251901e+03
9.585066666666669335e+03
9.593716384180792375e+03
9.600245197740114236e+03
9.605167231638421072e+03
9.609267796610172809e+03
9.613056497175142795e+03
9.616362711864408993e+03
9.617584180790961909e+03
9.615116384180793830e+03
9.610706214689267654e+03
9.605082485875707789e+03
9.598716384180792375e+03
9.591436158192091170e+03
9.583120903954802998e+03
9.574061016949153782e+03
9.564381920903957507e+03
9.553934463276837050e+03
9.543592090395479318e+03
9.534158192090395460e+03
9.525047457627119002e+03
9.515909604519774803e+03
9.507482485875707425e+03
9.499620338983051624e+03
9.491552542372883181e+03
9.483428248587571943e+03
9.475302824858757958e+03
9.466603389830510423e+03
9.457040677966102521e+03
9.447073446327683996e+03
9.437200000000000728e+03
9.427900564971752829e+03
9.419639548022600138e+03
9.412755932203390330e+03
9.407387570621469422e+03
9.403227118644068469e+03
9.400306214689266199e+03
9.399474576271188198e+03
9.401338983050849492e+03
9.405445197740114963e+03
9.411075706214691309e+03
9.417923163841809583e+03
9.425963841807912104e+03
9.431714124293786881e+03
9.435453107344634191e+03
9.437019209039548514e+03
9.436823728813560592e+03
9.435894915254237276e+03
9.434308474576271692e+03
9.431111864406781024e+03
9.425972881355934078e+03
9.419489265536723906e+03
9.412244067796611489e+03
9.404509604519775166e+03
9.396272316384181977e+03
9.387256497175141703e+03
9.377194350282486994e+03
9.366664406779662386e+03
9.356505084745764179e+03
9.346946892655367265e+03
9.337998870056497253e+03
9.329720903954803362e+03
9.321839548022599047e+03
9.314251977401130716e+03
9.306914124293787609e+03
9.299267796610170990e+03
9.290672316384181613e+03
9.281083615819210536e+03
9.270344632768363226e+03
9.258192090395481500e+03
9.246771751412430604e+03
9.238802259887004766e+03
9.233978531073447812e+03
9.231457627118645178e+03
9.231449717514124131e+03
9.234342372881355914e+03
9.239375141242937389e+03
9.245818079096046858e+03
9.253688135593220068e+03
9.263038418079097028e+03
9.273840677966101794e+03
9.285687005649717321e+03
9.297924293785312329e+03
9.310117514124294757e+03
9.322627118644068105e+03
9.336685875706216393e+03
9.352794350282487358e+03
9.370105084745762724e+03
9.387888135593220795e+03
9.406277966101695711e+03
9.425138983050848765e+03
9.443889265536723542e+03
9.461940112994350784e+03
9.478690395480225561e+03
9.493389830508473096e+03
9.505630508474576345e+03
9.515360451977399862e+03
9.522644067796609306e+03
9.528065536723162950e+03
9.532501694915254120e+03
9.536424858757061884e+03
9.539601129943501292e+03
9.542016949152541201e+03
9.541760451977401317e+03
9.538064406779660203e+03
9.533456497175142431e+03
9.528029378531073235e+03
9.521489265536723906e+03
9.514074576271186743e+03
9.506064406779660203e+03
9.496938983050848037e+03
9.486880225988701568e+03
9.477148022598870739e+03
9.467969491525424019e+03
9.458755932203390330e+03
9.449910734463277549e+03
9.441805649717516644e+03
9.433987570621469786e+03
9.426183050847459526e+03
9.418647457627119365e+03
9.411068926553673009e+03
9.402932203389831557e+03
9.394053107344632735e+03
9.384560451977402408e+03
9.374925423728815076e+03
9.365533333333334667e+03
9.356906214689264743e+03
9.349629378531073598e+03
9.343766101694916870e+03
9.338830508474577073e+03
9.335022598870058573e+03
9.333232768361584021e+03
9.333899435028248263e+03
9.336842937853107287e+03
9.341577401129943610e+03
9.347561581920905155e+03
9.354540112994349329e+03
9.361202259887006221e+03
9.365520903954802634e+03
9.367257627118644450e+03
9.367241807909605996e+03
9.366485875706215666e+03
9.364892655367233601e+03
9.361737853107344563e+03
9.356781920903955324e+03
9.350332203389831193e+03
9.342865536723165860e+03
9.334850847457628333e+03
9.326467796610169898e+03
9.317142372881357005e+03
9.306725423728814349e+03
9.295788700564973624e+03
9.284870056497175028e+03
9.274328813559322953e+03
9.264487005649718412e+03
9.255214689265536435e+03
9.246316384180790919e+03
9.238012429378532033e+03
9.230091525423729763e+03
9.221881355932204315e+03
9.213090395480227016e+03
9.203527683615819114e+03
9.192692655367231055e+03
9.180492655367232146e+03
9.167454237288136937e+03
9.157827118644068833e+03
9.150967231638418525e+03
9.146491525423729399e+03
9.144868926553672281e+03
9.145997740112994506e+03
9.149346892655368720e+03
9.154348022598871466e+03
9.160803389830507513e+03
9.168780790960452578e+03
9.178289265536724997e+03
9.189122033898305745e+03
9.200499435028248627e+03
9.211642937853108378e+03
9.223016949152543020e+03
9.235919774011299523e+03
9.250612429378532397e+03
9.266516384180791647e+03
9.283246327683616983e+03
9.300779661016949831e+03
9.318825988700566086e+03
9.337045197740113508e+03
9.355007909604519227e+03
9.371927683615820570e+03
9.387194350282486994e+03
9.400293785310735984e+03
9.410916384180793102e+03
9.418894915254237276e+03
9.424812429378531306e+03
9.429691525423730127e+03
9.433865536723164041e+03
9.436967231638418525e+03
9.439236158192092262e+03
9.441203389830508968e+03
9.439485875706215666e+03
9.435668926553673373e+03
9.430779661016949831e+03
9.424699435028249354e+03
9.418077966101696802e+03
9.410601129943504930e+03
9.401571751412429876e+03
9.391822598870057845e+03
9.382206779661017208e+03
9.372612429378532397e+03
9.363000000000000000e+03
9.353907344632769309e+03
9.345341242937854986e+03
9.336951412429378252e+03
9.328850847457626514e+03
9.321035028248588787e+03
9.313266666666666424e+03
9.305056497175140976e+03
9.296118644067795685e+03
9.286525423728813621e+03
9.276560451977400589e+03
9.266437288135592098e+03
9.256909604519772984e+03
9.248674576271183469e+03
9.241605649717512279e+03
9.235318644067796413e+03
9.230091525423727944e+03
9.226692655367231055e+03
9.225523163841806308e+03
9.226795480225988285e+03
9.230021468926552188e+03
9.234396610169491396e+03
9.239948022598870011e+03
9.247195480225987922e+03
9.253379661016948376e+03
9.256820338983050533e+03
9.258457627118643359e+03
9.259167231638417434e+03
9.258928813559321497e+03
9.257240677966101430e+03
9.253861016949151235e+03
9.248746892655366537e+03
9.242414689265535344e+03
9.235597740112993051e+03
9.228274576271185651e+03
9.219940112994348965e+03
9.210611299435026012e+03
9.200526553672316368e+03
9.190140112994349693e+03
9.180062146892654710e+03
9.170548022598868556e+03
9.161415819209039910e+03
9.152828248587571579e+03
9.144957062146891985e+03
9.137412429378531669e+03
9.129786440677966311e+03
9.121953672316383745e+03
9.113442937853107651e+03
9.103576271186440863e+03
9.092470056497175392e+03
9.080681355932203587e+03
9.069509604519771528e+03
9.061001129943500928e+03
9.055088135593219704e+03
9.052072316384179430e+03
9.051929943502822425e+03
9.054148022598867101e+03
9.058244067796607851e+03
9.063955932203389239e+03
9.071154802259887219e+03
9.080103954802258158e+03
9.090758192090394004e+03
9.102003389830506421e+03
9.113003389830508240e+03
9.124323163841807400e+03
9.136979661016946920e+03
9.151220338983050169e+03
9.166750282485874777e+03
9.183393220338981337e+03
9.200861016949151235e+03
9.219018079096043948e+03
9.237622598870055299e+03
9.256242937853106923e+03
9.274170621468925674e+03
9.290785310734463565e+03
9.305636158192090079e+03
9.318035028248585149e+03
9.327613559322031506e+03
9.334998870056495434e+03
9.341259887005649944e+03
9.346464406779658020e+03
9.350289265536721359e+03
9.353301694915251574e+03
9.356324293785310147e+03
9.357481355932202860e+03
9.354604519774009532e+03
9.349632768361580020e+03
9.343894915254233638e+03
9.337727683615818023e+03
9.330323163841807400e+03
9.321456497175138793e+03
9.312012429378530214e+03
9.302325423728812893e+03
9.292404519774010623e+03
9.282644067796609306e+03
9.273328813559321134e+03
9.264415819209038091e+03
9.255784180790958999e+03
9.247515254237287081e+03
9.239667796610166988e+03
9.232045197740111689e+03
9.224087005649715138e+03
9.215577401129941791e+03
9.206518644067797140e+03
9.196812429378529487e+03
9.186694915254236548e+03
9.177067796610168443e+03
9.168611299435027831e+03
9.161070056497173937e+03
9.154309604519774439e+03
9.148541242937853895e+03
9.144184180790958635e+03
9.142012429378530214e+03
9.142397740112994143e+03
9.144708474576271328e+03
9.148267796610169171e+03
9.153154802259887219e+03
9.159588700564972896e+03
9.167206779661017208e+03
9.172009039548021974e+03
9.174896045197740023e+03
9.176592090395479318e+03
9.177284745762712191e+03
9.176787570621469058e+03
9.174588700564971077e+03
9.170468926553672645e+03
9.165150282485876232e+03
9.159261016949152690e+03
9.152691525423728308e+03
9.145264406779660931e+03
9.136864406779663113e+03
9.127472316384180886e+03
9.117630508474576345e+03
9.108016949152543020e+03
9.098676836158192600e+03
9.089640677966101066e+03
9.081305084745763452e+03
9.073667796610166988e+03
9.066320903954801906e+03
9.059196610169490668e+03
9.052187570621466875e+03
9.044512994350279769e+03
9.035511864406778841e+03
9.025561581920903336e+03
9.014879096045197002e+03
9.003131073446325900e+03
8.992798870056496526e+03
8.985094915254236184e+03
8.980378531073445629e+03
8.978474576271186379e+03
8.979089265536720632e+03
8.981851977401129261e+03
8.986145762711861607e+03
8.991942372881354459e+03
8.999754802259885764e+03
9.009436158192089351e+03
9.019729943502823517e+03
9.029941242937853531e+03
9.040491525423727580e+03
9.052067796610168443e+03
9.065025988700563175e+03
9.079364971751412668e+03
9.094882485875705243e+03
9.111305084745761633e+03
9.128537853107343835e+03
9.146451977401127806e+03
9.164612429378530578e+03
9.182363841807908102e+03
9.199296045197737840e+03
9.214867796610167716e+03
9.228048587570621748e+03
9.238340112994348601e+03
9.246526553672316368e+03
9.253463276836158911e+03
9.258861016949151235e+03
9.262853107344632008e+03
9.266188700564971441e+03
9.268922033898303198e+03
9.271368361581920908e+03
9.270967231638416706e+03
9.267115254237287445e+03
9.262325423728812893e+03
9.256825988700564267e+03
9.249940112994350784e+03
9.241816949152542293e+03
9.232927683615818751e+03
9.223393220338983156e+03
9.213515254237287081e+03
9.203706214689264016e+03
9.194205649717512642e+03
9.185027118644065922e+03
9.176040677966098883e+03
9.167455367231636046e+03
9.159429378531072871e+03
9.151637288135591007e+03
9.143647457627117547e+03
9.135355932203387056e+03
9.126593220338982064e+03
9.116877966101692436e+03
9.106631638418079092e+03
9.096781920903951686e+03
9.087732203389829010e+03
9.079554802259885037e+03
9.072189830508472369e+03
9.065509604519771528e+03
9.059989830508471641e+03
9.056677966101691709e+03
9.055770621468924219e+03
9.056850847457624695e+03
9.059424858757060065e+03
9.063263276836154546e+03
9.068646327683612981e+03
9.075944632768358133e+03
9.082545762711861244e+03
9.086972881355930440e+03
9.089890395480222651e+03
9.091887005649714411e+03
9.092759322033896751e+03
9.091814689265534980e+03
9.089002259887003675e+03
9.084926553672314185e+03
9.079962711864405719e+03
9.074311864406778113e+03
9.067934463276835231e+03
9.060416949152540838e+03
9.051813559322032233e+03
9.042708474576269509e+03
9.033523163841806308e+03
9.024301694915251574e+03
9.015390960451975843e+03
9.007219209039547422e+03
8.999549152542371303e+03
8.992189830508472369e+03
8.985390960451975843e+03
8.978851977401129261e+03
8.971647457627117547e+03
8.963363841807906283e+03
8.954305084745759814e+03
8.944380790960449303e+03
8.933277966101692073e+03
8.921379661016944738e+03
8.911615819209036999e+03
8.904673446327680722e+03
8.900619209039547059e+03
8.899420338983047259e+03
8.900506214689263288e+03
8.903098305084742606e+03
8.907387570621467603e+03
8.913966101694913959e+03
8.922473446327681813e+03
8.931850847457626514e+03
8.941431638418076545e+03
8.951322033898304653e+03
8.962082485875704151e+03
8.974115254237287445e+03
8.987590960451974752e+03
9.002292655367229600e+03
9.017996610169488122e+03
9.034712994350280496e+03
9.052343502824855022e+03
9.070351412429376069e+03
9.088266666666662786e+03
9.105925423728811438e+03
9.122672316384177975e+03
9.137035028248585149e+03
9.148701694915253029e+03
9.158505084745760541e+03
9.166584180790956452e+03
9.172858757062145742e+03
9.177999999999998181e+03
9.182221468926552916e+03
9.185254237288132572e+03
9.188031638418076909e+03
9.190441807909603085e+03
9.189401129943500564e+03
9.184868926553670462e+03
9.179489265536722087e+03
9.172910734463273911e+03
9.165186440677964129e+03
9.156473446327679994e+03
9.146993220338979881e+03
9.137009039548020155e+03
9.127010169491522902e+03
9.117238418079094117e+03
9.107651977401128534e+03
9.098201129943499836e+03
9.089207909604516317e+03
9.080829378531070688e+03
9.072606779661013206e+03
9.064454237288133299e+03
9.056294915254235093e+03
9.047529943502820970e+03
9.037771751412426966e+03
9.027445197740111325e+03
9.017135593220336887e+03
9.007357062146889803e+03
8.998532203389828283e+03
8.990261016949149052e+03
8.982413559322030778e+03
8.975615819209036999e+03
8.970722033898302470e+03
8.968093785310731619e+03
8.967520903954798996e+03
8.968528813559320042e+03
8.970729943502821698e+03
8.974512994350279769e+03
8.980162711864402809e+03
8.987544632768360316e+03
8.993488135593219340e+03
8.997801129943502019e+03
9.001206779661015389e+03
9.003395480225986830e+03
9.003814689265534980e+03
9.002468926553669007e+03
8.999612429378528759e+03
8.995691525423724670e+03
8.991151412429375341e+03
8.985797740112990141e+03
8.979218079096042857e+03
8.971568361581917998e+03
8.963350282485873322e+03
8.954675706214686215e+03
8.945760451977399498e+03
8.937203389830505330e+03
8.929192090395477862e+03
8.921462146892652527e+03
8.914194350282483356e+03
8.907741242937850984e+03
8.901583050847455524e+03
8.894787570621465420e+03
8.887305084745759814e+03
8.879133333333329574e+03
8.869777401129940699e+03
8.859368361581919089e+03
8.848590960451974752e+03
8.837122033898302107e+03
8.828232768361580383e+03
8.822341242937851348e+03
8.819496045197738567e+03
8.818879096045195183e+03
8.819841807909602721e+03
8.822641807909603813e+03
8.827759322033896751e+03
8.834879096045195183e+03
8.843112994350280132e+03
8.851740112994348237e+03
8.860657627118642267e+03
8.870224858757061156e+03
8.880985310734460654e+03
8.893093785310731619e+03
8.906390960451975843e+03
8.920732203389827191e+03
8.936225988700563903e+03
8.952770621468924219e+03
8.969628248587567214e+03
8.986714124293783243e+03
9.004196610169488849e+03
9.020850847457624695e+03
9.035299435028246080e+03
9.047604519774009532e+03
9.057949152542372758e+03
9.066114124293784698e+03
9.072659887005647761e+03
9.078136723163839633e+03
9.082211299435028195e+03
9.084910734463275730e+03
9.087420338983050897e+03
9.090341242937851348e+03
9.091941242937851712e+03
9.089943502824859024e+03
9.085435028248586605e+03
9.079787570621467239e+03
9.072989830508473460e+03
9.065061016949151963e+03
9.056133333333331393e+03
9.046503954802257795e+03
9.036671186440675228e+03
9.026949152542370939e+03
9.017112994350281951e+03
9.007392090395478590e+03
8.998175141242936661e+03
8.989317514124293666e+03
8.980637288135592826e+03
8.972303954802258886e+03
8.964006779661016481e+03
8.955059887005649216e+03
8.945300564971748827e+03
8.934708474576269509e+03
8.923796610169491032e+03
8.913366101694913596e+03
8.903698305084744788e+03
8.894394350282484083e+03
8.885387570621467603e+03
8.877207909604518136e+03
8.870606779661015025e+03
8.866206779661017208e+03
8.863909604519772984e+03
8.863129943502823153e+03
8.863706214689264016e+03
8.865841807909604540e+03
8.869711864406779569e+03
8.875453107344632372e+03
8.882542372881354822e+03
8.887950282485875505e+03
8.892229378531073962e+03
8.895274576271185651e+03
8.896766101694913232e+03
8.896494915254235821e+03
8.894546892655365809e+03
8.891524293785310874e+03
8.887892655367231782e+03
8.883367231638418161e+03
8.877635028248587332e+03
8.871010169491524721e+03
8.863675706214689853e+03
8.855602259887005857e+03
8.847277966101693892e+03
8.839310734463277186e+03
8.831648587570620293e+03
8.824140112994349693e+03
8.817344632768359588e+03
8.811519774011298068e+03
8.805875706214688762e+03
8.799951412429378252e+03
8.793784180790958999e+03
8.786810169491525812e+03
8.778451977401129625e+03
8.769425988700564631e+03
8.760253107344633463e+03
8.749844067796610034e+03
8.739281355932202132e+03
8.731883615819207989e+03
8.727557062146890530e+03
8.725510734463274275e+03
8.725151412429377160e+03
8.726754802259885764e+03
8.730716384180788737e+03
8.736788700564971805e+03
8.744240677966099611e+03
8.752312994350282679e+03
8.760719774011298796e+03
8.769675706214689853e+03
8.779702824858755775e+03
8.791041807909603449e+03
8.803412429378529851e+03
8.816928813559321497e+03
8.831887005649716230e+03
8.847701694915253029e+03
8.863802259887004766e+03
8.880727683615818023e+03
8.898293785310732346e+03
8.915071186440676684e+03
8.930266666666666424e+03
8.943718644067794230e+03
8.954906214689264743e+03
8.963853107344632008e+03
8.971369491525423655e+03
8.977546892655365809e+03
8.982009039548021974e+03
8.985094915254236184e+03
8.987727683615818023e+03
8.990433898305083858e+03
8.993305084745763452e+03
8.993691525423728308e+03
8.990475706214689126e+03
8.985609039548022338e+03
8.979644067796609306e+03
8.972572881355930804e+03
8.964258757062147197e+03
8.955152542372881726e+03
8.945862146892653982e+03
8.936429378531072871e+03
8.926775141242937025e+03
8.917375141242937389e+03
8.908318644067796413e+03
8.899489265536722087e+03
8.891079096045195911e+03
8.883117514124292939e+03
8.875263276836158184e+03
8.867109604519773711e+03
8.858168361581920180e+03
8.848246327683613345e+03
8.837875706214686943e+03
8.827905084745761997e+03
8.818484745762711100e+03
8.809392090395478590e+03
8.800528813559321861e+03
8.792158192090395460e+03
8.785202259887004402e+03
8.780318644067796413e+03
8.777387570621467603e+03
8.776101694915254484e+03
8.776218079096044676e+03
8.777767231638417798e+03
8.781032768361579656e+03
8.786247457627117910e+03
8.792924293785308691e+03
8.799412429378529851e+03
8.804587570621468331e+03
8.808581920903954597e+03
8.811169491525422927e+03
8.811934463276835231e+03
8.810931073446328810e+03
8.808901694915253756e+03
8.806112994350281951e+03
8.802270056497174664e+03
8.797393220338983156e+03
8.791703954802260341e+03
8.785038418079095209e+03
8.777424858757061884e+03
8.769614689265536072e+03
8.762029378531071416e+03
8.754379661016948376e+03
8.746888135593218976e+03
8.740308474576271692e+03
8.734533333333332848e+03
8.728926553672316004e+03
8.723570621468927129e+03
8.718246327683615164e+03
8.711835028248586241e+03
8.704236158192088624e+03
8.696297175141242406e+03
8.688030508474574162e+03
8.678688135593220068e+03
8.667748022598869284e+03
8.658867796610167716e+03
8.653080225988698658e+03
8.649579661016949103e+03
8.647937853107343471e+03
8.648256497175139884e+03
8.650928813559321497e+03
8.655813559322032233e+03
8.662332203389829374e+03
8.669720903954799724e+03
8.677403389830506057e+03
8.685631638418077273e+03
8.694948022598868192e+03
8.705284745762710372e+03
8.716472316384179067e+03
8.729177401129942155e+03
8.743326553672315640e+03
8.758031638418076909e+03
8.773352542372880635e+03
8.789885875706211664e+03
8.807009039548021974e+03
8.823692655367229236e+03
8.839568361581917998e+03
8.853799999999999272e+03
8.865677966101693528e+03
8.875553672316382290e+03
8.883987570621466148e+03
8.890865536723162222e+03
8.895906214689264743e+03
8.899576271186439044e+03
8.902526553672314549e+03
8.905276836158191145e+03
8.908028248587568669e+03
8.910995480225985375e+03
8.910772881355929712e+03
8.906978531073444174e+03
8.901657627118642267e+03
8.895085875706212391e+03
8.887125423728812166e+03
8.878425988700562812e+03
8.869322033898304653e+03
8.859745762711863790e+03
8.850048587570619929e+03
8.840487005649716593e+03
8.831046327683612617e+03
8.821818079096043220e+03
8.813020338983049442e+03
8.804644067796609306e+03
8.796578531073446356e+03
8.788457627118641540e+03
8.779541242937852076e+03
8.769576271186439044e+03
8.759103954802258158e+03
8.748737853107342744e+03
8.738856497175140248e+03
8.729259887005649944e+03
8.719627118644066286e+03
8.710323163841807400e+03
8.702195480225987922e+03
8.695849717514123768e+03
8.691419209039548150e+03
8.688715254237287809e+03
8.687399999999997817e+03
8.687413559322032597e+03
8.689285875706213119e+03
8.693093785310733438e+03
8.698169491525422927e+03
8.704563841807910649e+03
8.710811299435026740e+03
8.715994350282486266e+03
8.719771751412426966e+03
8.721638418079095572e+03
8.721824858757061520e+03
8.720934463276835231e+03
8.719049717514124495e+03
8.716066666666665697e+03
8.712242937853106923e+03
8.707596610169490305e+03
8.701719774011296977e+03
8.694891525423729036e+03
8.687910734463275730e+03
8.680857627118642995e+03
8.673412429378531669e+03
8.666344632768359588e+03
8.660140112994349693e+03
8.654372881355931895e+03
8.649067796610168443e+03
8.644534463276835595e+03
8.639949152542372758e+03
8.634309604519774439e+03
8.627825988700564267e+03
8.620980790960451486e+03
8.613748022598869284e+03
8.605792090395480045e+03
8.596459887005650671e+03
8.585682485875706334e+03
8.578005649717513734e+03
8.572723163841807036e+03
8.569398870056496889e+03
8.568172881355932986e+03
8.569277966101693892e+03
8.572733333333333576e+03
8.578178531073444901e+03
8.584650847457625787e+03
8.591481355932202860e+03
8.599120903954801179e+03
8.607781920903955324e+03
8.617079096045197730e+03
8.627467796610169898e+03
8.639641807909603813e+03
8.652962711864405719e+03
8.666846327683615527e+03
8.681831638418079820e+03
8.697978531073445993e+03
8.714725423728814349e+03
8.731729943502823517e+03
8.748363841807909921e+03
8.763471186440678139e+03
8.776424858757061884e+03
8.787593220338982064e+03
8.797215819209039182e+03
8.805144632768362499e+03
8.811238418079095936e+03
8.815788700564971805e+03
8.819440677966100338e+03
8.822614689265536072e+03
8.825536723163841089e+03
8.828552542372881362e+03
8.830312994350282679e+03
8.828526553672316368e+03
8.823696045197739295e+03
8.817461016949151599e+03
8.810005649717513734e+03
8.801708474576271328e+03
8.792687005649717321e+03
8.783180790960452214e+03
8.773532203389830102e+03
8.763824858757059701e+03
8.754142372881353367e+03
8.744689265536722814e+03
8.735511864406780660e+03
8.726755932203388511e+03
8.718560451977400589e+03
8.710416949152540838e+03
8.701575141242936297e+03
8.691722033898304289e+03
8.681148022598870739e+03
8.670540112994349329e+03
8.660331073446326627e+03
8.650272316384180158e+03
8.640032768361581475e+03
8.629958192090394732e+03
8.620748022598869284e+03
8.612980790960451486e+03
8.607118644067795685e+03
8.602977401129943246e+03
8.600012429378530214e+03
8.598466666666665333e+03
8.598926553672316004e+03
8.600978531073447812e+03
8.604272316384180158e+03
8.609162711864406447e+03
8.615815819209039546e+03
8.622028248587568669e+03
8.626708474576269509e+03
8.629509604519773347e+03
8.630734463276836323e+03
8.630725423728814349e+03
8.629437288135592098e+03
8.627084745762711464e+03
8.624057627118643722e+03
8.620012429378530214e+03
8.614544632768360316e+03
8.608293785310735984e+03
8.601779661016949831e+03
8.594635028248587332e+03
8.587144632768362499e+03
8.580115254237289264e+03
8.573532203389830102e+03
8.567237288135593190e+03
8.561744632768361043e+03
8.557154802259887219e+03
8.552500564971751373e+03
8.547067796610168443e+03
8.540866666666664969e+03
8.534164971751411940e+03
8.527224858757061156e+03
8.519741242937852803e+03
8.510979661016948739e+03
8.500572881355932623e+03
8.491431638418078364e+03
8.484703954802258522e+03
8.480092655367232510e+03
8.477475706214689126e+03
8.477051977401129989e+03
8.479213559322033689e+03
8.483500564971751373e+03
8.488746892655366537e+03
8.494679096045198094e+03
8.501631638418079092e+03
8.509119774011298432e+03
8.517040677966102521e+03
8.526353672316385200e+03
8.537220338983050169e+03
8.548963841807908466e+03
8.561533333333332848e+03
8.575244067796607851e+03
8.589893785310734529e+03
8.605305084745761633e+03
8.621419209039548150e+03
8.637405649717515189e+03
8.652087005649716957e+03
8.664892655367231782e+03
8.675977401129941427e+03
8.685453107344630553e+03
8.693205649717514461e+03
8.698989830508475279e+03
8.703142372881355186e+03
8.706235028248587696e+03
8.708473446327683632e+03
8.710270056497174664e+03
8.712187570621468694e+03
8.714282485875704879e+03
8.714822598870056026e+03
8.711914124293783971e+03
8.707407909604518863e+03
8.701752542372880271e+03
8.695032768361581475e+03
8.687396610169491396e+03
8.679232768361582202e+03
8.670727683615819842e+03
8.661993220338983519e+03
8.653270056497174664e+03
8.644554802259888675e+03
8.635972881355932259e+03
8.627848587570621021e+03
8.620310734463277186e+03
8.612969491525425838e+03
8.605089265536724270e+03
8.596177401129945792e+03
8.586357062146893441e+03
8.576430508474577437e+03
8.566769491525425110e+03
8.557084745762713283e+03
8.547205649717514461e+03
8.537316384180790919e+03
8.527844067796610034e+03
8.519645197740113872e+03
8.513352542372882453e+03
8.508499435028250446e+03
8.504780790960452578e+03
8.502720903954803362e+03
8.502527683615820933e+03
8.503726553672317095e+03
8.506279096045200276e+03
8.510571751412429876e+03
8.516445197740114963e+03
8.523489265536725725e+03
8.528870056497176847e+03
8.532480225988700113e+03
8.534650847457629425e+03
8.535367231638418161e+03
8.534577401129943610e+03
8.532934463276837050e+03
8.530655367231640412e+03
8.527072316384181249e+03
8.522188700564973260e+03
8.516728813559322589e+03
8.510613559322035144e+03
8.503680225988702659e+03
8.496601129943504930e+03
8.489815819209041365e+03
8.483067796610170262e+03
8.476706214689267654e+03
8.471355932203390694e+03
8.466897175141244588e+03
8.462657627118645905e+03
8.457915254237290355e+03
8.452429378531074690e+03
8.446499435028250446e+03
8.440481355932204679e+03
8.434001129943502747e+03
8.426465536723164405e+03
8.417616949152543384e+03
8.407261016949152690e+03
8.399176271186443046e+03
8.393307344632770764e+03
8.389296045197741478e+03
8.387612429378532397e+03
8.388814689265538618e+03
8.392064406779662022e+03
8.396458757062147924e+03
8.402179661016951286e+03
8.408877966101696074e+03
8.415856497175142067e+03
8.423516384180791647e+03
8.432647457627121184e+03
8.443071186440680322e+03
8.454470056497175392e+03
8.466989830508475279e+03
8.480578531073448175e+03
8.495025988700566813e+03
8.510550282485877688e+03
8.527108474576270964e+03
8.543837288135593553e+03
8.559637288135594645e+03
8.573882485875707061e+03
8.586572881355932623e+03
8.597794350282485539e+03
8.607155932203391785e+03
8.614564971751413395e+03
8.620392090395482228e+03
8.624846327683617346e+03
8.628174011299435733e+03
8.631061016949153782e+03
8.633827118644068833e+03
8.636450847457628697e+03
8.639219209039549241e+03
8.638514124293786153e+03
8.634445197740114963e+03
8.628780790960452578e+03
8.621917514124294030e+03
8.614194350282486994e+03
8.605781920903955324e+03
8.596902824858756503e+03
8.587872316384182341e+03
8.578767231638419617e+03
8.569548022598872194e+03
8.560411299435028923e+03
8.551749152542375668e+03
8.543755932203392149e+03
8.536205649717514461e+03
8.528359322033898934e+03
8.519485875706215666e+03
8.509752542372883909e+03
8.499884745762712555e+03
8.490067796610172081e+03
8.480253107344633463e+03
8.470367231638419980e+03
8.460143502824859752e+03
8.450108474576272783e+03
8.441331073446328446e+03
8.434213559322033689e+03
8.428288135593222250e+03
8.423675706214689853e+03
8.420840677966101794e+03
8.419642937853110197e+03
8.419795480225990104e+03
8.421459887005650671e+03
8.424811299435030378e+03
8.429629378531073598e+03
8.435918644067798596e+03
8.441871186440679594e+03
8.446285875706216757e+03
8.449279096045198457e+03
8.450441807909604904e+03
8.450149152542373486e+03
8.449189830508476007e+03
8.447266666666668243e+03
8.443919774011299523e+03
8.439600000000002183e+03
8.434580790960451850e+03
8.428509604519775166e+03
8.421705084745764907e+03
8.414795480225988285e+03
8.407789830508474552e+03
8.400642937853106559e+03
8.393901694915253756e+03
8.388083615819210536e+03
8.383236158192092262e+03
8.378870056497176847e+03
8.374169491525426565e+03
8.368753672316386655e+03
8.363005649717515553e+03
8.357218079096048314e+03
8.350990960451978026e+03
8.343914124293787609e+03
8.335900564971754648e+03
8.326529943502826427e+03
8.317317514124295485e+03
8.310125423728815804e+03
8.304717514124295121e+03
8.301996610169495398e+03
8.302009039548025612e+03
8.303925423728816895e+03
8.307512994350283407e+03
8.312750282485878415e+03
8.318738983050849129e+03
8.325041807909607087e+03
8.332201129943503474e+03
8.340598870056499436e+03
8.350123163841810310e+03
8.360818079096046858e+03
8.372694915254240186e+03
8.385465536723164405e+03
8.399141242937854258e+03
8.414039548022599774e+03
8.430129943502826791e+03
8.446768361581922363e+03
8.462766101694916870e+03
8.477507344632769673e+03
8.491006779661018300e+03
8.502988700564972532e+03
8.513087005649718776e+03
8.521411299435028923e+03
8.528079096045199549e+03
8.533066666666669335e+03
8.536846327683615527e+03
8.540105084745762724e+03
8.542922033898306836e+03
8.545463276836158911e+03
8.548117514124294757e+03
8.549685875706214574e+03
8.547962711864407538e+03
8.543215819209041001e+03
8.536915254237290355e+03
8.529598870056497617e+03
8.521406779661017936e+03
8.512690395480229199e+03
8.503724293785313421e+03
8.494540112994352967e+03
8.485153672316386292e+03
8.475723163841808855e+03
8.466585310734464656e+03
8.458168361581921999e+03
8.450446327683617710e+03
8.442466666666667152e+03
8.433555932203391421e+03
8.423917514124295849e+03
8.413864406779663113e+03
8.403746892655370175e+03
8.393800000000002910e+03
8.383648587570623931e+03
8.372896045197741842e+03
8.362233898305086768e+03
8.352698305084748426e+03
8.344412429378533488e+03
8.337220338983053807e+03
8.331496045197742205e+03
8.327496045197742205e+03
8.324966101694917597e+03
8.323877966101696074e+03
8.324410169491527995e+03
8.326516384180791647e+03
8.329997740112994506e+03
8.335214689265538254e+03
8.342143502824859752e+03
8.348579661016950922e+03
8.353343502824860479e+03
8.356124293785311238e+03
8.357681355932203587e+03
8.358440677966102157e+03
8.357936723163842544e+03
8.356164971751413759e+03
8.353575141242938116e+03
8.349959322033899298e+03
8.345205649717514461e+03
8.339784180790962637e+03
8.334039548022599774e+03
8.327946892655367265e+03
8.321607909604521410e+03
8.315456497175142431e+03
8.310096045197740750e+03
8.305831638418079820e+03
8.302195480225989741e+03
8.298284745762714010e+03
8.293795480225991923e+03
8.289065536723164769e+03
8.284197740112997053e+03
8.278867796610171354e+03
8.272882485875708880e+03
8.266335593220341252e+03
8.258509604519775166e+03
8.248419209039548150e+03
8.239084745762713283e+03
8.231829378531074326e+03
8.227348022598871466e+03
8.225284745762712191e+03
8.225264406779660931e+03
8.227462146892656165e+03
8.231343502824860479e+03
8.235995480225989013e+03
8.241220338983050169e+03
8.247329943502825699e+03
8.254396610169493215e+03
8.262635028248589151e+03
8.272201129943503474e+03
8.282915254237290355e+03
8.294532203389833739e+03
8.307044067796612580e+03
8.320836158192090807e+03
8.336115254237289264e+03
8.352135593220340525e+03
8.367866666666668607e+03
8.382797740112995598e+03
8.396709604519775894e+03
8.409133333333335031e+03
8.419851977401132899e+03
8.428977401129945065e+03
8.436222598870059301e+03
8.441696045197742933e+03
8.445969491525425838e+03
8.449398870056498708e+03
8.452246327683616983e+03
8.454727683615819842e+03
8.457107344632768218e+03
8.459744632768362862e+03
8.460487005649720231e+03
8.458376271186441954e+03
8.452831638418079820e+03
8.446145762711867064e+03
8.438503954802263252e+03
8.430255367231640776e+03
8.421656497175143159e+03
8.412762711864408629e+03
8.403633898305086404e+03
8.394224858757064794e+03
8.385000000000003638e+03
8.376645197740115691e+03
8.368979661016950558e+03
8.361222598870057482e+03
8.352857627118646633e+03
8.343728813559322589e+03
8.333967231638418525e+03
8.324204519774011715e+03
8.314693785310733801e+03
8.304757062146893077e+03
8.294088135593221523e+03
8.283497175141243133e+03
8.273714124293786881e+03
8.264788700564971805e+03
8.256915254237290355e+03
8.250517514124294394e+03
8.245666666666667879e+03
8.242146892655367992e+03
8.240177401129943974e+03
8.239839548022599047e+03
8.240780790960452578e+03
8.243160451977400953e+03
8.247419209039548150e+03
8.253272316384181977e+03
8.260137853107346018e+03
8.265549152542374941e+03
8.269146892655367992e+03
8.271621468926554371e+03
8.272926553672317823e+03
8.272868926553674100e+03
8.271822598870057845e+03
8.269838418079096300e+03
8.266647457627119365e+03
8.262344632768363226e+03
8.257301694915255212e+03
8.251776271186441591e+03
8.245788700564971805e+03
8.239390960451979481e+03
8.232914124293787609e+03
8.227127683615821297e+03
8.222492655367232146e+03
8.218553672316385928e+03
8.214491525423731218e+03
8.210025988700566813e+03
8.205448587570623204e+03
8.200624858757062611e+03
8.195254237288136210e+03
8.189597740112994870e+03
8.183681355932203587e+03
8.176510734463277913e+03
8.167192090395481500e+03
8.156410169491526176e+03
8.147979661016950558e+03
8.142071186440678503e+03
8.138364971751412668e+03
8.136985310734464292e+03
8.138035028248588787e+03
8.140786440677966311e+03
8.144509604519774257e+03
8.148995480225989013e+03
8.154189830508474188e+03
8.160256497175141703e+03
8.167477966101694619e+03
8.176009039548023793e+03
8.185744632768361953e+03
8.196299435028249718e+03
8.207693785310733801e+03
8.220475706214689126e+03
8.234844067796610034e+03
8.250064406779662022e+03
8.265376271186441954e+03
8.280409039548023429e+03
8.294474576271186379e+03
8.307204519774011715e+03
8.318516384180791647e+03
8.328174011299435733e+03
8.335920903954802270e+03
8.341894915254237276e+03
8.346474576271186379e+03
8.350002259887005494e+03
8.352812429378531306e+03
8.355098305084746244e+03
8.357084745762713283e+03
8.359145762711865245e+03
8.361763841807911376e+03
8.362088135593221523e+03
8.358453107344632372e+03
8.352657627118645905e+03
8.345879096045198821e+03
8.338289265536723178e+03
8.330238418079097755e+03
8.321931073446328810e+03
8.313161581920903700e+03
8.303862146892657620e+03
8.294705084745763088e+03
8.286314124293785426e+03
8.278548022598870375e+03
8.270945762711864518e+03
8.262935593220339797e+03
8.253980790960453305e+03
8.244293785310735984e+03
8.234706214689267654e+03
8.225203389830508968e+03
8.215072316384181249e+03
8.204245197740114236e+03
8.193389830508474915e+03
8.182922033898305926e+03
8.172945762711864518e+03
8.163984180790960636e+03
8.156407909604520682e+03
8.150072316384181249e+03
8.145129943502824972e+03
8.141873446327685087e+03
8.140032768361581475e+03
8.139340112994350420e+03
8.140251977401130716e+03
8.143049717514124495e+03
8.147340112994350420e+03
8.152801129943502929e+03
8.159396610169491396e+03
8.164416949152542657e+03
8.168145762711865245e+03
8.170467796610169898e+03
8.171564971751413395e+03
8.171677966101695347e+03
8.170757062146893077e+03
8.168581920903954597e+03
8.165306214689266199e+03
8.161196610169492487e+03
8.156548022598870375e+03
8.151379661016948376e+03
8.145561581920904246e+03
8.139453107344632372e+03
8.133915254237288536e+03
8.129560451977401499e+03
8.125943502824859024e+03
8.122288135593220431e+03
8.118554802259886856e+03
8.114818079096045039e+03
8.110629378531073598e+03
8.105909604519774803e+03
8.101271186440679230e+03
8.096472316384181795e+03
8.090501694915254120e+03
8.082768361581921454e+03
8.073106214689266380e+03
8.063311864406779932e+03
8.055736723163841816e+03
8.050404519774011533e+03
8.047659887005649580e+03
8.047405649717513370e+03
8.049068926553672100e+03
8.052032768361581475e+03
8.055865536723164041e+03
8.060454237288135118e+03
8.065820338983050533e+03
8.072307344632767126e+03
8.080218079096044676e+03
8.089370621468926402e+03
8.099273446327682905e+03
8.110018079096044858e+03
8.122308474576270783e+03
8.136090395480226107e+03
8.150911864406779387e+03
8.166341242937853167e+03
8.181724293785309783e+03
8.196369491525423655e+03
8.210011299435027468e+03
8.222413559322034416e+03
8.233202259887006221e+03
8.242171751412430240e+03
8.249314124293785426e+03
8.254922033898305017e+03
8.259369491525423655e+03
8.262964971751413032e+03
8.265845197740112781e+03
8.268249717514125223e+03
8.270621468926554371e+03
8.273253107344633463e+03
8.276246327683616983e+03
8.275361581920904428e+03
8.270388700564970350e+03
8.263714124293785062e+03
8.256087005649716957e+03
8.248009039548021974e+03
8.239629378531073598e+03
8.230575141242936297e+03
8.220933333333332484e+03
8.211366101694913596e+03
8.202326553672315640e+03
8.193950282485875505e+03
8.186090395480225197e+03
8.177892655367229963e+03
8.168692655367231055e+03
8.158896045197738204e+03
8.149218079096043766e+03
8.139499435028246808e+03
8.129109604519773711e+03
8.118167231638417434e+03
8.107114124293784698e+03
8.096045197740111689e+03
8.085348022598869647e+03
8.075657627118643177e+03
8.067062146892654710e+03
8.059578531073446356e+03
8.053644067796609306e+03
8.049374011299434642e+03
8.046336723163840361e+03
8.044507344632767854e+03
8.044415819209038091e+03
8.046054237288135482e+03
8.049154802259887219e+03
8.053670056497174301e+03
8.059551412429378615e+03
8.065639548022598319e+03
8.070271186440677411e+03
8.073466666666666242e+03
8.075516384180790737e+03
8.076586440677965584e+03
8.076589830508473824e+03
8.075421468926553644e+03
8.073065536723162950e+03
8.069873446327683268e+03
8.066136723163840543e+03
8.061828248587569760e+03
8.056706214689264016e+03
8.051050847457626332e+03
8.045907344632767490e+03
8.041897175141241860e+03
8.038529943502824608e+03
8.035346892655366901e+03
8.032490395480226653e+03
8.029572881355931713e+03
8.026056497175140066e+03
8.022266666666666424e+03
8.018668926553672463e+03
8.014948022598870011e+03
8.010432768361581111e+03
8.004415819209039000e+03
7.996458757062146105e+03
7.986786440677965402e+03
7.977957062146891985e+03
7.971407909604518863e+03
7.967396610169491396e+03
7.965940112994349874e+03
7.966578531073446356e+03
7.968705084745763088e+03
7.971855367231637501e+03
7.975729943502824426e+03
7.980231638418079456e+03
7.985778531073447084e+03
7.992806779661017572e+03
8.000909604519772984e+03
8.009665536723163314e+03
8.019405649717513370e+03
8.030499435028247717e+03
8.042974011299435006e+03
8.056745762711863790e+03
8.071374011299434642e+03
8.086128813559322225e+03
8.100437288135592098e+03
8.114011299435027468e+03
8.126519774011298978e+03
8.137525423728812711e+03
8.146811299435028559e+03
8.154219209039547422e+03
8.160010169491524721e+03
8.164554802259886856e+03
8.168066666666665697e+03
8.170758192090394914e+03
8.172914124293783971e+03
8.174763841807909557e+03
8.176697175141242042e+03
8.179250847457626151e+03
8.180752542372881180e+03
8.178247457627117910e+03
8.172397740112993233e+03
8.165533333333332848e+03
8.158241807909604177e+03
8.150462146892654346e+03
8.141887005649716230e+03
8.132736723163841816e+03
8.123387570621467603e+03
8.114282485875705788e+03
8.105987570621467967e+03
8.098357062146891622e+03
8.090431638418078364e+03
8.081537853107343835e+03
8.072177401129942155e+03
8.062899435028248263e+03
8.053357062146891622e+03
8.043245197740112417e+03
8.032748022598869284e+03
8.021880225988699749e+03
8.010712994350281406e+03
7.999901694915252847e+03
7.989858757062145742e+03
7.980583050847456434e+03
7.972361581920902609e+03
7.965779661016948012e+03
7.960674576271185288e+03
7.956681355932201768e+03
7.954030508474575981e+03
7.953012429378530214e+03
7.953624858757060792e+03
7.955741242937852803e+03
7.959319774011299160e+03
7.964294915254236912e+03
7.970631638418079092e+03
7.976081355932203223e+03
7.980107344632768218e+03
7.982905084745761997e+03
7.984715254237286899e+03
7.985487005649716593e+03
7.985029378531072325e+03
7.983323163841806490e+03
7.980728813559320770e+03
7.977631638418077273e+03
7.973927683615818751e+03
7.969144632768360680e+03
7.963664406779660567e+03
7.958689265536721905e+03
7.954557062146891440e+03
7.950932203389829738e+03
7.947897175141242769e+03
7.945377401129942882e+03
7.942702824858756685e+03
7.939535593220338342e+03
7.936216949152541929e+03
7.933015819209038455e+03
7.929881355932202496e+03
7.926311864406778113e+03
7.921439548022597592e+03
7.914711864406777750e+03
7.906363841807908102e+03
7.896727683615818023e+03
7.888240677966100520e+03
7.882259887005648125e+03
7.878879096045197002e+03
7.877733333333331757e+03
7.878360451977399862e+03
7.880293785310733256e+03
7.882884745762711646e+03
7.886030508474575981e+03
7.890383050847457525e+03
7.896138983050846946e+03
7.902875706214688762e+03
7.910474576271186379e+03
7.919062146892654710e+03
7.928883615819207989e+03
7.940143502824857933e+03
7.952879096045197002e+03
7.966734463276835413e+03
7.981009039548021974e+03
7.995211299435028195e+03
8.008945762711864518e+03
8.021846327683615527e+03
8.033526553672316368e+03
8.043553672316384109e+03
8.051789830508474552e+03
8.058395480225988649e+03
8.063597740112993961e+03
8.067641807909603813e+03
8.070822598870056026e+03
8.073245197740112417e+03
8.075153672316383563e+03
8.077041807909604358e+03
8.079249717514123404e+03
8.082021468926553098e+03
8.081916384180791283e+03
8.078151412429378070e+03
8.071949152542372758e+03
8.065186440677965948e+03
8.057806779661016662e+03
8.049732203389829920e+03
8.041005649717513734e+03
8.031751412429377524e+03
8.022583050847457343e+03
8.014348022598869647e+03
8.006884745762711646e+03
7.999100564971749918e+03
7.990520903954801724e+03
7.981668926553671554e+03
7.972675706214688034e+03
7.963311864406779932e+03
7.953593220338982974e+03
7.943496045197739477e+03
7.932732203389830829e+03
7.921567231638417979e+03
7.910682485875705424e+03
7.900148022598870739e+03
7.890068926553673009e+03
7.881077966101694983e+03
7.873553672316384109e+03
7.867294915254236912e+03
7.862158192090395460e+03
7.858322033898304653e+03
7.855971751412428603e+03
7.855162711864406447e+03
7.855813559322034052e+03
7.857877966101694255e+03
7.861445197740112235e+03
7.866346892655366901e+03
7.872392090395479499e+03
7.877544632768361225e+03
7.881429378531072871e+03
7.884302824858757049e+03
7.886148022598870739e+03
7.886723163841807946e+03
7.885943502824859024e+03
7.884197740112994325e+03
7.882079096045197730e+03
7.879151412429378979e+03
7.874918644067796777e+03
7.870036158192089715e+03
7.865409039548022520e+03
7.861160451977400953e+03
7.857473446327682723e+03
7.854589830508473824e+03
7.852214689265536435e+03
7.849740112994350056e+03
7.846920903954802270e+03
7.843824858757061520e+03
7.840856497175141158e+03
7.838144632768360680e+03
7.835214689265536435e+03
7.831152542372881726e+03
7.825415819209039910e+03
7.818135593220338706e+03
7.809584180790960090e+03
7.800184180790960454e+03
7.793280225988700295e+03
7.788894915254237276e+03
7.786846327683615527e+03
7.786941242937852621e+03
7.788479096045197366e+03
7.790598870056496708e+03
7.793405649717514279e+03
7.797374011299434642e+03
7.802555932203389602e+03
7.808758192090395823e+03
7.815835028248588060e+03
7.823838418079096300e+03
7.832885875706215302e+03
7.843393220338983156e+03
7.855395480225988649e+03
7.868592090395480227e+03
7.882500564971751373e+03
7.896543502824859388e+03
7.910311864406779932e+03
7.923531073446327355e+03
7.935650847457627606e+03
7.946228248587571215e+03
7.955117514124293848e+03
7.962266666666666424e+03
7.967867796610169535e+03
7.972233898305084949e+03
7.975560451977400589e+03
7.977884745762710736e+03
7.979603389830508604e+03
7.981142372881356096e+03
7.982564971751411576e+03
7.984410169491524357e+03
7.986893785310733620e+03
7.985749152542372030e+03
7.981375141242937389e+03
7.975491525423728490e+03
7.968915254237288536e+03
7.961732203389829920e+03
7.953720903954801543e+03
7.944827118644067014e+03
7.935892655367231782e+03
7.927928813559321497e+03
7.920589830508474734e+03
7.912945762711864518e+03
7.904789830508474552e+03
7.896335593220339433e+03
7.887490395480226653e+03
7.878279096045197548e+03
7.868877966101694255e+03
7.858905084745761997e+03
7.848149152542372576e+03
7.837036158192090625e+03
7.825915254237288536e+03
7.814785310734463565e+03
7.803986440677965220e+03
7.794152542372880816e+03
7.785561581920903336e+03
7.778158192090395460e+03
7.771882485875706152e+03
7.766823728813558773e+03
7.763221468926553825e+03
7.761093785310735257e+03
7.760359322033898025e+03
7.761123163841808491e+03
7.763404519774011533e+03
7.767031638418079638e+03
7.772067796610170262e+03
7.777793220338983701e+03
7.782194350282486084e+03
7.785577401129943610e+03
7.788037288135593371e+03
7.789160451977400953e+03
7.788767231638417798e+03
7.787645197740112962e+03
7.786138983050846946e+03
7.783606779661016844e+03
7.779839548022599047e+03
7.775473446327683632e+03
7.770972881355932259e+03
7.766618079096046131e+03
7.762918644067796777e+03
7.760108474576270964e+03
7.757922033898305017e+03
7.755861016949152145e+03
7.753526553672316368e+03
7.750901694915253756e+03
7.748440677966101248e+03
7.746415819209039910e+03
7.744414689265535344e+03
7.741517514124292575e+03
7.737189830508474188e+03
7.731499435028248627e+03
7.724587570621468331e+03
7.716222598870056572e+03
7.707816949152541383e+03
7.701763841807909557e+03
7.698361581920903518e+03
7.697340112994350420e+03
7.697841807909604540e+03
7.699109604519773711e+03
7.701187570621468694e+03
7.704342372881355914e+03
7.708587570621469240e+03
7.713938983050847128e+03
7.720214689265536435e+03
7.727314124293785426e+03
7.735427118644067377e+03
7.744925423728813257e+03
7.755946892655367265e+03
7.768324293785310147e+03
7.781572881355931713e+03
7.795224858757062066e+03
7.808952542372880998e+03
7.822302824858757049e+03
7.834798870056496526e+03
7.846007909604519227e+03
7.855613559322033325e+03
7.863433898305083858e+03
7.869691525423728308e+03
7.874680225988699931e+03
7.878404519774010623e+03
7.881087005649716957e+03
7.883123163841807582e+03
7.884651977401129443e+03
7.885815819209039546e+03
7.887257627118644450e+03
7.889631638418079092e+03
7.890166101694914687e+03
7.887357062146891622e+03
7.881967231638418525e+03
7.876003389830508240e+03
7.869546892655367628e+03
7.862005649717514643e+03
7.853363841807909921e+03
7.844683615819209081e+03
7.836857627118644814e+03
7.829516384180790737e+03
7.822118644067796595e+03
7.814523163841808127e+03
7.806519774011299887e+03
7.798041807909603449e+03
7.789442937853106741e+03
7.780661016949152327e+03
7.771221468926553825e+03
7.761117514124293848e+03
7.750712994350282315e+03
7.740071186440678503e+03
7.729228248587571215e+03
7.718619209039548878e+03
7.708781920903955324e+03
7.700064406779660203e+03
7.692492655367232146e+03
7.685953672316383745e+03
7.680681355932203587e+03
7.676814689265536799e+03
7.674253107344633463e+03
7.673177401129943974e+03
7.673580790960451850e+03
7.675316384180790919e+03
7.678614689265536072e+03
7.683481355932202860e+03
7.689216949152542838e+03
7.693820338983051442e+03
7.697533333333332848e+03
7.700318644067796413e+03
7.701502824858756867e+03
7.701232768361582202e+03
7.700354802259887947e+03
7.698882485875706152e+03
7.696301694915254302e+03
7.692642937853107469e+03
7.688214689265536435e+03
7.683335593220339433e+03
7.678430508474576527e+03
7.674065536723164769e+03
7.670571751412429876e+03
7.667840677966101794e+03
7.665425988700566450e+03
7.662798870056498345e+03
7.659830508474577073e+03
7.657050847457627242e+03
7.654845197740114600e+03
7.652838418079096300e+03
7.650169491525424746e+03
7.646322033898306472e+03
7.641276836158192964e+03
7.635090395480227016e+03
7.627532203389831011e+03
7.618155932203389966e+03
7.610786440677966311e+03
7.606214689265536435e+03
7.604204519774011715e+03
7.603856497175141158e+03
7.604568361581921636e+03
7.606171751412430240e+03
7.608735593220339069e+03
7.612419209039548150e+03
7.617233898305084949e+03
7.622941242937853531e+03
7.629500564971751373e+03
7.637005649717514643e+03
7.645777401129944337e+03
7.656101694915254484e+03
7.667847457627118274e+03
7.680639548022599229e+03
7.694085875706216029e+03
7.707855367231639320e+03
7.721440677966102157e+03
7.734436158192091170e+03
7.746428248587570124e+03
7.756849717514124677e+03
7.765560451977400589e+03
7.772775141242938844e+03
7.778532203389830102e+03
7.782887005649718049e+03
7.786198870056497981e+03
7.788766101694915960e+03
7.790548022598870375e+03
7.791755932203390330e+03
7.793084745762712373e+03
7.795097175141243497e+03
7.798027118644067741e+03
7.797802259887005675e+03
7.794175141242938480e+03
7.788702824858757594e+03
7.782716384180790556e+03
7.775436158192091170e+03
7.766937853107345290e+03
7.758385310734463019e+03
7.750352542372881544e+03
7.742699435028249354e+03
7.735262146892655437e+03
7.727727683615819842e+03
7.719632768361581839e+03
7.711159322033898206e+03
7.702659887005649580e+03
7.693820338983051442e+03
7.684331073446328446e+03
7.674301694915254302e+03
7.663870056497175028e+03
7.653031638418079638e+03
7.641851977401130171e+03
7.630666666666666970e+03
7.620107344632768218e+03
7.610506214689265107e+03
7.601821468926553280e+03
7.594214689265536435e+03
7.587855367231637501e+03
7.582699435028248445e+03
7.578925423728813257e+03
7.576638418079096482e+03
7.575584180790960090e+03
7.575901694915253756e+03
7.578011299435028377e+03
7.581630508474576345e+03
7.586080225988700477e+03
7.591492655367232146e+03
7.596631638418079092e+03
7.600642937853107469e+03
7.602992090395480773e+03
7.604076836158192236e+03
7.604466666666667152e+03
7.604056497175140976e+03
7.602628248587570852e+03
7.600197740112994325e+03
7.596853107344632917e+03
7.592820338983050533e+03
7.588543502824859388e+03
7.584602259887005857e+03
7.581441807909603995e+03
7.579180790960452214e+03
7.577376271186440135e+03
7.575381920903955688e+03
7.573063276836158366e+03
7.570922033898305017e+03
7.569371751412429148e+03
7.568136723163841452e+03
7.566444067796610398e+03
7.563802259887005675e+03
7.560077966101694983e+03
7.555366101694915415e+03
7.549344632768361407e+03
7.541511864406779750e+03
7.532520903954802634e+03
7.526357062146891622e+03
7.522828248587570670e+03
7.521246327683616073e+03
7.520987570621469786e+03
7.521656497175141340e+03
7.523338983050847673e+03
7.526136723163841452e+03
7.530057627118643722e+03
7.534975141242937752e+03
7.540701694915254848e+03
7.547325423728812893e+03
7.555201129943503474e+03
7.564655367231638593e+03
7.575528813559321861e+03
7.587640677966101975e+03
7.600712994350282315e+03
7.614228248587570306e+03
7.627856497175141158e+03
7.641255367231638957e+03
7.653850847457627424e+03
7.665032768361581475e+03
7.674687005649717321e+03
7.682873446327684178e+03
7.689477966101695529e+03
7.694637288135593735e+03
7.698800000000000182e+03
7.702068926553673009e+03
7.704315254237288173e+03
7.705931073446326991e+03
7.707447457627118638e+03
7.709263276836158184e+03
7.711906214689266562e+03
7.713537853107344745e+03
7.711809039548022156e+03
7.707274576271186561e+03
7.701537853107343835e+03
7.694386440677966675e+03
7.686132203389830465e+03
7.677603389830508604e+03
7.669219209039548332e+03
7.661291525423728672e+03
7.653810169491525812e+03
7.646168361581921090e+03
7.638044067796609852e+03
7.629725423728814349e+03
7.621302824858757958e+03
7.612535593220338342e+03
7.603241807909605086e+03
7.593449717514125041e+03
7.583232768361582202e+03
7.572561581920904246e+03
7.561334463276836686e+03
7.550006779661017390e+03
7.539174011299435733e+03
7.528988700564972532e+03
7.519679096045198094e+03
7.511482485875707425e+03
7.504319774011300069e+03
7.498309604519774439e+03
7.493811299435028559e+03
7.490640677966101975e+03
7.488472316384181795e+03
7.487835028248588060e+03
7.489059887005649216e+03
7.491576271186440863e+03
7.495099435028248990e+03
7.499752542372882090e+03
7.505449717514124131e+03
7.510212429378531851e+03
7.513379661016950195e+03
7.515343502824859570e+03
7.516397740112995052e+03
7.516570621468927129e+03
7.515761581920904064e+03
7.513946892655367265e+03
7.511070056497175756e+03
7.507328813559322953e+03
7.503116384180792011e+03
7.498911864406780296e+03
7.495397740112994143e+03
7.492822598870056026e+03
7.490788700564971805e+03
7.488610169491525085e+03
7.486091525423729763e+03
7.483694915254238367e+03
7.481865536723164951e+03
7.480413559322034416e+03
7.478696045197741114e+03
7.476201129943503474e+03
7.472807909604520319e+03
7.468534463276836505e+03
7.463066666666667516e+03
7.455779661016949831e+03
7.446501694915254120e+03
7.438959322033899298e+03
7.434122033898305745e+03
7.431455367231639684e+03
7.430277966101695711e+03
7.430166101694916506e+03
7.431045197740113508e+03
7.433010169491526540e+03
7.436053107344633645e+03
7.440100564971751737e+03
7.444875706214690581e+03
7.450491525423729399e+03
7.457281355932203951e+03
7.465488135593221159e+03
7.475122033898305745e+03
7.486144632768362499e+03
7.498178531073446720e+03
7.510810169491525812e+03
7.523867796610169535e+03
7.536925423728814167e+03
7.549311864406779932e+03
7.560506214689266926e+03
7.570372881355932805e+03
7.578726553672317095e+03
7.585360451977401681e+03
7.590586440677966493e+03
7.594753672316384836e+03
7.597814689265537709e+03
7.599769491525425110e+03
7.601010169491526540e+03
7.601827118644068833e+03
7.602534463276836505e+03
7.604092655367232510e+03
7.606980790960453305e+03
7.607633898305085495e+03
7.605163841807909193e+03
7.600534463276837414e+03
7.594589830508475643e+03
7.587576271186441772e+03
7.579866666666667697e+03
7.572084745762713283e+03
7.564827118644068833e+03
7.557962711864407538e+03
7.550929943502826063e+03
7.543594350282486630e+03
7.536058757062147379e+03
7.528383050847458435e+03
7.520349152542373304e+03
7.511776271186441591e+03
7.502751412429379343e+03
7.493346892655367810e+03
7.483268926553673737e+03
7.472542372881356641e+03
7.461625988700565358e+03
7.450844067796610943e+03
7.440490395480226653e+03
7.430978531073447812e+03
7.422371751412430967e+03
7.414567231638418889e+03
7.408051977401130898e+03
7.403016949152543020e+03
7.398977401129945065e+03
7.395981920903956052e+03
7.394638418079097391e+03
7.394898305084747335e+03
7.396429378531074690e+03
7.399244067796611489e+03
7.403142372881357005e+03
7.407880225988701568e+03
7.413538983050848401e+03
7.417726553672318005e+03
7.420682485875708153e+03
7.422619209039549787e+03
7.423637288135594645e+03
7.423750282485876596e+03
7.422845197740114600e+03
7.420889265536725361e+03
7.417942372881358096e+03
7.414262146892657256e+03
7.410359322033899844e+03
7.406994350282487176e+03
7.404610169491526904e+03
7.402855367231640230e+03
7.401035028248588787e+03
7.398935593220340706e+03
7.396908474576272056e+03
7.395445197740114963e+03
7.394453107344634191e+03
7.393395480225990468e+03
7.391736723163843635e+03
7.389342372881357733e+03
7.386315254237289992e+03
7.382209039548024521e+03
7.376310734463278095e+03
7.368507344632769673e+03
7.359284745762713101e+03
7.352824858757063339e+03
7.348733333333335395e+03
7.346372881355933714e+03
7.345312994350284498e+03
7.345287005649719504e+03
7.346369491525425474e+03
7.348679096045199913e+03
7.351953672316385564e+03
7.356001129943504566e+03
7.360938983050848947e+03
7.366994350282488085e+03
7.374358192090398006e+03
7.383279096045199367e+03
7.393699435028250264e+03
7.405235028248589515e+03
7.417625988700567177e+03
7.430757062146893986e+03
7.444127683615821297e+03
7.457032768361583294e+03
7.469134463276837778e+03
7.480140112994351512e+03
7.489625988700567177e+03
7.497409039548025248e+03
7.503864406779663113e+03
7.509166101694918325e+03
7.513195480225990650e+03
7.516224858757064794e+03
7.518450847457628697e+03
7.519781920903957143e+03
7.520795480225991014e+03
7.522684745762713646e+03
7.525703954802262160e+03
7.528772881355934260e+03
7.528350282485877869e+03
7.524932203389831557e+03
7.519303954802261615e+03
7.512238418079097755e+03
7.504181920903956780e+03
7.495957062146895623e+03
7.488159322033900935e+03
7.480681355932205406e+03
7.473186440677967767e+03
7.465459887005652490e+03
7.457576271186442682e+03
7.449598870056499436e+03
7.441212429378534580e+03
7.432343502824860479e+03
7.423178531073448539e+03
7.413585310734465565e+03
7.403280225988703023e+03
7.392378531073448357e+03
7.381131073446329538e+03
7.369690395480228290e+03
7.358671186440679776e+03
7.348406779661018845e+03
7.338710734463278641e+03
7.329828248587573398e+03
7.322413559322036235e+03
7.316251977401132535e+03
7.310967231638420344e+03
7.306951412429380071e+03
7.304484745762712919e+03
7.303437288135595736e+03
7.303896045197741842e+03
7.305855367231641139e+03
7.308711864406781388e+03
7.312450847457628697e+03
7.317711864406781388e+03
7.322515254237290719e+03
7.325992090395482592e+03
7.328416949152544476e+03
7.329891525423730855e+03
7.330467796610171717e+03
7.330067796610172081e+03
7.328673446327686179e+03
7.326239548022601412e+03
7.322809039548024884e+03
7.318909604519776622e+03
7.315409039548025248e+03
7.312854237288138393e+03
7.311012429378533852e+03
7.309244067796611489e+03
7.307246327683618802e+03
7.305331073446330265e+03
7.303950282485877324e+03
7.303138983050849674e+03
7.302387570621471241e+03
7.301178531073448539e+03
7.299517514124296213e+03
7.297446327683617710e+03
7.294374011299437370e+03
7.289646327683618438e+03
7.283192090395483319e+03
7.275118644067799323e+03
7.267291525423731400e+03
7.261977401129945065e+03
7.258670056497176120e+03
7.256778531073447994e+03
7.256011299435030196e+03
7.256456497175143340e+03
7.258071186440680322e+03
7.260593220338985702e+03
7.263962711864408448e+03
7.268155932203391785e+03
7.273293785310735984e+03
7.279671186440680685e+03
7.287610169491527813e+03
7.297011299435031106e+03
7.307567231638420708e+03
7.319183050847459526e+03
7.331714124293786881e+03
7.344620338983053443e+03
7.357326553672317459e+03
7.369579661016950922e+03
7.380871186440679594e+03
7.390623728813561684e+03
7.398828248587573398e+03
7.405759322033900389e+03
7.411274576271189289e+03
7.415512994350285226e+03
7.418909604519776622e+03
7.421270056497178302e+03
7.422363841807911740e+03
7.423084745762713283e+03
7.424541242937855714e+03
7.426842937853109106e+03
7.429692655367233783e+03
7.431484745762712919e+03
7.430387570621471241e+03
7.426912994350284862e+03
7.420743502824861025e+03
7.413112994350283770e+03
7.405081355932205952e+03
7.397254237288137119e+03
7.389732203389832648e+03
7.382132203389832284e+03
7.374374011299437370e+03
7.366577401129945429e+03
7.358578531073448175e+03
7.350111864406781024e+03
7.341259887005651763e+03
7.332138983050849674e+03
7.322458757062149743e+03
7.312159322033900025e+03
7.301303954802262524e+03
7.289724293785313421e+03
7.277845197740114600e+03
7.266361581920906247e+03
7.255273446327685633e+03
7.244483615819210172e+03
7.234644067796612035e+03
7.226126553672318551e+03
7.218629378531075417e+03
7.212106214689267290e+03
7.206881355932205224e+03
7.202899435028250991e+03
7.200310734463279005e+03
7.199507344632769673e+03
7.200067796610171172e+03
7.201477966101696438e+03
7.203901694915256485e+03
7.207871186440680503e+03
7.213431638418082002e+03
7.218245197740115145e+03
7.221955932203392877e+03
7.224711864406782297e+03
7.226519774011301706e+03
7.227451977401132353e+03
7.227461016949155237e+03
7.226340112994352239e+03
7.224050847457629061e+03
7.221045197740115327e+03
7.218256497175143522e+03
7.216306214689268018e+03
7.215100564971753556e+03
7.214092655367234329e+03
7.212898305084747335e+03
7.211716384180792375e+03
7.211071186440679412e+03
7.211057627118646451e+03
7.211101694915256303e+03
7.210823728813560592e+03
7.210351412429381526e+03
7.209575141242939935e+03
7.207896045197741842e+03
7.204812429378533125e+03
7.200133333333335031e+03
7.193651977401132172e+03
7.185557062146894168e+03
7.178785310734465384e+03
7.174146892655367992e+03
7.171024858757064067e+03
7.169200000000000728e+03
7.168603389830510423e+03
7.169126553672318551e+03
7.170607909604521410e+03
7.172961581920904791e+03
7.176053107344634554e+03
7.179950282485877324e+03
7.185074576271188562e+03
7.191697175141245680e+03
7.199701694915256667e+03
7.208951412429380071e+03
7.219496045197742205e+03
7.231087005649719686e+03
7.243146892655369811e+03
7.255414689265538982e+03
7.267577401129945429e+03
7.278857627118646633e+03
7.288784180790962637e+03
7.297439548022601230e+03
7.304693785310737439e+03
7.310370621468928221e+03
7.314964971751414851e+03
7.318763841807912286e+03
7.321223728813562047e+03
7.322280225988703023e+03
7.322893785310736348e+03
7.323888135593222614e+03
7.325517514124296213e+03
7.327789830508477280e+03
7.330509604519776076e+03
7.331628248587572671e+03
7.330138983050849674e+03
7.325867796610171354e+03
7.318951412429380980e+03
7.311440677966103976e+03
7.304064406779662932e+03
7.296845197740114600e+03
7.289577401129945429e+03
7.282322033898306472e+03
7.275124293785313057e+03
7.267631638418080911e+03
7.259776271186442500e+03
7.251690395480228290e+03
7.243212429378533670e+03
7.234247457627121548e+03
7.224898305084747335e+03
7.214811299435030378e+03
7.203816949152544112e+03
7.192621468926556190e+03
7.181629378531075417e+03
7.170600000000002183e+03
7.159848587570622840e+03
7.150064406779662022e+03
7.141253107344634373e+03
7.133401129943504202e+03
7.126690395480227380e+03
7.121055367231640048e+03
7.116444067796612217e+03
7.113323163841809219e+03
7.111929943502826063e+03
7.111861016949153964e+03
7.112593220338983883e+03
7.114318644067798232e+03
7.117629378531075417e+03
7.122438418079098483e+03
7.127964971751414851e+03
7.132381920903956598e+03
7.135732203389832648e+03
7.138122033898306654e+03
7.139662146892657802e+03
7.140349152542374213e+03
7.139901694915256485e+03
7.138111864406781933e+03
7.135372881355933714e+03
7.132616949152544294e+03
7.130554802259888675e+03
7.129261016949154509e+03
7.128271186440680140e+03
7.127088135593222432e+03
7.125915254237290355e+03
7.125338983050849492e+03
7.125355932203392513e+03
7.125421468926555463e+03
7.125393220338984975e+03
7.125383050847460254e+03
7.125124293785313057e+03
7.124149152542375305e+03
7.122134463276837778e+03
7.118567231638418889e+03
7.113112994350283770e+03
7.106101694915255393e+03
7.098040677966103431e+03
7.092204519774012624e+03
7.088071186440679412e+03
7.085406779661017936e+03
7.084003389830510059e+03
7.083725423728814349e+03
7.084509604519775166e+03
7.086174011299435733e+03
7.088465536723164405e+03
7.091529943502826427e+03
7.095796610169492851e+03
7.101456497175142431e+03
7.108384180790962091e+03
7.116709604519774985e+03
7.126475706214690035e+03
7.137270056497176483e+03
7.148726553672318005e+03
7.160770621468927857e+03
7.172881355932204315e+03
7.184223728813561138e+03
7.194578531073448175e+03
7.203812429378533125e+03
7.211396610169493215e+03
7.217415819209041729e+03
7.222532203389831921e+03
7.226677966101697166e+03
7.229297175141244225e+03
7.230508474576272420e+03
7.230963841807911194e+03
7.231406779661017936e+03
7.232378531073447448e+03
7.233911864406781206e+03
7.235809039548023975e+03
7.238099435028249900e+03
7.238697175141243861e+03
7.236450847457628697e+03
7.231455367231639684e+03
7.224792090395481864e+03
7.218066666666668425e+03
7.211267796610170990e+03
7.204464406779663477e+03
7.197832768361584385e+03
7.191129943502826791e+03
7.184128813559324044e+03
7.176953672316385564e+03
7.169394350282487721e+03
7.161324293785311966e+03
7.152986440677968858e+03
7.144244067796612399e+03
7.134499435028250446e+03
7.123890395480228108e+03
7.113066666666668425e+03
7.102006779661019209e+03
7.090680225988701750e+03
7.079639548022600138e+03
7.069235028248589515e+03
7.059570621468928039e+03
7.050887005649719868e+03
7.043280225988703023e+03
7.036519774011301706e+03
7.030702824858759413e+03
7.026357062146895260e+03
7.023745762711865609e+03
7.022362711864408993e+03
7.021755932203391239e+03
7.022232768361583112e+03
7.024273446327684724e+03
7.027777401129945247e+03
7.032259887005650853e+03
7.037116384180792011e+03
7.040841807909606359e+03
7.043531073446329174e+03
7.045450847457628697e+03
7.046592090395481137e+03
7.046595480225989377e+03
7.045159322033899116e+03
7.042596610169493033e+03
7.039676836158194419e+03
7.037282485875708517e+03
7.035740112994351875e+03
7.034499435028250446e+03
7.033067796610171172e+03
7.031752542372882090e+03
7.031058757062148288e+03
7.030838418079098119e+03
7.030755932203390330e+03
7.030813559322035871e+03
7.030996610169492669e+03
7.031012429378532033e+03
7.030672316384182523e+03
7.029572881355933532e+03
7.026988700564972532e+03
7.022613559322035144e+03
7.016720903954803362e+03
7.009687005649719140e+03
7.002622598870057118e+03
6.997534463276837414e+03
6.994057627118645541e+03
6.991925423728815076e+03
6.990992090395481682e+03
6.991241807909605996e+03
6.992379661016950195e+03
6.994082485875707789e+03
6.996563841807911558e+03
7.000207909604521774e+03
7.005050847457629061e+03
7.011150282485876232e+03
7.018805649717515735e+03
7.027938983050848947e+03
7.038074576271188562e+03
7.049224858757063885e+03
7.061256497175143522e+03
7.073412429378532579e+03
7.085114124293786517e+03
7.096305084745764361e+03
7.106354802259887947e+03
7.114693785310735620e+03
7.121715254237289628e+03
7.127816949152544112e+03
7.132830508474577073e+03
7.136406779661017936e+03
7.138471186440678139e+03
7.139499435028249536e+03
7.140301694915255212e+03
7.141456497175142431e+03
7.143077966101695893e+03
7.145027118644069560e+03
7.147214689265538254e+03
7.149493785310735802e+03
7.148893785310736348e+03
7.145538983050848401e+03
7.139523163841809037e+03
7.132566101694916142e+03
7.125349152542374213e+03
7.118270056497176483e+03
7.111288135593221341e+03
7.104184180790960454e+03
7.097006779661018300e+03
7.089672316384181613e+03
7.081820338983052352e+03
7.073584180790961909e+03
7.065328813559323862e+03
7.056493785310735802e+03
7.046659887005651399e+03
7.036198870056497981e+03
7.025318644067797322e+03
7.013966101694915778e+03
7.002383050847458435e+03
6.990941242937853531e+03
6.979833898305085313e+03
6.969402259887006949e+03
6.959988700564972532e+03
6.951590960451978390e+03
6.943884745762712555e+03
6.937088135593221523e+03
6.931819209039548696e+03
6.928262146892656347e+03
6.925889265536724452e+03
6.924306214689266199e+03
6.923927683615820570e+03
6.925074576271187652e+03
6.927604519774012260e+03
6.931258757062148106e+03
6.936005649717515553e+03
6.940338983050848583e+03
6.943621468926554371e+03
6.946169491525424746e+03
6.948023728813559501e+03
6.948806779661017572e+03
6.948170621468927493e+03
6.946171751412430240e+03
6.943562711864407902e+03
6.941362711864408084e+03
6.939964971751413032e+03
6.938795480225990104e+03
6.937524293785310874e+03
6.936533333333334667e+03
6.936087005649718776e+03
6.936007909604521046e+03
6.936224858757062975e+03
6.936724293785311602e+03
6.937318644067798232e+03
6.937919774011301342e+03
6.938474576271188198e+03
6.938487005649718412e+03
6.937149152542373486e+03
6.934138983050848765e+03
6.929703954802260341e+03
6.924028248587572307e+03
6.916985310734464292e+03
6.911116384180792011e+03
6.906987570621469786e+03
6.904237288135595008e+03
6.902832768361583476e+03
6.902694915254238367e+03
6.903362711864408084e+03
6.904577401129945429e+03
6.906601129943504930e+03
6.909603389830510423e+03
6.913549152542374941e+03
6.918786440677968130e+03
6.925621468926555281e+03
6.933694915254238367e+03
6.942883615819210718e+03
6.953372881355933714e+03
6.964741242937854622e+03
6.976284745762714010e+03
6.987881355932205224e+03
6.999161581920905519e+03
7.009263276836160003e+03
7.017783050847459890e+03
7.025011299435029287e+03
7.031255367231639866e+03
7.036421468926555463e+03
7.040144632768363408e+03
7.042213559322035508e+03
7.043048587570623567e+03
7.043344632768363226e+03
7.043759322033900389e+03
7.044612429378532397e+03
7.045651977401132172e+03
7.046711864406781388e+03
7.048436158192092989e+03
7.049763841807911376e+03
7.048258757062149016e+03
7.043894915254239095e+03
7.037775141242940663e+03
7.031403389830510605e+03
7.025096045197742569e+03
7.018701694915256667e+03
7.012300564971752465e+03
7.006042937853108924e+03
6.999450847457628697e+03
6.992280225988701204e+03
6.984998870056499072e+03
6.977633898305086404e+03
6.969575141242939935e+03
6.960729943502827155e+03
6.951277966101696620e+03
6.941215819209041001e+03
6.930580790960453669e+03
6.919648587570622112e+03
6.908642937853108378e+03
6.897699435028249354e+03
6.887310734463277186e+03
6.877906214689266562e+03
6.869368361581922727e+03
6.861415819209040819e+03
6.854257627118645360e+03
6.848609039548024157e+03
6.844574011299436279e+03
6.841625988700567177e+03
6.839551412429379525e+03
6.838689265536724633e+03
6.839235028248588605e+03
6.841096045197740750e+03
6.844205649717515371e+03
6.848431638418080183e+03
6.853022598870057664e+03
6.856549152542374031e+03
6.859355932203391603e+03
6.861494915254238549e+03
6.862717514124295121e+03
6.862535593220341070e+03
6.860754802259889402e+03
6.858127683615821297e+03
6.855783050847458981e+03
6.854082485875706880e+03
6.852553672316384109e+03
6.851094915254238003e+03
6.849976271186441409e+03
6.849264406779661840e+03
6.848941242937853531e+03
6.849072316384181249e+03
6.849492655367232146e+03
6.850025988700566813e+03
6.850748022598871103e+03
6.851699435028249354e+03
6.852309604519775348e+03
6.851757062146893986e+03
6.849749152542373849e+03
6.846448587570623204e+03
6.841790960451979117e+03
6.835689265536724633e+03
6.828411299435029832e+03
6.822918644067797686e+03
6.818986440677967039e+03
6.816605649717515007e+03
6.815559322033899662e+03
6.815282485875706698e+03
6.815742372881356459e+03
6.817053107344634554e+03
6.819110734463278277e+03
6.822041807909606177e+03
6.826428248587571943e+03
6.832285875706214938e+03
6.839282485875706698e+03
6.847702824858757594e+03
6.857561581920905155e+03
6.868282485875706698e+03
6.879551412429380434e+03
6.891265536723165496e+03
6.902868926553673191e+03
6.913514124293786153e+03
6.922777401129944337e+03
6.930789830508475461e+03
6.937844067796610943e+03
6.943900564971752829e+03
6.948568361581921636e+03
6.951602259887005857e+03
6.953196610169492487e+03
6.953928813559322407e+03
6.954671186440678866e+03
6.955767231638418707e+03
6.956811299435028559e+03
6.957818079096045949e+03
6.959433898305085677e+03
6.962153672316384473e+03
6.962187570621469604e+03
6.959362711864407174e+03
6.954117514124294757e+03
6.947823728813559683e+03
6.941337853107344927e+03
6.934666666666666970e+03
6.928255367231638957e+03
6.921969491525424019e+03
6.915177401129943974e+03
6.908047457627119002e+03
6.900887005649718049e+03
6.893512994350283407e+03
6.885569491525424382e+03
6.876990960451978026e+03
6.867763841807909557e+03
6.857818079096045949e+03
6.847306214689265289e+03
6.836441807909604904e+03
6.825245197740113326e+03
6.813926553672316913e+03
6.803084745762711464e+03
6.793159322033898206e+03
6.783945762711864518e+03
6.775149152542373486e+03
6.767170621468926583e+03
6.760649717514124859e+03
6.755570621468926220e+03
6.751563841807909739e+03
6.748509604519773347e+03
6.746613559322034234e+03
6.745989830508474370e+03
6.746732203389829920e+03
6.748755932203390330e+03
6.751840677966101794e+03
6.756011299435028377e+03
6.760470056497174483e+03
6.764075706214689490e+03
6.767103954802259977e+03
6.769355932203390694e+03
6.770126553672316732e+03
6.769100564971751737e+03
6.767080225988700477e+03
6.765117514124293848e+03
6.763447457627118638e+03
6.761923163841807764e+03
6.760575141242937207e+03
6.759461016949152508e+03
6.758647457627118456e+03
6.758267796610169171e+03
6.758341242937853167e+03
6.758642937853106559e+03
6.759027118644067741e+03
6.759749152542372030e+03
6.760861016949152145e+03
6.761738983050847310e+03
6.761642937853106559e+03
6.760355932203389784e+03
6.757792090395479136e+03
6.753759322033897661e+03
6.748270056497174664e+03
6.741454237288135118e+03
6.735199999999999818e+03
6.730724293785309783e+03
6.727998870056497253e+03
6.726558192090395096e+03
6.725997740112994506e+03
6.726367231638418161e+03
6.727489265536722996e+03
6.729087005649716957e+03
6.731674576271185288e+03
6.735615819209038818e+03
6.740746892655366537e+03
6.747133333333333212e+03
6.755083615819208717e+03
6.764389830508474006e+03
6.774604519774011351e+03
6.785639548022598319e+03
6.797328813559321134e+03
6.809133333333333212e+03
6.820203389830508968e+03
6.829993220338983519e+03
6.838571751412428966e+03
6.846228248587571215e+03
6.852851977401129261e+03
6.858175141242937570e+03
6.861887005649718049e+03
6.863872316384180522e+03
6.864809039548023065e+03
6.865628248587570852e+03
6.866506214689265107e+03
6.867175141242938480e+03
6.867814689265536799e+03
6.868861016949152145e+03
6.870650847457627606e+03
6.872885875706214392e+03
6.872231638418079456e+03
6.868936723163841634e+03
6.863396610169491396e+03
6.857168361581921090e+03
6.850926553672316004e+03
6.845006779661016481e+03
6.839028248587570488e+03
6.832659887005649580e+03
6.826063276836157456e+03
6.819406779661016117e+03
6.812456497175140612e+03
6.805065536723163859e+03
6.797123163841807582e+03
6.788472316384180886e+03
6.779064406779661113e+03
6.769100564971751737e+03
6.758702824858757594e+03
6.747725423728813439e+03
6.736416949152542657e+03
6.725470056497175392e+03
6.715342372881355914e+03
6.705732203389829920e+03
6.696423728813559137e+03
6.687937853107344381e+03
6.680759322033897661e+03
6.674874576271186015e+03
6.670093785310733438e+03
6.666320903954801906e+03
6.663551412429378615e+03
6.662023728813558591e+03
6.661888135593219886e+03
6.663009039548021974e+03
6.665203389830508058e+03
6.668520903954800815e+03
6.673149152542372576e+03
6.677371751412428239e+03
6.681149152542371667e+03
6.684296045197739659e+03
6.685900564971751010e+03
6.685674576271186197e+03
6.684369491525422745e+03
6.682785310734462655e+03
6.681249717514123404e+03
6.679891525423728126e+03
6.678720903954801543e+03
6.677719774011298796e+03
6.676951412429378252e+03
6.676687005649717321e+03
6.676896045197740023e+03
6.677277966101693892e+03
6.677755932203389420e+03
6.678733333333333576e+03
6.680193220338982428e+03
6.681528813559321861e+03
6.682218079096044676e+03
6.681949152542372758e+03
6.680440677966102157e+03
6.677561581920903336e+03
6.673215819209040092e+03
6.667422598870056390e+03
6.660625988700565358e+03
6.654830508474575254e+03
6.650851977401129261e+03
6.648112994350281951e+03
6.646566101694914323e+03
6.646055367231638229e+03
6.646090395480226107e+03
6.646679096045198094e+03
6.648324293785310147e+03
6.651089265536722451e+03
6.654905084745761997e+03
6.660129943502824972e+03
6.666932203389829738e+03
6.675068926553671190e+03
6.684267796610169171e+03
6.694496045197739477e+03
6.705645197740112962e+03
6.717168361581921090e+03
6.728219209039547422e+03
6.738230508474574890e+03
6.747177401129943064e+03
6.755160451977400953e+03
6.762237288135593190e+03
6.768250847457627060e+03
6.772638418079095572e+03
6.775148022598869829e+03
6.776566101694914323e+03
6.777702824858756685e+03
6.778619209039547059e+03
6.779348022598869647e+03
6.780076836158191327e+03
6.780885875706213483e+03
6.782299435028247899e+03
6.785032768361581475e+03
6.785763841807908648e+03
6.783639548022598319e+03
6.779237288135592280e+03
6.773070056497173937e+03
6.766757062146891258e+03
6.760701694915253938e+03
6.754503954802259614e+03
6.748072316384180340e+03
6.741503954802259614e+03
6.734799999999999272e+03
6.727855367231637501e+03
6.720613559322033325e+03
6.712890395480225379e+03
6.704414689265535344e+03
6.695251977401128897e+03
6.685627118644066286e+03
6.675500564971751373e+03
6.664604519774011351e+03
6.653277966101694801e+03
6.642288135593219522e+03
6.631958192090394732e+03
6.621975141242937752e+03
6.612285875706214028e+03
6.603383050847456616e+03
6.595619209039547059e+03
6.589129943502824972e+03
6.583788700564971805e+03
6.579418079096045403e+03
6.576038418079096118e+03
6.573876836158191509e+03
6.573084745762711464e+03
6.573545762711864882e+03
6.575048587570621748e+03
6.577743502824858297e+03
6.581835028248587150e+03
6.586270056497174664e+03
6.590398870056496889e+03
6.593880225988699749e+03
6.595854237288134755e+03
6.596072316384181249e+03
6.595044067796610761e+03
6.593405649717514279e+03
6.591606779661016844e+03
6.589924293785310510e+03
6.588389830508474915e+03
6.586903954802260159e+03
6.585681355932203587e+03
6.585032768361581475e+03
6.584825988700565176e+03
6.584698305084745698e+03
6.584775141242937025e+03
6.585441807909604904e+03
6.586587570621468331e+03
6.587847457627118274e+03
6.588751412429378433e+03
6.588862146892655801e+03
6.587954802259887401e+03
6.585816949152542293e+03
6.582035028248587878e+03
6.576790960451977298e+03
6.570753672316384836e+03
6.564033898305086041e+03
6.559032768361583294e+03
6.555524293785310874e+03
6.553506214689266017e+03
6.552510734463277913e+03
6.552012429378532033e+03
6.552227118644068469e+03
6.553374011299435551e+03
6.555418079096045403e+03
6.558499435028249536e+03
6.562998870056497253e+03
6.569030508474577800e+03
6.576429378531073780e+03
6.584941242937853531e+03
6.594603389830508604e+03
6.605444067796610398e+03
6.616864406779661294e+03
6.628074576271186743e+03
6.638512994350283407e+03
6.647917514124294030e+03
6.656328813559322953e+03
6.664053107344632735e+03
6.670818079096045949e+03
6.675838418079096300e+03
6.679013559322034780e+03
6.681044067796610761e+03
6.682380790960452032e+03
6.683322033898305563e+03
6.684184180790960454e+03
6.684774011299435188e+03
6.685193220338983338e+03
6.686220338983051988e+03
6.688344632768362317e+03
6.691404519774012442e+03
6.691437288135593917e+03
6.689176271186441227e+03
6.685076836158193146e+03
6.679025988700565904e+03
6.673045197740113508e+03
6.666954802259887401e+03
6.660697175141243861e+03
6.654307344632768945e+03
6.647723163841808855e+03
6.640959322033899298e+03
6.633976271186442318e+03
6.626523163841808127e+03
6.618272316384181977e+03
6.609366101694915415e+03
6.600061016949153782e+03
6.590128813559322225e+03
6.579255367231638957e+03
6.567841807909605450e+03
6.556646327683616619e+03
6.545846327683617346e+03
6.535289265536724088e+03
6.524981920903956052e+03
6.515287005649718594e+03
6.506604519774011351e+03
6.499126553672316732e+03
6.492777401129944337e+03
6.487366101694915415e+03
6.482894915254238185e+03
6.479607909604520501e+03
6.477693785310735620e+03
6.476962711864407538e+03
6.477251977401130716e+03
6.478778531073447084e+03
6.481812429378532215e+03
6.486103954802259977e+03
6.491250847457627970e+03
6.496016949152543020e+03
6.499453107344634191e+03
6.501242937853108742e+03
6.501677966101695347e+03
6.501238418079096846e+03
6.500476836158192782e+03
6.499784180790960818e+03
6.499150282485876232e+03
6.498488135593221159e+03
6.498146892655367992e+03
6.498438418079096664e+03
6.499068926553673009e+03
6.499794350282485539e+03
6.500787570621469058e+03
6.502327683615820206e+03
6.504384180790961182e+03
6.506764971751413213e+03
6.508909604519774803e+03
6.510471186440678139e+03
6.511362711864407174e+03
6.511001129943503656e+03
6.508823728813560592e+03
6.505328813559322953e+03
6.501125423728813985e+03
6.495690395480226471e+03
6.489384180790961182e+03
6.484870056497175938e+03
6.481984180790961545e+03
6.480066666666667516e+03
6.478803389830509332e+03
6.478324293785311056e+03
6.478624858757062611e+03
6.479683615819209081e+03
6.481729943502825336e+03
6.485166101694916506e+03
6.490127683615819478e+03
6.496379661016950195e+03
6.503794350282486448e+03
6.512548022598871285e+03
6.522589830508475643e+03
6.533439548022599411e+03
6.544485875706215666e+03
6.554995480225989013e+03
6.564481355932204679e+03
6.573118644067797504e+03
6.581289265536724088e+03
6.588499435028249536e+03
6.594041807909605268e+03
6.597935593220339797e+03
6.600454237288136028e+03
6.602002259887006403e+03
6.603201129943503474e+03
6.604209039548023611e+03
6.604712994350284134e+03
6.605005649717514643e+03
6.605840677966102703e+03
6.607468926553673555e+03
6.609969491525424928e+03
6.611902824858758322e+03
6.611559322033899662e+03
6.609172881355932986e+03
6.604520903954802634e+03
6.598428248587571034e+03
6.592263276836159093e+03
6.585989830508475279e+03
6.579555932203391421e+03
6.572888135593221705e+03
6.566133333333334122e+03
6.559241807909605996e+03
6.551840677966101794e+03
6.543641807909604722e+03
6.534900564971751919e+03
6.525807909604520319e+03
6.515957062146893804e+03
6.505111864406781024e+03
6.493681355932203587e+03
6.482256497175141703e+03
6.471053107344633645e+03
6.460004519774012806e+03
6.449100564971752647e+03
6.438662146892656892e+03
6.429110734463278277e+03
6.420698305084746607e+03
6.413400000000001455e+03
6.406980790960452396e+03
6.401468926553673555e+03
6.397149152542373486e+03
6.394162711864407356e+03
6.392287005649718594e+03
6.391394350282485902e+03
6.391785310734463565e+03
6.393667796610169717e+03
6.396876836158192418e+03
6.401102824858757231e+03
6.406050847457627242e+03
6.410174011299435733e+03
6.412783050847458071e+03
6.413920903954803180e+03
6.413931073446328810e+03
6.413490395480226653e+03
6.412998870056498163e+03
6.412351412429378797e+03
6.411638418079096482e+03
6.411314124293785426e+03
6.411541242937853895e+03
6.412049717514124495e+03
6.412729943502825336e+03
6.413631638418079092e+03
6.414981920903955142e+03
6.417023728813559501e+03
6.419430508474576527e+03
6.421681355932203587e+03
6.423738983050847310e+03
6.425422598870058209e+03
6.425763841807910467e+03
6.424363841807909921e+03
6.421848587570622840e+03
6.418474576271186379e+03
6.413789830508474552e+03
6.407566101694916142e+03
6.402466666666667152e+03
6.398971751412429512e+03
6.396546892655367628e+03
6.394925423728813257e+03
6.394048587570621748e+03
6.393873446327684178e+03
6.394288135593220431e+03
6.395552542372881362e+03
6.398137853107345109e+03
6.402163841807910103e+03
6.407393220338983156e+03
6.413815819209040455e+03
6.421605649717514098e+03
6.430722033898306108e+03
6.440887005649718049e+03
6.451592090395481137e+03
6.461837288135593553e+03
6.471131073446327719e+03
6.479816949152543202e+03
6.487987570621469786e+03
6.495185310734463201e+03
6.500990960451978026e+03
6.505160451977400953e+03
6.507654237288135846e+03
6.509094915254237094e+03
6.510110734463276458e+03
6.510671186440677957e+03
6.510576271186440863e+03
6.510251977401129807e+03
6.510247457627117910e+03
6.510709604519774075e+03
6.511931073446328810e+03
6.514353672316384291e+03
6.515711864406779569e+03
6.514861016949152145e+03
6.511675706214689853e+03
6.506431638418079274e+03
6.501115254237288354e+03
6.495744632768361953e+03
6.490169491525422927e+03
6.484359322033898934e+03
6.478586440677965584e+03
6.472745762711864700e+03
6.466308474576271692e+03
6.459155932203389966e+03
6.451600000000000364e+03
6.443637288135592826e+03
6.434850847457627424e+03
6.425057627118643722e+03
6.414560451977401499e+03
6.403864406779661294e+03
6.393227118644068469e+03
6.382613559322033325e+03
6.372022598870056754e+03
6.361714124293785062e+03
6.352091525423729763e+03
6.343524293785310874e+03
6.335993220338983519e+03
6.329227118644067559e+03
6.323285875706214938e+03
6.318533333333332848e+03
6.314975141242937752e+03
6.312390960451976753e+03
6.310790960451977298e+03
6.310424858757061884e+03
6.311467796610169898e+03
6.313849717514124677e+03
6.317385310734463928e+03
6.321778531073447084e+03
6.326601129943503111e+03
6.330012429378531124e+03
6.331793220338982792e+03
6.332300564971751555e+03
6.332277966101695711e+03
6.331957062146892895e+03
6.331291525423728672e+03
6.330587570621468331e+03
6.330211299435028195e+03
6.330277966101695711e+03
6.330715254237287809e+03
6.331333333333333940e+03
6.332058757062146469e+03
6.333333333333333940e+03
6.335394350282485902e+03
6.337701694915254848e+03
6.340070056497174846e+03
6.342732203389830829e+03
6.345091525423728854e+03
6.346172881355932077e+03
6.345823728813558773e+03
6.344427118644067377e+03
6.342042937853108015e+03
6.338446327683615891e+03
6.333444067796610398e+03
6.326958192090394732e+03
6.322188700564971441e+03
6.318640677966101975e+03
6.316062146892655619e+03
6.314352542372882453e+03
6.313257627118644450e+03
6.312666666666666970e+03
6.312899435028249172e+03
6.314407909604520682e+03
6.317271186440677411e+03
6.321334463276836686e+03
6.326737853107344563e+03
6.333466666666667152e+03
6.341569491525424382e+03
6.351150282485876232e+03
6.361532203389831011e+03
6.371606779661016844e+03
6.381038418079096118e+03
6.390042937853108015e+03
6.398501694915254120e+03
6.406211299435028195e+03
6.412822598870056026e+03
6.417752542372881180e+03
6.420928813559322407e+03
6.423035028248586968e+03
6.424581920903954597e+03
6.425436158192090261e+03
6.425627118644068105e+03
6.425576271186440863e+03
6.425592090395480227e+03
6.425838418079096300e+03
6.426725423728813439e+03
6.428784180790960818e+03
6.432071186440677593e+03
6.433016949152543020e+03
6.431600000000000364e+03
6.427955932203389239e+03
6.422600000000000364e+03
6.417162711864407356e+03
6.411419209039547241e+03
6.405517514124294394e+03
6.399761581920903154e+03
6.393908474576271146e+03
6.387466666666667152e+03
6.380395480225988649e+03
6.372978531073445993e+03
6.365148022598868920e+03
6.356507344632767854e+03
6.346827118644067923e+03
6.336370621468926402e+03
6.325580790960451850e+03
6.314714124293785062e+03
6.303783050847458071e+03
6.292763841807909557e+03
6.281841807909604540e+03
6.271480225988700113e+03
6.262128813559322225e+03
6.253700564971751191e+03
6.245977401129943246e+03
6.239125423728813985e+03
6.233441807909604904e+03
6.228882485875706152e+03
6.225277966101694801e+03
6.222646327683616619e+03
6.221211299435028195e+03
6.221106214689265471e+03
6.222437288135593917e+03
6.225066666666666606e+03
6.228659887005649580e+03
6.232907344632767490e+03
6.236786440677966311e+03
6.238961581920902972e+03
6.239902824858756503e+03
6.240137853107344199e+03
6.239809039548022156e+03
6.239101694915254484e+03
6.238307344632768036e+03
6.237697175141242951e+03
6.237590960451976571e+03
6.237961581920902972e+03
6.238360451977399862e+03
6.238926553672316004e+03
6.240253107344632554e+03
6.242187570621468694e+03
6.244324293785310147e+03
6.246884745762711646e+03
6.250009039548021974e+03
6.252917514124294030e+03
6.254800000000000182e+03
6.255494915254236730e+03
6.255132203389830465e+03
6.253778531073446175e+03
6.251359322033898934e+03
6.247605649717514098e+03
6.242145762711865245e+03
6.236827118644068833e+03
6.232889265536723542e+03
6.230129943502824972e+03
6.228344632768361407e+03
6.227119774011300251e+03
6.226306214689266199e+03
6.226328813559322043e+03
6.227429378531072871e+03
6.229723163841807036e+03
6.233336723163842180e+03
6.238174011299434824e+03
6.244198870056497071e+03
6.251767231638417798e+03
6.261049717514124495e+03
6.271195480225987922e+03
6.281361581920903518e+03
6.291168361581920180e+03
6.300496045197740386e+03
6.309337853107344927e+03
6.317674576271187107e+03
6.325027118644067741e+03
6.330635028248587332e+03
6.334542372881355732e+03
6.337325423728812893e+03
6.339308474576270783e+03
6.340394350282485902e+03
6.340806779661015753e+03
6.340891525423729036e+03
6.340766101694915051e+03
6.340665536723163314e+03
6.341068926553672100e+03
6.342516384180790737e+03
6.345133333333333212e+03
6.347629378531073598e+03
6.347752542372881180e+03
6.345654237288135846e+03
6.341395480225988649e+03
6.336083615819208717e+03
6.330392090395480409e+03
6.324635028248587332e+03
6.319070056497173937e+03
6.313362711864407174e+03
6.307114124293785608e+03
6.300314124293785426e+03
6.293193220338982428e+03
6.285672316384180704e+03
6.277350282485876050e+03
6.268002259887005494e+03
6.257803389830507513e+03
6.247108474576270964e+03
6.236209039548021792e+03
6.225210169491525448e+03
6.213936723163841634e+03
6.202567231638418889e+03
6.191697175141242951e+03
6.181679096045198094e+03
6.172464406779661658e+03
6.163927683615819660e+03
6.156271186440677411e+03
6.149707344632768582e+03
6.144213559322034598e+03
6.139649717514124859e+03
6.136030508474575981e+03
6.133522033898304471e+03
6.132308474576271692e+03
6.132531073446329174e+03
6.134106214689265471e+03
6.136812429378531306e+03
6.140277966101693892e+03
6.144338983050847673e+03
6.147388700564972169e+03
6.149185310734463201e+03
6.150038418079097028e+03
6.150206779661017208e+03
6.149917514124294030e+03
6.149297175141243315e+03
6.148786440677966311e+03
6.148891525423729036e+03
6.149337853107344927e+03
6.149712994350282315e+03
6.150440677966102157e+03
6.151900564971751010e+03
6.153750282485876596e+03
6.155881355932204315e+03
6.158687005649717321e+03
6.162112994350281951e+03
6.165499435028248627e+03
6.168186440677965948e+03
6.169868926553672281e+03
6.170481355932203769e+03
6.170150282485875323e+03
6.168943502824858115e+03
6.166388700564972169e+03
6.162037288135593371e+03
6.156236158192090443e+03
6.151410169491526176e+03
6.148022598870056754e+03
6.145639548022599229e+03
6.143751412429379343e+03
6.142348022598871466e+03
6.141606779661016844e+03
6.141710734463277731e+03
6.142974011299435915e+03
6.145540112994351148e+03
6.149122033898305745e+03
6.153833898305085313e+03
6.160245197740114236e+03
6.168371751412430058e+03
6.177559322033899662e+03
6.187122033898305745e+03
6.196528813559321861e+03
6.205441807909604904e+03
6.214057627118644632e+03
6.222377401129943792e+03
6.229796610169492851e+03
6.235544632768362135e+03
6.239705084745763088e+03
6.242679096045198094e+03
6.244619209039548878e+03
6.245595480225989377e+03
6.245898305084746426e+03
6.245735593220339069e+03
6.245170621468926583e+03
6.244451977401130534e+03
6.244103954802259977e+03
6.244588700564971987e+03
6.246098305084746244e+03
6.248856497175142067e+03
6.250170621468927493e+03
6.249221468926554735e+03
6.246087005649717867e+03
6.241297175141242406e+03
6.236145762711864336e+03
6.231021468926554007e+03
6.226075706214689490e+03
6.221054237288135482e+03
6.215532203389831011e+03
6.209569491525424382e+03
6.203317514124294576e+03
6.196735593220339069e+03
6.189424858757062793e+03
6.181143502824859752e+03
6.171952542372880998e+03
6.162162711864407356e+03
6.152164971751413759e+03
6.141944632768361771e+03
6.131314124293785426e+03
6.120467796610169898e+03
6.110005649717514643e+03
6.100247457627119729e+03
6.091133333333334122e+03
6.082679096045198094e+03
6.075085875706215120e+03
6.068503954802259614e+03
6.062932203389830647e+03
6.058270056497175574e+03
6.054488135593221159e+03
6.051679096045198094e+03
6.050064406779662022e+03
6.049901694915254666e+03
6.051124293785311238e+03
6.053472316384181795e+03
6.056838418079096300e+03
6.060900564971751919e+03
6.064596610169492124e+03
6.066941242937853531e+03
6.068201129943503474e+03
6.068760451977401317e+03
6.068597740112994870e+03
6.067864406779661294e+03
6.067315254237288173e+03
6.067318644067797322e+03
6.067445197740113144e+03
6.067581920903956416e+03
6.068242937853107833e+03
6.069457627118645178e+03
6.070936723163842544e+03
6.072801129943503838e+03
6.075427118644067377e+03
6.078746892655368356e+03
6.082210169491525448e+03
6.085312994350282679e+03
6.087540112994351148e+03
6.088687005649718230e+03
6.089039548022599774e+03
6.088630508474577255e+03
6.086829378531074326e+03
6.083216949152542838e+03
6.078195480225989741e+03
6.072793220338982792e+03
6.069031638418079638e+03
6.066327683615820206e+03
6.064316384180790919e+03
6.062890395480226289e+03
6.061915254237288536e+03
6.061698305084746607e+03
6.062729943502825336e+03
6.064920903954803180e+03
6.067960451977402045e+03
6.072215819209040092e+03
6.078166101694916506e+03
6.085827118644068833e+03
6.094838418079096300e+03
6.104574011299436279e+03
6.114274576271187470e+03
6.123572881355932623e+03
6.132744632768362862e+03
6.141778531073447084e+03
6.149934463276837050e+03
6.156610169491525994e+03
6.161807909604520319e+03
6.165694915254237458e+03
6.168322033898304653e+03
6.169873446327683268e+03
6.170707344632768582e+03
6.170894915254237276e+03
6.170461016949153418e+03
6.169748022598871103e+03
6.169167231638419253e+03
6.169055367231639138e+03
6.169889265536723542e+03
6.172010169491525630e+03
6.175150282485876232e+03
6.175984180790959726e+03
6.174569491525424382e+03
6.170944632768361771e+03
6.166081355932204133e+03
6.161275706214690217e+03
6.156656497175141340e+03
6.151961581920904791e+03
6.146830508474577073e+03
6.141345762711865973e+03
6.135605649717514098e+03
6.129512994350283407e+03
6.122809039548023065e+03
6.115148022598870739e+03
6.106476836158192782e+03
6.097149152542373486e+03
6.087542372881356641e+03
6.077568361581921636e+03
6.067040677966102521e+03
6.056180790960452214e+03
6.045531073446327355e+03
6.035361581920904428e+03
6.025733333333333576e+03
6.016662146892655983e+03
6.008355932203390694e+03
6.001015819209040274e+03
5.994601129943503111e+03
5.989094915254238003e+03
5.984398870056496889e+03
5.980520903954802634e+03
5.977813559322034052e+03
5.976505084745763270e+03
5.976485875706215666e+03
5.977760451977401317e+03
5.980308474576271692e+03
5.983567231638418889e+03
5.987013559322034780e+03
5.989801129943503838e+03
5.991567231638418889e+03
5.992490395480226653e+03
5.992355932203390694e+03
5.991576271186440863e+03
5.991024858757062248e+03
5.990745762711864700e+03
5.990472316384180886e+03
5.990335593220339433e+03
5.990720903954803362e+03
5.991519774011299887e+03
5.992534463276837414e+03
5.993978531073446902e+03
5.996180790960452214e+03
5.999088135593220613e+03
6.002465536723164405e+03
6.005735593220339069e+03
6.008174011299435733e+03
6.009681355932203587e+03
6.010629378531073598e+03
6.010867796610169535e+03
6.009696045197741114e+03
6.006854237288135664e+03
6.002642937853108378e+03
5.997360451977401681e+03
5.992697175141243861e+03
5.989281355932203951e+03
5.986819209039547786e+03
5.984873446327683268e+03
5.983250847457627060e+03
5.982449717514124131e+03
5.982815819209039546e+03
5.984132203389830465e+03
5.986326553672316550e+03
5.989692655367231964e+03
5.994631638418079092e+03
6.001316384180790919e+03
6.009655367231638593e+03
6.018972881355932259e+03
6.028390960451977662e+03
6.037637288135592826e+03
6.046968361581921272e+03
6.056235028248587696e+03
6.064799999999999272e+03
6.072142372881357005e+03
6.078160451977400953e+03
6.082814689265536799e+03
6.086115254237288354e+03
6.088360451977401681e+03
6.089795480225988285e+03
6.090449717514124131e+03
6.090441807909604904e+03
6.090072316384181249e+03
6.089601129943503111e+03
6.089342372881355914e+03
6.089969491525424019e+03
6.091894915254237276e+03
6.094911864406779387e+03
6.096889265536723542e+03
6.096635028248587332e+03
6.093968361581921272e+03
6.089002259887005494e+03
6.083894915254237276e+03
6.078961581920902972e+03
6.073914124293785790e+03
6.068585310734462837e+03
6.062934463276837050e+03
6.057023728813559501e+03
6.050857627118644814e+03
6.044190960451977844e+03
6.036593220338982974e+03
6.027959322033898388e+03
6.018700564971751191e+03
6.009114124293784698e+03
5.999084745762711464e+03
5.988428248587570124e+03
5.977398870056496889e+03
5.966444067796610398e+03
5.955856497175141158e+03
5.945674576271187107e+03
5.936028248587570488e+03
5.927117514124294757e+03
5.919068926553673009e+03
5.912003389830508240e+03
5.905861016949153054e+03
5.900439548022599411e+03
5.895844067796610034e+03
5.892421468926553644e+03
5.890207909604519955e+03
5.889246327683615164e+03
5.889804519774011169e+03
5.891754802259887583e+03
5.894449717514124131e+03
5.897570621468927129e+03
5.901111864406779205e+03
5.903857627118644814e+03
5.905477966101694619e+03
5.905801129943502019e+03
5.905492655367232146e+03
5.905192090395480591e+03
5.904938983050848037e+03
5.904612429378530578e+03
5.904540112994350238e+03
5.904927683615819660e+03
5.905593220338982974e+03
5.906476836158191873e+03
5.907789830508474552e+03
5.909726553672316186e+03
5.912424858757061884e+03
5.915876836158192418e+03
5.919377401129943792e+03
5.922155932203389966e+03
5.924214689265536435e+03
5.925870056497175028e+03
5.926825988700564267e+03
5.926484745762712009e+03
5.924602259887005857e+03
5.921283615819208535e+03
5.916755932203390330e+03
5.911293785310734165e+03
5.907288135593220431e+03
5.904409039548022520e+03
5.901976271186440499e+03
5.899879096045197912e+03
5.898596610169491214e+03
5.898326553672316550e+03
5.898877966101694255e+03
5.900282485875705788e+03
5.902780790960451668e+03
5.906621468926553462e+03
5.912264406779660931e+03
5.919790960451977298e+03
5.928439548022599411e+03
5.937371751412429148e+03
5.946364971751410849e+03
5.955583050847457343e+03
5.964807909604518500e+03
5.973470056497174483e+03
5.981204519774009896e+03
5.987743502824858297e+03
5.992853107344632008e+03
5.996572881355931713e+03
5.999229378531072143e+03
6.000931073446326991e+03
6.001740112994350056e+03
6.001881355932202496e+03
6.001540112994349329e+03
6.000805649717513006e+03
6.000075706214688580e+03
6.000106214689264561e+03
6.001316384180790919e+03
6.003579661016948194e+03
6.006499435028248627e+03
6.008222598870055663e+03
6.007390960451977662e+03
6.004186440677965948e+03
5.999465536723162586e+03
5.994875706214688762e+03
5.990253107344632554e+03
5.985410169491525266e+03
5.980264406779660931e+03
5.974893785310734529e+03
5.969411299435028013e+03
5.963518644067796231e+03
5.956684745762711827e+03
5.948881355932203405e+03
5.940433898305084767e+03
5.931588700564971077e+03
5.922215819209039182e+03
5.912192090395479681e+03
5.901694915254236548e+03
5.891117514124292939e+03
5.880712994350282315e+03
5.870615819209038818e+03
5.860990960451976207e+03
5.851922033898305017e+03
5.843636158192090079e+03
5.836367231638417252e+03
5.829918644067795867e+03
5.824077966101694983e+03
5.819115254237287445e+03
5.815157062146891803e+03
5.812154802259886310e+03
5.810438418079095754e+03
5.810336723163841270e+03
5.811542372881355732e+03
5.813674576271186197e+03
5.816512994350281588e+03
5.819688135593219158e+03
5.823039548022597955e+03
5.825214689265535526e+03
5.826044067796608942e+03
5.826224858757062066e+03
5.826249717514123404e+03
5.826072316384180340e+03
5.825850847457626514e+03
5.825935593220338887e+03
5.826375141242937389e+03
5.827072316384179430e+03
5.828107344632767308e+03
5.829436158192089351e+03
5.831263276836158184e+03
5.834039548022598865e+03
5.837737853107344563e+03
5.841571751412428966e+03
5.844900564971751010e+03
5.847748022598869284e+03
5.850272316384180158e+03
5.852180790960452214e+03
5.852970621468925856e+03
5.852345762711864154e+03
5.850219209039547422e+03
5.846870056497174119e+03
5.842503954802258704e+03
5.837508474576270601e+03
5.833754802259885764e+03
5.830518644067795321e+03
5.827760451977400407e+03
5.825778531073445265e+03
5.824631638418078182e+03
5.824317514124291847e+03
5.824879096045197002e+03
5.826283615819207625e+03
5.828918644067795867e+03
5.833422598870055481e+03
5.839934463276835231e+03
5.847742372881355550e+03
5.856068926553671190e+03
5.864733333333331757e+03
5.873783050847456252e+03
5.882894915254236366e+03
5.891680225988699021e+03
5.899828248587569760e+03
5.906871186440677775e+03
5.912537853107343835e+03
5.916893785310733620e+03
5.920122033898303926e+03
5.922261016949151781e+03
5.923480225988700113e+03
5.924038418079094299e+03
5.923968361581920362e+03
5.923305084745761633e+03
5.922435028248586605e+03
5.922144632768360680e+03
5.922952542372880998e+03
5.924726553672315276e+03
5.927232768361581293e+03
5.930284745762711282e+03
5.930736723163840907e+03
5.928743502824858297e+03
5.924804519774010259e+03
5.920071186440676684e+03
5.915361581920902609e+03
5.910454237288135118e+03
5.905219209039547422e+03
5.899821468926553280e+03
5.894401129943502383e+03
5.888572881355931713e+03
5.881883615819208899e+03
5.874210169491525448e+03
5.865872316384180522e+03
5.857093785310733438e+03
5.847709604519773166e+03
5.837630508474575436e+03
5.827030508474575981e+03
5.816183050847456798e+03
5.805350282485875141e+03
5.794748022598869284e+03
5.784457627118643359e+03
5.774577401129943610e+03
5.765543502824858479e+03
5.757458757062146105e+03
5.750057627118643722e+03
5.743371751412429148e+03
5.737619209039547968e+03
5.732621468926553462e+03
5.728506214689265107e+03
5.725753672316383927e+03
5.724499435028248627e+03
5.724641807909603813e+03
5.725994350282485357e+03
5.728273446327682905e+03
5.730861016949151235e+03
5.733610169491525085e+03
5.736764971751412304e+03
5.738604519774011351e+03
5.739692655367231055e+03
5.740329943502823880e+03
5.740607909604519591e+03
5.740815819209039546e+03
5.741212429378530942e+03
5.741859887005649398e+03
5.742827118644067014e+03
5.744085875706214210e+03
5.745451977401129625e+03
5.747218079096044676e+03
5.749987570621468876e+03
5.753687005649717321e+03
5.757621468926552552e+03
5.761249717514123404e+03
5.764560451977400589e+03
5.767555932203389602e+03
5.770031638418078728e+03
5.771571751412428966e+03
5.771692655367231055e+03
5.770328813559322043e+03
5.767680225988699931e+03
5.763859887005650307e+03
5.758874576271186015e+03
5.754728813559322589e+03
5.751294915254236912e+03
5.748457627118643359e+03
5.746287005649717685e+03
5.744864406779661294e+03
5.744285875706214938e+03
5.744477966101694619e+03
5.745296045197739659e+03
5.747152542372880816e+03
5.750863276836157638e+03
5.756601129943503111e+03
5.763712994350282315e+03
5.771584180790960090e+03
5.780030508474575981e+03
5.788862146892654891e+03
5.797835028248587150e+03
5.806723163841807036e+03
5.815159322033898206e+03
5.822571751412428966e+03
5.828697175141242042e+03
5.833576271186439953e+03
5.837201129943502565e+03
5.839611299435027831e+03
5.841081355932203223e+03
5.841836158192089897e+03
5.841856497175141158e+03
5.841049717514124495e+03
5.839813559322034052e+03
5.839024858757061338e+03
5.839102824858756321e+03
5.840035028248586059e+03
5.841744632768360134e+03
5.844354802259886128e+03
5.846989830508474370e+03
5.847049717514122676e+03
5.844906214689264743e+03
5.841197740112993415e+03
5.836892655367230873e+03
5.832337853107344017e+03
5.827473446327683632e+03
5.822534463276835595e+03
5.817616949152541565e+03
5.812341242937853167e+03
5.806258757062146287e+03
5.799236158192090443e+03
5.791559322033897843e+03
5.783343502824858660e+03
5.774477966101694619e+03
5.764942372881354459e+03
5.754735593220339069e+03
5.744092655367230691e+03
5.733389830508474915e+03
5.722793220338982792e+03
5.712219209039547422e+03
5.702030508474575981e+03
5.692653107344632190e+03
5.683988700564971623e+03
5.675974011299434096e+03
5.668805649717513006e+03
5.662406779661016117e+03
5.656585310734462837e+03
5.651624858757062611e+03
5.647908474576271146e+03
5.645515254237287081e+03
5.644553672316384109e+03
5.645047457627119002e+03
5.646557062146892349e+03
5.648416949152542657e+03
5.650493785310733983e+03
5.653142372881355186e+03
5.655870056497175028e+03
5.657705084745763088e+03
5.658832768361580747e+03
5.659566101694914323e+03
5.660170621468925674e+03
5.660793220338982792e+03
5.661674576271185288e+03
5.662989830508474370e+03
5.664494915254236730e+03
5.666006779661016481e+03
5.667937853107343471e+03
5.670903954802259250e+03
5.674805649717513006e+03
5.679099435028248081e+03
5.683361581920903518e+03
5.687421468926553644e+03
5.691298305084745152e+03
5.694881355932202496e+03
5.697681355932203587e+03
5.699169491525423837e+03
5.699302824858756139e+03
5.698180790960452214e+03
5.695751412429378433e+03
5.692083615819208717e+03
5.687497175141242224e+03
5.683418079096045403e+03
5.679998870056496344e+03
5.677153672316383563e+03
5.675029378531073235e+03
5.673766101694915051e+03
5.673112994350281951e+03
5.672887005649717139e+03
5.673603389830507695e+03
5.676077966101694074e+03
5.680493785310734893e+03
5.686393220338983156e+03
5.693352542372880635e+03
5.701080225988700477e+03
5.709261016949151781e+03
5.717761581920903154e+03
5.726415819209039910e+03
5.734764971751412304e+03
5.742289265536723178e+03
5.748766101694915051e+03
5.754061016949151963e+03
5.758079096045197730e+03
5.760820338983050533e+03
5.762610169491525085e+03
5.763718644067796049e+03
5.763993220338982610e+03
5.763285875706214938e+03
5.762029378531073235e+03
5.761009039548022884e+03
5.760639548022599229e+03
5.761015819209039364e+03
5.762230508474576709e+03
5.764355932203390694e+03
5.767372881355931895e+03
5.768618079096045221e+03
5.767481355932202860e+03
5.764648587570621203e+03
5.760737853107344563e+03
5.756294915254237822e+03
5.751552542372881362e+03
5.746788700564971805e+03
5.742138983050847855e+03
5.737211299435028195e+03
5.731499435028248627e+03
5.724996610169491760e+03
5.717807909604520319e+03
5.710019209039548514e+03
5.701604519774011351e+03
5.692511864406779750e+03
5.682640677966101975e+03
5.672290395480225925e+03
5.661850847457627424e+03
5.651255367231638957e+03
5.640592090395481137e+03
5.630316384180790919e+03
5.620654237288135846e+03
5.611549152542373122e+03
5.603193220338983338e+03
5.595697175141242951e+03
5.588807909604520319e+03
5.582467796610169898e+03
5.576968361581920362e+03
5.572497175141243133e+03
5.569193220338982428e+03
5.567395480225988649e+03
5.567185310734463201e+03
5.568119774011299342e+03
5.569520903954802634e+03
5.571194350282486084e+03
5.573430508474577437e+03
5.576268926553671918e+03
5.578020338983051261e+03
5.578937853107345290e+03
5.579358192090396187e+03
5.579485875706215666e+03
5.579482485875707425e+03
5.579783050847458071e+03
5.580538983050848401e+03
5.581384180790961182e+03
5.582189830508475097e+03
5.583422598870057300e+03
5.585613559322035144e+03
5.588752542372882090e+03
5.592511864406780660e+03
5.596392090395481318e+03
5.600214689265537345e+03
5.604061016949153782e+03
5.607815819209040455e+03
5.610900564971751010e+03
5.612935593220339797e+03
5.613795480225990104e+03
5.613393220338984065e+03
5.611618079096046131e+03
5.608676836158192600e+03
5.604775141242938844e+03
5.600011299435029287e+03
5.595993220338983519e+03
5.592542372881356641e+03
5.589902824858758322e+03
5.588154802259888129e+03
5.586915254237288536e+03
5.585979661016949649e+03
5.585905084745763816e+03
5.587418079096047222e+03
5.590783050847458981e+03
5.595764971751414123e+03
5.602090395480227016e+03
5.609274576271187470e+03
5.617063276836159275e+03
5.625358192090396187e+03
5.633954802259887401e+03
5.642409039548023429e+03
5.650259887005649944e+03
5.657222598870057482e+03
5.663088135593221523e+03
5.667615819209039728e+03
5.670792090395480045e+03
5.673020338983051261e+03
5.674527683615819114e+03
5.675066666666667516e+03
5.674491525423729399e+03
5.673266666666666424e+03
5.672001129943503656e+03
5.671098305084746244e+03
5.670825988700566086e+03
5.671308474576271692e+03
5.672636158192091898e+03
5.674935593220339797e+03
5.678044067796610761e+03
5.678607909604520501e+03
5.677369491525423655e+03
5.674885875706215302e+03
5.671211299435028195e+03
5.666858757062147561e+03
5.662550282485876778e+03
5.658378531073446538e+03
5.653958192090395642e+03
5.648872316384181431e+03
5.643037288135593371e+03
5.636415819209039910e+03
5.629174011299435733e+03
5.621380790960452032e+03
5.612749152542373849e+03
5.603257627118644450e+03
5.593312994350282679e+03
5.583068926553673009e+03
5.572423728813560956e+03
5.561674576271187107e+03
5.551189830508476007e+03
5.541045197740113508e+03
5.531370621468926402e+03
5.522482485875707425e+03
5.514374011299436461e+03
5.506780790960452578e+03
5.499764971751412304e+03
5.493483615819210172e+03
5.487986440677967039e+03
5.483514124293786153e+03
5.480529943502825517e+03
5.479220338983051988e+03
5.479157062146893622e+03
5.479668926553673373e+03
5.480580790960451850e+03
5.482040677966102521e+03
5.484131073446327719e+03
5.486689265536723724e+03
5.488384180790961182e+03
5.489481355932204679e+03
5.490025988700565904e+03
5.490375141242938298e+03
5.491042937853108015e+03
5.492112994350283770e+03
5.493225988700565722e+03
5.494314124293785426e+03
5.495745762711865609e+03
5.498009039548023793e+03
5.501292655367232328e+03
5.505283615819209444e+03
5.509499435028248627e+03
5.513798870056497435e+03
5.518299435028248809e+03
5.522794350282485539e+03
5.526796610169491942e+03
5.530011299435029287e+03
5.532186440677965948e+03
5.533067796610169353e+03
5.532589830508475643e+03
5.530960451977402045e+03
5.528247457627119729e+03
5.524489265536723906e+03
5.520151412429378979e+03
5.516418079096046313e+03
5.513587570621470149e+03
5.511640677966101975e+03
5.510047457627119002e+03
5.508688135593221887e+03
5.508074576271186743e+03
5.508772881355933350e+03
5.511172881355932986e+03
5.515335593220339433e+03
5.520929943502826063e+03
5.527528813559323680e+03
5.534891525423729036e+03
5.542898305084746426e+03
5.551336723163842180e+03
5.559789830508475461e+03
5.567829378531074326e+03
5.575202259887006221e+03
5.581598870056497617e+03
5.586619209039548878e+03
5.590272316384181977e+03
5.593023728813559501e+03
5.594986440677967039e+03
5.595903954802261069e+03
5.595692655367232874e+03
5.594690395480226471e+03
5.593392090395481318e+03
5.592303954802260705e+03
5.591717514124295121e+03
5.591745762711865609e+03
5.592612429378532397e+03
5.594484745762712919e+03
5.597403389830509695e+03
5.599362711864408084e+03
5.599430508474577437e+03
5.598048587570622658e+03
5.595279096045198457e+03
5.591409039548023429e+03
5.587119774011300251e+03
5.582924293785311420e+03
5.578593220338983883e+03
5.573789830508474552e+03
5.568203389830508968e+03
5.561853107344633827e+03
5.554988700564972532e+03
5.547502824858757776e+03
5.539088135593220613e+03
5.529909604519773893e+03
5.520250847457627060e+03
5.510081355932203223e+03
5.499428248587571943e+03
5.488672316384181613e+03
5.478012429378532033e+03
5.467480225988701932e+03
5.457462146892656165e+03
5.448169491525423837e+03
5.439550282485875869e+03
5.431500564971751373e+03
5.424072316384181249e+03
5.417270056497174664e+03
5.411075706214689490e+03
5.405758192090395823e+03
5.401887005649718049e+03
5.399702824858757594e+03
5.398835028248588060e+03
5.398750282485875687e+03
5.399235028248587696e+03
5.400164971751412850e+03
5.401607909604519591e+03
5.403942372881356278e+03
5.406253107344633463e+03
5.407777401129944337e+03
5.408554802259886856e+03
5.409071186440678503e+03
5.409880225988701568e+03
5.411012429378532033e+03
5.412186440677965948e+03
5.413314124293785426e+03
5.414661016949153236e+03
5.416752542372881180e+03
5.419880225988700658e+03
5.423737853107344563e+03
5.427905084745762906e+03
5.432349152542372394e+03
5.437075706214689490e+03
5.441877966101694255e+03
5.446378531073445629e+03
5.450310734463277186e+03
5.453329943502824790e+03
5.455079096045197730e+03
5.455537853107343835e+03
5.454806779661017572e+03
5.452888135593220795e+03
5.449828248587570670e+03
5.445943502824859024e+03
5.442036158192090625e+03
5.439125423728813985e+03
5.437030508474576891e+03
5.435263276836158184e+03
5.433724293785310692e+03
5.432682485875706334e+03
5.432696045197740204e+03
5.434273446327683814e+03
5.437576271186440863e+03
5.442419209039548150e+03
5.448387570621469422e+03
5.455220338983051079e+03
5.462850847457627424e+03
5.471035028248587878e+03
5.479325423728813803e+03
5.487403389830508786e+03
5.495057627118643722e+03
5.501807909604520319e+03
5.507153672316383563e+03
5.511188700564971441e+03
5.514267796610169171e+03
5.516445197740113144e+03
5.517519774011298978e+03
5.517447457627118638e+03
5.516377401129942882e+03
5.514795480225988285e+03
5.513171751412429330e+03
5.511841807909604540e+03
5.510955932203390148e+03
5.510762711864406810e+03
5.511601129943503111e+03
5.513533333333333758e+03
5.516134463276835959e+03
5.517232768361581293e+03
5.516543502824858479e+03
5.514422598870055481e+03
5.511281355932203041e+03
5.507774011299434278e+03
5.504402259887005130e+03
5.501084745762711464e+03
5.497394350282484993e+03
5.492942372881354459e+03
5.487859887005648488e+03
5.482305084745761633e+03
5.476018079096043948e+03
5.468841807909604540e+03
5.460980790960451486e+03
5.452526553672315458e+03
5.443389830508474006e+03
5.433793220338982792e+03
5.423972881355931349e+03
5.414005649717513734e+03
5.404058757062146469e+03
5.394538983050846582e+03
5.385613559322033325e+03
5.377273446327682905e+03
5.369508474576270601e+03
5.362362711864406265e+03
5.355734463276836323e+03
5.349512994350281588e+03
5.343989830508473460e+03
5.339812429378529487e+03
5.337224858757061156e+03
5.335944632768360862e+03
5.335698305084744788e+03
5.336094915254236184e+03
5.336840677966101794e+03
5.338090395480225197e+03
5.340231638418078546e+03
5.342737853107344563e+03
5.344237288135593190e+03
5.344820338983050533e+03
5.345050847457627242e+03
5.345395480225988649e+03
5.346006779661016481e+03
5.346671186440677957e+03
5.347240677966101430e+03
5.347880225988699749e+03
5.349227118644067559e+03
5.351560451977400589e+03
5.354590960451976571e+03
5.358058757062146469e+03
5.361953672316383745e+03
5.366221468926552916e+03
5.370620338983049805e+03
5.374988700564970713e+03
5.379016949152542111e+03
5.382242937853106923e+03
5.384352542372880635e+03
5.385298305084745152e+03
5.385057627118643722e+03
5.383531073446327355e+03
5.380822598870056026e+03
5.377271186440677411e+03
5.373107344632768218e+03
5.369674576271185288e+03
5.367073446327683087e+03
5.364889265536722633e+03
5.362907344632767490e+03
5.361287005649715866e+03
5.360488135593219340e+03
5.361107344632767308e+03
5.363470056497174483e+03
5.367406779661016117e+03
5.372603389830507695e+03
5.378853107344632008e+03
5.386103954802259977e+03
5.394006779661016481e+03
5.402150282485874413e+03
5.410399999999999636e+03
5.418466666666665333e+03
5.425722033898304289e+03
5.431700564971750282e+03
5.436458757062146105e+03
5.440219209039547422e+03
5.443041807909603449e+03
5.444796610169491032e+03
5.445381920903953869e+03
5.444893785310733620e+03
5.443707344632767672e+03
5.442301694915253393e+03
5.441022598870054935e+03
5.440021468926553098e+03
5.439583050847457343e+03
5.440227118644066650e+03
5.442025988700564085e+03
5.444519774011298068e+03
5.446876836158191509e+03
5.447178531073445811e+03
5.445986440677965220e+03
5.443681355932203587e+03
5.440300564971750646e+03
5.436592090395479318e+03
5.433057627118643722e+03
5.429137853107344199e+03
5.424552542372880453e+03
5.419489265536722087e+03
5.413905084745761997e+03
5.407498305084744970e+03
5.400328813559321134e+03
5.392493785310733983e+03
5.383908474576270237e+03
5.374614689265536072e+03
5.364848587570621021e+03
5.354728813559320770e+03
5.344287005649716775e+03
5.333797740112993779e+03
5.323637288135592826e+03
5.313963841807908466e+03
5.304802259887004766e+03
5.296255367231638957e+03
5.288427118644067377e+03
5.281048587570621748e+03
5.273934463276835231e+03
5.267477966101694619e+03
5.262230508474575799e+03
5.258427118644067377e+03
5.256074576271186743e+03
5.254992090395479863e+03
5.254616949152541565e+03
5.254631638418079092e+03
5.255251977401130716e+03
5.256723163841808855e+03
5.258953672316383745e+03
5.260901694915253756e+03
5.261837288135593553e+03
5.262221468926553825e+03
5.262598870056497617e+03
5.263210169491525448e+03
5.263862146892655801e+03
5.264296045197739659e+03
5.264777401129943428e+03
5.265924293785310510e+03
5.267940112994349874e+03
5.270664406779660567e+03
5.273957062146891985e+03
5.277781920903955324e+03
5.281994350282486266e+03
5.286474576271186379e+03
5.291166101694914687e+03
5.295689265536722814e+03
5.299581920903954597e+03
5.302527683615819114e+03
5.304464406779660749e+03
5.305223728813559319e+03
5.304623728813559865e+03
5.302842937853107287e+03
5.300160451977400953e+03
5.296681355932203587e+03
5.293000000000000000e+03
5.290253107344632554e+03
5.288038418079096118e+03
5.286053107344632735e+03
5.284265536723163677e+03
5.283107344632768218e+03
5.283168361581920180e+03
5.284900564971751010e+03
5.288219209039547422e+03
5.292851977401129261e+03
5.298764971751412304e+03
5.305815819209039546e+03
5.313551412429378615e+03
5.321717514124293302e+03
5.330262146892655437e+03
5.338785310734463565e+03
5.346670056497174301e+03
5.353435028248588424e+03
5.359044067796610761e+03
5.363610169491525085e+03
5.367246327683615164e+03
5.369823728813558773e+03
5.371190960451976935e+03
5.371362711864407174e+03
5.370673446327684360e+03
5.369630508474576345e+03
5.368485875706214756e+03
5.367341242937853167e+03
5.366663276836157820e+03
5.367047457627119002e+03
5.368493785310734893e+03
5.370671186440677957e+03
5.373387570621469422e+03
5.375003389830509150e+03
5.374955932203390148e+03
5.373622598870057118e+03
5.371284745762712191e+03
5.367865536723164041e+03
5.364425988700564631e+03
5.360653107344633099e+03
5.356440677966102157e+03
5.351840677966101794e+03
5.346639548022599229e+03
5.340693785310734711e+03
5.334096045197740750e+03
5.326771751412429694e+03
5.318651977401130353e+03
5.309831638418078910e+03
5.300502824858756867e+03
5.290706214689265835e+03
5.280466666666667152e+03
5.270056497175140976e+03
5.259864406779661294e+03
5.249995480225989013e+03
5.240525423728813621e+03
5.231754802259887583e+03
5.223691525423729217e+03
5.215987570621469786e+03
5.208518644067797140e+03
5.201586440677965584e+03
5.195603389830508604e+03
5.190879096045197002e+03
5.187761581920904064e+03
5.185975141242937752e+03
5.184952542372880998e+03
5.184427118644067377e+03
5.184568361581919817e+03
5.185428248587570124e+03
5.187062146892654710e+03
5.189398870056496889e+03
5.190767231638417798e+03
5.191389830508474915e+03
5.191888135593219886e+03
5.192566101694915233e+03
5.193214689265536435e+03
5.193571751412428966e+03
5.193983050847456980e+03
5.194898305084745516e+03
5.196537853107344745e+03
5.198859887005649398e+03
5.201847457627118274e+03
5.205406779661016117e+03
5.209348022598869647e+03
5.213683615819209081e+03
5.218395480225988649e+03
5.223080225988700477e+03
5.227276836158192964e+03
5.230760451977401317e+03
5.233377401129942882e+03
5.234806779661017572e+03
5.234919774011299523e+03
5.233859887005650307e+03
5.231786440677966311e+03
5.228780790960451668e+03
5.225098305084745334e+03
5.221673446327683450e+03
5.218902824858756503e+03
5.216390960451977662e+03
5.213972881355932259e+03
5.211932203389829738e+03
5.210944632768361771e+03
5.211477966101694619e+03
5.213445197740113144e+03
5.216841807909604540e+03
5.221690395480225561e+03
5.227725423728813439e+03
5.234540112994350238e+03
5.242014689265535708e+03
5.250054237288135482e+03
5.258255367231638047e+03
5.266029378531073235e+03
5.272855367231638411e+03
5.278588700564971987e+03
5.283331073446328446e+03
5.287148022598869829e+03
5.289943502824858115e+03
5.291536723163841089e+03
5.291851977401129261e+03
5.291230508474576709e+03
5.290153672316383563e+03
5.288701694915253938e+03
5.287063276836158366e+03
5.285798870056496526e+03
5.285431638418079274e+03
5.286061016949152872e+03
5.287579661016949103e+03
5.289737853107344563e+03
5.292250847457627060e+03
5.292972881355932259e+03
5.292299435028247899e+03
5.290659887005649580e+03
5.287950282485875505e+03
5.284758192090395823e+03
5.281363841807909921e+03
5.277761581920904064e+03
5.273783050847458071e+03
5.269170621468926583e+03
5.263946892655367265e+03
5.258106214689265471e+03
5.251515254237287991e+03
5.244120903954802998e+03
5.236035028248587878e+03
5.227403389830508786e+03
5.218175141242937570e+03
5.208385310734463019e+03
5.198418079096045403e+03
5.188496045197740386e+03
5.178654237288134937e+03
5.169172881355931167e+03
5.160414689265537163e+03
5.152320903954801906e+03
5.144553672316384109e+03
5.137051977401129079e+03
5.129927683615818751e+03
5.123454237288135118e+03
5.118178531073445811e+03
5.114470056497174483e+03
5.112102824858756321e+03
5.110619209039547059e+03
5.109794350282485539e+03
5.109618079096044312e+03
5.110124293785310329e+03
5.111437288135593008e+03
5.113490395480225743e+03
5.115779661016948921e+03
5.117136723163841452e+03
5.118264406779660931e+03
5.119468926553672645e+03
5.120520903954802634e+03
5.121253107344632554e+03
5.121981920903954233e+03
5.123046327683615345e+03
5.124684745762711827e+03
5.126997740112994506e+03
5.130011299435027468e+03
5.133551412429378615e+03
5.137506214689265107e+03
5.141950282485874595e+03
5.146853107344632008e+03
5.151823728813558773e+03
5.156480225988700113e+03
5.160636158192090079e+03
5.163985310734462473e+03
5.166196610169490668e+03
5.167138983050846946e+03
5.166879096045197002e+03
5.165456497175140612e+03
5.162995480225988103e+03
5.159712994350282315e+03
5.156003389830508240e+03
5.153141242937852439e+03
5.150638418079095572e+03
5.148151412429378070e+03
5.145927683615818751e+03
5.144624858757061702e+03
5.144592090395480227e+03
5.145916384180791283e+03
5.148746892655366537e+03
5.153138983050846946e+03
5.158750282485874777e+03
5.165277966101693892e+03
5.172602259887004038e+03
5.180656497175141340e+03
5.189090395480225197e+03
5.197291525423728672e+03
5.204768361581920544e+03
5.211236158192089533e+03
5.216684745762711827e+03
5.221264406779660931e+03
5.224880225988699749e+03
5.227189830508474188e+03
5.228162711864406447e+03
5.228194350282485175e+03
5.227553672316384109e+03
5.226290395480225925e+03
5.224670056497174301e+03
5.223255367231638047e+03
5.222491525423728490e+03
5.222681355932203587e+03
5.223845197740112781e+03
5.225584180790960090e+03
5.227769491525423291e+03
5.230281355932203041e+03
5.231272316384180158e+03
5.231245197740112417e+03
5.230071186440677593e+03
5.227467796610169898e+03
5.224239548022598683e+03
5.220896045197740023e+03
5.217179661016949467e+03
5.212957062146891985e+03
5.208170621468925674e+03
5.202795480225988285e+03
5.196631638418079092e+03
5.189657627118644086e+03
5.182048587570621748e+03
5.173822598870056026e+03
5.164847457627118274e+03
5.155310734463277186e+03
5.145526553672316368e+03
5.135562711864406992e+03
5.125502824858756867e+03
5.115780790960452578e+03
5.106735593220339069e+03
5.098246327683615164e+03
5.090186440677965948e+03
5.082436158192090261e+03
5.074875706214689671e+03
5.067771751412429694e+03
5.061745762711865609e+03
5.057201129943503474e+03
5.054007909604520137e+03
5.051854237288136574e+03
5.050470056497175392e+03
5.049714124293785062e+03
5.049659887005649580e+03
5.050481355932203769e+03
5.052051977401129989e+03
5.054046327683616255e+03
5.055844067796610034e+03
5.057318644067797322e+03
5.058727683615819842e+03
5.059919774011299523e+03
5.060841807909604540e+03
5.061700564971752101e+03
5.062753672316384836e+03
5.064270056497175574e+03
5.066493785310734893e+03
5.069444067796610398e+03
5.072882485875707061e+03
5.076787570621469058e+03
5.081310734463277186e+03
5.086343502824859570e+03
5.091554802259887765e+03
5.096694915254238367e+03
5.101548022598870375e+03
5.105700564971751191e+03
5.108849717514124677e+03
5.110819209039547786e+03
5.111579661016949103e+03
5.111155932203389966e+03
5.109577401129943610e+03
5.106975141242937752e+03
5.103849717514124677e+03
5.100593220338983883e+03
5.097574011299434460e+03
5.094534463276835595e+03
5.091697175141242951e+03
5.089538983050847492e+03
5.088350282485876050e+03
5.088411299435028923e+03
5.089978531073445993e+03
5.093120903954802088e+03
5.097545762711864882e+03
5.103011299435027468e+03
5.109405649717513370e+03
5.116683615819209081e+03
5.124553672316384109e+03
5.132450847457626878e+03
5.139835028248587150e+03
5.146316384180790919e+03
5.151873446327683268e+03
5.156666666666666970e+03
5.160542372881355732e+03
5.163120903954802998e+03
5.164451977401130534e+03
5.164830508474576163e+03
5.164379661016950195e+03
5.163178531073446720e+03
5.161554802259886856e+03
5.159879096045198821e+03
5.158676836158192600e+03
5.158526553672316368e+03
5.159293785310734165e+03
5.160654237288135846e+03
5.162645197740113872e+03
5.165496045197740386e+03
5.167210169491525448e+03
5.167758192090395823e+03
5.167075706214689490e+03
5.165092655367231600e+03
5.161771751412430604e+03
5.158218079096045585e+03
5.154325423728813803e+03
5.149961581920903882e+03
5.145151412429378979e+03
5.139732203389830829e+03
5.133484745762712919e+03
5.126464406779661658e+03
5.118849717514125587e+03
5.110487005649718412e+03
5.101338983050848583e+03
5.091641807909605632e+03
5.081571751412429876e+03
5.071093785310735257e+03
5.060428248587571943e+03
5.050024858757063157e+03
5.040111864406780114e+03
5.030778531073447084e+03
5.021985310734464292e+03
5.013485875706215666e+03
5.005047457627119002e+03
4.996943502824859024e+03
4.989777401129944337e+03
4.983948022598870921e+03
4.979480225988701932e+03
4.976192090395481500e+03
4.973764971751413213e+03
4.971972881355934078e+03
4.970980790960453305e+03
4.970924293785312329e+03
4.971607909604520501e+03
4.972752542372882090e+03
4.974389830508474915e+03
4.976188700564972351e+03
4.977775141242938844e+03
4.979081355932204133e+03
4.980088135593221523e+03
4.980960451977402045e+03
4.981855367231639320e+03
4.983119774011299342e+03
4.985092655367232510e+03
4.987703954802260341e+03
4.990779661016949831e+03
4.994410169491526176e+03
4.998673446327684360e+03
5.003466666666667152e+03
5.008603389830509514e+03
5.013877966101696074e+03
5.019006779661018300e+03
5.023649717514124859e+03
5.027424858757061884e+03
5.030125423728813985e+03
5.031696045197741114e+03
5.032101694915255393e+03
5.031215819209040092e+03
5.029175141242938480e+03
5.026549152542373122e+03
5.023779661016949831e+03
5.020732203389830829e+03
5.017605649717515007e+03
5.014642937853108378e+03
5.012138983050848765e+03
5.010361581920904428e+03
5.009667796610170626e+03
5.010429378531074690e+03
5.012748022598871103e+03
5.016397740112995052e+03
5.021138983050847855e+03
5.026960451977402045e+03
5.033757062146893077e+03
5.041296045197740568e+03
5.049153672316384473e+03
5.056690395480227380e+03
5.063407909604520682e+03
5.069360451977401681e+03
5.074606779661016844e+03
5.078885875706215302e+03
5.081901694915255575e+03
5.083751412429379343e+03
5.084514124293786153e+03
5.084303954802260705e+03
5.083311864406779932e+03
5.081635028248588242e+03
5.079593220338983883e+03
5.077889265536723542e+03
5.077099435028248990e+03
5.077102824858758140e+03
5.077673446327684360e+03
5.078969491525424019e+03
5.081137853107346018e+03
5.083968361581921272e+03
5.085835028248588060e+03
5.086427118644067377e+03
5.085868926553672281e+03
5.084004519774011897e+03
5.081048587570621748e+03
5.077829378531074326e+03
5.074270056497176483e+03
5.070377401129944701e+03
5.065857627118644814e+03
5.060554802259886856e+03
5.054594350282486630e+03
5.048001129943503656e+03
5.040567231638418889e+03
5.032371751412430058e+03
5.023644067796611125e+03
5.014364971751412668e+03
5.004557062146893259e+03
4.994475706214690035e+03
4.984429378531074690e+03
4.974682485875706334e+03
4.965497175141243133e+03
4.956915254237288536e+03
4.948575141242938116e+03
4.940206779661017208e+03
4.932047457627119002e+03
4.924584180790961000e+03
4.918227118644068469e+03
4.913225988700565722e+03
4.909465536723164405e+03
4.906562711864407902e+03
4.904336723163843089e+03
4.902951412429380071e+03
4.902522033898305381e+03
4.902755932203390330e+03
4.903524293785311784e+03
4.904866666666666788e+03
4.906690395480226471e+03
4.908419209039548150e+03
4.909849717514125587e+03
4.911040677966102521e+03
4.911981920903956052e+03
4.912830508474577073e+03
4.914058757062147379e+03
4.915928813559323316e+03
4.918386440677966675e+03
4.921362711864407174e+03
4.924990960451978026e+03
4.929275706214690217e+03
4.934153672316384473e+03
4.939528813559321861e+03
4.945214689265537345e+03
4.950975141242938662e+03
4.956468926553672645e+03
4.961289265536723178e+03
4.965177401129943974e+03
4.968120903954802998e+03
4.969927683615819660e+03
4.970369491525423655e+03
4.969563841807910649e+03
4.968106214689265471e+03
4.966477966101695529e+03
4.964590960451978390e+03
4.962027118644067741e+03
4.958674576271187107e+03
4.955603389830508604e+03
4.953042937853108015e+03
4.951419209039548150e+03
4.951179661016949467e+03
4.952456497175141521e+03
4.955080225988701386e+03
4.958931073446328810e+03
4.963910734463277549e+03
4.969955932203391058e+03
4.976970621468926765e+03
4.984557062146893259e+03
4.991962711864407538e+03
4.998751412429379343e+03
5.004960451977402045e+03
5.010492655367233056e+03
5.015064406779662022e+03
5.018518644067797140e+03
5.020805649717514825e+03
5.021909604519774803e+03
5.022046327683616255e+03
5.021312994350282679e+03
5.019647457627119365e+03
5.017383050847458435e+03
5.015361581920904428e+03
5.014021468926554007e+03
5.013340112994350420e+03
5.013247457627119729e+03
5.013964971751413032e+03
5.015540112994351148e+03
5.017811299435028559e+03
5.020562711864407902e+03
5.022084745762712373e+03
5.022548022598870375e+03
5.021624858757062611e+03
5.019153672316384473e+03
5.016169491525424746e+03
5.013003389830508240e+03
5.009507344632769673e+03
5.005358192090396187e+03
5.000502824858756867e+03
4.995050847457628151e+03
4.988856497175142067e+03
4.981780790960452578e+03
4.973985310734464292e+03
4.965585310734462837e+03
4.956512994350283407e+03
4.946838418079096300e+03
4.936767231638417798e+03
4.926514124293785244e+03
4.916418079096045403e+03
4.906867796610169535e+03
4.897917514124294030e+03
4.889215819209040092e+03
4.880501694915254120e+03
4.871893785310734529e+03
4.863740112994350966e+03
4.856507344632768763e+03
4.850576271186440863e+03
4.845915254237288536e+03
4.842133333333333212e+03
4.839102824858757231e+03
4.837020338983051261e+03
4.835815819209039546e+03
4.835308474576271692e+03
4.835480225988701022e+03
4.836238418079095936e+03
4.837397740112995052e+03
4.838958192090396551e+03
4.840609039548024157e+03
4.841968361581921272e+03
4.842933333333334303e+03
4.843726553672317095e+03
4.844828248587571579e+03
4.846439548022599411e+03
4.848597740112994870e+03
4.851284745762712191e+03
4.854583050847459162e+03
4.858520903954802634e+03
4.863097175141243497e+03
4.868215819209040092e+03
4.873774011299435188e+03
4.879581920903954597e+03
4.885287005649717685e+03
4.890430508474577437e+03
4.894816949152542293e+03
4.898401129943502383e+03
4.900867796610169535e+03
4.901887005649718049e+03
4.901536723163842908e+03
4.900415819209039910e+03
4.899012429378531124e+03
4.897310734463277186e+03
4.895055367231639138e+03
4.892016949152543020e+03
4.889123163841808491e+03
4.886542372881356641e+03
4.884744632768361953e+03
4.884158192090395460e+03
4.884977401129944155e+03
4.887205649717514461e+03
4.890688135593220068e+03
4.895284745762712191e+03
4.901029378531074144e+03
4.907987570621469786e+03
4.915642937853108378e+03
4.923268926553672827e+03
4.930548022598870375e+03
4.937355932203389784e+03
4.943479096045197366e+03
4.948729943502825336e+03
4.952976271186440499e+03
4.955979661016949649e+03
4.957824858757062430e+03
4.958731073446328082e+03
4.958612429378531488e+03
4.957341242937853167e+03
4.955333333333333940e+03
4.953328813559322043e+03
4.951767231638417798e+03
4.950708474576271328e+03
4.950215819209039182e+03
4.950523163841808127e+03
4.951648587570620293e+03
4.953527683615819114e+03
4.956038418079095209e+03
4.958776271186441591e+03
4.960404519774010623e+03
4.960525423728813621e+03
4.959203389830508968e+03
4.956845197740112781e+03
4.954048587570621748e+03
4.950944632768361771e+03
4.947242937853106923e+03
4.942980790960451486e+03
4.938134463276835959e+03
4.932493785310733983e+03
4.926042937853107105e+03
4.918901694915253756e+03
4.911071186440677593e+03
4.902544632768361225e+03
4.893394350282485902e+03
4.883737853107344563e+03
4.873702824858757594e+03
4.863693785310733801e+03
4.854161581920903700e+03
4.845204519774011715e+03
4.836527683615819114e+03
4.827892655367231782e+03
4.819267796610169171e+03
4.810858757062145742e+03
4.803213559322033689e+03
4.796804519774010259e+03
4.791535593220338342e+03
4.787125423728812166e+03
4.783607909604519591e+03
4.781007909604519227e+03
4.779247457627117910e+03
4.778220338983050169e+03
4.777950282485875505e+03
4.778241807909604177e+03
4.778897175141241860e+03
4.779983050847456980e+03
4.781585310734462837e+03
4.783287005649717685e+03
4.784514124293785244e+03
4.785514124293785244e+03
4.786674576271187107e+03
4.788231638418079456e+03
4.790264406779660931e+03
4.792823728813558773e+03
4.795968361581920362e+03
4.799738983050847310e+03
4.804153672316383563e+03
4.809136723163841452e+03
4.814681355932203587e+03
4.820655367231638593e+03
4.826642937853106559e+03
4.832225988700564812e+03
4.837267796610169171e+03
4.841658757062146833e+03
4.845066666666666606e+03
4.846975141242937752e+03
4.847457627118644268e+03
4.847101694915254484e+03
4.846306214689266199e+03
4.845150282485876232e+03
4.843639548022599229e+03
4.841455367231638775e+03
4.838277966101695711e+03
4.835235028248587696e+03
4.832755932203390330e+03
4.831258757062146287e+03
4.831041807909603449e+03
4.832212429378530942e+03
4.834586440677965584e+03
4.838041807909604358e+03
4.842784180790960818e+03
4.848849717514123768e+03
4.855727683615818933e+03
4.862818079096045039e+03
4.869781920903954415e+03
4.876381920903953869e+03
4.882385310734463019e+03
4.887707344632767672e+03
4.892025988700564085e+03
4.895136723163841452e+03
4.897169491525423837e+03
4.898287005649717685e+03
4.898265536723163677e+03
4.896995480225989013e+03
4.894861016949153054e+03
4.892571751412428966e+03
4.890477966101694619e+03
4.888750282485875687e+03
4.887589830508473824e+03
4.887178531073446720e+03
4.887555932203389602e+03
4.888745762711863790e+03
4.890769491525423291e+03
4.893241807909604177e+03
4.895255367231638957e+03
4.895742372881355550e+03
4.894910734463277549e+03
4.893110734463276458e+03
4.890720903954802452e+03
4.888009039548021974e+03
4.884868926553672281e+03
4.881276836158192054e+03
4.877094915254238003e+03
4.872129943502824972e+03
4.866413559322034416e+03
4.860003389830508240e+03
4.852857627118643904e+03
4.845025988700564994e+03
4.836569491525423473e+03
4.827461016949152508e+03
4.817788700564971805e+03
4.808029378531073235e+03
4.798641807909604722e+03
4.789740112994350056e+03
4.781207909604519955e+03
4.772809039548023065e+03
4.764310734463277186e+03
4.755839548022599047e+03
4.748027118644067741e+03
4.741302824858757049e+03
4.735575141242938116e+03
4.730770621468926947e+03
4.726941242937853531e+03
4.723997740112994506e+03
4.721849717514123768e+03
4.720550282485875869e+03
4.720053107344632735e+03
4.720112994350281951e+03
4.720624858757062611e+03
4.721529943502824608e+03
4.722842937853107287e+03
4.724053107344632735e+03
4.724748022598870193e+03
4.725129943502824972e+03
4.725536723163841998e+03
4.726240677966101430e+03
4.727377401129943792e+03
4.728995480225989013e+03
4.731227118644067559e+03
4.734110734463277367e+03
4.737610169491525085e+03
4.741716384180790556e+03
4.746523163841808127e+03
4.751917514124294030e+03
4.757482485875706516e+03
4.762820338983050533e+03
4.767854237288135664e+03
4.772511864406780660e+03
4.776263276836158184e+03
4.778588700564971987e+03
4.779552542372881362e+03
4.779532203389830102e+03
4.778865536723164041e+03
4.777919774011299523e+03
4.776714124293785062e+03
4.774856497175142067e+03
4.772108474576271874e+03
4.768898305084745516e+03
4.766081355932203223e+03
4.764041807909605268e+03
4.763264406779661840e+03
4.763848587570622840e+03
4.765579661016949103e+03
4.768459887005650671e+03
4.772774011299435188e+03
4.778463276836158911e+03
4.785122033898305745e+03
4.792332203389830283e+03
4.799607909604519591e+03
4.806611299435028741e+03
4.813249717514124313e+03
4.819308474576271692e+03
4.824363841807909921e+03
4.828257627118644450e+03
4.831180790960452214e+03
4.833186440677965948e+03
4.833962711864407538e+03
4.833380790960452941e+03
4.831838418079096300e+03
4.829868926553672281e+03
4.827835028248588060e+03
4.826025988700564994e+03
4.824712994350282315e+03
4.824014689265537527e+03
4.824018079096045767e+03
4.824954802259888311e+03
4.826772881355932441e+03
4.829075706214689490e+03
4.831560451977401499e+03
4.832866666666666788e+03
4.832883615819208899e+03
4.831909604519773893e+03
4.829967231638418525e+03
4.827374011299435551e+03
4.824498305084745880e+03
4.821214689265536435e+03
4.817322033898305563e+03
4.812758192090395823e+03
4.807458757062147924e+03
4.801404519774012442e+03
4.794583050847459162e+03
4.787118644067797504e+03
4.779013559322034780e+03
4.770111864406781024e+03
4.760526553672318187e+03
4.750694915254238367e+03
4.741031638418080547e+03
4.731762711864408629e+03
4.722970621468927675e+03
4.714351412429379707e+03
4.705527683615820933e+03
4.696629378531074508e+03
4.688272316384181977e+03
4.680768361581922363e+03
4.674175141242939389e+03
4.668558192090396915e+03
4.663908474576272056e+03
4.660088135593221523e+03
4.657143502824859752e+03
4.655101694915255393e+03
4.653867796610171354e+03
4.653265536723165496e+03
4.653176271186443046e+03
4.653511864406780660e+03
4.654161581920905519e+03
4.655246327683616983e+03
4.656303954802261615e+03
4.656946892655369084e+03
4.657506214689266926e+03
4.658251977401131626e+03
4.659320903954803725e+03
4.660833898305086223e+03
4.662967231638420344e+03
4.665688135593221887e+03
4.668960451977402045e+03
4.672871186440679594e+03
4.677570621468928948e+03
4.682970621468928584e+03
4.688594350282487540e+03
4.694154802259889038e+03
4.699653107344634009e+03
4.704940112994352603e+03
4.709406779661017936e+03
4.712611299435029650e+03
4.714489265536723906e+03
4.715154802259889038e+03
4.715068926553673919e+03
4.714670056497176120e+03
4.713966101694916688e+03
4.712640677966102885e+03
4.710601129943503111e+03
4.707753672316384836e+03
4.704744632768362862e+03
4.702380790960452941e+03
4.701172881355932986e+03
4.701167231638419253e+03
4.702241807909605086e+03
4.704529943502826427e+03
4.708240677966102339e+03
4.713320903954803725e+03
4.719619209039548878e+03
4.726645197740113872e+03
4.733890395480226289e+03
4.741063276836158366e+03
4.748054237288135482e+03
4.754549152542373122e+03
4.760083615819210536e+03
4.764552542372881362e+03
4.768125423728813985e+03
4.770790960451978208e+03
4.772178531073446720e+03
4.772192090395480591e+03
4.771153672316384473e+03
4.769421468926554553e+03
4.767371751412430967e+03
4.765448587570623204e+03
4.763892655367232692e+03
4.762771751412430604e+03
4.762333333333333940e+03
4.762856497175142067e+03
4.764291525423729581e+03
4.766289265536723178e+03
4.768693785310735620e+03
4.770912994350283043e+03
4.771779661016949831e+03
4.771623728813560774e+03
4.770588700564972896e+03
4.768340112994351330e+03
4.765677966101695347e+03
4.762654237288135846e+03
4.759102824858757231e+03
4.754935593220339797e+03
4.750081355932204133e+03
4.744427118644069196e+03
4.738019209039549423e+03
4.731032768361583294e+03
4.723344632768363226e+03
4.714815819209041365e+03
4.705541242937853895e+03
4.695863276836159457e+03
4.686112994350283770e+03
4.676720903954803362e+03
4.667907344632769309e+03
4.659255367231638957e+03
4.650379661016950195e+03
4.641480225988701932e+03
4.632951412429380071e+03
4.625051977401130898e+03
4.618021468926554917e+03
4.611970621468926765e+03
4.606828248587571579e+03
4.602546892655368538e+03
4.599176271186441227e+03
4.596738983050849129e+03
4.595141242937854258e+03
4.594241807909605996e+03
4.593969491525424019e+03
4.594151412429378979e+03
4.594594350282486630e+03
4.595318644067798232e+03
4.596828248587571579e+03
4.598003389830510059e+03
4.598983050847458799e+03
4.599993220338984429e+03
4.601188700564973260e+03
4.602792090395481864e+03
4.604966101694915778e+03
4.607671186440678866e+03
4.610857627118644814e+03
4.614654237288135846e+03
4.619322033898305563e+03
4.624727683615819842e+03
4.630383050847458435e+03
4.636137853107345109e+03
4.642053107344633645e+03
4.647838418079096300e+03
4.652978531073446902e+03
4.657100564971751737e+03
4.659830508474577073e+03
4.661219209039548332e+03
4.661772881355933350e+03
4.661908474576272056e+03
4.661631638418080911e+03
4.660850847457628333e+03
4.659494915254238549e+03
4.657287005649718594e+03
4.654119774011301160e+03
4.651363841807909921e+03
4.649598870056498527e+03
4.648851977401131080e+03
4.649198870056497981e+03
4.650749152542373849e+03
4.653639548022600138e+03
4.657986440677967039e+03
4.663703954802261251e+03
4.670334463276836686e+03
4.677341242937854076e+03
4.684512994350283407e+03
4.691734463276837232e+03
4.698534463276837414e+03
4.704461016949153418e+03
4.709439548022600320e+03
4.713651977401131262e+03
4.716951412429380071e+03
4.718968361581922181e+03
4.719689265536724633e+03
4.719248587570622476e+03
4.717850847457628333e+03
4.715979661016950558e+03
4.714098305084746244e+03
4.712375141242938298e+03
4.710916384180792193e+03
4.710093785310735257e+03
4.710198870056497981e+03
4.711129943502825881e+03
4.712749152542373849e+03
4.714927683615819660e+03
4.717389830508474915e+03
4.719183050847458617e+03
4.719944632768361771e+03
4.719907344632769309e+03
4.718733333333333576e+03
4.716500564971752283e+03
4.714011299435029287e+03
4.711085875706216029e+03
4.707710734463277731e+03
4.703661016949153236e+03
4.698795480225990104e+03
4.693289265536724088e+03
4.687209039548023611e+03
4.680398870056498708e+03
4.672769491525424201e+03
4.664378531073447448e+03
4.655350282485876960e+03
4.646033898305086041e+03
4.637070056497175756e+03
4.628627118644069924e+03
4.620311864406781751e+03
4.611859887005650307e+03
4.603362711864407174e+03
4.595006779661017390e+03
4.587122033898305745e+03
4.580010169491526540e+03
4.573768361581921454e+03
4.568346892655366901e+03
4.563790960451977298e+03
4.560151412429378979e+03
4.557412429378531669e+03
4.555508474576271510e+03
4.554353672316385200e+03
4.553948022598870011e+03
4.554021468926554007e+03
4.554250847457627970e+03
4.554702824858757594e+03
4.555856497175142067e+03
4.557022598870056754e+03
4.557854237288136574e+03
4.558544632768362135e+03
4.559305084745763452e+03
4.560411299435028923e+03
4.562044067796610761e+03
4.564157062146892713e+03
4.566623728813559865e+03
4.569738983050847310e+03
4.573769491525423291e+03
4.578488135593221159e+03
4.583548022598870375e+03
4.588915254237288536e+03
4.594519774011299887e+03
4.600108474576270964e+03
4.605387570621469422e+03
4.609819209039547786e+03
4.612874576271186015e+03
4.614569491525424382e+03
4.615363841807909921e+03
4.615554802259886856e+03
4.615284745762712191e+03
4.614613559322034234e+03
4.613444067796610398e+03
4.611463276836158911e+03
4.608544632768362135e+03
4.605222598870057482e+03
4.602658757062146833e+03
4.600988700564972532e+03
4.600359322033898934e+03
4.600832768361582566e+03
4.602585310734463746e+03
4.605863276836158548e+03
4.610622598870057118e+03
4.616415819209039910e+03
4.622790960451977298e+03
4.629568361581921636e+03
4.636607909604520501e+03
4.643336723163842180e+03
4.649315254237288173e+03
4.654524293785310874e+03
4.659027118644067741e+03
4.662614689265536072e+03
4.665067796610170262e+03
4.666277966101694801e+03
4.666206779661017208e+03
4.665024858757062248e+03
4.663268926553671918e+03
4.661345762711865063e+03
4.659375141242938298e+03
4.657585310734463746e+03
4.656405649717515189e+03
4.656065536723164769e+03
4.656538983050848401e+03
4.657855367231639320e+03
4.659901694915254666e+03
4.662337853107344927e+03
4.664815819209039546e+03
4.666253107344633463e+03
4.666887005649718049e+03
4.666420338983050897e+03
4.664438418079096664e+03
4.661810169491525812e+03
4.658888135593220795e+03
4.655533333333333758e+03
4.651465536723164405e+03
4.646624858757062611e+03
4.641159322033898206e+03
4.635073446327683996e+03
4.628244067796610580e+03
4.620668926553673373e+03
4.612257627118644450e+03
4.602951412429378252e+03
4.593230508474576709e+03
4.583764971751412304e+03
4.574690395480227380e+03
4.565772881355932441e+03
4.556828248587571579e+03
4.547792090395480955e+03
4.538780790960452578e+03
4.530116384180791101e+03
4.522108474576270964e+03
4.514894915254238185e+03
4.508505084745763270e+03
4.502946892655367265e+03
4.498334463276836686e+03
4.494661016949153236e+03
4.491807909604520319e+03
4.489821468926554189e+03
4.488723163841808855e+03
4.488148022598870739e+03
4.487750282485876596e+03
4.487586440677966493e+03
4.488013559322034780e+03
4.489317514124294576e+03
4.490798870056498345e+03
4.491996610169491760e+03
4.493114124293785608e+03
4.494514124293786153e+03
4.496445197740114054e+03
4.498701694915254848e+03
4.501258757062147197e+03
4.504496045197740386e+03
4.508579661016950013e+03
4.513332203389831193e+03
4.518562711864407902e+03
4.524175141242938480e+03
4.530062146892656529e+03
4.536144632768362499e+03
4.542180790960452214e+03
4.547489265536723906e+03
4.551498305084745880e+03
4.554225988700565722e+03
4.555888135593220795e+03
4.556742372881356459e+03
4.557061016949152872e+03
4.557041807909605268e+03
4.556522033898305381e+03
4.555206779661017208e+03
4.552994350282486266e+03
4.550006779661017390e+03
4.547062146892654710e+03
4.544924293785310510e+03
4.543697175141242951e+03
4.543453107344632372e+03
4.544403389830507876e+03
4.546917514124294030e+03
4.550976271186440499e+03
4.556160451977400953e+03
4.562088135593220613e+03
4.568706214689265835e+03
4.575738983050847310e+03
4.582576271186440863e+03
4.588835028248588060e+03
4.594480225988701022e+03
4.599429378531074690e+03
4.603522033898305381e+03
4.606641807909604722e+03
4.608559322033897843e+03
4.609059887005650126e+03
4.608393220338983156e+03
4.607014689265537527e+03
4.605235028248587696e+03
4.603211299435029105e+03
4.601291525423728672e+03
4.599831638418079820e+03
4.599077966101695893e+03
4.599119774011300251e+03
4.600065536723164769e+03
4.601838418079096300e+03
4.604103954802259977e+03
4.606615819209040637e+03
4.609209039548022702e+03
4.611142372881357005e+03
4.612072316384181249e+03
4.611612429378532397e+03
4.609574011299436279e+03
4.606884745762712555e+03
4.603784180790960818e+03
4.600011299435029287e+03
4.595572881355932623e+03
4.590499435028248627e+03
4.584714124293785062e+03
4.578292655367231418e+03
4.571211299435029105e+03
4.563152542372881726e+03
4.554076836158192236e+03
4.544482485875706516e+03
4.534934463276837050e+03
4.525650847457627606e+03
4.516578531073446356e+03
4.507523163841808127e+03
4.498324293785311056e+03
4.489076836158192236e+03
4.480046327683616255e+03
4.471557062146892349e+03
4.463768361581920544e+03
4.456667796610169717e+03
4.450432768361582930e+03
4.445133333333333212e+03
4.440661016949152327e+03
4.437037288135592462e+03
4.434377401129943792e+03
4.432672316384181613e+03
4.431543502824859388e+03
4.430633898305085495e+03
4.429926553672316913e+03
4.429696045197741114e+03
4.430207909604519955e+03
4.431640677966102885e+03
4.432767231638418707e+03
4.433744632768362862e+03
4.435042937853108015e+03
4.436754802259887583e+03
4.438701694915254848e+03
4.441015819209040274e+03
4.444016949152543020e+03
4.447786440677966311e+03
4.452298305084746062e+03
4.457421468926553644e+03
4.462984180790960636e+03
4.468925423728814167e+03
4.475302824858757049e+03
4.481847457627119184e+03
4.487894915254237276e+03
4.492902824858757413e+03
4.496716384180790556e+03
4.499375141242938298e+03
4.501109604519773711e+03
4.502301694915254302e+03
4.503144632768362499e+03
4.503532203389831011e+03
4.503221468926553825e+03
4.502058757062146469e+03
4.500097175141243497e+03
4.497534463276836505e+03
4.494856497175141158e+03
4.492925423728814167e+03
4.491804519774012078e+03
4.491815819209039546e+03
4.493342372881355914e+03
4.496407909604520682e+03
4.500630508474576345e+03
4.505812429378531306e+03
4.511891525423729036e+03
4.518527683615820024e+03
4.525117514124294757e+03
4.531350282485876960e+03
4.537066666666667516e+03
4.542109604519774621e+03
4.546418079096045403e+03
4.549894915254237276e+03
4.552160451977400953e+03
4.552998870056497253e+03
4.552639548022598319e+03
4.551405649717514279e+03
4.549525423728813621e+03
4.547250847457627970e+03
4.544928813559322407e+03
4.542908474576270237e+03
4.541383050847456616e+03
4.540611299435027831e+03
4.540780790960451668e+03
4.541810169491525812e+03
4.543439548022599411e+03
4.545470056497175392e+03
4.547665536723163314e+03
4.549752542372881180e+03
4.551055367231639138e+03
4.551128813559322225e+03
4.549696045197740204e+03
4.547619209039548878e+03
4.545143502824859752e+03
4.542138983050847855e+03
4.538535593220338342e+03
4.534210169491525448e+03
4.529200000000000728e+03
4.523657627118644086e+03
4.517446327683615891e+03
4.510211299435028195e+03
4.501893785310734529e+03
4.492891525423729036e+03
4.483697175141242951e+03
4.474638418079095572e+03
4.465795480225988285e+03
4.456966101694915778e+03
4.447990960451978026e+03
4.438859887005650307e+03
4.429866666666666788e+03
4.421266666666666424e+03
4.413175141242938480e+03
4.405727683615819842e+03
4.399119774011299342e+03
4.393402259887005130e+03
4.388458757062147015e+03
4.384337853107344927e+03
4.381254237288136210e+03
4.379190960451977844e+03
4.377786440677966311e+03
4.376691525423729217e+03
4.375812429378531306e+03
4.375314124293785426e+03
4.375445197740113144e+03
4.376441807909604904e+03
4.377880225988701568e+03
4.379112994350282861e+03
4.380603389830508604e+03
4.382341242937853167e+03
4.384261016949152690e+03
4.386570621468927129e+03
4.389428248587571943e+03
4.393011299435029287e+03
4.397397740112995052e+03
4.402428248587571943e+03
4.407870056497175028e+03
4.413807909604520319e+03
4.420323163841808309e+03
4.427175141242938480e+03
4.433745762711865609e+03
4.439540112994351148e+03
4.444239548022598683e+03
4.447693785310734711e+03
4.450126553672316732e+03
4.451928813559322407e+03
4.453301694915255212e+03
4.454237288135594099e+03
4.454557062146894168e+03
4.453987570621469786e+03
4.452592090395481137e+03
4.450670056497176120e+03
4.448170621468927493e+03
4.445807909604520319e+03
4.444083615819209626e+03
4.443461016949153418e+03
4.444337853107344927e+03
4.446684745762711827e+03
4.450236158192090443e+03
4.454974011299435006e+03
4.460794350282486448e+03
4.467270056497176483e+03
4.473935593220339797e+03
4.480466666666667152e+03
4.486525423728813621e+03
4.491964971751413032e+03
4.496846327683616437e+03
4.500957062146893804e+03
4.503902824858757413e+03
4.505454237288136028e+03
4.505751412429379343e+03
4.505015819209040274e+03
4.503420338983051806e+03
4.501284745762712191e+03
4.498933333333334303e+03
4.496644067796611125e+03
4.494666666666667879e+03
4.493374011299435551e+03
4.492961581920904791e+03
4.493381920903955688e+03
4.494544632768362135e+03
4.496264406779661840e+03
4.498181920903954961e+03
4.500065536723164769e+03
4.501962711864407538e+03
4.503692655367231964e+03
4.504022598870056754e+03
4.502892655367231782e+03
4.500821468926554189e+03
4.498360451977401681e+03
4.495305084745763452e+03
4.491492655367232146e+03
4.487045197740113508e+03
4.482129943502824972e+03
4.476563841807909739e+03
4.469994350282486266e+03
4.462307344632768945e+03
4.453762711864406810e+03
4.444838418079096300e+03
4.435915254237288536e+03
4.427136723163842362e+03
4.418429378531072871e+03
4.409535593220339251e+03
4.400462146892656165e+03
4.391462146892656165e+03
4.382731073446328082e+03
4.374326553672316550e+03
4.366498305084745880e+03
4.359496045197740386e+03
4.353294915254236912e+03
4.347775141242937934e+03
4.343081355932203223e+03
4.339444067796610398e+03
4.336855367231638411e+03
4.335015819209039364e+03
4.333584180790960090e+03
4.332370621468926402e+03
4.331433898305083858e+03
4.331015819209040274e+03
4.331393220338983156e+03
4.332577401129943610e+03
4.333848587570621021e+03
4.335203389830508968e+03
4.336696045197740204e+03
4.338413559322033507e+03
4.340414689265536254e+03
4.342903954802260159e+03
4.346111864406780114e+03
4.350177401129943974e+03
4.354856497175141158e+03
4.359961581920904791e+03
4.365666666666666060e+03
4.372092655367231600e+03
4.378972881355932259e+03
4.385857627118643904e+03
4.392263276836158184e+03
4.397696045197739295e+03
4.401920903954802270e+03
4.405076836158192236e+03
4.407475706214689126e+03
4.409420338983050897e+03
4.410998870056497253e+03
4.411987570621468876e+03
4.412101694915254484e+03
4.411466666666667152e+03
4.410376271186441045e+03
4.408654237288135846e+03
4.405987570621468876e+03
4.403701694915253029e+03
4.402405649717513370e+03
4.402481355932202860e+03
4.403884745762710736e+03
4.406570621468926220e+03
4.410562711864406992e+03
4.415696045197739295e+03
4.421633898305084585e+03
4.428048587570621748e+03
4.434474576271186379e+03
4.440502824858756867e+03
4.446056497175140976e+03
4.451170621468926583e+03
4.455625988700565358e+03
4.458993220338983519e+03
4.461073446327683087e+03
4.461903954802259250e+03
4.461586440677965584e+03
4.460275706214689308e+03
4.458335593220339433e+03
4.456050847457627242e+03
4.453623728813559865e+03
4.451398870056496889e+03
4.449771751412428785e+03
4.448946892655367265e+03
4.448955932203389239e+03
4.449883615819208899e+03
4.451488135593219340e+03
4.453369491525423655e+03
4.455394350282485902e+03
4.457527683615819114e+03
4.459569491525422563e+03
4.460340112994349511e+03
4.459786440677966311e+03
4.457853107344632008e+03
4.455466666666666242e+03
4.452482485875706516e+03
4.448726553672316186e+03
4.444396610169491396e+03
4.439622598870056208e+03
4.434239548022598683e+03
4.427912994350282133e+03
4.420475706214689126e+03
4.412084745762711464e+03
4.403091525423727944e+03
4.393968361581921272e+03
4.384971751412429512e+03
4.376036158192090625e+03
4.366908474576271146e+03
4.357600000000000364e+03
4.348311864406779932e+03
4.339133333333333212e+03
4.330179661016949467e+03
4.321735593220339069e+03
4.314042937853107105e+03
4.307055367231638229e+03
4.300698305084745698e+03
4.295120903954802088e+03
4.290616949152542475e+03
4.287160451977401863e+03
4.284538983050848401e+03
4.282450847457627788e+03
4.280642937853107469e+03
4.278984180790960636e+03
4.277793220338982792e+03
4.277370621468926402e+03
4.277605649717514098e+03
4.278438418079096664e+03
4.279571751412429876e+03
4.280761581920904064e+03
4.282117514124293848e+03
4.283636158192090988e+03
4.285512994350282497e+03
4.288134463276835959e+03
4.291535593220339251e+03
4.295494915254237640e+03
4.299928813559322407e+03
4.305011299435029287e+03
4.310811299435028559e+03
4.317178531073446720e+03
4.323816949152542293e+03
4.330216949152541929e+03
4.335832768361582566e+03
4.340363841807909921e+03
4.343775141242937934e+03
4.346305084745763452e+03
4.348333333333333940e+03
4.350056497175141885e+03
4.351176271186441227e+03
4.351422598870056390e+03
4.351080225988700477e+03
4.350309604519774439e+03
4.348840677966101794e+03
4.346518644067797140e+03
4.343803389830509332e+03
4.341989830508474370e+03
4.341340112994350420e+03
4.341911864406779387e+03
4.343820338983050533e+03
4.347058757062146469e+03
4.351498305084745880e+03
4.356966101694914869e+03
4.363127683615819478e+03
4.369448587570621385e+03
4.375490395480225743e+03
4.381221468926552916e+03
4.386614689265536072e+03
4.391395480225988649e+03
4.395222598870055663e+03
4.397911864406779387e+03
4.399336723163842180e+03
4.399488135593220250e+03
4.398570621468926220e+03
4.396870056497175028e+03
4.394615819209039728e+03
4.392021468926554007e+03
4.389485875706214756e+03
4.387348022598869647e+03
4.385776271186440681e+03
4.385094915254237094e+03
4.385352542372880635e+03
4.386257627118644450e+03
4.387559322033897843e+03
4.389164971751411940e+03
4.390842937853107287e+03
4.392393220338983156e+03
4.393857627118644814e+03
4.394175141242937570e+03
4.393132203389830465e+03
4.391587570621468331e+03
4.389508474576270601e+03
4.386753672316383927e+03
4.383444067796609488e+03
4.379744632768361043e+03
4.375510734463276094e+03
4.370441807909603995e+03
4.364292655367231418e+03
4.357083615819208717e+03
4.349131073446327719e+03
4.340880225988699749e+03
4.332703954802260341e+03
4.324496045197740386e+03
4.316106214689265471e+03
4.307558192090395096e+03
4.298985310734463383e+03
4.290375141242937389e+03
4.281865536723164041e+03
4.273777401129943428e+03
4.266334463276836686e+03
4.259463276836158002e+03
4.253150282485875323e+03
4.247574011299434460e+03
4.242976271186440499e+03
4.239445197740113144e+03
4.236841807909604540e+03
4.234912994350283043e+03
4.233222598870056572e+03
4.231699435028248445e+03
4.230655367231638593e+03
4.230255367231638957e+03
4.230375141242937389e+03
4.231036158192089715e+03
4.232076836158192236e+03
4.233170621468927493e+03
4.234326553672316550e+03
4.235551412429378615e+03
4.237094915254238003e+03
4.239361581920904428e+03
4.242361581920904428e+03
4.245928813559321497e+03
4.250031638418078728e+03
4.254786440677966311e+03
4.260287005649717685e+03
4.266517514124294394e+03
4.273280225988701204e+03
4.280011299435027468e+03
4.286231638418079456e+03
4.291541242937852076e+03
4.295701694915254848e+03
4.298883615819209808e+03
4.301607909604519591e+03
4.303994350282486266e+03
4.305698305084746607e+03
4.306642937853108378e+03
4.307103954802259977e+03
4.307066666666667516e+03
4.306294915254237822e+03
4.304812429378531306e+03
4.302667796610169717e+03
4.300475706214689126e+03
4.299262146892655437e+03
4.299248587570622476e+03
4.300553672316384109e+03
4.303190960451977844e+03
4.307110734463276458e+03
4.312258757062147197e+03
4.318285875706214938e+03
4.324631638418080001e+03
4.330877966101695165e+03
4.336949152542372758e+03
4.342759322033898570e+03
4.348049717514124495e+03
4.352526553672317277e+03
4.355963841807909375e+03
4.358164971751412850e+03
4.359033898305085131e+03
4.358775141242937934e+03
4.357610169491525085e+03
4.355668926553672463e+03
4.353262146892655437e+03
4.350752542372881180e+03
4.348360451977401681e+03
4.346433898305084767e+03
4.345383050847457525e+03
4.345214689265536435e+03
4.345770621468926947e+03
4.346919774011299523e+03
4.348461016949153418e+03
4.350124293785311238e+03
4.351796610169492851e+03
4.353453107344633281e+03
4.354631638418079092e+03
4.354441807909604904e+03
4.352940112994350784e+03
4.350953672316384655e+03
4.348326553672317459e+03
4.345155932203389966e+03
4.341570621468927129e+03
4.337492655367232146e+03
4.332671186440678866e+03
4.326840677966101794e+03
4.319841807909604540e+03
4.311914124293785790e+03
4.303609039548023247e+03
4.295212429378530942e+03
4.286710734463276822e+03
4.278061016949152872e+03
4.269301694915254302e+03
4.260467796610169898e+03
4.251487005649717503e+03
4.242537853107344745e+03
4.233952542372881908e+03
4.225931073446328810e+03
4.218419209039548150e+03
4.211435028248588424e+03
4.205145762711865245e+03
4.199752542372882090e+03
4.195414689265537163e+03
4.192183050847457707e+03
4.189715254237288718e+03
4.187546892655367628e+03
4.185644067796611125e+03
4.184232768361582202e+03
4.183366101694915415e+03
4.182983050847457889e+03
4.183092655367232510e+03
4.183892655367232692e+03
4.185085875706216029e+03
4.186218079096045585e+03
4.187306214689266199e+03
4.188699435028249354e+03
4.190719774011299705e+03
4.193407909604520682e+03
4.196677966101695347e+03
4.200523163841808127e+03
4.204955932203390148e+03
4.210110734463277367e+03
4.216115254237289264e+03
4.222762711864406810e+03
4.229645197740113872e+03
4.236305084745763452e+03
4.242207909604519955e+03
4.246919774011299523e+03
4.250657627118644086e+03
4.253924293785310510e+03
4.256717514124294212e+03
4.258779661016949831e+03
4.260198870056497981e+03
4.261119774011299342e+03
4.261457627118643359e+03
4.261116384180791101e+03
4.260148022598870739e+03
4.258432768361581111e+03
4.256032768361581475e+03
4.254453107344632372e+03
4.253995480225989013e+03
4.254798870056497435e+03
4.256866666666666788e+03
4.260297175141242406e+03
4.265106214689265471e+03
4.270985310734462473e+03
4.277326553672315640e+03
4.283783050847458071e+03
4.290218079096044676e+03
4.296461016949152508e+03
4.302289265536723178e+03
4.307475706214689126e+03
4.311776271186439772e+03
4.314840677966101794e+03
4.316627118644068105e+03
4.317257627118643541e+03
4.316792090395480045e+03
4.315453107344632372e+03
4.313546892655367628e+03
4.311311864406779932e+03
4.308951412429378252e+03
4.306960451977400226e+03
4.305706214689264925e+03
4.305275706214688398e+03
4.305624858757061702e+03
4.306670056497174301e+03
4.308179661016948558e+03
4.309874576271186015e+03
4.311682485875705424e+03
4.313502824858756867e+03
4.315166101694914687e+03
4.315799999999999272e+03
4.314984180790959726e+03
4.313198870056496162e+03
4.310864406779661294e+03
4.308040677966101612e+03
4.304807909604519409e+03
4.301170621468925674e+03
4.296957062146891985e+03
4.291783050847457162e+03
4.285429378531072871e+03
4.278080225988700477e+03
4.270207909604519955e+03
4.262126553672316732e+03
4.253881355932202496e+03
4.245488135593220250e+03
4.237041807909604358e+03
4.228447457627118638e+03
4.219632768361581839e+03
4.210787570621469058e+03
4.202263276836158184e+03
4.194158192090395460e+03
4.186473446327683632e+03
4.179326553672316550e+03
4.172750282485875687e+03
4.166925423728813257e+03
4.162167231638418343e+03
4.158601129943503111e+03
4.155845197740112781e+03
4.153466666666667152e+03
4.151414689265536254e+03
4.149818079096045039e+03
4.148702824858756685e+03
4.148047457627119002e+03
4.147793220338982792e+03
4.148039548022598865e+03
4.149247457627118820e+03
4.150464406779661658e+03
4.151569491525423473e+03
4.152862146892655801e+03
4.154636158192090079e+03
4.157001129943502747e+03
4.159960451977401135e+03
4.163421468926553644e+03
4.167397740112994143e+03
4.172119774011299342e+03
4.177648587570621203e+03
4.183879096045197002e+03
4.190589830508473824e+03
4.197404519774010623e+03
4.203524293785310874e+03
4.208505084745762360e+03
4.212593220338982974e+03
4.216135593220338706e+03
4.219030508474575981e+03
4.221225988700565722e+03
4.222862146892655801e+03
4.223941242937853531e+03
4.224396610169491396e+03
4.224284745762712191e+03
4.223566101694916142e+03
4.222057627118644632e+03
4.219752542372882090e+03
4.217369491525423655e+03
4.215984180790961545e+03
4.215691525423729217e+03
4.216597740112994870e+03
4.218880225988701568e+03
4.222672316384180704e+03
4.227627118644068105e+03
4.233247457627117910e+03
4.239188700564971441e+03
4.245261016949152690e+03
4.251220338983051079e+03
4.256907344632768400e+03
4.262155932203389966e+03
4.266612429378531488e+03
4.269949152542372758e+03
4.272111864406780114e+03
4.273064406779662022e+03
4.272805649717514825e+03
4.271629378531073598e+03
4.269795480225988285e+03
4.267403389830508786e+03
4.264751412429379343e+03
4.262348022598869647e+03
4.260512994350282497e+03
4.259409039548022520e+03
4.259157062146892713e+03
4.259684745762711827e+03
4.260758192090395823e+03
4.262142372881357005e+03
4.263746892655367446e+03
4.265448587570621385e+03
4.266979661016948739e+03
4.268227118644068469e+03
4.268207909604519955e+03
4.266896045197740932e+03
4.265049717514124495e+03
4.262691525423729217e+03
4.259915254237288536e+03
4.256811299435028559e+03
4.253244067796610580e+03
4.248795480225988285e+03
4.243145762711864336e+03
4.236465536723164405e+03
4.229120903954802998e+03
4.221390960451977662e+03
4.213359322033898934e+03
4.205194350282486994e+03
4.196988700564972532e+03
4.188569491525424382e+03
4.179857627118643904e+03
4.171077966101694983e+03
4.162476836158191873e+03
4.154155932203389966e+03
4.146254237288136210e+03
4.138798870056497435e+03
4.131761581920904064e+03
4.125350282485876050e+03
4.120032768361581475e+03
4.115892655367231782e+03
4.112601129943503111e+03
4.109855367231638411e+03
4.107487005649717503e+03
4.105555932203389602e+03
4.104128813559322225e+03
4.103159322033899116e+03
4.102497175141243133e+03
4.102241807909604177e+03
4.102840677966101794e+03
4.104097175141243497e+03
4.105140112994351512e+03
4.106279096045198457e+03
4.107726553672316186e+03
4.109741242937852803e+03
4.112318644067797322e+03
4.115311864406779932e+03
4.118804519774012078e+03
4.123028248587570488e+03
4.127989830508475279e+03
4.133711864406779569e+03
4.140214689265536435e+03
4.147064406779661113e+03
4.153362711864407174e+03
4.158701694915254848e+03
4.163267796610170080e+03
4.167179661016949467e+03
4.170371751412430058e+03
4.172949152542373668e+03
4.174966101694915778e+03
4.176348022598870557e+03
4.177183050847457707e+03
4.177551412429378615e+03
4.177310734463277186e+03
4.176273446327683814e+03
4.174491525423728490e+03
4.172136723163842362e+03
4.170164971751412850e+03
4.169160451977400953e+03
4.169262146892655437e+03
4.170796610169491942e+03
4.173890395480226289e+03
4.178235028248587696e+03
4.183476836158192782e+03
4.189288135593220431e+03
4.195345762711865063e+03
4.201415819209039910e+03
4.207415819209039910e+03
4.213118644067797504e+03
4.218115254237288354e+03
4.222210169491525448e+03
4.225197740112995234e+03
4.226920903954802270e+03
4.227455367231638775e+03
4.227035028248586968e+03
4.225783050847458071e+03
4.223807909604520319e+03
4.221485875706214756e+03
4.219202259887005312e+03
4.217270056497175574e+03
4.215994350282485357e+03
4.215578531073446356e+03
4.215981920903955142e+03
4.216990960451978026e+03
4.218428248587570124e+03
4.220222598870056572e+03
4.222190960451977844e+03
4.224022598870056754e+03
4.225559322033898752e+03
4.226609039548023247e+03
4.226429378531074690e+03
4.225084745762711464e+03
4.222718644067796049e+03
4.219945762711864518e+03
4.216929943502825154e+03
4.213540112994351148e+03
4.209338983050847673e+03
4.203986440677966129e+03
4.197595480225989377e+03
4.190454237288136028e+03
4.182729943502825336e+03
4.174625988700565358e+03
4.166403389830508786e+03
4.158106214689265471e+03
4.149555932203389602e+03
4.140736723163841816e+03
4.131809039548023065e+03
4.122929943502824244e+03
4.114291525423728672e+03
4.106085875706214210e+03
4.098228248587571215e+03
4.090644067796609761e+03
4.083647457627118456e+03
4.077676836158192145e+03
4.072835028248587605e+03
4.068929943502824699e+03
4.065703954802259886e+03
4.062928813559321952e+03
4.060607909604519591e+03
4.058837288135593099e+03
4.057524293785310874e+03
4.056442937853106741e+03
4.055688135593220068e+03
4.055672316384180704e+03
4.056764971751412304e+03
4.058015819209039364e+03
4.059161581920903700e+03
4.060583050847457343e+03
4.062559322033898297e+03
4.065004519774010987e+03
4.067841807909604540e+03
4.071242937853106923e+03
4.075285875706214028e+03
4.079957062146891985e+03
4.085468926553671736e+03
4.092010169491524721e+03
4.099036158192089715e+03
4.105720903954801543e+03
4.111707344632767672e+03
4.116979661016948739e+03
4.121494915254237640e+03
4.125271186440677411e+03
4.128454237288135118e+03
4.131007909604519227e+03
4.132892655367230873e+03
4.134251977401128897e+03
4.135158192090395460e+03
4.135455367231637865e+03
4.134980790960451486e+03
4.133732203389829920e+03
4.131861016949152145e+03
4.129501694915254120e+03
4.127717514124293302e+03
4.126945762711863608e+03
4.127567231638417979e+03
4.129684745762711827e+03
4.133145762711863426e+03
4.137731073446327173e+03
4.143063276836157456e+03
4.148732203389829920e+03
4.154574011299435369e+03
4.160497175141243133e+03
4.166188700564971441e+03
4.171351412429377888e+03
4.175820338983050533e+03
4.179242937853106923e+03
4.181402259887005130e+03
4.182395480225988649e+03
4.182381920903953869e+03
4.181399999999999636e+03
4.179597740112994870e+03
4.177292655367231418e+03
4.174815819209039546e+03
4.172514124293784334e+03
4.170762711864406810e+03
4.169835028248588060e+03
4.169743502824858297e+03
4.170311864406779023e+03
4.171440677966101248e+03
4.173054237288134573e+03
4.174941242937852621e+03
4.176768361581920544e+03
4.178364971751411758e+03
4.179749152542372030e+03
4.180436158192089351e+03
4.180016949152541201e+03
4.178402259887005130e+03
4.175820338983050533e+03
4.173057627118643722e+03
4.169983050847456980e+03
4.166168361581920180e+03
4.161272316384180158e+03
4.155368361581920908e+03
4.148559322033897843e+03
4.140967231638418525e+03
4.132929943502824244e+03
4.124733333333333576e+03
4.116344632768361407e+03
4.107706214689264925e+03
4.098820338983050533e+03
4.089711864406779569e+03
4.080519774011298978e+03
4.071577401129943610e+03
4.062997740112993597e+03
4.054665536723163768e+03
4.046541242937852985e+03
4.038908474576271146e+03
4.032172881355932077e+03
4.026555932203389602e+03
4.021940112994350329e+03
4.018073446327683087e+03
4.014728813559321679e+03
4.011924293785310510e+03
4.009726553672316186e+03
4.007953672316384200e+03
4.006374011299434642e+03
4.005072316384180340e+03
4.004414689265536254e+03
4.004702824858756685e+03
4.006064406779661113e+03
4.007732203389830374e+03
4.009637288135593280e+03
4.011998870056497253e+03
4.014724293785310692e+03
4.017897175141242769e+03
4.021655367231638593e+03
4.025900564971751464e+03
4.030674576271186197e+03
4.036414689265536708e+03
4.043282485875705788e+03
4.050764971751411849e+03
4.058196610169491123e+03
4.065198870056497071e+03
4.071531073446327355e+03
4.077072316384180340e+03
4.081949152542372758e+03
4.086181920903954051e+03
4.089714124293785062e+03
4.092557062146892349e+03
4.094868926553671827e+03
4.096724293785310692e+03
4.097963841807908466e+03
4.098457627118643359e+03
4.098162711864406447e+03
4.097195480225987922e+03
4.095709604519773620e+03
4.093715254237287809e+03
4.092383050847457071e+03
4.092322033898304653e+03
4.093681355932203587e+03
4.096517514124292575e+03
4.100630508474576345e+03
4.105574011299434460e+03
4.111044067796608942e+03
4.116885875706213483e+03
4.122884745762710736e+03
4.128758192090394914e+03
4.134333333333333030e+03
4.139334463276834867e+03
4.143344632768361407e+03
4.146183050847456798e+03
4.147870056497175028e+03
4.148450847457626878e+03
4.147948022598870011e+03
4.146535593220338342e+03
4.144468926553672645e+03
4.141994350282486266e+03
4.139449717514124131e+03
4.137296045197739659e+03
4.135873446327683268e+03
4.135223728813559319e+03
4.135214689265536435e+03
4.135847457627118274e+03
4.137067796610169353e+03
4.138630508474576345e+03
4.140230508474575799e+03
4.141646327683614800e+03
4.142798870056496526e+03
4.143789830508474552e+03
4.144570621468925310e+03
4.144210169491525448e+03
4.142444067796610398e+03
4.140327683615819296e+03
4.137976271186440499e+03
4.134953672316383745e+03
4.131028248587570488e+03
4.126110734463276458e+03
4.120188700564971441e+03
4.113380790960451122e+03
4.106038418079096118e+03
4.098409039548022520e+03
4.090514124293784334e+03
4.082403389830507876e+03
4.074020338983050351e+03
4.065280225988700295e+03
4.056396610169490941e+03
4.047714124293785062e+03
4.039308474576270783e+03
4.031065536723163405e+03
4.022979661016948739e+03
4.015250847457627060e+03
4.008267796610169171e+03
4.002325423728813348e+03
3.997427118644067377e+03
3.993328813559322043e+03
3.989794350282485539e+03
3.986874576271186015e+03
3.984620338983050715e+03
3.982809039548022611e+03
3.981163841807909193e+03
3.979778531073446175e+03
3.978916384180790374e+03
3.978770621468926493e+03
3.979635028248587332e+03
3.980824858757062430e+03
3.982187570621468694e+03
3.983824858757062430e+03
3.985802259887005675e+03
3.988325423728813348e+03
3.991398870056496889e+03
3.994818079096045039e+03
3.998746892655366992e+03
4.003706214689265380e+03
4.009815819209039546e+03
4.016691525423728308e+03
4.023873446327683268e+03
4.030851977401130171e+03
4.037273446327683814e+03
4.043046327683615345e+03
4.048189830508474643e+03
4.052710734463276822e+03
4.056516384180790737e+03
4.059680225988700386e+03
4.062322033898305108e+03
4.064517514124293484e+03
4.066166101694914687e+03
4.067107344632768218e+03
4.067299435028248354e+03
4.066802259887005675e+03
4.065763841807909557e+03
4.064212429378530942e+03
4.062103954802259523e+03
4.060926553672316913e+03
4.061110734463276458e+03
4.062815819209039091e+03
4.065871186440677775e+03
4.069872316384180522e+03
4.074614689265536981e+03
4.079861016949152599e+03
4.085319774011299160e+03
4.090811299435028104e+03
4.096209039548022702e+03
4.101111864406779205e+03
4.105180790960452214e+03
4.108176271186441227e+03
4.110062146892654710e+03
4.110796610169491032e+03
4.110386440677965766e+03
4.109000000000000000e+03
4.106820338983050533e+03
4.104024858757062248e+03
4.100980790960451486e+03
4.098180790960452214e+03
4.095990960451977116e+03
4.094492655367231237e+03
4.093712994350282315e+03
4.093653107344632190e+03
4.094287005649716775e+03
4.095398870056496889e+03
4.096728813559321679e+03
4.097985310734463383e+03
4.098960451977401135e+03
4.099723163841807946e+03
4.100649717514123040e+03
4.100958192090394732e+03
4.100013559322033871e+03
4.098214689265536435e+03
4.096155932203389966e+03
4.093538983050847492e+03
4.090142372881356096e+03
4.085787570621469058e+03
4.080307344632768036e+03
4.073859887005649398e+03
4.066771751412429239e+03
4.059209039548022702e+03
4.051349152542372849e+03
4.043279096045197548e+03
4.034842937853107287e+03
4.025987570621468876e+03
4.016922033898305017e+03
4.007952542372880998e+03
3.999207909604519500e+03
3.990577401129943610e+03
3.982024858757062248e+03
3.973664406779660567e+03
3.965912994350282133e+03
3.959128813559321316e+03
3.953388700564971259e+03
3.948407909604519773e+03
3.944065536723163859e+03
3.940413559322033962e+03
3.937485875706214756e+03
3.934962711864406629e+03
3.932641807909604267e+03
3.930588700564971532e+03
3.928908474576271146e+03
3.927774011299434733e+03
3.927536723163841543e+03
3.928432768361582021e+03
3.929988700564971623e+03
3.931624858757061702e+03
3.933566101694914778e+03
3.936093785310734347e+03
3.939056497175140976e+03
3.942253107344632554e+03
3.945940112994349874e+03
3.950553672316384109e+03
3.956271186440677411e+03
3.962924293785310510e+03
3.970109604519773711e+03
3.977297175141242406e+03
3.984075706214689035e+03
3.990291525423728217e+03
3.995934463276835686e+03
4.000920903954801815e+03
4.005178531073445811e+03
4.008755932203389420e+03
4.011824858757061975e+03
4.014403389830507876e+03
4.016462146892654800e+03
4.017832768361581657e+03
4.018454237288135118e+03
4.018383050847457071e+03
4.017760451977400407e+03
4.016570621468925765e+03
4.014839548022598137e+03
4.013231638418078546e+03
4.012925423728813257e+03
4.014107344632768218e+03
4.016633898305084585e+03
4.020310734463276276e+03
4.024925423728813257e+03
4.030120903954802088e+03
4.035665536723163314e+03
4.041437288135593008e+03
4.047256497175140794e+03
4.052769491525423291e+03
4.057574011299434460e+03
4.061466666666666242e+03
4.064299435028248354e+03
4.065969491525423109e+03
4.066502824858756867e+03
4.066016949152542111e+03
4.064614689265536072e+03
4.062419209039547695e+03
4.059787570621468603e+03
4.057198870056496617e+03
4.055051977401129079e+03
4.053499435028247717e+03
4.052616949152541565e+03
4.052498305084744970e+03
4.053089265536722905e+03
4.054272316384181067e+03
4.055811299435028104e+03
4.057383050847457525e+03
4.058644067796610216e+03
4.059596610169491214e+03
4.060674576271186197e+03
4.062103954802259977e+03
4.062576271186440863e+03
4.061602259887005403e+03
4.059613559322033325e+03
4.057257627118643541e+03
4.054310734463276276e+03
4.050419209039547241e+03
4.045451977401129625e+03
4.039533333333332848e+03
4.032811299435027649e+03
4.025525423728813166e+03
4.017934463276836141e+03
4.010129943502824062e+03
4.001917514124293120e+03
3.993242937853106923e+03
3.984326553672316095e+03
3.975442937853106741e+03
3.966714124293785062e+03
3.958087005649717412e+03
3.949476836158191873e+03
3.940946892655366810e+03
3.932855367231637956e+03
3.925659887005649125e+03
3.919439548022598501e+03
3.913963841807909375e+03
3.909159322033898206e+03
3.905170621468926129e+03
3.901922033898305017e+03
3.899101694915254029e+03
3.896570621468926220e+03
3.894280225988700295e+03
3.892216949152541929e+03
3.890621468926553007e+03
3.889797740112993779e+03
3.889935593220338887e+03
3.891134463276835959e+03
3.892449717514124131e+03
3.894103954802259523e+03
3.896318644067795958e+03
3.898896045197739568e+03
3.901690395480225561e+03
3.904926553672316004e+03
3.908979661016948739e+03
3.914100564971750828e+03
3.920305084745762088e+03
3.927248587570621112e+03
3.934419209039547241e+03
3.941404519774010623e+03
3.947993220338982610e+03
3.954085875706214210e+03
3.959580790960451395e+03
3.964392090395479499e+03
3.968545762711863972e+03
3.972157062146892258e+03
3.975337853107344017e+03
3.978058757062146469e+03
3.980163841807909193e+03
3.981563841807909284e+03
3.982360451977400317e+03
3.982578531073445902e+03
3.982199999999999818e+03
3.981374011299434187e+03
3.980239548022597774e+03
3.979120903954802088e+03
3.979375141242937389e+03
3.980992090395479408e+03
3.983879096045197002e+03
3.987836158192089897e+03
3.992497175141242224e+03
3.997607909604518682e+03
4.003094915254236184e+03
4.008764971751411849e+03
4.014261016949152236e+03
4.019251977401129807e+03
4.023459887005649762e+03
4.026687005649716866e+03
4.028754802259886219e+03
4.029692655367231055e+03
4.029568361581920726e+03
4.028402259887005130e+03
4.026296045197739659e+03
4.023586440677965584e+03
4.020728813559321679e+03
4.018081355932203223e+03
4.015870056497174573e+03
4.014294915254236457e+03
4.013432768361581566e+03
4.013297175141242406e+03
4.013840677966100884e+03
4.014908474576270692e+03
4.016125423728813075e+03
4.017007909604519227e+03
4.017603389830507695e+03
4.018265536723163223e+03
4.019143502824858388e+03
4.019867796610169080e+03
4.019232768361581748e+03
4.017903954802259705e+03
4.016358192090395278e+03
4.014285875706214483e+03
4.011378531073445629e+03
4.007489265536722542e+03
4.002593220338982519e+03
3.996760451977400407e+03
3.990259887005649034e+03
3.983427118644067377e+03
3.976290395480225470e+03
3.968729943502824426e+03
3.960681355932202678e+03
3.952298305084745152e+03
3.943858757062146651e+03
3.935536723163841089e+03
3.927302824858756594e+03
3.919007909604519227e+03
3.910664406779660567e+03
3.902641807909603813e+03
3.895415819209039000e+03
3.889040677966101157e+03
3.883377401129943337e+03
3.878485875706214301e+03
3.874449717514124131e+03
3.871140112994349693e+03
3.868394350282484993e+03
3.866050847457626332e+03
3.863914124293784880e+03
3.861937853107344381e+03
3.860385310734463019e+03
3.859473446327683178e+03
3.859348022598869647e+03
3.860229378531073053e+03
3.861280225988700295e+03
3.862633898305084585e+03
3.864483615819208808e+03
3.866637288135592826e+03
3.868995480225988558e+03
3.871717514124293302e+03
3.875099435028248536e+03
3.879490395480225743e+03
3.885037288135592917e+03
3.891477966101694619e+03
3.898350282485875141e+03
3.905209039548022247e+03
3.911846327683615527e+03
3.918087005649717412e+03
3.923779661016948921e+03
3.928795480225988285e+03
3.933114124293785153e+03
3.936875706214688762e+03
3.940227118644067559e+03
3.943112994350282406e+03
3.945364971751412213e+03
3.946981920903954233e+03
3.948005649717513734e+03
3.948352542372880635e+03
3.948028248587570488e+03
3.947293785310734165e+03
3.946232768361581748e+03
3.944705084745762633e+03
3.944323163841807400e+03
3.945329943502824790e+03
3.947722033898304744e+03
3.951277966101694801e+03
3.955659887005649580e+03
3.960656497175140885e+03
3.966166101694914687e+03
3.972012429378530669e+03
3.977815819209039546e+03
3.983311864406779023e+03
3.988190960451976935e+03
3.992158192090395005e+03
3.995030508474575981e+03
3.996818079096045039e+03
3.997534463276836050e+03
3.997125423728813075e+03
3.995630508474575436e+03
3.993367231638417252e+03
3.990755932203389420e+03
3.988151412429378070e+03
3.985844067796609579e+03
3.984065536723163405e+03
3.982958192090394732e+03
3.982526553672315913e+03
3.982877966101694255e+03
3.983951412429378252e+03
3.985231638418078546e+03
3.986279096045197548e+03
3.987097175141242587e+03
3.987915254237287627e+03
3.988814689265535890e+03
3.989871186440677320e+03
3.990404519774010623e+03
3.989390960451977662e+03
3.987961581920903882e+03
3.986111864406779205e+03
3.983575141242937207e+03
3.980158192090395005e+03
3.975690395480225561e+03
3.970201129943502565e+03
3.963981920903954233e+03
3.957329943502824790e+03
3.950350282485875141e+03
3.942931073446326991e+03
3.935007909604519227e+03
3.926679096045197184e+03
3.918211299435028195e+03
3.909821468926553280e+03
3.901532203389830102e+03
3.893134463276835959e+03
3.884578531073446356e+03
3.876291525423728672e+03
3.868667796610168807e+03
3.861770621468926038e+03
3.855572881355931713e+03
3.850219209039547877e+03
3.845676836158191691e+03
3.841912994350282133e+03
3.838836158192089897e+03
3.836231638418078546e+03
3.833833898305084404e+03
3.831606779661016844e+03
3.829741242937852803e+03
3.828358192090395278e+03
3.827622598870056208e+03
3.827821468926553280e+03
3.829042937853107105e+03
3.830474576271186379e+03
3.832290395480225470e+03
3.834437288135593008e+03
3.836796610169491032e+03
3.839405649717513825e+03
3.842552542372881362e+03
3.846629378531073144e+03
3.851859887005649398e+03
3.858124293785310329e+03
3.864984180790960181e+03
3.872059887005649216e+03
3.879056497175140976e+03
3.885759322033897661e+03
3.892012429378531124e+03
3.897585310734462837e+03
3.902431638418078364e+03
3.906728813559321225e+03
3.910593220338982519e+03
3.913929943502824244e+03
3.916649717514123950e+03
3.918785310734462655e+03
3.920317514124293666e+03
3.921110734463276458e+03
3.921222598870056117e+03
3.920849717514123768e+03
3.920170621468926129e+03
3.919114124293784698e+03
3.918090395480225652e+03
3.918413559322033507e+03
3.920178531073445811e+03
3.923137853107344199e+03
3.927040677966101612e+03
3.931675706214688944e+03
3.936951412429378252e+03
3.942622598870056208e+03
3.948462146892655255e+03
3.954162711864406447e+03
3.959402259887005130e+03
3.963818079096045039e+03
3.967241807909604177e+03
3.969623728813558955e+03
3.970934463276835686e+03
3.971072316384180795e+03
3.970047457627118092e+03
3.968118644067796140e+03
3.965638418079095572e+03
3.962950282485875505e+03
3.960427118644067377e+03
3.958343502824858206e+03
3.956774011299434278e+03
3.955872316384180522e+03
3.955880225988699749e+03
3.956712994350281406e+03
3.957848587570621021e+03
3.958926553672315549e+03
3.959842937853106378e+03
3.960673446327683450e+03
3.961553672316383654e+03
3.962588700564971077e+03
3.963646327683615255e+03
3.963316384180790465e+03
3.962020338983050351e+03
3.960404519774010623e+03
3.958251977401129352e+03
3.955296045197739659e+03
3.951302824858756594e+03
3.946237288135592735e+03
3.940367231638418161e+03
3.933974011299435006e+03
3.927183050847457253e+03
3.919938983050846673e+03
3.912154802259886310e+03
3.903883615819208444e+03
3.895371751412428694e+03
3.886954802259886492e+03
3.878607909604519591e+03
3.870062146892654710e+03
3.861333333333332121e+03
3.852777401129942518e+03
3.844726553672316186e+03
3.837244067796609215e+03
3.830475706214688671e+03
3.824505084745762360e+03
3.819332203389829829e+03
3.814996610169490850e+03
3.811474576271185924e+03
3.808457627118643359e+03
3.805697175141242496e+03
3.803183050847456798e+03
3.800957062146891985e+03
3.799059887005649216e+03
3.797690395480225561e+03
3.797233898305084040e+03
3.797888135593219886e+03
3.799189830508474188e+03
3.800759322033897661e+03
3.802596610169490759e+03
3.804593220338982519e+03
3.806708474576270419e+03
3.809188700564971441e+03
3.812479096045197366e+03
3.816841807909603631e+03
3.822266666666666424e+03
3.828462146892654346e+03
3.835033898305084222e+03
3.841653107344632190e+03
3.848153672316383563e+03
3.854282485875705788e+03
3.859787570621468149e+03
3.864585310734462837e+03
3.868857627118643904e+03
3.872664406779660567e+03
3.875920903954801815e+03
3.878657627118643177e+03
3.880876836158191509e+03
3.882475706214689126e+03
3.883361581920903518e+03
3.883581920903954597e+03
3.883272316384180158e+03
3.882664406779660567e+03
3.881816949152542293e+03
3.880401129943502383e+03
3.879836158192089897e+03
3.880697175141242496e+03
3.882823728813558773e+03
3.885993220338982610e+03
3.890064406779660658e+03
3.894872316384180067e+03
3.900204519774010805e+03
3.905871186440677775e+03
3.911635028248587332e+03
3.917107344632768218e+03
3.921929943502824244e+03
3.925865536723163586e+03
3.928870056497175028e+03
3.930851977401129261e+03
3.931638418079095572e+03
3.931250847457627060e+03
3.929858757062146651e+03
3.927722033898304289e+03
3.925179661016948558e+03
3.922705084745762178e+03
3.920494915254236730e+03
3.918640677966101066e+03
3.917398870056496889e+03
3.917112994350281951e+03
3.917666666666666060e+03
3.918666666666666060e+03
3.919755932203389420e+03
3.920731073446327173e+03
3.921546892655366719e+03
3.922374011299434642e+03
3.923316384180790919e+03
3.924315254237288173e+03
3.924836158192089897e+03
3.923959322033897934e+03
3.922737853107344563e+03
3.921146892655366628e+03
3.918901694915253756e+03
3.915679096045197184e+03
3.911384180790960272e+03
3.906203389830508058e+03
3.900441807909603995e+03
3.894231638418079001e+03
3.887581920903954597e+03
3.880362711864406720e+03
3.872538983050847037e+03
3.864415819209039000e+03
3.856383050847457071e+03
3.848336723163841270e+03
3.840042937853107105e+03
3.831585310734462837e+03
3.823214689265536435e+03
3.815129943502824972e+03
3.807545762711863972e+03
3.800614689265536526e+03
3.794375141242937389e+03
3.788879096045197912e+03
3.784319774011299160e+03
3.780623728813558955e+03
3.777480225988700568e+03
3.774688135593220068e+03
3.772199999999999818e+03
3.769968361581920817e+03
3.767941242937852621e+03
3.766357062146892076e+03
3.765620338983050260e+03
3.765877966101694255e+03
3.767087005649716957e+03
3.768551412429378161e+03
3.770293785310734165e+03
3.772181920903954506e+03
3.774110734463276458e+03
3.776302824858756594e+03
3.779142372881355186e+03
3.782989830508474370e+03
3.787945762711864518e+03
3.793783050847457162e+03
3.800138983050846946e+03
3.806779661016948467e+03
3.813484745762711100e+03
3.819928813559321497e+03
3.825797740112993779e+03
3.831053107344632281e+03
3.835812429378530396e+03
3.840030508474575981e+03
3.843723163841807491e+03
3.846918644067795867e+03
3.849636158192090079e+03
3.851746892655366537e+03
3.853189830508474188e+03
3.853877966101694255e+03
3.853989830508474370e+03
3.853807909604519409e+03
3.853427118644067377e+03
3.852578531073446356e+03
3.851194350282485175e+03
3.851160451977400953e+03
3.852430508474576072e+03
3.854850847457626969e+03
3.858302824858757049e+03
3.862570621468926220e+03
3.867488135593219795e+03
3.872916384180790374e+03
3.878620338983050260e+03
3.884227118644067559e+03
3.889299435028247899e+03
3.893673446327683450e+03
3.897250847457627060e+03
3.899833898305084404e+03
3.901267796610169171e+03
3.901540112994349784e+03
3.900726553672316186e+03
3.898948022598869102e+03
3.896667796610169262e+03
3.894291525423728672e+03
3.891967231638417616e+03
3.889848587570621021e+03
3.888324293785310147e+03
3.887700564971750737e+03
3.887962711864406174e+03
3.888853107344632008e+03
3.890010169491525176e+03
3.891109604519773711e+03
3.892099435028248081e+03
3.893101694915253574e+03
3.894184180790959999e+03
3.895308474576270783e+03
3.896433898305084767e+03
3.896761581920904064e+03
3.895689265536722814e+03
3.894209039548021792e+03
3.892178531073446266e+03
3.889235028248586787e+03
3.885224858757062066e+03
3.880277966101694801e+03
3.874627118644067650e+03
3.868481355932202860e+03
3.861881355932203405e+03
3.854644067796609761e+03
3.846710734463276367e+03
3.838477966101694619e+03
3.830245197740113326e+03
3.821935593220338887e+03
3.813413559322033507e+03
3.804709604519774075e+03
3.795984180790960181e+03
3.787422598870055936e+03
3.779285875706214483e+03
3.771698305084745243e+03
3.764694915254236548e+03
3.758472316384180431e+03
3.753211299435027740e+03
3.748837288135592644e+03
3.745111864406779205e+03
3.741871186440677775e+03
3.739045197740112599e+03
3.736476836158191873e+03
3.734033898305084676e+03
3.731990960451977116e+03
3.730712994350282315e+03
3.730338983050847673e+03
3.730846327683615527e+03
3.732292655367231418e+03
3.734505084745762360e+03
3.736828248587570670e+03
3.739180790960451759e+03
3.741690395480225561e+03
3.744696045197740204e+03
3.748609039548022338e+03
3.753612429378530578e+03
3.759551412429378615e+03
3.766153672316383563e+03
3.773224858757062066e+03
3.780517514124293029e+03
3.787618079096045221e+03
3.794259887005649489e+03
3.800377401129943792e+03
3.805940112994350329e+03
3.810928813559321497e+03
3.815372881355931895e+03
3.819320903954801906e+03
3.822762711864406810e+03
3.825659887005649580e+03
3.827862146892655346e+03
3.829247457627118820e+03
3.829942372881355823e+03
3.830327683615818842e+03
3.830561581920903336e+03
3.830327683615819296e+03
3.829170621468926583e+03
3.828323163841807400e+03
3.828768361581920544e+03
3.830458757062147015e+03
3.833244067796609670e+03
3.836946892655367265e+03
3.841396610169491396e+03
3.846488135593220250e+03
3.852062146892654710e+03
3.857684745762711373e+03
3.862951412429378252e+03
3.867697175141242496e+03
3.871758192090394914e+03
3.874861016949152145e+03
3.876924293785310510e+03
3.877881355932203405e+03
3.877624858757061702e+03
3.876298305084745607e+03
3.874355932203389784e+03
3.872149152542372576e+03
3.869795480225988285e+03
3.867523163841807218e+03
3.865737853107344563e+03
3.864772881355931986e+03
3.864732203389830374e+03
3.865444067796610398e+03
3.866572881355931713e+03
3.867755932203389875e+03
3.868866666666666788e+03
3.870004519774010987e+03
3.871181920903954961e+03
3.872395480225988649e+03
3.873609039548022338e+03
3.874856497175141158e+03
3.875024858757061338e+03
3.873687005649717321e+03
3.871917514124293575e+03
3.869349152542372394e+03
3.865801129943502929e+03
3.861225988700564812e+03
3.855823728813558773e+03
3.849952542372880998e+03
3.843633898305084585e+03
3.836558192090395096e+03
3.828777401129943428e+03
3.820673446327683450e+03
3.812457627118643813e+03
3.804115254237287900e+03
3.795601129943502201e+03
3.786884745762711646e+03
3.778011299435027922e+03
3.769268926553671918e+03
3.760866666666666333e+03
3.752862146892654891e+03
3.745360451977400771e+03
3.738592090395479772e+03
3.732758192090394914e+03
3.727814689265536344e+03
3.723571751412428966e+03
3.719942372881355368e+03
3.716796610169491032e+03
3.713888135593219886e+03
3.711082485875705970e+03
3.708612429378530578e+03
3.706774011299434733e+03
3.705723163841807946e+03
3.705545762711864427e+03
3.706196610169491578e+03
3.707751412429378433e+03
3.709952542372881453e+03
3.712178531073446266e+03
3.714447457627118638e+03
3.717065536723163859e+03
3.720479096045197366e+03
3.724934463276836141e+03
3.730335593220338978e+03
3.736524293785310874e+03
3.743366101694915415e+03
3.750566101694915233e+03
3.757723163841807946e+03
3.764557062146892804e+03
3.770946892655367265e+03
3.776805649717514370e+03
3.782102824858757231e+03
3.786828248587570670e+03
3.791044067796609852e+03
3.794786440677966311e+03
3.798018079096044858e+03
3.800602259887005403e+03
3.802302824858756594e+03
3.803220338983050624e+03
3.803811299435028559e+03
3.804268926553672372e+03
3.804270056497175119e+03
3.803424858757061884e+03
3.801786440677966311e+03
3.801375141242937843e+03
3.802225988700564812e+03
3.804221468926553825e+03
3.807154802259886765e+03
3.810903954802260159e+03
3.815457627118643813e+03
3.820593220338982974e+03
3.825893785310734529e+03
3.831061016949152418e+03
3.835850847457626969e+03
3.840009039548022884e+03
3.843320903954801906e+03
3.845710734463276822e+03
3.846995480225988558e+03
3.846960451977401135e+03
3.845790960451977298e+03
3.843871186440677775e+03
3.841472316384180886e+03
3.838736723163841816e+03
3.835942372881356278e+03
3.833451977401130080e+03
3.831623728813559865e+03
3.830715254237288264e+03
3.830672316384180704e+03
3.831144632768361589e+03
3.831777401129943428e+03
3.832439548022598501e+03
3.833140112994350602e+03
3.833859887005649853e+03
3.834588700564971987e+03
3.835361581920904428e+03
3.836138983050847855e+03
3.836830508474576618e+03
3.836282485875706698e+03
3.835247457627118820e+03
3.833595480225988922e+03
3.830993220338983065e+03
3.827273446327683814e+03
3.822728813559322134e+03
3.817680225988700840e+03
3.812056497175140976e+03
3.805612429378531488e+03
3.798454237288136028e+03
3.790844067796610034e+03
3.782962711864407538e+03
3.774946892655367265e+03
3.766732203389830829e+03
3.758264406779660931e+03
3.749583050847457798e+03
3.740943502824859024e+03
3.732526553672316368e+03
3.724348022598870557e+03
3.716575141242938116e+03
3.709474576271186834e+03
3.703261016949152690e+03
3.697883615819209354e+03
3.693253107344632554e+03
3.689398870056497344e+03
3.686097175141243497e+03
3.683036158192090625e+03
3.680089265536723360e+03
3.677420338983050897e+03
3.675247457627118820e+03
3.673805649717513916e+03
3.673224858757062066e+03
3.673362711864407174e+03
3.674297175141242860e+03
3.676405649717514279e+03
3.678736723163841361e+03
3.681004519774010987e+03
3.683507344632768763e+03
3.686700564971751646e+03
3.690836158192090352e+03
3.695896045197740023e+03
3.701881355932203405e+03
3.708663276836157820e+03
3.715957062146892895e+03
3.723402259887005584e+03
3.730680225988700840e+03
3.737645197740112962e+03
3.744145762711864336e+03
3.750103954802259977e+03
3.755500564971751373e+03
3.760383050847457525e+03
3.764822598870056481e+03
3.768823728813559683e+03
3.772199999999999818e+03
3.774656497175141340e+03
3.776315254237288173e+03
3.777623728813558955e+03
3.778762711864406810e+03
3.779507344632768309e+03
3.779497175141243133e+03
3.778630508474576345e+03
3.777462146892655255e+03
3.777579661016949103e+03
3.778870056497175028e+03
3.781153672316384473e+03
3.784368361581920908e+03
3.788494915254237185e+03
3.793302824858757049e+03
3.798487005649717503e+03
3.803751412429378433e+03
3.808758192090394914e+03
3.813230508474576709e+03
3.817033898305085131e+03
3.820039548022598865e+03
3.821936723163842089e+03
3.822508474576271510e+03
3.821915254237288082e+03
3.820449717514124131e+03
3.818315254237288173e+03
3.815738983050847310e+03
3.812931073446327900e+03
3.810212429378531397e+03
3.808031638418079183e+03
3.806717514124294212e+03
3.806318644067796413e+03
3.806541242937853895e+03
3.807081355932203678e+03
3.807771751412429694e+03
3.808499435028248627e+03
3.809255367231638502e+03
3.810025988700564994e+03
3.810875706214689671e+03
3.811697175141242951e+03
3.812435028248587514e+03
3.813146892655367537e+03
3.812476836158192327e+03
3.811170621468926583e+03
3.808964971751412577e+03
3.805613559322034234e+03
3.801447457627118638e+03
3.796725423728813439e+03
3.791341242937853167e+03
3.785136723163841907e+03
3.778199999999999818e+03
3.770680225988700840e+03
3.762828248587570670e+03
3.754786440677966311e+03
3.746549152542373122e+03
3.738004519774010987e+03
3.729190960451977844e+03
3.720403389830508786e+03
3.711715254237288718e+03
3.703162711864407356e+03
3.694906214689265653e+03
3.687276836158192054e+03
3.680429378531073780e+03
3.674352542372881999e+03
3.669119774011300251e+03
3.664710734463277277e+03
3.660931073446327900e+03
3.657450847457627333e+03
3.654168361581921090e+03
3.651047457627119002e+03
3.648329943502825245e+03
3.646328813559322498e+03
3.645083615819209626e+03
3.644451977401130534e+03
3.644555932203390512e+03
3.645738983050847764e+03
3.647607909604520501e+03
3.649359322033898934e+03
3.651268926553672827e+03
3.653750282485876596e+03
3.657010169491525630e+03
3.661180790960452214e+03
3.666352542372881544e+03
3.672438418079096209e+03
3.679184180790960454e+03
3.686255367231638957e+03
3.693346892655367810e+03
3.700232768361582202e+03
3.706753672316384836e+03
3.712801129943503383e+03
3.718331073446327991e+03
3.723298305084746517e+03
3.727892655367232237e+03
3.732171751412430240e+03
3.735864406779661294e+03
3.738645197740112962e+03
3.740627118644068105e+03
3.742233898305085404e+03
3.743685875706215029e+03
3.744812429378531306e+03
3.745297175141243315e+03
3.744975141242938207e+03
3.744013559322034325e+03
3.743475706214690035e+03
3.744061016949153327e+03
3.745664406779661476e+03
3.748332203389831193e+03
3.751979661016949649e+03
3.756378531073446538e+03
3.761328813559322498e+03
3.766553672316385018e+03
3.771666666666667425e+03
3.776368361581921818e+03
3.780597740112994870e+03
3.784128813559322680e+03
3.786595480225989377e+03
3.787840677966102248e+03
3.787882485875706607e+03
3.786928813559322407e+03
3.785206779661017208e+03
3.782896045197740932e+03
3.780175141242938480e+03
3.777355932203389784e+03
3.774908474576271601e+03
3.773229378531073962e+03
3.772461016949152963e+03
3.772400000000000546e+03
3.772769491525424201e+03
3.773444067796610398e+03
3.774203389830508968e+03
3.774987570621469331e+03
3.775844067796610943e+03
3.776768361581921454e+03
3.777661016949152781e+03
3.778471186440678139e+03
3.779202259887006221e+03
3.779299435028248809e+03
3.778344632768362317e+03
3.776540112994350693e+03
3.773693785310734711e+03
3.770072316384181249e+03
3.765792090395480955e+03
3.760823728813559683e+03
3.755070056497175756e+03
3.748527683615820024e+03
3.741296045197740568e+03
3.733666666666666970e+03
3.725828248587571579e+03
3.717715254237288718e+03
3.709246327683616073e+03
3.700534463276836505e+03
3.691771751412429694e+03
3.683009039548022884e+03
3.674235028248587696e+03
3.665694915254237912e+03
3.657677966101695347e+03
3.650291525423729126e+03
3.643603389830509514e+03
3.637788700564972714e+03
3.632829378531074326e+03
3.628564971751413395e+03
3.624732203389831284e+03
3.621079096045198639e+03
3.617536723163842908e+03
3.614312994350283589e+03
3.611749152542373849e+03
3.609851977401130171e+03
3.608499435028249536e+03
3.607802259887006585e+03
3.608057627118644632e+03
3.609557062146893259e+03
3.611675706214689853e+03
3.613862146892656256e+03
3.616416949152543566e+03
3.619624858757063066e+03
3.623672316384181613e+03
3.628692655367231964e+03
3.634699435028249354e+03
3.641477966101695529e+03
3.648744632768361953e+03
3.656172881355932986e+03
3.663519774011299887e+03
3.670630508474577255e+03
3.677341242937854076e+03
3.683483615819210172e+03
3.689070056497175756e+03
3.694327683615820206e+03
3.699309604519774894e+03
3.703715254237289173e+03
3.707209039548023611e+03
3.709892655367231782e+03
3.712120903954802998e+03
3.714151412429379889e+03
3.715900564971751919e+03
3.717035028248588333e+03
3.717402259887006949e+03
3.717178531073447175e+03
3.716423728813560047e+03
3.716345762711865063e+03
3.717355932203390694e+03
3.719457627118645178e+03
3.722560451977401499e+03
3.726534463276836505e+03
3.731249717514125223e+03
3.736397740112995052e+03
3.741550282485876323e+03
3.746494915254238094e+03
3.751114124293786062e+03
3.755154802259887674e+03
3.758255367231638957e+03
3.760174011299435733e+03
3.760875706214689671e+03
3.760494915254237640e+03
3.759245197740113781e+03
3.757259887005650398e+03
3.754677966101695802e+03
3.751766101694915960e+03
3.749035028248588787e+03
3.746925423728814621e+03
3.745624858757063066e+03
3.745044067796611216e+03
3.745044067796610761e+03
3.745401129943503747e+03
3.745870056497175938e+03
3.746389830508475370e+03
3.746977401129944155e+03
3.747589830508475188e+03
3.748153672316384473e+03
3.748685875706215484e+03
3.749013559322034780e+03
3.749082485875706880e+03
3.748837288135594008e+03
3.747888135593221705e+03
3.746065536723164769e+03
3.743468926553673100e+03
3.740177401129944883e+03
3.736228248587571670e+03
3.731537853107345654e+03
3.725986440677967039e+03
3.719684745762712737e+03
3.712943502824859479e+03
3.705912994350283043e+03
3.698570621468927129e+03
3.690837288135593553e+03
3.682866666666667697e+03
3.674813559322034962e+03
3.666638418079096937e+03
3.658400000000000546e+03
3.650310734463277640e+03
3.642603389830509514e+03
3.635385310734463928e+03
3.628844067796610943e+03
3.623122033898305745e+03
3.618251977401130716e+03
3.614190960451977844e+03
3.610699435028248899e+03
3.607402259887006039e+03
3.604183050847458162e+03
3.601264406779661840e+03
3.598948022598870466e+03
3.597194350282486084e+03
3.595945762711864518e+03
3.595285875706214938e+03
3.595442937853107651e+03
3.596702824858757594e+03
3.598327683615819751e+03
3.599962711864407538e+03
3.601846327683616437e+03
3.604245197740113326e+03
3.607403389830509241e+03
3.611532203389831011e+03
3.616666666666666970e+03
3.622715254237288718e+03
3.629395480225989559e+03
3.636405649717514734e+03
3.643473446327684087e+03
3.650471186440678593e+03
3.657153672316384473e+03
3.663261016949152690e+03
3.668821468926554189e+03
3.674102824858757231e+03
3.679148022598870739e+03
3.683682485875706334e+03
3.687359322033898479e+03
3.690183050847457707e+03
3.692509604519774257e+03
3.694629378531073598e+03
3.696450847457627788e+03
3.697687005649718230e+03
3.698281355932203951e+03
3.698297175141243315e+03
3.697731073446328082e+03
3.696955932203390148e+03
3.697310734463277186e+03
3.698763841807910012e+03
3.701200000000000728e+03
3.704631638418079547e+03
3.708949152542372758e+03
3.713794350282485993e+03
3.718815819209040001e+03
3.723787570621469058e+03
3.728571751412429876e+03
3.732899435028249172e+03
3.736432768361582021e+03
3.738861016949153054e+03
3.740089265536723360e+03
3.740178531073446720e+03
3.739302824858757504e+03
3.737615819209039728e+03
3.735179661016949467e+03
3.732221468926553825e+03
3.729251977401130262e+03
3.726740112994350966e+03
3.724900564971751464e+03
3.723858757062147561e+03
3.723511864406779750e+03
3.723602259887005857e+03
3.723905084745762906e+03
3.724388700564972169e+03
3.724959322033898388e+03
3.725550282485875869e+03
3.726229378531073962e+03
3.726934463276836141e+03
3.727362711864407174e+03
3.727481355932203769e+03
3.727680225988700840e+03
3.726932203389830647e+03
3.725361581920904428e+03
3.723011299435028377e+03
3.719945762711864973e+03
3.716219209039548332e+03
3.711718644067796959e+03
3.706323163841808309e+03
3.700088135593220613e+03
3.693353672316384291e+03
3.686268926553672827e+03
3.678764971751412759e+03
3.670859887005649853e+03
3.662718644067796959e+03
3.654413559322034416e+03
3.645906214689266108e+03
3.637297175141243315e+03
3.628785310734463565e+03
3.620491525423729399e+03
3.612606779661017299e+03
3.605326553672316550e+03
3.598792090395480955e+03
3.593124293785311238e+03
3.588378531073446993e+03
3.584301694915254757e+03
3.580483615819209263e+03
3.576764971751413213e+03
3.573366101694915869e+03
3.570461016949152963e+03
3.568085875706215120e+03
3.566197740112994779e+03
3.564805649717514370e+03
3.564091525423728854e+03
3.564406779661017026e+03
3.565992090395480773e+03
3.567783050847458071e+03
3.569653107344633099e+03
3.571868926553672281e+03
3.574712994350283225e+03
3.578429378531073780e+03
3.583119774011299796e+03
3.588787570621469058e+03
3.595212429378530942e+03
3.602024858757062702e+03
3.609062146892655619e+03
3.616166101694915596e+03
3.623000000000000000e+03
3.629273446327683814e+03
3.635011299435028377e+03
3.640473446327683632e+03
3.645698305084746153e+03
3.650453107344632826e+03
3.654368361581920908e+03
3.657389830508474915e+03
3.659847457627118729e+03
3.662059887005650126e+03
3.663906214689265653e+03
3.665221468926553825e+03
3.665952542372881908e+03
3.666116384180791101e+03
3.665645197740112962e+03
3.664563841807909739e+03
3.664579661016949558e+03
3.665622598870056208e+03
3.667688135593220522e+03
3.670820338983050533e+03
3.674945762711864518e+03
3.679705084745762633e+03
3.684801129943502929e+03
3.690031638418079638e+03
3.695193220338983338e+03
3.700085875706215120e+03
3.704331073446327991e+03
3.707610169491525085e+03
3.709709604519774075e+03
3.710671186440677957e+03
3.710642937853107469e+03
3.709709604519774075e+03
3.707872316384180522e+03
3.705366101694915415e+03
3.702674576271187107e+03
3.700186440677965948e+03
3.698287005649717685e+03
3.697189830508475097e+03
3.696810169491525812e+03
3.696938983050847582e+03
3.697438418079096664e+03
3.698186440677966857e+03
3.698998870056497253e+03
3.699861016949153054e+03
3.700894915254237731e+03
3.701949152542373668e+03
3.702711864406780023e+03
3.703091525423728854e+03
3.703412429378531669e+03
3.703366101694915415e+03
3.702021468926554007e+03
3.699919774011299978e+03
3.697164971751412850e+03
3.693786440677966311e+03
3.689680225988700840e+03
3.684628248587570852e+03
3.678752542372881635e+03
3.672344632768362317e+03
3.665501694915255030e+03
3.658159322033899116e+03
3.650446327683616346e+03
3.642483615819209263e+03
3.634307344632768945e+03
3.625907344632768400e+03
3.617401129943503292e+03
3.608872316384181431e+03
3.600489265536723906e+03
3.592445197740113144e+03
3.584881355932204315e+03
3.577949152542372758e+03
3.571899435028249172e+03
3.566863276836158548e+03
3.562552542372881362e+03
3.558579661016949558e+03
3.554801129943502929e+03
3.551310734463277186e+03
3.548245197740113326e+03
3.545706214689265380e+03
3.543631638418079092e+03
3.541975141242938207e+03
3.540893785310734529e+03
3.540750282485875687e+03
3.541763841807909557e+03
3.543496045197740386e+03
3.545194350282486084e+03
3.547123163841808491e+03
3.549528813559322316e+03
3.552656497175141340e+03
3.556759322033898570e+03
3.561884745762711646e+03
3.567823728813559683e+03
3.574302824858757504e+03
3.581201129943503474e+03
3.588319774011300069e+03
3.595261016949152690e+03
3.601728813559322589e+03
3.607696045197740659e+03
3.613383050847457980e+03
3.618907344632768400e+03
3.624036158192090625e+03
3.628398870056497799e+03
3.631868926553672281e+03
3.634805649717513916e+03
3.637421468926553644e+03
3.639667796610169717e+03
3.641447457627118638e+03
3.642753672316384382e+03
3.643494915254237640e+03
3.643594350282486175e+03
3.643172881355932077e+03
3.642307344632768945e+03
3.642414689265536708e+03
3.643578531073446811e+03
3.645883615819209354e+03
3.649237288135593190e+03
3.653377401129943792e+03
3.657998870056497253e+03
3.662928813559322407e+03
3.667964971751412577e+03
3.672902824858757413e+03
3.677410169491525721e+03
3.681094915254237549e+03
3.683663276836158730e+03
3.685157062146892713e+03
3.685670056497175210e+03
3.685172881355932077e+03
3.683683615819209081e+03
3.681442937853107651e+03
3.678769491525423746e+03
3.676056497175140976e+03
3.673795480225989195e+03
3.672262146892655437e+03
3.671428248587571034e+03
3.671162711864407356e+03
3.671411299435028013e+03
3.671923163841807764e+03
3.672487005649717503e+03
3.673196610169491578e+03
3.674125423728813985e+03
3.675085875706215120e+03
3.675779661016949831e+03
3.676079096045197730e+03
3.676136723163841907e+03
3.676380790960452032e+03
3.675609039548022793e+03
3.674123163841808491e+03
3.672016949152542566e+03
3.669370621468926402e+03
3.665946892655367265e+03
3.661577401129943610e+03
3.656388700564971714e+03
3.650594350282485721e+03
3.644244067796610125e+03
3.637360451977401226e+03
3.630056497175140976e+03
3.622448587570621385e+03
3.614548022598870375e+03
3.606418079096045403e+03
3.598102824858757231e+03
3.589672316384181158e+03
3.581318644067796413e+03
3.573180790960452214e+03
3.565371751412429148e+03
3.558085875706214665e+03
3.551649717514124404e+03
3.546227118644068014e+03
3.541612429378531033e+03
3.537455367231638775e+03
3.533553672316384109e+03
3.529925423728813257e+03
3.526722033898305199e+03
3.524029378531073235e+03
3.521790960451977298e+03
3.519882485875706152e+03
3.518497175141243133e+03
3.517976271186440499e+03
3.518512994350282497e+03
3.520170621468926129e+03
3.521901694915253756e+03
3.523717514124293302e+03
3.525833898305084858e+03
3.528538983050847492e+03
3.532174011299434824e+03
3.536842937853107287e+03
3.542333333333333030e+03
3.548473446327683632e+03
3.555178531073446266e+03
3.562247457627118820e+03
3.569291525423728672e+03
3.575932203389830647e+03
3.582059887005649216e+03
3.587936723163841634e+03
3.593720903954801997e+03
3.599144632768361589e+03
3.603794350282485539e+03
3.607627118644067650e+03
3.610879096045197912e+03
3.613705084745762633e+03
3.616125423728813530e+03
3.618159322033898206e+03
3.619741242937852803e+03
3.620710734463276822e+03
3.621073446327683996e+03
3.620929943502824699e+03
3.620323163841807400e+03
3.619709604519774075e+03
3.620154802259887219e+03
3.621781920903954870e+03
3.624524293785310874e+03
3.628174011299434824e+03
3.632464406779660749e+03
3.637199999999999818e+03
3.642187570621468694e+03
3.647240677966101885e+03
3.652080225988700477e+03
3.656230508474576709e+03
3.659415819209039910e+03
3.661599999999999909e+03
3.662788700564971805e+03
3.662941242937853076e+03
3.662080225988700477e+03
3.660333333333333030e+03
3.657950282485875505e+03
3.655319774011299614e+03
3.653009039548022884e+03
3.651276836158192054e+03
3.650172881355932532e+03
3.649775141242937934e+03
3.649986440677966584e+03
3.650499435028249081e+03
3.651131073446328173e+03
3.651989830508475279e+03
3.653110734463277367e+03
3.654332203389831193e+03
3.655344632768361862e+03
3.655964971751412577e+03
3.656264406779660931e+03
3.656566101694915233e+03
3.656897175141243224e+03
3.655544632768362135e+03
3.653653107344633099e+03
3.651261016949153145e+03
3.648072316384181249e+03
3.643981920903955142e+03
3.639114124293785608e+03
3.633563841807909739e+03
3.627369491525423655e+03
3.620616949152542475e+03
3.613444067796610398e+03
3.605876836158192418e+03
3.598005649717514643e+03
3.589906214689265653e+03
3.581545762711864427e+03
3.573032768361581930e+03
3.564548022598870375e+03
3.556201129943502565e+03
3.548024858757062248e+03
3.540263276836158184e+03
3.533314124293785426e+03
3.527358192090395278e+03
3.522264406779660931e+03
3.517764971751412304e+03
3.513586440677966493e+03
3.509683615819209081e+03
3.506201129943503474e+03
3.503232768361582202e+03
3.500646327683616619e+03
3.498368361581921363e+03
3.496557062146893259e+03
3.495470056497175392e+03
3.495311864406779932e+03
3.496169491525424291e+03
3.498196610169491578e+03
3.500388700564972169e+03
3.502707344632768582e+03
3.505518644067797140e+03
3.509193220338983338e+03
3.513835028248588060e+03
3.519309604519774439e+03
3.525534463276836505e+03
3.532450847457627788e+03
3.539875706214689671e+03
3.547415819209039910e+03
3.554613559322034689e+03
3.561331073446327991e+03
3.567812429378531306e+03
3.574219209039548787e+03
3.580284745762712191e+03
3.585594350282486630e+03
3.590149152542373486e+03
3.594055367231639138e+03
3.597422598870057300e+03
3.600332203389831193e+03
3.602854237288136119e+03
3.604903954802260614e+03
3.606306214689266199e+03
3.607100564971751737e+03
3.607349152542373304e+03
3.607050847457627697e+03
3.606202259887006221e+03
3.605853107344633372e+03
3.606648587570622112e+03
3.608594350282486630e+03
3.611512994350282952e+03
3.615197740112995234e+03
3.619410169491526176e+03
3.624005649717514643e+03
3.628882485875707061e+03
3.633701694915254848e+03
3.637969491525424473e+03
3.641432768361582475e+03
3.643997740112995416e+03
3.645572881355932623e+03
3.646125423728813985e+03
3.645648587570622112e+03
3.644184180790961364e+03
3.641884745762712555e+03
3.639223728813560228e+03
3.636657627118644996e+03
3.634472316384181340e+03
3.632880225988701113e+03
3.632062146892655619e+03
3.631893785310734984e+03
3.632089265536723815e+03
3.632501694915255030e+03
3.633177401129943974e+03
3.634178531073446720e+03
3.635372881355932805e+03
3.636484745762712919e+03
3.637216949152542838e+03
3.637538983050847946e+03
3.637766101694915960e+03
3.638350282485876050e+03
3.638168361581921090e+03
3.636635028248588242e+03
3.634570621468927129e+03
3.631745762711865154e+03
3.628081355932204133e+03
3.623597740112994870e+03
3.618346892655367810e+03
3.612424858757062793e+03
3.605881355932203860e+03
3.598810169491525812e+03
3.591298305084746517e+03
3.583467796610169898e+03
3.575328813559322953e+03
3.566874576271186925e+03
3.558213559322034598e+03
3.549531073446328264e+03
3.540855367231638866e+03
3.532212429378531851e+03
3.523880225988701568e+03
3.516218079096046040e+03
3.509487005649718412e+03
3.503667796610170171e+03
3.498525423728814530e+03
3.493748022598871103e+03
3.489277966101695711e+03
3.485250847457627970e+03
3.481725423728814349e+03
3.478570621468927129e+03
3.475694915254237458e+03
3.473236158192091352e+03
3.471397740112995052e+03
3.470392090395480864e+03
3.470290395480226834e+03
3.471302824858757958e+03
3.473577401129943610e+03
3.475822598870056936e+03
3.478458757062147924e+03
3.481829378531074326e+03
3.486087005649718321e+03
3.491201129943503474e+03
3.497116384180792011e+03
3.503790960451977753e+03
3.511168361581921545e+03
3.518822598870056936e+03
3.526216949152542838e+03
3.533168361581921545e+03
3.539964971751413032e+03
3.546710734463277731e+03
3.553122033898305745e+03
3.558910734463277095e+03
3.563980790960452396e+03
3.568368361581921363e+03
3.572132203389831375e+03
3.575454237288136028e+03
3.578407909604520228e+03
3.580880225988701113e+03
3.582755932203390330e+03
3.584082485875706880e+03
3.584822598870056936e+03
3.585000000000000455e+03
3.584722033898305654e+03
3.583964971751413032e+03
3.584149152542373486e+03
3.585463276836158911e+03
3.587847457627119184e+03
3.591070056497175756e+03
3.594890395480226289e+03
3.599244067796610580e+03
3.604053107344633190e+03
3.608912994350283043e+03
3.613411299435028923e+03
3.617274576271187470e+03
3.620328813559322953e+03
3.622407909604520228e+03
3.623509604519774712e+03
3.623595480225989377e+03
3.622558192090396005e+03
3.620564971751413395e+03
3.618047457627119002e+03
3.615364971751412668e+03
3.612839548022599047e+03
3.610837288135593553e+03
3.609592090395481137e+03
3.609014689265537072e+03
3.608854237288135664e+03
3.608962711864407083e+03
3.609387570621469422e+03
3.610151412429378979e+03
3.611200000000000728e+03
3.612285875706215393e+03
3.613035028248587878e+03
3.613302824858757958e+03
3.613400000000000546e+03
3.613741242937853713e+03
3.614351412429379252e+03
3.613397740112995052e+03
3.611815819209040001e+03
3.609536723163841998e+03
3.606466666666667152e+03
3.602574011299435369e+03
3.597866666666666788e+03
3.592438418079096209e+03
3.586335593220338978e+03
3.579609039548022793e+03
3.572436158192090716e+03
3.564901694915254666e+03
3.556987570621469331e+03
3.548708474576271328e+03
3.540211299435028650e+03
3.531649717514124859e+03
3.522996610169491760e+03
3.514290395480226380e+03
3.505761581920904064e+03
3.497764971751412759e+03
3.490611299435028741e+03
3.484444067796610398e+03
3.479020338983051261e+03
3.474019209039548514e+03
3.469390960451977662e+03
3.465267796610170080e+03
3.461646327683615709e+03
3.458402259887006039e+03
3.455438418079096664e+03
3.452858757062147106e+03
3.450858757062147106e+03
3.449560451977401499e+03
3.449074576271186743e+03
3.449662146892655983e+03
3.451484745762712464e+03
3.453375141242938298e+03
3.455511864406780660e+03
3.458241807909605086e+03
3.461794350282486448e+03
3.466176271186441227e+03
3.471372881355932805e+03
3.477454237288135573e+03
3.484401129943503292e+03
3.491801129943502929e+03
3.499047457627119002e+03
3.506016949152542566e+03
3.512866666666666788e+03
3.519688135593220977e+03
3.526233898305084949e+03
3.532309604519774439e+03
3.537752542372882090e+03
3.542471186440678139e+03
3.546570621468926674e+03
3.550228248587571215e+03
3.553498305084745880e+03
3.556283615819209444e+03
3.558563841807909739e+03
3.560307344632768945e+03
3.561428248587571034e+03
3.561992090395480773e+03
3.562133333333333667e+03
3.561846327683616437e+03
3.561105084745762724e+03
3.561518644067796686e+03
3.563058757062146924e+03
3.565447457627118638e+03
3.568520903954802634e+03
3.572293785310735075e+03
3.576597740112994870e+03
3.581111864406780114e+03
3.585477966101695529e+03
3.589386440677966675e+03
3.592534463276836505e+03
3.594815819209039546e+03
3.596198870056497526e+03
3.596541242937853440e+03
3.595723163841808400e+03
3.593874576271186925e+03
3.591334463276836686e+03
3.588402259887005584e+03
3.585419209039548150e+03
3.582849717514124677e+03
3.580992090395480318e+03
3.579818079096045039e+03
3.579114124293785608e+03
3.578780790960451668e+03
3.578807909604519864e+03
3.579211299435028650e+03
3.580036158192090625e+03
3.581039548022598865e+03
3.581751412429378433e+03
3.582011299435028377e+03
3.582041807909604358e+03
3.582199999999999818e+03
3.582589830508474279e+03
3.582885875706214392e+03
3.581790960451977298e+03
3.580006779661016935e+03
3.577456497175141521e+03
3.574084745762712373e+03
3.569907344632768400e+03
3.564987570621468876e+03
3.559290395480225925e+03
3.552917514124294030e+03
3.546057627118643722e+03
3.538774011299435188e+03
3.531037288135593371e+03
3.522900564971751464e+03
3.514553672316384109e+03
3.506073446327683541e+03
3.497427118644067832e+03
3.488656497175141340e+03
3.479972881355932259e+03
3.471772881355932441e+03
3.464141242937853349e+03
3.457456497175141521e+03
3.451540112994350238e+03
3.446102824858757231e+03
3.441080225988700931e+03
3.436567231638417979e+03
3.432551412429378615e+03
3.428885875706214847e+03
3.425493785310734438e+03
3.422450847457627788e+03
3.419876836158192418e+03
3.417885875706215302e+03
3.416620338983051170e+03
3.416337853107344927e+03
3.417175141242937570e+03
3.419179661016949012e+03
3.421499435028248627e+03
3.424310734463276731e+03
3.427879096045197912e+03
3.432211299435028195e+03
3.437307344632768036e+03
3.443411299435028468e+03
3.450572881355932623e+03
3.458273446327683814e+03
3.465997740112994506e+03
3.473579661016949558e+03
3.481116384180791101e+03
3.488588700564971987e+03
3.495888135593220795e+03
3.502872316384181431e+03
3.509241807909605086e+03
3.514905084745762906e+03
3.519944632768361771e+03
3.524540112994350693e+03
3.528671186440677957e+03
3.532353672316384291e+03
3.535558192090396005e+03
3.538232768361582202e+03
3.540274576271187016e+03
3.541744632768361953e+03
3.542781920903955324e+03
3.543376271186441045e+03
3.543467796610169898e+03
3.543456497175141521e+03
3.544566101694915687e+03
3.546576271186441318e+03
3.549409039548023429e+03
3.553022598870057209e+03
3.557268926553672827e+03
3.561914124293785790e+03
3.566650847457627606e+03
3.571070056497175756e+03
3.574875706214689671e+03
3.577944632768362226e+03
3.580224858757062975e+03
3.581479096045198276e+03
3.581544632768362135e+03
3.580580790960452759e+03
3.578770621468926947e+03
3.576351412429378797e+03
3.573691525423729217e+03
3.571290395480226380e+03
3.569483615819209263e+03
3.568333333333333940e+03
3.567719774011299705e+03
3.567506214689266017e+03
3.567619209039547968e+03
3.568144632768362044e+03
3.569190960451977844e+03
3.570484745762712009e+03
3.571548022598870375e+03
3.572180790960452214e+03
3.572542372881356187e+03
3.572851977401130171e+03
3.573265536723164587e+03
3.573900564971751919e+03
3.573940112994350784e+03
3.572689265536723724e+03
3.570502824858757322e+03
3.567535593220339251e+03
3.563813559322034507e+03
3.559331073446328446e+03
3.554045197740113508e+03
3.548055367231638684e+03
3.541558192090396005e+03
3.534590960451977935e+03
3.527125423728813985e+03
3.519244067796610580e+03
3.511111864406780114e+03
3.502772881355932441e+03
3.494258757062147197e+03
3.485544632768362135e+03
3.476887005649718049e+03
3.468761581920904064e+03
3.461245197740113326e+03
3.454242937853107833e+03
3.447867796610169535e+03
3.442033898305085131e+03
3.436651977401130353e+03
3.431810169491525812e+03
3.427472316384180886e+03
3.423466666666667152e+03
3.419716384180791465e+03
3.416327683615819751e+03
3.413329943502825699e+03
3.410769491525424201e+03
3.408871186440678230e+03
3.407853107344632917e+03
3.407816949152542293e+03
3.408928813559322407e+03
3.410755932203390330e+03
3.412983050847457889e+03
3.415847457627119184e+03
3.419288135593220886e+03
3.423477966101695529e+03
3.428736723163841816e+03
3.435110734463277367e+03
3.442155932203389966e+03
3.449366101694915415e+03
3.456580790960452759e+03
3.463755932203390330e+03
3.470908474576271601e+03
3.478009039548022884e+03
3.484859887005649853e+03
3.491166101694915596e+03
3.496803389830508877e+03
3.501864406779661294e+03
3.506396610169491396e+03
3.510458757062147015e+03
3.514129943502824972e+03
3.517384180790960727e+03
3.520072316384181249e+03
3.522180790960452214e+03
3.523727683615819842e+03
3.524805649717514370e+03
3.525535593220339251e+03
3.525864406779661294e+03
3.525540112994350238e+03
3.525942372881356732e+03
3.527293785310735075e+03
3.529515254237288900e+03
3.532546892655367628e+03
3.536301694915254757e+03
3.540610169491525994e+03
3.545163841807910103e+03
3.549524293785311329e+03
3.553406779661017026e+03
3.556689265536723724e+03
3.559247457627118820e+03
3.560806779661017117e+03
3.561209039548022702e+03
3.560525423728814076e+03
3.558847457627119184e+03
3.556353672316384291e+03
3.553406779661017026e+03
3.550502824858756867e+03
3.548020338983051261e+03
3.546111864406780114e+03
3.544777401129943428e+03
3.543821468926554189e+03
3.543157062146892713e+03
3.542955932203390148e+03
3.543362711864407174e+03
3.544090395480226107e+03
3.544676836158192600e+03
3.544917514124294030e+03
3.544831638418079365e+03
3.544588700564971987e+03
3.544352542372881544e+03
3.544251977401129807e+03
3.544380790960452487e+03
3.543806779661017117e+03
3.542554802259886856e+03
3.540605649717514098e+03
3.537941242937853076e+03
3.534485875706214756e+03
3.530175141242938025e+03
3.525159322033898661e+03
3.519552542372881362e+03
3.513383050847457980e+03
3.506664406779661476e+03
3.499502824858757322e+03
3.491990960451977571e+03
3.484264406779660931e+03
3.476344632768362317e+03
3.468126553672316732e+03
3.459628248587571306e+03
3.451194350282486539e+03
3.443262146892655437e+03
3.436132203389830465e+03
3.429705084745763088e+03
3.423854237288136119e+03
3.418502824858757776e+03
3.413729943502825336e+03
3.409450847457627788e+03
3.405509604519774712e+03
3.401916384180791738e+03
3.398648587570622112e+03
3.395677966101695347e+03
3.393094915254238003e+03
3.391131073446328628e+03
3.389885875706215302e+03
3.389506214689266017e+03
3.390270056497175574e+03
3.392183050847458162e+03
3.394390960451978117e+03
3.397053107344633645e+03
3.400150282485876232e+03
3.403931073446328355e+03
3.408768361581921454e+03
3.414742372881356459e+03
3.421498305084746335e+03
3.428631638418080001e+03
3.435862146892655801e+03
3.443085875706215120e+03
3.450322033898305563e+03
3.457596610169492124e+03
3.464684745762712737e+03
3.471283615819210354e+03
3.477306214689266199e+03
3.482720903954803362e+03
3.487544632768362135e+03
3.491883615819209808e+03
3.495822598870057391e+03
3.499327683615820206e+03
3.502326553672317459e+03
3.504743502824860116e+03
3.506551412429379525e+03
3.507839548022599956e+03
3.508813559322034507e+03
3.509397740112995052e+03
3.509352542372882453e+03
3.509261016949153145e+03
3.510174011299435733e+03
3.512011299435029287e+03
3.514684745762712737e+03
3.518132203389831375e+03
3.522310734463277640e+03
3.526889265536723997e+03
3.531424858757062793e+03
3.535661016949153236e+03
3.539457627118645178e+03
3.542604519774012260e+03
3.544803389830509332e+03
3.545963841807910285e+03
3.546029378531074144e+03
3.545028248587571397e+03
3.543050847457628151e+03
3.540465536723164405e+03
3.537709604519774985e+03
3.535215819209040092e+03
3.533263276836159093e+03
3.531905084745763816e+03
3.530919774011300433e+03
3.530232768361583112e+03
3.530098305084746698e+03
3.530628248587571306e+03
3.531570621468927129e+03
3.532544632768362590e+03
3.533282485875706698e+03
3.533716384180792375e+03
3.533961581920904791e+03
3.534142372881357005e+03
3.534355932203391149e+03
3.534707344632769491e+03
3.535003389830509150e+03
3.534177401129944883e+03
3.532223728813560228e+03
3.529607909604520501e+03
3.526169491525424746e+03
3.521881355932204315e+03
3.516880225988701568e+03
3.511247457627119729e+03
3.504985310734464292e+03
3.498180790960453123e+03
3.490861016949153054e+03
3.483162711864407356e+03
3.475242937853108288e+03
3.467126553672317641e+03
3.458705084745763997e+03
3.449922033898305926e+03
3.441409039548023884e+03
3.433532203389831921e+03
3.426324293785311966e+03
3.419605649717515007e+03
3.413084745762712828e+03
3.407169491525424746e+03
3.401867796610170444e+03
3.397067796610170717e+03
3.392681355932204497e+03
3.388710734463277731e+03
3.385049717514125405e+03
3.381655367231639502e+03
3.378646327683616619e+03
3.376149152542373486e+03
3.374253107344634373e+03
3.373179661016950377e+03
3.373180790960453123e+03
3.374314124293786335e+03
3.376166101694916506e+03
3.378322033898306472e+03
3.380784180790961727e+03
3.383870056497176392e+03
3.387977401129944610e+03
3.393215819209041001e+03
3.399367231638419071e+03
3.406088135593221523e+03
3.413016949152543475e+03
3.419986440677967039e+03
3.427076836158193146e+03
3.434256497175142613e+03
3.441299435028249718e+03
3.447987570621469786e+03
3.454183050847458617e+03
3.459759322033899480e+03
3.464743502824859661e+03
3.469249717514125223e+03
3.473343502824859570e+03
3.476994350282487176e+03
3.480203389830509423e+03
3.482856497175142067e+03
3.484845197740113690e+03
3.486354802259887947e+03
3.487578531073447266e+03
3.488420338983051806e+03
3.488654237288136756e+03
3.488316384180791829e+03
3.488664406779661931e+03
3.489931073446328810e+03
3.492047457627119911e+03
3.495042937853108015e+03
3.498854237288136574e+03
3.503206779661018118e+03
3.507673446327684815e+03
3.512032768361583294e+03
3.516105084745763634e+03
3.519635028248588696e+03
3.522318644067797777e+03
3.524067796610170717e+03
3.524757062146893986e+03
3.524314124293786335e+03
3.522829378531074326e+03
3.520557062146894168e+03
3.517889265536724452e+03
3.515301694915255212e+03
3.513218079096046495e+03
3.511663276836159184e+03
3.510438418079096664e+03
3.509554802259887765e+03
3.509231638418080365e+03
3.509595480225989832e+03
3.510483615819210172e+03
3.511557062146893713e+03
3.512484745762712919e+03
3.513143502824859752e+03
3.513590960451978390e+03
3.513917514124294939e+03
3.514151412429378979e+03
3.514439548022599411e+03
3.515045197740114418e+03
3.514510734463277913e+03
3.512925423728814621e+03
3.510699435028249354e+03
3.507684745762713192e+03
3.503861016949153509e+03
3.499288135593221341e+03
3.494033898305085586e+03
3.488169491525424746e+03
3.481702824858757594e+03
3.474621468926555281e+03
3.467129943502825881e+03
3.459420338983051806e+03
3.451506214689266471e+03
3.443250847457627970e+03
3.434559322033899662e+03
3.425653107344634009e+03
3.416993220338984429e+03
3.408980790960452850e+03
3.401520903954803089e+03
3.394648587570622112e+03
3.388432768361582930e+03
3.382812429378532215e+03
3.377715254237288718e+03
3.373116384180792011e+03
3.368957062146893350e+03
3.365068926553673009e+03
3.361481355932204224e+03
3.358274576271187470e+03
3.355456497175141976e+03
3.353164971751413304e+03
3.351620338983051624e+03
3.351054237288136392e+03
3.351552542372881817e+03
3.353177401129943974e+03
3.355503954802260523e+03
3.357995480225989468e+03
3.361004519774011897e+03
3.364898305084746426e+03
3.369865536723164951e+03
3.375847457627119638e+03
3.382520903954802634e+03
3.389461016949153418e+03
3.396557062146893259e+03
3.403818079096045949e+03
3.411196610169492487e+03
3.418515254237288900e+03
3.425603389830509514e+03
3.432229378531073962e+03
3.438247457627119729e+03
3.443699435028249354e+03
3.448616949152543384e+03
3.453053107344633645e+03
3.457107344632769582e+03
3.460753672316385291e+03
3.463789830508475461e+03
3.466153672316385382e+03
3.468040677966102521e+03
3.469614689265537891e+03
3.470755932203391239e+03
3.471366101694916324e+03
3.471455367231639684e+03
3.471148022598871194e+03
3.471741242937854167e+03
3.473201129943503929e+03
3.475627118644069014e+03
3.478990960451978026e+03
3.483010169491526540e+03
3.487328813559322953e+03
3.491769491525425110e+03
3.496059887005651035e+03
3.499916384180792193e+03
3.503136723163842817e+03
3.505518644067797595e+03
3.506909604519775257e+03
3.507154802259888129e+03
3.506323163841808764e+03
3.504522033898306290e+03
3.502091525423729763e+03
3.499603389830509514e+03
3.497474576271187289e+03
3.495790960451978208e+03
3.494401129943503747e+03
3.493345762711865063e+03
3.492837288135594463e+03
3.492995480225989922e+03
3.493758192090396733e+03
3.494827118644068833e+03
3.495847457627119638e+03
3.496632768361583203e+03
3.497230508474577618e+03
3.497621468926554826e+03
3.497796610169492851e+03
3.497949152542373668e+03
3.498301694915254757e+03
3.498962711864407538e+03
3.498480225988701932e+03
3.496795480225989195e+03
3.494416949152543111e+03
3.491256497175142158e+03
3.487337853107345381e+03
3.482757062146893077e+03
3.477537853107345200e+03
3.471673446327684360e+03
3.465160451977401863e+03
3.458162711864407356e+03
3.450912994350283498e+03
3.443496045197740386e+03
3.435709604519774530e+03
3.427429378531073780e+03
3.418829378531074326e+03
3.410378531073446993e+03
3.402355932203390694e+03
3.394929943502825154e+03
3.388015819209040274e+03
3.381725423728814349e+03
3.376025988700565904e+03
3.370903954802260614e+03
3.366364971751413123e+03
3.362240677966102339e+03
3.358441807909604904e+03
3.354981920903955597e+03
3.351858757062147561e+03
3.349059887005650580e+03
3.346690395480226471e+03
3.344986440677967039e+03
3.344138983050848310e+03
3.344311864406780842e+03
3.345559322033899207e+03
3.347668926553672918e+03
3.349874576271186925e+03
3.352458757062147470e+03
3.355766101694915960e+03
3.360142372881356550e+03
3.365613559322034689e+03
3.371868926553673191e+03
3.378551412429379070e+03
3.385511864406780660e+03
3.392701694915254848e+03
3.400046327683616710e+03
3.407465536723164405e+03
3.414768361581921454e+03
3.421679096045198094e+03
3.428070056497175756e+03
3.433927683615819660e+03
3.439192090395481046e+03
3.443978531073446902e+03
3.448419209039549060e+03
3.452454237288136483e+03
3.455853107344633827e+03
3.458594350282486630e+03
3.460879096045198821e+03
3.462775141242938844e+03
3.464256497175142158e+03
3.465246327683616983e+03
3.465724293785311602e+03
3.465665536723164223e+03
3.465425988700565540e+03
3.466099435028248990e+03
3.467804519774012078e+03
3.470485875706215666e+03
3.473899435028249172e+03
3.477812429378532215e+03
3.482001129943503656e+03
3.486202259887006221e+03
3.490133333333334122e+03
3.493574011299436279e+03
3.496296045197741023e+03
3.498089265536724270e+03
3.498836158192091261e+03
3.498487005649718412e+03
3.497032768361582839e+03
3.494763841807910467e+03
3.492240677966102339e+03
3.489953672316385109e+03
3.488009039548023793e+03
3.486343502824859570e+03
3.484989830508475279e+03
3.484134463276836868e+03
3.483983050847458799e+03
3.484519774011300342e+03
3.485487005649718412e+03
3.486522033898306290e+03
3.487466666666667606e+03
3.488274576271187470e+03
3.488814689265537709e+03
3.489120903954803453e+03
3.489355932203390694e+03
3.489683615819209990e+03
3.490235028248588605e+03
3.490598870056498072e+03
3.489779661016950286e+03
3.487683615819209990e+03
3.484822598870057391e+03
3.481185310734464110e+03
3.476863276836159457e+03
3.471894915254238185e+03
3.466209039548023611e+03
3.459828248587571579e+03
3.452858757062147561e+03
3.445597740112994870e+03
3.438144632768362499e+03
3.430312994350283589e+03
3.421910734463277549e+03
3.413154802259888129e+03
3.404362711864407174e+03
3.395814689265537254e+03
3.387897175141243679e+03
3.380390960451978572e+03
3.373412429378532124e+03
3.367006779661017845e+03
3.361257627118644905e+03
3.356094915254238003e+03
3.351367231638419071e+03
3.347013559322034780e+03
3.343048587570622203e+03
3.339383050847458435e+03
3.335997740112995416e+03
3.332987570621469786e+03
3.330567231638418889e+03
3.328910734463278004e+03
3.328178531073447630e+03
3.328494915254238549e+03
3.329940112994350784e+03
3.332423728813560047e+03
3.335110734463277367e+03
3.338334463276837141e+03
3.342560451977402408e+03
3.347872316384181431e+03
3.354003389830509150e+03
3.360693785310735166e+03
3.367729943502825336e+03
3.375019209039548514e+03
3.382508474576271965e+03
3.390142372881357005e+03
3.397684745762712737e+03
3.404917514124294485e+03
3.411722033898306108e+03
3.417941242937853531e+03
3.423493785310735348e+03
3.428552542372882272e+03
3.433255367231638957e+03
3.437528813559322771e+03
3.441123163841808491e+03
3.444084745762712373e+03
3.446526553672317277e+03
3.448505084745763270e+03
3.450029378531074144e+03
3.451076836158193146e+03
3.451596610169492124e+03
3.451598870056498072e+03
3.451143502824859752e+03
3.451228248587571215e+03
3.452352542372881999e+03
3.454489265536723906e+03
3.457425988700565995e+03
3.461038418079097028e+03
3.465062146892655619e+03
3.469214689265537345e+03
3.473264406779661840e+03
3.476974011299435460e+03
3.480073446327683996e+03
3.482352542372881999e+03
3.483702824858757594e+03
3.483942372881356278e+03
3.482969491525424019e+03
3.481013559322034780e+03
3.478648587570622112e+03
3.476340112994350875e+03
3.474263276836158184e+03
3.472419209039548605e+03
3.470830508474576618e+03
3.469670056497175665e+03
3.469219209039548332e+03
3.469518644067797140e+03
3.470336723163842180e+03
3.471362711864407174e+03
3.472456497175141521e+03
3.473477966101695074e+03
3.474236158192090443e+03
3.474770621468926947e+03
3.475186440677965948e+03
3.475622598870056663e+03
3.476189830508475097e+03
3.477071186440678503e+03
3.477352542372881544e+03
3.476279096045198003e+03
3.473676836158192600e+03
3.470267796610170080e+03
3.466170621468927493e+03
3.461394350282485902e+03
3.455900564971751464e+03
3.449602259887005857e+03
3.442654237288135846e+03
3.435410169491525721e+03
3.427941242937853531e+03
3.420051977401129989e+03
3.411610169491525539e+03
3.402752542372881180e+03
3.393707344632768582e+03
3.384893785310734529e+03
3.376763841807909557e+03
3.369101694915254484e+03
3.361674576271186197e+03
3.354653107344632645e+03
3.348314124293785426e+03
3.342557062146892349e+03
3.337305084745762542e+03
3.332500564971751373e+03
3.328099435028248990e+03
3.324029378531073235e+03
3.320213559322033689e+03
3.316740112994350056e+03
3.313763841807909557e+03
3.311446327683615891e+03
3.309958192090395642e+03
3.309489265536722996e+03
3.310099435028248081e+03
3.311774011299435188e+03
3.314363841807909921e+03
3.317371751412429148e+03
3.321264406779660931e+03
3.326179661016948558e+03
3.332012429378531124e+03
3.338557062146892349e+03
3.345507344632767854e+03
3.352767231638417798e+03
3.360348022598869647e+03
3.368138983050847401e+03
3.375914124293784880e+03
3.383528813559321861e+03
3.390813559322034052e+03
3.397523163841808127e+03
3.403593220338982974e+03
3.409183050847457707e+03
3.414429378531073780e+03
3.419203389830508513e+03
3.423376271186441045e+03
3.426931073446327900e+03
3.429940112994349874e+03
3.432470056497175392e+03
3.434580790960451850e+03
3.436218079096045130e+03
3.437291525423728672e+03
3.437893785310734529e+03
3.438184180790960454e+03
3.437905084745762906e+03
3.438380790960452032e+03
3.439820338983050533e+03
3.442151412429378524e+03
3.445256497175141249e+03
3.448864406779661294e+03
3.452746892655367446e+03
3.456710734463276822e+03
3.460437288135593008e+03
3.463683615819209081e+03
3.466246327683615618e+03
3.467995480225989013e+03
3.468636158192090079e+03
3.468014689265536617e+03
3.466281355932203496e+03
3.463932203389830192e+03
3.461433898305084767e+03
3.459054237288135482e+03
3.456830508474576163e+03
3.454777401129943428e+03
3.453090395480226107e+03
3.452083615819209172e+03
3.451810169491525357e+03
3.452115254237288354e+03
3.452815819209039546e+03
3.453702824858757140e+03
3.454562711864406992e+03
3.455235028248587696e+03
3.455688135593220522e+03
3.455946892655367265e+03
3.456164971751411940e+03
3.456473446327683178e+03
3.456955932203389239e+03
3.457797740112994234e+03
3.457541242937852985e+03
3.455873446327683723e+03
3.453048587570621748e+03
3.449534463276836505e+03
3.445400000000000091e+03
3.440510734463277004e+03
3.434728813559321679e+03
3.428285875706214938e+03
3.421489265536722996e+03
3.414416949152542657e+03
3.406919774011299523e+03
3.398915254237288082e+03
3.390429378531073780e+03
3.381588700564971987e+03
3.372725423728813439e+03
3.364572881355932623e+03
3.356938983050847582e+03
3.349647457627118456e+03
3.342584180790960545e+03
3.336063276836157911e+03
3.330138983050847401e+03
3.324758192090395369e+03
3.319888135593219886e+03
3.315480225988700113e+03
3.311387570621468512e+03
3.307578531073446356e+03
3.304074576271185833e+03
3.300998870056497253e+03
3.298449717514124131e+03
3.296684745762711827e+03
3.295884745762711646e+03
3.296083615819208717e+03
3.297315254237288173e+03
3.299646327683615709e+03
3.302424858757061884e+03
3.305923163841807764e+03
3.310409039548022520e+03
3.315905084745762906e+03
3.322211299435028195e+03
3.329045197740112599e+03
3.336335593220338524e+03
3.344039548022598865e+03
3.351992090395479863e+03
3.360049717514124495e+03
3.368134463276835959e+03
3.376002259887005494e+03
3.383328813559322043e+03
3.390076836158192236e+03
3.396386440677965766e+03
3.402316384180790919e+03
3.407802259887005221e+03
3.412743502824858297e+03
3.417099435028248536e+03
3.420838418079095845e+03
3.424114124293785153e+03
3.426993220338982610e+03
3.429343502824858660e+03
3.431075706214689035e+03
3.432429378531073326e+03
3.433480225988700113e+03
3.434040677966101612e+03
3.433702824858756685e+03
3.434292655367231418e+03
3.435853107344632917e+03
3.438264406779660931e+03
3.441299435028248809e+03
3.444769491525423746e+03
3.448468926553672190e+03
3.452079096045197275e+03
3.455328813559322043e+03
3.458091525423728854e+03
3.460187570621468694e+03
3.461241807909604631e+03
3.461035028248587878e+03
3.459650847457627606e+03
3.457456497175141067e+03
3.454959322033898843e+03
3.452473446327683632e+03
3.450066666666667516e+03
3.447707344632768582e+03
3.445683615819209081e+03
3.444289265536723633e+03
3.443593220338983429e+03
3.443533333333333758e+03
3.444015819209039819e+03
3.444823728813559683e+03
3.445714124293785517e+03
3.446489265536723906e+03
3.447045197740113508e+03
3.447409039548023429e+03
3.447667796610169717e+03
3.447926553672316913e+03
3.448299435028248809e+03
3.448931073446327900e+03
3.449868926553672736e+03
3.449464406779661658e+03
3.447613559322034234e+03
3.444526553672316822e+03
3.440862146892655801e+03
3.436381920903954779e+03
3.430994350282486266e+03
3.424898305084745971e+03
3.418379661016949285e+03
3.411509604519774257e+03
3.404258757062147197e+03
3.396519774011299887e+03
3.388225988700565267e+03
3.379477966101695074e+03
3.370650847457627606e+03
3.362534463276836505e+03
3.354940112994350329e+03
3.347770621468926947e+03
3.340927683615819660e+03
3.334216949152542384e+03
3.327822598870056936e+03
3.321977401129944155e+03
3.316698305084745698e+03
3.311876836158192418e+03
3.307377401129943792e+03
3.303168361581921545e+03
3.299254237288136210e+03
3.295633898305085495e+03
3.292475706214690035e+03
3.290007909604520137e+03
3.288390960451978117e+03
3.287682485875706334e+03
3.287989830508474824e+03
3.289357062146892986e+03
3.291803389830508877e+03
3.294857627118644359e+03
3.298828248587570670e+03
3.303810169491525812e+03
3.309632768361581839e+03
3.316085875706215120e+03
3.323103954802260432e+03
3.330575141242938116e+03
3.338343502824859115e+03
3.346342372881355914e+03
3.354481355932203769e+03
3.362485875706214756e+03
3.370001129943502747e+03
3.376997740112994506e+03
3.383557062146893259e+03
3.389702824858757594e+03
3.395353672316384291e+03
3.400381920903955233e+03
3.404969491525424019e+03
3.408942372881356278e+03
3.412468926553672645e+03
3.415587570621469240e+03
3.418123163841808037e+03
3.420033898305085131e+03
3.421564971751412486e+03
3.422828248587570670e+03
3.423670056497175210e+03
3.423774011299435188e+03
3.423926553672316459e+03
3.425074576271186288e+03
3.427109604519774621e+03
3.429851977401130171e+03
3.433190960451977844e+03
3.436894915254237276e+03
3.440604519774011351e+03
3.444096045197740295e+03
3.447279096045198003e+03
3.449909604519774348e+03
3.451635028248588242e+03
3.452127683615819478e+03
3.451345762711864154e+03
3.449594350282486175e+03
3.447371751412429148e+03
3.445013559322033871e+03
3.442581920903954597e+03
3.440142372881356096e+03
3.437951412429378252e+03
3.436249717514124313e+03
3.435214689265536890e+03
3.434848587570621476e+03
3.435096045197739841e+03
3.435754802259887128e+03
3.436604519774011806e+03
3.437419209039548150e+03
3.438071186440678503e+03
3.438505084745763270e+03
3.438776271186440681e+03
3.438963841807910285e+03
3.439183050847457707e+03
3.439546892655367628e+03
3.440247457627118820e+03
3.440929943502825154e+03
3.440177401129943064e+03
3.437987570621468876e+03
3.434864406779660840e+03
3.430924293785310510e+03
3.426091525423728854e+03
3.420501694915254120e+03
3.414374011299435097e+03
3.407863276836158548e+03
3.400963841807909375e+03
3.393572881355932623e+03
3.385581920903955051e+03
3.377087005649717412e+03
3.368343502824858660e+03
3.359760451977401317e+03
3.351709604519774075e+03
3.344167231638417888e+03
3.337064406779661113e+03
3.330097175141242587e+03
3.323256497175141249e+03
3.316959322033897934e+03
3.311249717514123859e+03
3.306004519774010987e+03
3.301124293785310329e+03
3.296578531073446356e+03
3.292281355932203496e+03
3.288219209039548332e+03
3.284545762711863972e+03
3.281447457627118638e+03
3.279074576271186288e+03
3.277579661016949103e+03
3.277072316384180340e+03
3.277558192090395096e+03
3.279066666666666606e+03
3.281715254237288264e+03
3.285412429378530760e+03
3.290058757062146924e+03
3.295549152542373122e+03
3.301768361581920999e+03
3.308638418079096482e+03
3.315994350282486266e+03
3.323683615819209081e+03
3.331733333333333576e+03
3.340016949152542111e+03
3.348249717514124313e+03
3.356110734463276913e+03
3.363525423728813621e+03
3.370500564971751373e+03
3.377055367231638684e+03
3.383058757062146924e+03
3.388240677966101430e+03
3.392844067796610034e+03
3.397214689265536435e+03
3.401291525423728672e+03
3.404955932203389693e+03
3.408025988700564994e+03
3.410477966101694619e+03
3.412550282485875869e+03
3.414380790960452032e+03
3.415885875706214847e+03
3.416793220338982792e+03
3.416839548022599047e+03
3.417551412429378615e+03
3.419145762711864336e+03
3.421562711864406992e+03
3.424691525423729217e+03
3.428293785310734620e+03
3.432019209039548059e+03
3.435679096045198094e+03
3.439164971751412395e+03
3.442223728813559319e+03
3.444535593220339251e+03
3.445697175141242951e+03
3.445515254237287991e+03
3.444218079096045585e+03
3.442327683615819296e+03
3.440103954802259977e+03
3.437655367231638593e+03
3.435118644067796595e+03
3.432696045197740204e+03
3.430637288135593735e+03
3.429155932203389966e+03
3.428335593220339433e+03
3.428123163841808491e+03
3.428449717514124586e+03
3.429068926553672554e+03
3.429743502824859206e+03
3.430290395480226380e+03
3.430661016949152781e+03
3.430828248587570670e+03
3.430872316384181431e+03
3.430874576271186925e+03
3.430853107344633372e+03
3.431098305084746244e+03
3.431914124293785790e+03
3.431720903954802452e+03
3.430181920903954961e+03
3.427735593220339069e+03
3.424500564971751828e+03
3.420375141242938298e+03
3.415459887005649762e+03
3.409911864406779841e+03
3.403948022598870466e+03
3.397616949152542475e+03
3.390798870056497435e+03
3.383348022598870557e+03
3.375368361581921363e+03
3.367048587570621748e+03
3.358537853107345200e+03
3.350436158192090716e+03
3.342987570621468876e+03
3.336089265536723360e+03
3.329361581920904428e+03
3.322613559322034234e+03
3.316296045197740568e+03
3.310566101694915233e+03
3.305334463276836686e+03
3.300543502824858933e+03
3.296122033898305745e+03
3.291957062146892895e+03
3.287997740112994506e+03
3.284380790960452032e+03
3.281256497175141703e+03
3.278785310734463565e+03
3.277143502824859297e+03
3.276433898305085677e+03
3.276654237288135846e+03
3.277873446327684178e+03
3.279976271186440954e+03
3.282760451977401317e+03
3.286380790960452487e+03
3.290830508474577073e+03
3.296098305084746244e+03
3.302083615819209626e+03
3.308550282485875869e+03
3.315457627118644723e+03
3.322824858757062884e+03
3.330516384180791647e+03
3.338223728813559774e+03
3.345734463276836323e+03
3.352846327683616437e+03
3.359494915254237640e+03
3.365789830508475006e+03
3.371767231638418707e+03
3.377242937853107833e+03
3.382071186440678503e+03
3.386376271186441500e+03
3.390282485875706698e+03
3.393744632768361953e+03
3.396604519774012260e+03
3.398873446327684178e+03
3.400740112994350966e+03
3.402366101694915415e+03
3.403684745762712737e+03
3.404576271186440863e+03
3.404790960451978208e+03
3.404813559322034962e+03
3.405738983050848219e+03
3.407555932203390512e+03
3.410195480225989741e+03
3.413357062146893441e+03
3.416794350282486448e+03
3.420289265536724088e+03
3.423719774011300160e+03
3.426912994350283498e+03
3.429545762711865336e+03
3.431126553672317186e+03
3.431358192090396187e+03
3.430450847457627788e+03
3.428778531073447084e+03
3.426630508474576800e+03
3.424168361581921090e+03
3.421517514124294394e+03
3.418881355932204315e+03
3.416511864406780205e+03
3.414646327683616619e+03
3.413400000000000546e+03
3.412845197740113690e+03
3.412920903954802725e+03
3.413419209039548605e+03
3.414118644067796595e+03
3.414818079096045039e+03
3.415349152542373304e+03
3.415728813559322589e+03
3.416016949152543020e+03
3.416155932203390421e+03
3.416204519774011715e+03
3.416487005649717958e+03
3.417277966101695256e+03
3.417862146892655801e+03
3.417175141242938480e+03
3.415148022598870739e+03
3.412108474576271874e+03
3.408233898305085404e+03
3.403479096045198276e+03
3.398042937853108015e+03
3.392155932203389966e+03
3.385892655367231782e+03
3.379114124293785608e+03
3.371737853107345018e+03
3.363827118644067923e+03
3.355490395480226653e+03
3.346855367231638411e+03
3.338332203389830738e+03
3.330536723163842453e+03
3.323299435028248809e+03
3.316309604519774439e+03
3.309328813559322498e+03
3.302516384180791192e+03
3.296264406779660931e+03
3.290560451977401499e+03
3.285396610169491851e+03
3.280627118644068105e+03
3.276118644067796595e+03
3.271851977401130171e+03
3.267880225988701113e+03
3.264300564971752010e+03
3.261289265536723178e+03
3.259033898305085131e+03
3.257635028248588242e+03
3.257140112994350602e+03
3.257605649717514098e+03
3.259093785310734802e+03
3.261630508474576345e+03
3.265367231638418161e+03
3.269938983050847582e+03
3.275400000000000091e+03
3.281601129943503111e+03
3.288337853107344927e+03
3.295574011299435369e+03
3.303364971751412668e+03
3.311528813559322771e+03
3.319865536723164041e+03
3.328108474576271874e+03
3.336013559322034325e+03
3.343482485875706516e+03
3.350615819209039728e+03
3.357462146892656165e+03
3.363431638418079274e+03
3.368520903954802634e+03
3.373123163841808491e+03
3.377507344632768763e+03
3.381793220338983701e+03
3.385467796610169898e+03
3.388525423728813621e+03
3.391115254237288809e+03
3.393409039548023429e+03
3.395420338983051352e+03
3.397048587570621748e+03
3.398118644067797050e+03
3.398364971751412668e+03
3.398898305084746426e+03
3.400370621468927311e+03
3.402712994350283225e+03
3.405714124293785972e+03
3.409136723163841907e+03
3.412714124293785972e+03
3.416374011299435551e+03
3.419997740112994506e+03
3.423249717514125223e+03
3.425576271186440863e+03
3.426665536723164223e+03
3.426578531073446811e+03
3.425592090395480682e+03
3.424018079096045767e+03
3.422030508474576891e+03
3.419744632768362408e+03
3.417385310734463928e+03
3.415193220338983338e+03
3.413381920903955688e+03
3.412142372881356550e+03
3.411620338983051624e+03
3.411751412429379343e+03
3.412413559322034416e+03
3.413406779661017481e+03
3.414476836158192782e+03
3.415422598870056845e+03
3.416258757062147197e+03
3.416975141242938207e+03
3.417433898305085222e+03
3.417715254237288718e+03
3.418150282485876232e+03
3.418966101694915324e+03
3.420174011299435733e+03
3.420482485875706516e+03
3.419511864406779750e+03
3.417150282485876232e+03
3.413645197740113872e+03
3.409261016949152690e+03
3.404163841807910103e+03
3.398575141242938116e+03
3.392605649717515007e+03
3.386145762711864791e+03
3.379118644067797050e+03
3.371570621468927129e+03
3.363557062146893259e+03
3.355154802259887219e+03
3.346546892655367628e+03
3.338646327683616619e+03
3.331377401129943792e+03
3.324461016949153418e+03
3.317621468926554371e+03
3.310757062146893077e+03
3.304268926553672827e+03
3.298372881355932805e+03
3.293035028248588333e+03
3.288137853107345109e+03
3.283562711864406992e+03
3.279239548022599593e+03
3.275137853107345109e+03
3.271359322033898934e+03
3.268085875706215120e+03
3.265485875706215211e+03
3.263675706214689853e+03
3.262719774011299705e+03
3.262712994350283225e+03
3.263633898305085040e+03
3.265536723163841998e+03
3.268518644067797140e+03
3.272301694915254757e+03
3.276972881355932714e+03
3.282371751412430058e+03
3.288358192090396187e+03
3.294957062146893350e+03
3.302072316384181249e+03
3.309659887005650489e+03
3.317589830508475188e+03
3.325536723163842453e+03
3.333163841807910103e+03
3.340439548022599411e+03
3.347450847457627788e+03
3.354188700564972351e+03
3.360410169491525721e+03
3.366057627118644632e+03
3.371144632768361589e+03
3.375862146892655801e+03
3.380128813559322225e+03
3.383785310734463565e+03
3.386821468926554189e+03
3.389358192090396187e+03
3.391566101694916142e+03
3.393472316384181340e+03
3.395089265536723360e+03
3.396310734463277186e+03
3.396837288135593553e+03
3.396561581920904246e+03
3.397239548022599593e+03
3.398853107344633827e+03
3.401249717514125223e+03
3.404163841807910103e+03
3.407320903954802816e+03
3.410716384180791465e+03
3.414266666666667334e+03
3.417618079096045676e+03
3.420223728813559774e+03
3.421697175141243861e+03
3.421987570621469786e+03
3.421301694915254302e+03
3.419901694915255121e+03
3.417944632768362226e+03
3.415596610169492124e+03
3.413055367231639138e+03
3.410519774011299887e+03
3.408228248587571215e+03
3.406448587570621839e+03
3.405312994350283134e+03
3.404841807909604995e+03
3.405018079096045767e+03
3.405629378531073598e+03
3.406334463276836232e+03
3.407028248587571397e+03
3.407703954802260341e+03
3.408223728813560228e+03
3.408440677966102157e+03
3.408425988700565540e+03
3.408458757062147015e+03
3.408752542372882090e+03
3.409402259887006039e+03
3.410247457627118820e+03
3.409891525423729036e+03
3.408194350282486084e+03
3.405466666666667152e+03
3.401850847457627424e+03
3.397465536723164405e+03
3.392538983050847492e+03
3.387161581920904609e+03
3.381249717514124768e+03
3.374805649717514825e+03
3.367815819209040001e+03
3.360279096045198457e+03
3.352241807909605086e+03
3.343949152542373213e+03
3.335543502824859388e+03
3.327535593220339251e+03
3.319987570621469331e+03
3.312526553672316822e+03
3.305285875706214938e+03
3.298575141242938571e+03
3.292457627118644268e+03
3.286903954802260614e+03
3.281820338983051442e+03
3.277109604519774621e+03
3.272673446327684360e+03
3.268445197740113599e+03
3.264480225988701022e+03
3.260975141242938207e+03
3.258038418079096573e+03
3.255820338983051442e+03
3.254447457627119093e+03
3.253997740112994506e+03
3.254430508474576527e+03
3.255775141242937934e+03
3.258259887005649944e+03
3.262085875706215120e+03
3.266705084745763088e+03
3.272061016949152872e+03
3.278055367231638684e+03
3.284639548022599229e+03
3.291767231638418252e+03
3.299427118644068287e+03
3.307533333333333758e+03
3.315725423728813894e+03
3.323682485875706789e+03
3.331318644067797322e+03
3.338733333333334031e+03
3.345836158192090807e+03
3.352474576271187289e+03
3.358498305084746335e+03
3.363985310734463837e+03
3.368957062146892895e+03
3.373566101694916142e+03
3.377564971751412941e+03
3.380909604519774803e+03
3.383711864406780023e+03
3.386081355932204133e+03
3.388125423728813985e+03
3.389881355932203860e+03
3.391336723163842635e+03
3.392187570621469604e+03
3.392076836158193146e+03
3.392238418079096391e+03
3.393406779661017481e+03
3.395472316384181795e+03
3.398106214689265926e+03
3.401110734463277367e+03
3.404465536723164405e+03
3.408116384180791556e+03
3.411751412429378888e+03
3.414863276836158548e+03
3.416981920903955142e+03
3.417959322033898843e+03
3.417934463276836595e+03
3.417058757062147379e+03
3.415520903954802634e+03
3.413512994350282952e+03
3.411206779661017663e+03
3.408761581920904973e+03
3.406489265536723906e+03
3.404602259887006312e+03
3.403265536723164587e+03
3.402623728813559865e+03
3.402734463276836777e+03
3.403331073446328446e+03
3.404168361581921090e+03
3.405125423728813985e+03
3.406158192090396369e+03
3.407067796610170262e+03
3.407677966101695347e+03
3.408042937853107560e+03
3.408341242937853167e+03
3.408831638418079365e+03
3.409614689265536981e+03
3.410758192090395823e+03
3.411840677966101794e+03
3.411667796610169717e+03
3.409888135593220795e+03
3.406355932203390239e+03
3.402011299435028377e+03
3.397074576271186743e+03
3.391623728813559865e+03
3.385638418079096482e+03
3.379142372881356096e+03
3.372090395480226107e+03
3.364440677966102157e+03
3.356284745762712191e+03
3.347792090395480955e+03
3.339154802259887674e+03
3.331241807909604631e+03
3.323803389830508422e+03
3.316517514124294394e+03
3.309266666666667334e+03
3.302177401129943974e+03
3.295427118644068287e+03
3.289261016949152690e+03
3.283641807909604722e+03
3.278464406779661658e+03
3.273595480225988922e+03
3.268946892655367719e+03
3.264580790960452305e+03
3.260603389830508604e+03
3.257101694915254484e+03
3.254255367231638957e+03
3.252256497175141703e+03
3.251142372881356096e+03
3.250858757062147106e+03
3.251440677966102157e+03
3.253098305084746244e+03
3.256046327683615800e+03
3.260342372881356368e+03
3.265383050847457525e+03
3.271127683615819478e+03
3.277470056497175392e+03
3.284381920903954779e+03
3.291944632768361771e+03
3.300031638418079183e+03
3.308340112994350420e+03
3.316511864406779750e+03
3.324448587570621385e+03
3.332203389830508968e+03
3.339696045197740204e+03
3.346733333333333576e+03
3.353221468926553825e+03
3.359198870056497071e+03
3.364516384180791647e+03
3.369562711864406992e+03
3.374038418079096118e+03
3.377894915254237731e+03
3.381174011299435278e+03
3.383940112994350329e+03
3.386317514124294121e+03
3.388461016949152963e+03
3.390369491525423655e+03
3.391796610169491942e+03
3.392375141242938298e+03
3.391926553672316913e+03
3.392314124293785426e+03
3.393629378531073598e+03
3.395579661016949103e+03
3.397985310734463383e+03
3.400823728813559228e+03
3.404108474576270964e+03
3.407575141242938116e+03
3.410741242937853258e+03
3.413075706214689490e+03
3.414386440677966220e+03
3.414662146892655983e+03
3.414012429378531124e+03
3.412637288135593735e+03
3.410706214689265835e+03
3.408337853107344927e+03
3.405764971751412304e+03
3.403246327683616073e+03
3.400979661016949649e+03
3.399177401129943519e+03
3.398092655367231600e+03
3.397798870056497435e+03
3.398055367231638684e+03
3.398689265536723269e+03
3.399584180790961000e+03
3.400673446327683450e+03
3.401697175141242951e+03
3.402479096045197821e+03
3.402994350282485811e+03
3.403394350282485902e+03
3.403898305084745971e+03
3.404687005649717321e+03
3.405762711864406810e+03
3.407122033898305290e+03
3.407661016949153236e+03
3.406633898305085040e+03
3.403940112994350329e+03
3.399881355932203405e+03
3.395141242937853349e+03
3.389816949152542293e+03
3.383981920903955142e+03
3.377646327683615709e+03
3.370699435028248445e+03
3.363161581920903700e+03
3.355085875706214665e+03
3.346559322033897843e+03
3.337733333333333121e+03
3.329482485875706061e+03
3.321750282485875687e+03
3.314249717514124313e+03
3.306839548022598592e+03
3.299561581920904246e+03
3.292514124293785244e+03
3.285777401129943428e+03
3.279642937853107469e+03
3.274014689265536617e+03
3.268706214689265835e+03
3.263645197740112962e+03
3.258861016949152599e+03
3.254405649717514279e+03
3.250325423728813348e+03
3.246833898305084858e+03
3.244148022598870284e+03
3.242276836158192054e+03
3.241203389830508513e+03
3.240971751412429512e+03
3.241714124293785062e+03
3.243620338983050715e+03
3.246932203389830647e+03
3.251779661016948921e+03
3.257387570621468967e+03
3.263579661016949103e+03
3.270388700564971714e+03
3.277911864406779387e+03
3.286074576271186288e+03
3.294534463276836050e+03
3.302962711864406629e+03
3.311276836158192054e+03
3.319472316384180886e+03
3.327438418079095754e+03
3.334986440677965220e+03
3.342003389830508240e+03
3.348374011299434642e+03
3.353981920903954688e+03
3.359144632768361589e+03
3.364005649717513734e+03
3.368431638418079274e+03
3.372261016949152236e+03
3.375494915254237185e+03
3.378254237288135300e+03
3.380776271186440681e+03
3.383125423728813075e+03
3.385056497175140976e+03
3.386257627118643541e+03
3.386552542372880907e+03
3.386370621468926402e+03
3.387151412429378070e+03
3.388646327683615709e+03
3.390636158192090079e+03
3.393129943502824972e+03
3.396175141242937570e+03
3.399567231638417979e+03
3.402847457627118274e+03
3.405533333333332848e+03
3.407296045197739659e+03
3.408027118644067741e+03
3.407784180790960363e+03
3.406748022598870193e+03
3.405039548022598865e+03
3.402772881355932441e+03
3.400220338983050624e+03
3.397570621468926220e+03
3.395001129943502747e+03
3.392788700564971805e+03
3.391264406779660931e+03
3.390488135593220250e+03
3.390319774011299160e+03
3.390620338983050260e+03
3.391301694915254302e+03
3.392239548022598683e+03
3.393222598870056117e+03
3.394009039548021974e+03
3.394536723163841543e+03
3.394861016949152145e+03
3.395225988700564812e+03
3.395801129943502929e+03
3.396624858757062157e+03
3.397610169491525085e+03
3.398932203389830192e+03
3.399050847457626787e+03
3.397618079096045221e+03
3.394631638418078637e+03
3.390446327683615436e+03
3.385671186440677957e+03
3.380375141242937389e+03
3.374553672316384109e+03
3.368149152542372576e+03
3.361137853107344199e+03
3.353576271186440408e+03
3.345493785310733983e+03
3.337042937853107105e+03
3.328859887005649398e+03
3.321240677966101885e+03
3.313912994350282588e+03
3.306735593220338615e+03
3.299684745762711827e+03
3.292830508474576163e+03
3.286262146892655437e+03
3.280074576271186288e+03
3.274432768361581566e+03
3.269179661016949012e+03
3.264207909604519500e+03
3.259524293785310419e+03
3.255088135593220159e+03
3.250975141242937752e+03
3.247397740112994143e+03
3.244535593220338797e+03
3.242456497175141521e+03
3.241126553672316277e+03
3.240588700564971532e+03
3.240935593220338887e+03
3.242331073446327537e+03
3.245042937853107105e+03
3.249245197740112872e+03
3.254545762711863972e+03
3.260441807909604449e+03
3.266989830508474370e+03
3.274319774011299160e+03
3.282380790960452032e+03
3.290821468926553280e+03
3.299377401129943792e+03
3.307934463276836141e+03
3.316430508474576527e+03
3.324785310734463110e+03
3.332780790960451668e+03
3.340302824858757049e+03
3.347377401129943337e+03
3.353572881355931713e+03
3.359146892655367083e+03
3.364299435028248809e+03
3.369264406779660931e+03
3.373693785310734711e+03
3.377473446327683632e+03
3.380736723163841816e+03
3.383743502824858751e+03
3.386549152542373122e+03
3.389014689265536617e+03
3.390883615819208899e+03
3.391950282485875505e+03
3.392019209039547604e+03
3.392045197740112599e+03
3.392805649717513916e+03
3.394114124293785153e+03
3.395977401129943246e+03
3.398480225988700568e+03
3.401457627118644268e+03
3.404499435028248627e+03
3.407188700564971441e+03
3.409103954802259523e+03
3.410019209039547604e+03
3.409969491525423109e+03
3.409065536723162950e+03
3.407351412429377888e+03
3.405015819209039364e+03
3.402301694915253847e+03
3.399352542372880635e+03
3.396318644067796413e+03
3.393544632768361225e+03
3.391384180790960272e+03
3.389903954802259250e+03
3.389066666666666606e+03
3.388810169491524903e+03
3.389035028248586968e+03
3.389619209039547968e+03
3.390369491525423655e+03
3.391042937853107105e+03
3.391446327683615891e+03
3.391622598870056208e+03
3.391788700564970895e+03
3.392137853107344199e+03
3.392628248587570397e+03
3.393277966101694801e+03
3.394204519774010805e+03
3.395662146892655073e+03
3.395667796610169262e+03
3.394091525423728399e+03
3.390964971751412122e+03
3.386657627118644086e+03
3.381809039548022156e+03
3.376411299435028013e+03
3.370420338983050442e+03
3.363857627118643904e+03
3.356675706214688944e+03
3.348896045197740023e+03
3.340679096045197184e+03
3.332532203389830102e+03
3.324945762711864518e+03
3.317735593220339069e+03
3.310682485875705879e+03
3.303720903954801997e+03
3.296962711864406174e+03
3.290503954802259159e+03
3.284177401129943064e+03
3.278077966101694983e+03
3.272396610169491396e+03
3.267065536723163405e+03
3.261997740112993597e+03
3.257120903954802088e+03
3.252489265536722996e+03
3.248317514124293666e+03
3.244771751412428785e+03
3.241929943502824699e+03
3.239831638418078910e+03
3.238484745762711555e+03
3.237883615819208899e+03
3.238256497175140794e+03
3.239848587570621021e+03
3.242858757062146651e+03
3.247238418079095936e+03
3.252814689265536799e+03
3.259044067796609852e+03
3.266101694915254029e+03
3.273936723163841634e+03
3.282265536723163677e+03
3.290825988700565176e+03
3.299492655367231237e+03
3.308174011299434824e+03
3.316771751412429239e+03
3.325066666666666606e+03
3.332943502824858570e+03
3.340364971751412213e+03
3.346768361581920544e+03
3.352411299435028013e+03
3.357527683615819114e+03
3.362338983050847673e+03
3.366971751412429512e+03
3.371168361581921090e+03
3.374822598870056026e+03
3.378137853107344199e+03
3.381258757062146287e+03
3.384097175141242587e+03
3.386475706214689126e+03
3.388119774011299342e+03
3.388862146892655346e+03
3.388616949152542020e+03
3.389125423728813075e+03
3.390239548022598683e+03
3.391978531073446447e+03
3.394406779661017026e+03
3.397413559322033507e+03
3.400722033898305199e+03
3.403910734463276640e+03
3.406462146892655255e+03
3.408164971751412395e+03
3.408949152542372758e+03
3.408798870056496980e+03
3.407774011299435188e+03
3.406083615819208717e+03
3.403907344632768400e+03
3.401344632768361407e+03
3.398563841807908830e+03
3.395906214689265198e+03
3.393735593220338615e+03
3.392166101694915142e+03
3.391237288135592735e+03
3.390905084745762906e+03
3.391148022598869829e+03
3.391822598870056481e+03
3.392789830508474552e+03
3.393768361581920544e+03
3.394500564971751373e+03
3.394950282485875505e+03
3.395346892655366901e+03
3.395866666666666788e+03
3.396456497175141067e+03
3.397145762711864336e+03
3.398056497175140976e+03
3.399371751412429148e+03
3.400192090395479681e+03
3.399479096045197366e+03
3.397223728813558864e+03
3.393412429378530760e+03
3.388768361581920544e+03
3.383541242937852985e+03
3.377760451977400862e+03
3.371379661016949285e+03
3.364344632768361407e+03
3.356680225988700840e+03
3.348502824858756867e+03
3.340064406779660203e+03
3.332184180790959999e+03
3.324738983050847310e+03
3.317479096045197821e+03
3.310349152542372849e+03
3.303464406779661203e+03
3.296848587570621021e+03
3.290353672316384291e+03
3.283963841807909375e+03
3.277802259887005675e+03
3.271954802259886947e+03
3.266419209039547695e+03
3.261167231638417888e+03
3.256117514124293848e+03
3.251323163841807400e+03
3.247072316384180340e+03
3.243484745762712009e+03
3.240637288135593280e+03
3.238507344632767854e+03
3.237057627118643722e+03
3.236514124293785244e+03
3.237135593220339160e+03
3.239064406779661113e+03
3.242329943502825245e+03
3.247019209039548514e+03
3.252714124293785062e+03
3.259222598870056572e+03
3.266533333333333303e+03
3.274430508474576527e+03
3.282644067796610216e+03
3.291038418079096118e+03
3.299568361581921181e+03
3.308066666666667061e+03
3.316294915254237822e+03
3.324185310734463201e+03
3.331724293785310692e+03
3.338612429378531033e+03
3.344614689265536981e+03
3.349981920903955142e+03
3.354897175141242769e+03
3.359572881355932168e+03
3.363964971751412577e+03
3.367778531073446175e+03
3.371201129943502565e+03
3.374403389830508786e+03
3.377404519774011533e+03
3.380049717514124495e+03
3.382075706214689035e+03
3.383338983050847219e+03
3.383736723163841361e+03
3.383708474576270874e+03
3.384329943502824790e+03
3.385598870056497162e+03
3.387511864406779750e+03
3.390109604519774166e+03
3.393190960451977389e+03
3.396314124293785426e+03
3.398981920903955142e+03
3.400963841807909375e+03
3.402055367231638229e+03
3.402160451977400953e+03
3.401333333333333030e+03
3.399784180790960363e+03
3.397631638418078637e+03
3.394928813559321952e+03
3.391887005649717139e+03
3.388819209039547786e+03
3.386065536723163859e+03
3.383813559322033598e+03
3.382140112994350147e+03
3.381097175141243042e+03
3.380636158192090079e+03
3.380726553672316186e+03
3.381236158192090443e+03
3.381844067796610034e+03
3.382264406779660931e+03
3.382444067796610398e+03
3.382533333333333303e+03
3.382667796610169717e+03
3.382829378531073417e+03
3.383062146892655619e+03
3.383446327683615891e+03
3.384134463276835959e+03
3.385333333333333030e+03
3.385455367231638320e+03
3.384071186440677593e+03
3.381081355932203223e+03
3.377162711864406447e+03
3.372644067796610216e+03
3.367587570621468331e+03
3.361927683615818751e+03
3.355587570621468785e+03
3.348637288135592826e+03
3.341117514124293848e+03
3.333105084745762724e+03
3.325188700564971441e+03
3.317720903954802452e+03
3.310483615819208808e+03
3.303442937853107651e+03
3.296716384180791010e+03
3.290218079096045130e+03
3.283851977401129716e+03
3.277622598870056208e+03
3.271581920903954597e+03
3.265940112994350329e+03
3.260628248587570397e+03
3.255511864406779296e+03
3.250605649717514098e+03
3.246005649717513734e+03
3.241891525423728581e+03
3.238393220338983156e+03
3.235623728813558955e+03
3.233509604519773802e+03
3.232031638418078728e+03
3.231389830508474006e+03
3.231798870056496980e+03
3.233401129943502383e+03
3.236299435028248354e+03
3.240553672316383654e+03
3.245803389830508422e+03
3.251885875706214392e+03
3.258831638418078910e+03
3.266430508474576072e+03
3.274467796610168989e+03
3.282822598870056026e+03
3.291405649717513370e+03
3.300021468926553098e+03
3.308485875706214301e+03
3.316720903954801543e+03
3.324632768361581384e+03
3.332153672316383563e+03
3.338844067796609579e+03
3.344726553672315731e+03
3.350007909604519227e+03
3.354984180790959726e+03
3.359792090395480045e+03
3.364168361581920180e+03
3.368075706214689035e+03
3.371734463276836323e+03
3.375229378531073053e+03
3.378424858757061884e+03
3.381098305084745334e+03
3.383133333333333212e+03
3.384388700564971259e+03
3.384707344632767672e+03
3.384789830508473642e+03
3.385496045197739477e+03
3.386884745762711646e+03
3.389057627118643722e+03
3.391850847457626514e+03
3.394848587570621021e+03
3.397658757062146378e+03
3.399957062146892440e+03
3.401475706214688671e+03
3.402027118644067286e+03
3.401662146892655073e+03
3.400545762711863972e+03
3.398751412429377979e+03
3.396351412429377888e+03
3.393502824858756867e+03
3.390515254237287536e+03
3.387703954802259432e+03
3.385307344632768036e+03
3.383490395480225743e+03
3.382270056497174664e+03
3.381685875706214574e+03
3.381763841807909557e+03
3.382420338983050897e+03
3.383282485875705788e+03
3.384054237288135482e+03
3.384647457627118456e+03
3.385158192090395460e+03
3.385659887005649580e+03
3.386174011299434824e+03
3.386733333333333576e+03
3.387371751412429148e+03
3.388206779661016753e+03
3.389480225988700113e+03
3.390590960451977480e+03
3.390229378531073053e+03
3.388250847457627060e+03
3.384762711864406810e+03
3.380340112994350420e+03
3.375380790960452032e+03
3.369841807909604540e+03
3.363656497175141340e+03
3.356866666666666788e+03
3.349476836158191873e+03
3.341529943502824608e+03
3.333664406779660567e+03
3.326201129943502565e+03
3.318994350282485357e+03
3.312067796610169353e+03
3.305430508474576072e+03
3.299024858757061793e+03
3.292771751412429239e+03
3.286648587570621203e+03
3.280673446327683450e+03
3.274945762711864518e+03
3.269543502824858933e+03
3.264446327683615891e+03
3.259508474576271055e+03
3.254698305084745698e+03
3.250129943502824972e+03
3.246155932203389966e+03
3.242858757062146651e+03
3.240116384180791101e+03
3.238004519774010987e+03
3.236629378531073144e+03
3.236174011299434824e+03
3.236827118644067468e+03
3.238699435028248445e+03
3.241833898305084404e+03
3.246337853107344472e+03
3.251940112994349874e+03
3.258407909604519773e+03
3.265570621468926674e+03
3.273258757062146742e+03
3.281350282485875596e+03
3.289753672316383927e+03
3.298244067796609670e+03
3.306673446327683450e+03
3.314911864406779387e+03
3.322865536723163586e+03
3.330425988700564631e+03
3.337378531073446084e+03
3.343384180790960272e+03
3.348691525423728763e+03
3.353578531073446356e+03
3.358255367231638047e+03
3.362664406779660567e+03
3.366531073446327355e+03
3.370096045197739841e+03
3.373437288135593008e+03
3.376488135593220250e+03
3.379117514124293848e+03
3.381164971751411940e+03
3.382473446327683632e+03
3.382934463276836141e+03
3.382693785310734256e+03
3.383040677966101612e+03
3.384093785310734347e+03
3.385958192090395642e+03
3.388526553672316368e+03
3.391479096045197366e+03
3.394472316384179976e+03
3.397158192090395005e+03
3.399166101694915142e+03
3.400263276836157274e+03
3.400475706214689126e+03
3.399902824858756503e+03
3.398599999999999909e+03
3.396575141242937661e+03
3.393998870056497253e+03
3.391138983050846946e+03
3.388285875706214938e+03
3.385738983050847310e+03
3.383674576271186197e+03
3.382134463276835959e+03
3.381209039548022247e+03
3.381016949152542111e+03
3.381463276836158002e+03
3.382223728813559319e+03
3.383001129943502747e+03
3.383675706214689853e+03
3.384229378531073507e+03
3.384712994350282315e+03
3.385203389830508513e+03
3.385666666666666970e+03
3.386122033898304835e+03
3.386708474576271328e+03
3.387623728813558955e+03
3.389042937853107105e+03
3.389632768361581839e+03
3.388592090395480227e+03
3.386007909604519682e+03
3.382127683615819478e+03
3.377699435028248445e+03
3.372690395480226016e+03
3.367066666666666606e+03
3.360839548022598592e+03
3.353959322033897934e+03
3.346481355932203314e+03
3.338566101694915233e+03
3.330590960451977480e+03
3.322892655367231782e+03
3.315480225988700113e+03
3.308318644067796413e+03
3.301396610169491396e+03
3.294637288135592826e+03
3.287978531073445993e+03
3.281421468926553644e+03
3.275268926553672827e+03
3.269515254237287991e+03
3.264068926553672100e+03
3.258810169491525357e+03
3.253725423728813439e+03
3.248967231638418525e+03
3.244762711864406810e+03
3.241178531073445811e+03
3.238160451977400953e+03
3.235726553672316186e+03
3.233963841807909375e+03
3.233036158192090625e+03
3.233164971751412395e+03
3.234435028248587514e+03
3.236873446327683723e+03
3.240633898305084585e+03
3.245941242937853076e+03
3.252407909604519773e+03
3.259594350282485721e+03
3.267361581920903518e+03
3.275644067796610216e+03
3.284257627118644450e+03
3.293029378531073689e+03
3.301815819209040001e+03
3.310500564971751828e+03
3.318887005649718049e+03
3.326907344632768400e+03
3.334571751412429421e+03
3.341235028248587696e+03
3.347065536723163859e+03
3.352324293785310601e+03
3.357306214689265289e+03
3.362087005649717412e+03
3.366456497175141521e+03
3.370453107344632826e+03
3.374203389830508513e+03
3.377670056497175210e+03
3.380771751412429694e+03
3.383371751412429148e+03
3.385324293785311056e+03
3.386514124293785244e+03
3.386815819209039546e+03
3.386706214689265835e+03
3.387316384180790919e+03
3.388786440677966311e+03
3.391023728813559501e+03
3.393801129943502929e+03
3.396835028248587605e+03
3.399772881355932441e+03
3.402186440677966402e+03
3.403792090395480045e+03
3.404563841807909739e+03
3.404552542372881362e+03
3.403732203389830829e+03
3.402176271186440772e+03
3.399968361581921272e+03
3.397312994350282679e+03
3.394522033898305381e+03
3.391933333333333394e+03
3.389697175141242951e+03
3.387881355932203405e+03
3.386651977401130353e+03
3.386196610169491578e+03
3.386431638418079274e+03
3.387093785310734347e+03
3.387911864406779387e+03
3.388685875706214574e+03
3.389340112994349965e+03
3.389941242937852621e+03
3.390531073446327355e+03
3.391055367231638229e+03
3.391533333333333303e+03
3.392072316384180795e+03
3.392853107344632917e+03
3.394033898305084222e+03
3.395543502824858479e+03
3.395494915254237185e+03
3.393911864406779387e+03
3.390887005649717139e+03
3.386718644067796504e+03
3.381972881355932259e+03
3.376649717514123950e+03
3.370702824858756685e+03
3.364062146892655619e+03
3.356792090395480045e+03
3.349039548022598865e+03
3.341096045197739841e+03
3.333447457627118638e+03
3.326082485875705970e+03
3.318993220338982610e+03
3.312175141242937570e+03
3.305571751412428966e+03
3.299084745762711464e+03
3.292690395480226016e+03
3.286505084745762360e+03
3.280614689265536981e+03
3.275006779661016935e+03
3.269610169491525085e+03
3.264380790960452032e+03
3.259406779661017026e+03
3.254925423728813712e+03
3.251000000000000000e+03
3.247646327683615709e+03
3.244864406779661294e+03
3.242699435028248899e+03
3.241329943502824790e+03
3.240953672316384655e+03
3.241621468926553916e+03
3.243409039548022974e+03
3.246470056497175392e+03
3.251021468926554007e+03
3.256606779661017299e+03
3.262900564971751464e+03
3.269880225988701113e+03
3.277437288135593008e+03
3.285396610169491396e+03
3.293623728813559410e+03
3.301985310734463383e+03
3.310289265536723178e+03
3.318372881355932805e+03
3.326146892655367537e+03
3.333585310734463746e+03
3.340705084745763088e+03
3.347177401129943974e+03
3.352979661016949649e+03
3.358437288135593917e+03
3.363374011299435551e+03
3.367677966101695347e+03
3.371558192090396005e+03
3.375140112994350602e+03
3.378480225988701022e+03
3.381527683615819569e+03
3.384122033898305290e+03
3.386159322033898206e+03
3.387554802259887310e+03
3.388117514124293848e+03
3.387696045197740204e+03
3.387540112994350693e+03
3.388224858757062520e+03
3.389696045197740204e+03
3.391846327683615982e+03
3.394445197740113144e+03
3.397138983050847855e+03
3.399475706214689581e+03
3.401155932203389966e+03
3.402063276836158366e+03
3.402183050847458162e+03
3.401502824858757322e+03
3.400055367231638684e+03
3.397892655367231782e+03
3.395149152542373031e+03
3.392174011299435278e+03
3.389281355932203951e+03
3.386613559322034234e+03
3.384300564971751555e+03
3.382553672316384109e+03
3.381560451977401044e+03
3.381333333333333485e+03
3.381689265536723269e+03
3.382337853107344927e+03
3.383042937853107560e+03
3.383710734463276822e+03
3.384369491525424110e+03
3.385010169491525630e+03
3.385593220338983429e+03
3.386118644067796595e+03
3.386683615819209081e+03
3.387384180790960727e+03
3.388436158192090716e+03
3.390014689265537527e+03
3.390815819209039546e+03
3.390032768361581930e+03
3.387738983050847764e+03
3.384155932203389966e+03
3.379548022598870375e+03
3.374380790960452032e+03
3.368568361581921181e+03
3.362040677966101612e+03
3.354866666666666788e+03
3.347148022598870284e+03
3.338980790960452396e+03
3.330974011299435460e+03
3.323232768361582202e+03
3.315749152542372940e+03
3.308542372881356641e+03
3.301528813559322316e+03
3.294631638418079092e+03
3.287801129943502929e+03
3.281136723163841907e+03
3.274712994350282315e+03
3.268596610169491214e+03
3.262667796610169717e+03
3.256934463276836141e+03
3.251471186440678139e+03
3.246435028248587514e+03
3.241937853107344381e+03
3.238014689265536617e+03
3.234605649717514098e+03
3.231761581920904064e+03
3.229698305084746153e+03
3.228529943502824608e+03
3.228361581920904428e+03
3.229230508474576709e+03
3.231293785310735075e+03
3.234751412429378888e+03
3.239819209039547786e+03
3.246483615819209263e+03
3.253916384180791283e+03
3.261968361581921272e+03
3.270476836158192327e+03
3.279348022598870102e+03
3.288435028248587969e+03
3.297555932203390057e+03
3.306523163841808127e+03
3.315195480225988831e+03
3.323529943502825063e+03
3.331487005649717958e+03
3.338395480225988649e+03
3.344578531073446356e+03
3.350293785310735075e+03
3.355621468926553462e+03
3.360603389830508604e+03
3.365291525423728672e+03
3.369609039548022793e+03
3.373632768361582293e+03
3.377336723163842180e+03
3.380621468926553916e+03
3.383384180790960727e+03
3.385548022598870375e+03
3.386920903954802270e+03
3.387346892655367355e+03
3.386759322033898570e+03
3.386894915254237276e+03
3.387833898305085313e+03
3.389551412429378615e+03
3.391901694915254211e+03
3.394536723163841998e+03
3.396993220338983065e+03
3.398977401129943246e+03
3.400280225988700295e+03
3.400835028248588060e+03
3.400635028248587332e+03
3.399641807909604722e+03
3.397840677966101794e+03
3.395392090395480409e+03
3.392586440677965584e+03
3.389742372881356459e+03
3.386986440677966129e+03
3.384483615819208808e+03
3.382492655367232146e+03
3.381211299435028195e+03
3.380703954802259432e+03
3.380877966101695165e+03
3.381514124293785244e+03
3.382281355932203496e+03
3.383108474576271419e+03
3.383959322033898388e+03
3.384798870056497435e+03
3.385575141242937661e+03
3.386308474576271237e+03
3.387013559322033871e+03
3.387759322033898115e+03
3.388768361581920544e+03
3.390251977401129807e+03
3.392307344632768491e+03
3.392985310734463383e+03
3.392163841807910103e+03
3.390050847457627242e+03
3.386674576271187107e+03
3.381962711864407083e+03
3.376385310734463928e+03
3.370114124293785608e+03
3.363186440677965948e+03
3.355677966101695347e+03
3.347942372881356278e+03
3.340368361581920908e+03
3.333003389830509150e+03
3.325896045197740477e+03
3.319065536723164314e+03
3.312446327683615891e+03
3.305906214689265653e+03
3.299444067796610398e+03
3.293101694915254484e+03
3.286949152542373213e+03
3.281025988700564994e+03
3.275317514124294121e+03
3.269785310734463565e+03
3.264301694915254302e+03
3.258958192090395642e+03
3.254106214689265471e+03
3.249775141242937934e+03
3.245923163841807764e+03
3.242629378531073598e+03
3.240012429378531124e+03
3.238233898305084949e+03
3.237360451977401226e+03
3.237458757062147015e+03
3.238661016949152781e+03
3.241189830508474643e+03
3.245240677966101430e+03
3.250866666666666788e+03
3.257845197740113235e+03
3.265506214689265562e+03
3.273724293785310692e+03
3.282377401129943792e+03
3.291331073446327537e+03
3.300421468926553644e+03
3.309466666666667152e+03
3.318280225988700749e+03
3.326795480225989195e+03
3.335031638418079183e+03
3.342344632768361862e+03
3.348836158192090807e+03
3.354744632768361953e+03
3.360183050847457707e+03
3.365237288135593190e+03
3.370003389830508695e+03
3.374622598870057118e+03
3.378936723163841634e+03
3.382924293785310965e+03
3.386552542372881362e+03
3.389761581920904064e+03
3.392424858757061884e+03
3.394369491525423655e+03
3.395489265536722996e+03
3.395673446327683450e+03
3.395257627118644450e+03
3.395629378531073598e+03
3.396813559322034052e+03
3.398750282485875687e+03
3.401103954802260432e+03
3.403482485875706516e+03
3.405533333333333758e+03
3.407013559322033871e+03
3.407777401129943428e+03
3.407839548022598592e+03
3.407096045197740295e+03
3.405466666666666697e+03
3.403094915254237094e+03
3.400266666666666424e+03
3.397239548022598683e+03
3.394166101694915596e+03
3.391218079096045130e+03
3.388653107344633099e+03
3.386702824858757594e+03
3.385549152542373122e+03
3.385157062146892713e+03
3.385300564971752010e+03
3.385699435028249354e+03
3.386242937853107833e+03
3.386872316384180976e+03
3.387500564971751373e+03
3.388098305084745789e+03
3.388663276836157820e+03
3.389144632768361589e+03
3.389599999999999909e+03
3.390239548022598683e+03
3.391290395480225925e+03
3.392821468926553280e+03
3.394329943502824790e+03
3.394363841807909012e+03
3.393092655367231600e+03
3.390545762711864427e+03
3.386592090395480227e+03
3.381597740112993961e+03
3.375924293785310510e+03
3.369588700564971987e+03
3.362607909604519591e+03
3.355044067796610307e+03
3.347405649717514279e+03
3.339909604519774348e+03
3.332665536723164223e+03
3.325700564971751646e+03
3.318959322033898388e+03
3.312312994350282679e+03
3.305743502824859206e+03
3.299287005649717685e+03
3.292969491525424019e+03
3.286848587570621930e+03
3.280958192090395642e+03
3.275262146892655437e+03
3.269645197740112962e+03
3.264262146892655437e+03
3.259344632768361862e+03
3.254885875706214392e+03
3.250880225988700658e+03
3.247361581920904428e+03
3.244480225988701022e+03
3.242357062146892531e+03
3.241074576271186743e+03
3.240665536723164223e+03
3.241280225988701204e+03
3.243117514124293848e+03
3.246401129943502838e+03
3.251220338983051079e+03
3.257588700564971987e+03
3.265129943502824972e+03
3.273297175141243315e+03
3.281986440677966129e+03
3.291055367231638229e+03
3.300369491525423655e+03
3.309728813559321679e+03
3.318916384180790828e+03
3.327835028248587605e+03
3.336515254237287991e+03
3.344508474576271510e+03
3.351606779661016844e+03
3.358030508474576436e+03
3.363912994350282588e+03
3.369323163841808309e+03
3.374363841807909921e+03
3.379205649717514461e+03
3.383922033898305017e+03
3.388277966101694801e+03
3.392296045197739659e+03
3.395949152542372758e+03
3.399061016949152872e+03
3.401548022598869920e+03
3.403277966101694801e+03
3.404068926553672100e+03
3.403806779661017117e+03
3.403462146892655255e+03
3.404010169491525630e+03
3.405345762711864154e+03
3.407263276836158184e+03
3.409429378531073780e+03
3.411436158192090261e+03
3.412980790960451486e+03
3.413952542372881453e+03
3.414283615819208535e+03
3.413815819209039546e+03
3.412441807909604449e+03
3.410273446327683359e+03
3.407588700564971987e+03
3.404571751412429421e+03
3.401385310734463019e+03
3.398218079096044676e+03
3.395294915254237367e+03
3.392897175141242769e+03
3.391273446327683359e+03
3.390442937853106741e+03
3.390231638418078546e+03
3.390406779661017026e+03
3.390847457627118274e+03
3.391407909604519773e+03
3.392028248587570488e+03
3.392665536723163314e+03
3.393287005649717230e+03
3.393783050847457162e+03
3.394241807909604631e+03
3.394830508474576163e+03
3.395699435028248445e+03
3.396986440677966129e+03
3.398800000000000182e+03
3.400223728813559319e+03
3.400343502824858660e+03
3.399149152542372576e+03
3.396558192090395096e+03
3.392497175141242678e+03
3.387138983050847855e+03
3.381092655367231600e+03
3.374341242937853167e+03
3.367214689265536890e+03
3.360035028248587878e+03
3.352938983050847128e+03
3.346037288135592917e+03
3.339409039548022520e+03
3.332984180790960636e+03
3.326663276836158275e+03
3.320423728813559592e+03
3.314272316384181067e+03
3.308223728813559319e+03
3.302328813559322043e+03
3.296645197740112962e+03
3.291201129943502565e+03
3.285821468926553734e+03
3.280335593220338978e+03
3.274804519774011169e+03
3.269676836158192145e+03
3.264966101694914869e+03
3.260715254237288264e+03
3.257030508474576891e+03
3.254057627118644177e+03
3.251856497175141158e+03
3.250468926553672645e+03
3.250013559322033871e+03
3.250691525423729217e+03
3.252701694915254393e+03
3.256219209039548332e+03
3.261277966101695256e+03
3.267888135593220795e+03
3.275716384180791465e+03
3.284122033898305745e+03
3.292994350282486266e+03
3.302222598870056572e+03
3.311572881355932623e+03
3.320831638418079365e+03
3.329880225988701113e+03
3.338731073446328082e+03
3.347015819209039364e+03
3.354351412429378797e+03
3.360922033898305017e+03
3.366902824858757413e+03
3.372340112994350420e+03
3.377307344632768491e+03
3.382012429378531124e+03
3.386751412429378433e+03
3.391433898305084767e+03
3.395829378531073417e+03
3.399858757062147106e+03
3.403411299435028468e+03
3.406451977401130080e+03
3.408810169491525812e+03
3.410307344632768491e+03
3.410849717514124677e+03
3.410394350282485902e+03
3.410538983050847492e+03
3.411533333333333758e+03
3.413255367231638502e+03
3.415363841807909921e+03
3.417496045197740386e+03
3.419288135593220431e+03
3.420630508474576345e+03
3.421395480225988649e+03
3.421385310734463019e+03
3.420470056497174937e+03
3.418725423728813439e+03
3.416340112994350420e+03
3.413487005649717958e+03
3.410351412429378797e+03
3.407117514124293848e+03
3.403966101694915778e+03
3.401213559322033689e+03
3.399178531073446720e+03
3.397893785310734529e+03
3.397291525423728672e+03
3.397186440677965948e+03
3.397429378531073780e+03
3.397849717514124677e+03
3.398403389830508786e+03
3.399045197740113508e+03
3.399658757062147288e+03
3.400155932203390421e+03
3.400568361581921636e+03
3.401051977401130443e+03
3.401737853107345472e+03
3.402751412429379343e+03
3.404275706214689762e+03
3.406416949152542657e+03
3.407271186440678321e+03
3.406819209039548696e+03
3.404968361581921272e+03
3.401640677966101975e+03
3.396915254237288536e+03
3.391192090395480591e+03
3.384714124293785517e+03
3.377709604519774530e+03
3.370525423728813621e+03
3.363328813559322498e+03
3.356290395480226834e+03
3.349515254237288445e+03
3.342945762711864518e+03
3.336522033898305381e+03
3.330195480225988831e+03
3.323970621468926765e+03
3.317836158192090807e+03
3.311828248587571125e+03
3.306053107344633645e+03
3.300558192090396005e+03
3.295214689265537345e+03
3.289729943502825336e+03
3.284110734463277367e+03
3.278592090395480227e+03
3.273449717514124586e+03
3.268770621468926947e+03
3.264514124293785244e+03
3.260924293785310510e+03
3.258037288135593371e+03
3.255912994350283043e+03
3.254638418079096482e+03
3.254412429378531215e+03
3.255457627118644268e+03
3.257942372881356278e+03
3.261899435028248718e+03
3.267420338983051352e+03
3.274555932203390512e+03
3.282561581920904246e+03
3.291144632768362044e+03
3.300176271186441227e+03
3.309444067796610398e+03
3.318702824858757594e+03
3.327846327683615982e+03
3.336812429378531306e+03
3.345510734463277004e+03
3.353214689265537345e+03
3.360123163841808491e+03
3.366379661016949285e+03
3.372010169491526085e+03
3.377056497175141430e+03
3.381770621468926947e+03
3.386455367231638775e+03
3.391225988700565722e+03
3.395933333333333849e+03
3.400389830508474915e+03
3.404438418079096664e+03
3.407942372881356278e+03
3.410876836158192418e+03
3.413157062146893168e+03
3.414580790960452759e+03
3.415066666666667516e+03
3.414718644067796959e+03
3.415231638418079456e+03
3.416577401129943610e+03
3.418461016949152508e+03
3.420489265536723451e+03
3.422353672316384291e+03
3.423899435028248718e+03
3.424954802259887401e+03
3.425265536723163677e+03
3.424718644067796959e+03
3.423305084745763452e+03
3.421136723163842362e+03
3.418430508474576527e+03
3.415348022598870557e+03
3.411997740112994506e+03
3.408572881355932623e+03
3.405433898305084767e+03
3.402881355932203405e+03
3.401035028248587878e+03
3.399887005649718049e+03
3.399354802259887038e+03
3.399216949152542838e+03
3.399338983050847673e+03
3.399645197740112962e+03
3.400080225988700931e+03
3.400523163841808127e+03
3.400859887005650307e+03
3.401100564971751737e+03
3.401327683615819751e+03
3.401641807909604722e+03
3.402223728813559319e+03
3.403247457627118820e+03
3.404781920903955324e+03
3.406283615819208990e+03
3.406527683615819114e+03
3.405419209039548150e+03
3.402879096045197912e+03
3.398868926553672736e+03
3.393906214689266108e+03
3.388248587570621567e+03
3.381945762711864518e+03
3.374972881355932259e+03
3.367890395480226289e+03
3.360925423728813712e+03
3.354181920903954961e+03
3.347671186440678412e+03
3.341324293785311056e+03
3.335148022598870284e+03
3.329071186440678503e+03
3.323076836158192236e+03
3.317185310734463201e+03
3.311528813559322771e+03
3.306230508474576709e+03
3.301096045197740750e+03
3.295835028248588060e+03
3.290420338983051352e+03
3.285114124293785608e+03
3.280161581920904609e+03
3.275574011299435369e+03
3.271483615819209717e+03
3.267978531073446902e+03
3.265142372881356096e+03
3.263010169491525630e+03
3.261621468926554371e+03
3.261169491525423837e+03
3.261881355932203860e+03
3.263911864406780296e+03
3.267343502824859115e+03
3.272291525423728672e+03
3.278896045197740477e+03
3.286475706214689126e+03
3.294705084745763088e+03
3.303485875706215211e+03
3.312592090395480682e+03
3.321807909604520319e+03
3.330961581920903882e+03
3.339958192090395642e+03
3.348846327683616437e+03
3.357224858757062066e+03
3.364767231638417798e+03
3.371578531073446356e+03
3.377663276836158275e+03
3.383046327683616255e+03
3.388010169491525630e+03
3.392846327683615982e+03
3.397719774011299705e+03
3.402559322033898752e+03
3.407127683615819478e+03
3.411368361581921363e+03
3.415202259887006221e+03
3.418480225988701022e+03
3.421061016949152872e+03
3.422827118644068378e+03
3.423710734463277277e+03
3.423595480225989377e+03
3.423531073446328264e+03
3.424354802259887947e+03
3.425851977401130171e+03
3.427642937853107469e+03
3.429453107344633281e+03
3.431098305084746244e+03
3.432354802259887038e+03
3.432977401129943246e+03
3.432813559322034052e+03
3.431764971751412759e+03
3.429937853107345290e+03
3.427506214689266017e+03
3.424610169491525994e+03
3.421331073446327991e+03
3.417858757062147561e+03
3.414531073446328264e+03
3.411654237288135846e+03
3.409431638418079274e+03
3.407940112994350784e+03
3.407127683615819478e+03
3.406786440677965857e+03
3.406798870056496980e+03
3.407082485875705970e+03
3.407596610169491669e+03
3.408133333333333212e+03
3.408609039548023247e+03
3.409029378531073689e+03
3.409387570621469422e+03
3.409740112994350511e+03
3.410296045197740568e+03
3.411225988700565267e+03
3.412623728813559865e+03
3.414524293785310874e+03
3.416151412429378979e+03
3.416477966101694619e+03
3.415345762711864154e+03
3.412694915254237458e+03
3.408693785310734711e+03
3.403633898305084585e+03
3.397813559322034052e+03
3.391498305084745880e+03
3.384967231638418070e+03
3.378414689265536708e+03
3.372018079096045312e+03
3.365796610169491942e+03
3.359722033898305199e+03
3.353776271186440681e+03
3.347945762711864518e+03
3.342126553672316732e+03
3.336319774011299160e+03
3.330737853107345018e+03
3.325481355932203769e+03
3.320401129943502838e+03
3.315206779661017208e+03
3.309822598870056936e+03
3.304363841807909921e+03
3.299044067796610307e+03
3.294071186440678048e+03
3.289532203389831011e+03
3.285536723163841998e+03
3.282170621468926583e+03
3.279439548022598956e+03
3.277372881355932805e+03
3.276168361581921090e+03
3.276022598870056754e+03
3.277070056497175756e+03
3.279420338983050897e+03
3.283275706214689762e+03
3.288779661016949376e+03
3.295858757062146651e+03
3.304019209039548514e+03
3.312779661016949376e+03
3.321966101694915324e+03
3.331366101694915415e+03
3.340750282485875687e+03
3.350003389830509150e+03
3.359201129943503020e+03
3.367901694915254666e+03
3.375787570621469058e+03
3.382909604519774348e+03
3.389212429378530942e+03
3.394753672316384382e+03
3.399778531073446629e+03
3.404571751412429876e+03
3.409316384180790919e+03
3.414067796610169353e+03
3.418743502824859206e+03
3.423152542372881271e+03
3.427141242937853349e+03
3.430649717514124404e+03
3.433654237288135846e+03
3.436062146892655619e+03
3.437606779661017299e+03
3.438213559322034143e+03
3.437898305084746426e+03
3.438406779661017481e+03
3.439665536723164223e+03
3.441379661016949740e+03
3.443289265536723178e+03
3.445186440677966402e+03
3.446832768361582566e+03
3.447997740112994961e+03
3.448448587570622294e+03
3.448044067796610761e+03
3.446847457627119184e+03
3.445019209039548514e+03
3.442649717514124404e+03
3.439771751412429694e+03
3.436624858757062611e+03
3.433453107344633281e+03
3.430616949152542475e+03
3.428311864406779932e+03
3.426723163841807946e+03
3.425854237288135664e+03
3.425499435028248627e+03
3.425576271186440863e+03
3.426016949152542566e+03
3.426727683615819842e+03
3.427535593220339251e+03
3.428336723163842180e+03
3.429080225988700931e+03
3.429716384180791010e+03
3.430293785310734620e+03
3.430987570621469786e+03
3.431964971751413032e+03
3.433345762711864609e+03
3.435201129943503020e+03
3.437301694915254302e+03
3.438136723163841907e+03
3.437503954802260068e+03
3.435345762711864154e+03
3.431761581920904064e+03
3.426960451977401135e+03
3.421233898305084949e+03
3.414845197740113235e+03
3.408071186440678048e+03
3.401194350282486084e+03
3.394359322033898479e+03
3.387662146892655528e+03
3.381106214689265471e+03
3.374748022598870193e+03
3.368508474576271510e+03
3.362256497175141249e+03
3.356028248587570488e+03
3.350040677966101612e+03
3.344387570621468967e+03
3.338953672316384200e+03
3.333506214689266017e+03
3.327908474576271146e+03
3.322219209039548332e+03
3.316615819209039728e+03
3.311287005649718139e+03
3.306312994350282679e+03
3.301867796610170444e+03
3.298027118644067741e+03
3.294742372881356459e+03
3.292081355932203223e+03
3.290225988700565267e+03
3.289337853107344927e+03
3.289525423728813621e+03
3.290946892655367265e+03
3.293812429378530851e+03
3.298287005649717685e+03
3.304367231638418161e+03
3.311888135593220341e+03
3.320028248587570488e+03
3.328689265536723724e+03
3.337629378531073598e+03
3.346580790960451850e+03
3.355445197740113144e+03
3.364284745762712191e+03
3.373070056497175301e+03
3.381463276836158457e+03
3.389084745762711918e+03
3.395832768361582112e+03
3.401784180790960818e+03
3.407102824858757231e+03
3.412076836158192236e+03
3.416943502824859024e+03
3.421822598870056936e+03
3.426465536723163950e+03
3.430806779661017572e+03
3.434809039548023065e+03
3.438368361581920908e+03
3.441396610169491396e+03
3.443754802259887128e+03
3.445308474576271237e+03
3.445984180790960636e+03
3.445778531073446175e+03
3.445618079096045221e+03
3.446277966101694801e+03
3.447507344632768309e+03
3.449067796610169353e+03
3.450724293785311147e+03
3.452303954802259796e+03
3.453544632768361680e+03
3.454116384180791101e+03
3.453881355932203405e+03
3.452864406779660840e+03
3.451166101694915142e+03
3.448835028248587150e+03
3.445940112994350329e+03
3.442653107344632645e+03
3.439188700564971441e+03
3.435847457627118729e+03
3.432976271186440499e+03
3.430762711864406810e+03
3.429223728813559319e+03
3.428239548022598683e+03
3.427752542372881180e+03
3.427706214689265835e+03
3.427972881355932259e+03
3.428425988700564631e+03
3.428957062146892440e+03
3.429444067796609943e+03
3.429802259887005675e+03
3.430090395480226107e+03
3.430435028248587514e+03
3.430963841807909375e+03
3.431854237288135664e+03
3.433210169491525448e+03
3.435030508474575981e+03
3.436637288135592826e+03
3.436827118644067468e+03
3.435494915254236730e+03
3.432679096045197184e+03
3.428544632768361225e+03
3.423342372881355459e+03
3.417423728813559137e+03
3.410822598870056026e+03
3.404011299435027922e+03
3.397157062146892713e+03
3.390344632768361407e+03
3.383656497175140430e+03
3.377203389830508058e+03
3.370856497175141158e+03
3.364470056497174483e+03
3.358094915254237094e+03
3.351915254237287627e+03
3.346072316384180340e+03
3.340491525423728490e+03
3.334942372881355368e+03
3.329261016949152236e+03
3.323432768361581566e+03
3.317719774011299251e+03
3.312279096045197548e+03
3.307197740112994325e+03
3.302639548022598774e+03
3.298632768361581839e+03
3.295150282485875323e+03
3.292267796610169171e+03
3.290135593220338706e+03
3.288877966101694255e+03
3.288589830508474279e+03
3.289467796610168989e+03
3.291722033898305199e+03
3.295507344632767854e+03
3.300908474576271146e+03
3.307871186440677775e+03
3.316122033898304835e+03
3.325014689265536617e+03
3.334275706214688853e+03
3.343646327683615709e+03
3.353020338983050351e+03
3.362406779661017026e+03
3.371752542372881180e+03
3.380842937853107287e+03
3.389142372881355641e+03
3.396587570621468331e+03
3.403180790960451759e+03
3.409056497175140976e+03
3.414429378531072871e+03
3.419592090395479772e+03
3.424729943502824426e+03
3.429828248587570670e+03
3.434798870056496526e+03
3.439506214689265107e+03
3.443816949152542293e+03
3.447650847457626696e+03
3.450940112994349874e+03
3.453456497175141067e+03
3.455127683615819024e+03
3.455967231638417616e+03
3.455969491525423109e+03
3.456066666666666151e+03
3.456866666666666333e+03
3.458128813559321770e+03
3.459646327683615709e+03
3.461237288135592735e+03
3.462631638418079092e+03
3.463511864406779296e+03
3.463667796610169262e+03
3.463106214689265471e+03
3.461833898305084404e+03
3.459907344632768400e+03
3.457355932203389784e+03
3.454337853107344017e+03
3.451005649717513734e+03
3.447657627118643632e+03
3.444656497175140885e+03
3.442276836158192054e+03
3.440519774011298978e+03
3.439375141242937843e+03
3.438814689265536799e+03
3.438742372881355550e+03
3.439038418079096118e+03
3.439635028248587332e+03
3.440405649717513825e+03
3.441169491525423382e+03
3.441855367231638411e+03
3.442473446327683632e+03
3.443055367231638229e+03
3.443766101694914596e+03
3.444795480225988285e+03
3.446253107344632554e+03
3.448144632768361589e+03
3.450489265536722996e+03
3.451949152542372758e+03
3.451920903954801815e+03
3.450405649717513825e+03
3.447505084745762360e+03
3.443395480225988194e+03
3.438285875706214483e+03
3.432491525423728490e+03
3.426346892655366901e+03
3.420024858757062248e+03
3.413633898305084585e+03
3.407363841807909012e+03
3.401306214689265289e+03
3.395333333333333030e+03
3.389301694915253847e+03
3.383256497175140794e+03
3.377357062146892531e+03
3.371745762711863790e+03
3.366403389830508331e+03
3.361155932203389057e+03
3.355770621468926038e+03
3.350227118644067559e+03
3.344607909604519591e+03
3.339073446327683087e+03
3.333732203389829920e+03
3.328758192090394914e+03
3.324297175141242406e+03
3.320320903954801906e+03
3.316932203389830192e+03
3.314228248587570306e+03
3.312315254237287718e+03
3.311282485875705788e+03
3.311309604519773529e+03
3.312635028248586877e+03
3.315404519774010623e+03
3.319787570621468149e+03
3.325777401129942973e+03
3.333238418079095027e+03
3.341855367231637501e+03
3.350902824858756503e+03
3.360175141242937116e+03
3.369549152542372667e+03
3.378924293785310056e+03
3.388315254237287718e+03
3.397692655367231055e+03
3.406399999999999636e+03
3.414277966101694346e+03
3.421289265536722723e+03
3.427493785310733983e+03
3.433099435028248081e+03
3.438398870056496889e+03
3.443584180790960090e+03
3.448733333333332666e+03
3.453838418079095391e+03
3.458697175141242496e+03
3.463225988700564812e+03
3.467296045197739659e+03
3.470804519774010714e+03
3.473583050847457343e+03
3.475515254237287536e+03
3.476607909604519591e+03
3.476967231638417616e+03
3.476448587570620930e+03
3.476680225988700386e+03
3.477467796610168989e+03
3.478629378531073144e+03
3.480019209039547604e+03
3.481358192090395278e+03
3.482292655367231418e+03
3.482588700564971532e+03
3.482201129943502565e+03
3.481107344632768218e+03
3.479323163841807400e+03
3.476918644067795867e+03
3.473958192090394732e+03
3.470549152542372212e+03
3.466970621468925856e+03
3.463618079096044767e+03
3.460752542372880725e+03
3.458459887005649307e+03
3.456780790960451668e+03
3.455735593220338160e+03
3.455232768361581748e+03
3.455176271186440317e+03
3.455501694915254120e+03
3.456071186440678048e+03
3.456711864406779569e+03
3.457324293785310601e+03
3.457872316384180976e+03
3.458350282485875596e+03
3.458898305084745516e+03
3.459711864406779569e+03
3.460888135593220341e+03
3.462493785310734438e+03
3.464548022598869920e+03
3.467057627118644177e+03
3.468174011299434824e+03
3.467777401129943428e+03
3.465923163841807764e+03
3.462700564971751191e+03
3.458292655367231418e+03
3.453067796610169353e+03
3.447293785310734620e+03
3.441158192090395460e+03
3.434828248587570215e+03
3.428535593220338342e+03
3.422418079096044949e+03
3.416361581920903518e+03
3.410229378531073507e+03
3.404032768361581930e+03
3.397875706214689671e+03
3.391993220338983065e+03
3.386390960451977207e+03
3.380876836158191963e+03
3.375275706214689308e+03
3.369497175141242678e+03
3.363570621468926674e+03
3.357618079096045221e+03
3.351783050847457162e+03
3.346398870056496889e+03
3.341463276836158002e+03
3.336984180790960181e+03
3.333063276836157456e+03
3.329769491525423291e+03
3.327186440677965948e+03
3.325419209039547695e+03
3.324606779661016844e+03
3.324942372881355368e+03
3.326659887005649580e+03
3.329945762711864063e+03
3.334818079096045039e+03
3.341188700564971441e+03
3.349019209039547604e+03
3.358184180790960454e+03
3.367901694915253756e+03
3.377742372881355550e+03
3.387619209039547968e+03
3.397536723163841543e+03
3.407192090395479681e+03
3.416204519774010805e+03
3.424427118644067377e+03
3.431789830508474552e+03
3.438271186440677866e+03
3.444071186440677593e+03
3.449467796610168989e+03
3.454659887005649580e+03
3.459781920903954415e+03
3.464881355932203405e+03
3.469887005649717594e+03
3.474568361581920726e+03
3.478882485875706152e+03
3.482870056497175028e+03
3.486396610169491396e+03
3.489070056497174846e+03
3.490969491525423564e+03
3.492205649717513552e+03
3.492551412429378161e+03
3.492333333333333030e+03
3.492719774011298796e+03
3.493620338983050715e+03
3.494897175141242769e+03
3.496230508474575799e+03
3.497289265536723178e+03
3.497868926553672281e+03
3.497818079096045039e+03
3.497063276836158366e+03
3.495631638418078637e+03
3.493546892655366719e+03
3.490845197740112781e+03
3.487574011299434460e+03
3.484029378531073235e+03
3.480552542372881362e+03
3.477393220338982701e+03
3.474750282485875687e+03
3.472728813559321679e+03
3.471323163841807400e+03
3.470488135593220250e+03
3.470179661016948558e+03
3.470328813559321588e+03
3.470777401129943428e+03
3.471413559322033507e+03
3.472090395480226107e+03
3.472685875706214574e+03
3.473196610169490668e+03
3.473729943502824426e+03
3.474451977401129625e+03
3.475475706214689126e+03
3.476890395480225379e+03
3.478725423728812984e+03
3.480997740112993597e+03
3.483205649717513552e+03
3.483978531073445993e+03
3.483306214689265289e+03
3.481160451977400498e+03
3.477748022598869284e+03
3.473388700564971259e+03
3.468353672316383381e+03
3.462785310734462655e+03
3.456955932203389239e+03
3.451098305084745334e+03
3.445371751412429148e+03
3.439709604519773620e+03
3.433996610169491305e+03
3.428176271186440317e+03
3.422374011299434642e+03
3.416794350282485539e+03
3.411491525423728490e+03
3.406357062146892531e+03
3.401189830508474188e+03
3.395884745762711646e+03
3.390380790960451577e+03
3.384774011299434733e+03
3.379231638418078546e+03
3.373884745762711191e+03
3.368732203389829920e+03
3.363928813559321497e+03
3.359655367231638138e+03
3.355949152542372758e+03
3.352889265536722633e+03
3.350580790960451850e+03
3.349116384180790646e+03
3.348690395480225561e+03
3.349558192090395096e+03
3.351929943502824244e+03
3.355837288135593099e+03
3.361264406779660931e+03
3.368225988700564812e+03
3.376697175141242951e+03
3.386018079096044858e+03
3.395562711864406538e+03
3.405178531073445811e+03
3.414894915254236821e+03
3.424715254237287809e+03
3.434148022598869829e+03
3.442889265536722633e+03
3.450774011299434733e+03
3.457787570621468149e+03
3.464049717514123586e+03
3.469777401129942973e+03
3.475212429378530487e+03
3.480551412429378161e+03
3.485912994350282133e+03
3.491188700564971441e+03
3.496214689265536435e+03
3.500927683615818751e+03
3.505353672316383836e+03
3.509216949152541929e+03
3.512271186440677411e+03
3.514637288135592826e+03
3.516387570621468512e+03
3.517338983050847219e+03
3.517199999999999818e+03
3.516812429378530851e+03
3.517032768361581475e+03
3.517729943502824426e+03
3.518606779661016844e+03
3.519378531073445629e+03
3.519774011299434733e+03
3.519610169491525085e+03
3.518762711864406356e+03
3.517271186440677411e+03
3.515124293785310329e+03
3.512277966101694801e+03
3.508786440677965402e+03
3.504920903954802270e+03
3.500933333333333394e+03
3.497133333333333212e+03
3.493771751412429239e+03
3.490990960451977116e+03
3.488809039548022156e+03
3.487232768361582202e+03
3.486227118644067559e+03
3.485722033898305199e+03
3.485633898305085040e+03
3.485818079096045039e+03
3.486128813559322225e+03
3.486418079096045403e+03
3.486641807909604722e+03
3.486844067796610034e+03
3.487169491525423837e+03
3.487766101694915051e+03
3.488738983050847310e+03
3.490111864406779659e+03
3.491935593220338887e+03
3.494211299435028195e+03
3.495951412429378252e+03
3.496193220338983338e+03
3.494931073446327446e+03
3.492317514124293666e+03
3.488637288135593280e+03
3.484112994350282406e+03
3.478892655367231782e+03
3.473285875706214938e+03
3.467546892655367174e+03
3.461876836158191509e+03
3.456273446327683359e+03
3.450613559322033780e+03
3.444789830508474552e+03
3.438934463276836141e+03
3.433273446327683359e+03
3.427882485875706152e+03
3.422665536723163314e+03
3.417494915254237185e+03
3.412219209039547422e+03
3.406719774011298796e+03
3.401072316384180340e+03
3.395433898305084767e+03
3.389888135593219886e+03
3.384508474576271055e+03
3.379364971751412213e+03
3.374492655367231237e+03
3.370123163841807582e+03
3.366360451977400771e+03
3.363268926553671918e+03
3.360908474576271146e+03
3.359493785310734438e+03
3.359270056497175119e+03
3.360462146892655255e+03
3.363111864406779659e+03
3.367266666666666424e+03
3.373016949152542111e+03
3.380367231638418161e+03
3.389089265536723360e+03
3.398755932203389875e+03
3.408585310734463292e+03
3.418586440677966493e+03
3.428464406779661658e+03
3.437938983050847582e+03
3.446813559322034052e+03
3.454885875706214392e+03
3.462092655367231600e+03
3.468514124293785244e+03
3.474291525423728672e+03
3.479646327683615709e+03
3.484837288135593553e+03
3.490036158192090625e+03
3.495160451977400953e+03
3.500111864406779659e+03
3.504774011299435188e+03
3.509163841807909193e+03
3.513305084745762542e+03
3.517146892655367083e+03
3.520325423728812893e+03
3.522917514124293575e+03
3.524766101694915051e+03
3.525632768361581839e+03
3.525281355932203041e+03
3.525364971751412668e+03
3.526003389830508240e+03
3.526972881355932259e+03
3.528009039548022429e+03
3.528825988700564722e+03
3.529146892655367083e+03
3.528897175141242769e+03
3.528022598870056299e+03
3.526507344632768309e+03
3.524262146892654982e+03
3.521345762711864154e+03
3.517918644067795867e+03
3.514238418079095482e+03
3.510602259887005403e+03
3.507292655367231418e+03
3.504465536723163495e+03
3.502199999999999818e+03
3.500550282485875869e+03
3.499488135593219795e+03
3.498961581920903882e+03
3.498911864406779387e+03
3.499220338983050624e+03
3.499718644067796504e+03
3.500248587570621567e+03
3.500694915254237458e+03
3.501088135593220159e+03
3.501541242937852985e+03
3.502210169491525448e+03
3.503174011299434824e+03
3.504524293785310874e+03
3.506268926553671918e+03
3.508427118644067832e+03
3.511046327683615800e+03
3.512447457627118638e+03
3.512307344632768036e+03
3.510762711864406810e+03
3.508065536723163859e+03
3.504360451977401226e+03
3.499853107344632463e+03
3.494798870056496526e+03
3.489516384180790737e+03
3.484253107344632554e+03
3.479039548022598865e+03
3.473737853107344563e+03
3.468281355932203041e+03
3.462783050847457162e+03
3.457418079096044949e+03
3.452271186440677411e+03
3.447349152542372394e+03
3.442551412429378161e+03
3.437650847457626696e+03
3.432583050847457343e+03
3.427335593220338524e+03
3.422027118644067741e+03
3.416731073446327173e+03
3.411569491525423473e+03
3.406581920903954597e+03
3.401761581920903609e+03
3.397126553672316277e+03
3.392984180790960636e+03
3.389449717514124131e+03
3.386563841807909284e+03
3.384493785310734893e+03
3.383559322033898297e+03
3.383917514124293575e+03
3.385664406779661022e+03
3.388865536723164041e+03
3.393677966101694892e+03
3.400140112994350147e+03
3.408114124293785153e+03
3.417230508474575799e+03
3.426891525423729036e+03
3.436777401129942973e+03
3.446720903954801543e+03
3.456379661016949285e+03
3.465531073446327355e+03
3.473954802259886492e+03
3.481526553672316368e+03
3.488288135593220431e+03
3.494287005649717685e+03
3.499746892655367446e+03
3.504970621468926765e+03
3.510118644067796595e+03
3.515209039548022702e+03
3.520145762711864336e+03
3.524825988700564722e+03
3.529213559322033689e+03
3.533424858757061884e+03
3.537471186440677684e+03
3.541199999999999818e+03
3.544334463276835777e+03
3.546789830508474552e+03
3.548517514124293484e+03
3.549135593220338706e+03
3.548851977401129716e+03
3.549184180790960454e+03
3.549966101694914869e+03
3.550941242937852621e+03
3.551777401129943428e+03
3.552233898305084494e+03
3.552186440677965948e+03
3.551558192090395096e+03
3.550262146892654982e+03
3.548227118644067559e+03
3.545470056497175392e+03
3.542075706214689035e+03
3.538257627118643541e+03
3.534360451977400771e+03
3.530623728813558955e+03
3.527247457627118365e+03
3.524370621468925947e+03
3.522082485875705970e+03
3.520364971751411758e+03
3.519212429378530942e+03
3.518577401129942700e+03
3.518375141242937389e+03
3.518431638418078819e+03
3.518583050847457343e+03
3.518689265536722814e+03
3.518708474576270874e+03
3.518754802259886674e+03
3.518920903954801815e+03
3.519340112994349965e+03
3.520097175141242587e+03
3.521223728813559319e+03
3.522764971751412304e+03
3.524726553672316186e+03
3.526922033898305017e+03
3.527641807909604267e+03
3.526932203389830647e+03
3.524990960451977116e+03
3.521952542372880998e+03
3.518001129943502747e+03
3.513368361581920453e+03
3.508392090395479954e+03
3.503372881355931895e+03
3.498372881355931895e+03
3.493288135593219522e+03
3.488072316384180340e+03
3.482767231638417798e+03
3.477510734463277004e+03
3.472457627118644268e+03
3.467673446327683450e+03
3.463041807909604358e+03
3.458368361581920908e+03
3.453558192090395096e+03
3.448594350282485721e+03
3.443479096045197366e+03
3.438334463276835777e+03
3.433283615819208535e+03
3.428348022598869647e+03
3.423540112994350238e+03
3.418951412429378252e+03
3.414885875706214392e+03
3.411377401129942882e+03
3.408419209039547695e+03
3.406190960451976935e+03
3.404958192090395187e+03
3.404932203389830192e+03
3.406181920903954961e+03
3.408825988700565176e+03
3.413018079096044858e+03
3.418872316384180522e+03
3.426343502824858660e+03
3.435138983050846946e+03
3.444508474576271055e+03
3.454117514124293848e+03
3.463943502824858570e+03
3.473955932203389693e+03
3.483587570621468785e+03
3.492595480225988467e+03
3.500836158192089897e+03
3.508194350282486084e+03
3.514729943502824426e+03
3.520606779661016844e+03
3.526125423728813075e+03
3.531497175141243133e+03
3.536801129943502929e+03
3.541989830508474370e+03
3.546902824858756958e+03
3.551559322033898297e+03
3.556061016949152872e+03
3.560435028248587514e+03
3.564442937853107651e+03
3.567896045197740023e+03
3.570787570621469058e+03
3.572907344632768400e+03
3.574037288135593371e+03
3.573957062146892440e+03
3.573757062146892622e+03
3.574135593220338706e+03
3.574851977401129716e+03
3.575578531073446356e+03
3.576041807909604358e+03
3.576119774011299342e+03
3.575692655367231055e+03
3.574632768361581384e+03
3.572885875706214392e+03
3.570421468926553644e+03
3.567236158192090443e+03
3.563552542372881362e+03
3.559656497175141340e+03
3.555794350282485993e+03
3.552219209039548332e+03
3.549089265536723360e+03
3.546508474576270601e+03
3.544535593220338797e+03
3.543148022598869829e+03
3.542335593220338524e+03
3.542039548022598865e+03
3.542122033898304835e+03
3.542403389830508331e+03
3.542691525423728763e+03
3.542951412429378252e+03
3.543174011299434824e+03
3.543490395480225743e+03
3.544029378531073235e+03
3.544853107344632917e+03
3.546028248587570488e+03
3.547618079096045221e+03
3.549609039548022338e+03
3.551968361581921272e+03
3.553681355932203587e+03
3.553969491525424019e+03
3.552926553672316459e+03
3.550687005649717321e+03
3.547379661016948830e+03
3.543213559322033689e+03
3.538548022598869466e+03
3.533737853107344563e+03
3.528853107344632463e+03
3.523865536723163586e+03
3.518711864406779569e+03
3.513424858757062339e+03
3.508098305084745789e+03
3.502932203389830647e+03
3.498012429378531124e+03
3.493280225988700749e+03
3.488559322033897843e+03
3.483753672316383927e+03
3.478740112994350056e+03
3.473550282485875414e+03
3.468288135593220431e+03
3.463056497175141430e+03
3.457874576271186470e+03
3.452767231638417798e+03
3.447882485875706152e+03
3.443231638418079001e+03
3.438962711864406629e+03
3.435160451977400953e+03
3.432013559322033871e+03
3.429759322033898115e+03
3.428563841807909739e+03
3.428545762711864427e+03
3.429845197740112781e+03
3.432594350282485721e+03
3.436992090395480318e+03
3.443097175141243497e+03
3.450683615819209081e+03
3.459318644067796413e+03
3.468624858757061702e+03
3.478241807909604177e+03
3.487870056497175028e+03
3.497230508474576709e+03
3.506118644067796595e+03
3.514332203389830738e+03
3.521701694915253938e+03
3.528235028248587696e+03
3.534033898305084676e+03
3.539357062146892531e+03
3.544462146892655255e+03
3.549524293785310874e+03
3.554471186440678139e+03
3.559177401129943519e+03
3.563646327683615709e+03
3.567989830508474370e+03
3.572272316384181067e+03
3.576344632768361407e+03
3.580037288135593371e+03
3.583206779661016753e+03
3.585685875706214574e+03
3.587262146892655437e+03
3.587729943502824881e+03
3.587266666666666424e+03
3.587474576271186379e+03
3.588136723163841452e+03
3.588938983050847128e+03
3.589646327683615709e+03
3.590061016949151963e+03
3.590035028248586968e+03
3.589455367231638320e+03
3.588240677966101430e+03
3.586287005649717230e+03
3.583584180790960090e+03
3.580284745762711736e+03
3.576611299435028286e+03
3.572837288135593099e+03
3.569223728813559319e+03
3.565967231638417616e+03
3.563176271186440772e+03
3.560917514124294030e+03
3.559266666666666424e+03
3.558196610169491123e+03
3.557696045197740204e+03
3.557636158192090079e+03
3.557846327683615527e+03
3.558144632768361134e+03
3.558412429378530760e+03
3.558633898305084585e+03
3.558879096045197912e+03
3.559277966101694801e+03
3.559894915254237276e+03
3.560840677966101794e+03
3.562160451977400953e+03
3.563861016949152599e+03
3.565896045197740023e+03
3.568325423728813803e+03
3.569390960451977662e+03
3.569117514124293848e+03
3.567566101694915233e+03
3.564802259887005675e+03
3.561022598870056299e+03
3.556619209039547968e+03
3.551920903954802270e+03
3.547074576271186743e+03
3.542105084745762724e+03
3.536969491525424019e+03
3.531624858757062611e+03
3.526189830508474643e+03
3.520880225988700658e+03
3.515780790960451668e+03
3.510875706214689671e+03
3.506063276836158366e+03
3.501223728813559319e+03
3.496194350282486084e+03
3.490955932203390148e+03
3.485667796610169717e+03
3.480363841807909921e+03
3.475032768361582384e+03
3.469770621468926947e+03
3.464697175141242951e+03
3.459856497175141158e+03
3.455316384180791374e+03
3.451223728813559319e+03
3.447720903954802452e+03
3.445018079096045312e+03
3.443288135593220431e+03
3.442664406779661476e+03
3.443267796610170080e+03
3.445239548022599138e+03
3.448835028248588060e+03
3.454195480225988831e+03
3.461155932203389966e+03
3.469355932203390239e+03
3.478466666666666697e+03
3.488110734463277367e+03
3.497937853107344381e+03
3.507673446327683905e+03
3.517087005649717867e+03
3.525946892655367265e+03
3.534024858757062248e+03
3.541247457627118820e+03
3.547668926553672463e+03
3.553507344632768763e+03
3.559048587570621748e+03
3.564465536723163950e+03
3.569743502824859206e+03
3.574790960451977298e+03
3.579606779661016844e+03
3.584307344632768491e+03
3.588912994350283043e+03
3.593349152542372849e+03
3.597510734463277004e+03
3.601246327683615618e+03
3.604388700564972169e+03
3.606744632768361498e+03
3.608127683615819478e+03
3.608421468926553644e+03
3.608109604519773711e+03
3.608351412429378797e+03
3.608880225988700658e+03
3.609472316384180886e+03
3.609871186440678230e+03
3.609951412429378252e+03
3.609576271186440863e+03
3.608610169491525085e+03
3.606946892655367265e+03
3.604536723163841998e+03
3.601461016949152963e+03
3.597902824858757413e+03
3.594126553672316732e+03
3.590380790960452032e+03
3.586892655367231782e+03
3.583812429378531306e+03
3.581230508474576254e+03
3.579211299435028195e+03
3.577806779661016662e+03
3.577018079096045312e+03
3.576759322033898570e+03
3.576859887005649398e+03
3.577133333333333667e+03
3.577427118644068287e+03
3.577701694915254393e+03
3.578001129943503202e+03
3.578367231638418161e+03
3.578915254237288536e+03
3.579760451977401317e+03
3.580980790960452396e+03
3.582549152542373122e+03
3.584437288135593008e+03
3.586668926553672463e+03
3.588394350282485902e+03
3.588777401129943428e+03
3.587855367231638866e+03
3.585627118644068105e+03
3.582302824858757504e+03
3.578207909604519955e+03
3.573665536723164223e+03
3.568927683615819205e+03
3.564057627118644632e+03
3.559007909604520137e+03
3.553711864406779569e+03
3.548298305084746062e+03
3.542952542372880998e+03
3.537771751412429694e+03
3.532811299435028559e+03
3.528031638418079183e+03
3.523249717514124313e+03
3.518314124293785426e+03
3.513233898305084949e+03
3.508077966101694983e+03
3.502822598870056481e+03
3.497542372881355732e+03
3.492285875706214483e+03
3.487163841807909193e+03
3.482248587570621567e+03
3.477648587570621203e+03
3.473467796610169444e+03
3.469829378531073417e+03
3.466891525423728581e+03
3.464844067796610034e+03
3.463820338983050533e+03
3.463900564971751010e+03
3.465251977401129807e+03
3.468166101694914687e+03
3.472822598870056481e+03
3.479128813559322225e+03
3.486858757062146651e+03
3.495681355932203587e+03
3.505201129943503020e+03
3.514954802259887401e+03
3.524931073446327446e+03
3.534706214689265380e+03
3.544049717514124495e+03
3.552696045197740204e+03
3.560531073446327355e+03
3.567480225988700568e+03
3.573738983050847310e+03
3.579606779661016844e+03
3.585300564971751555e+03
3.590815819209039546e+03
3.596057627118643722e+03
3.601085875706214665e+03
3.605984180790960181e+03
3.610798870056496980e+03
3.615490395480225743e+03
3.619875706214689217e+03
3.623795480225988285e+03
3.627136723163841907e+03
3.629743502824858751e+03
3.631483615819208808e+03
3.632172881355932077e+03
3.631647457627118456e+03
3.631415819209039000e+03
3.631625988700564449e+03
3.631988700564971623e+03
3.632280225988700295e+03
3.632359322033898025e+03
3.632083615819208717e+03
3.631302824858757049e+03
3.629866666666666788e+03
3.627685875706214574e+03
3.624788700564971805e+03
3.621316384180790919e+03
3.617494915254237640e+03
3.613580790960451850e+03
3.609823728813559683e+03
3.606404519774011533e+03
3.603415819209039910e+03
3.600968361581920817e+03
3.599124293785311238e+03
3.597923163841807764e+03
3.597317514124293666e+03
3.597185310734463201e+03
3.597312994350282679e+03
3.597527683615819114e+03
3.597786440677966311e+03
3.598039548022598865e+03
3.598355932203389784e+03
3.598801129943502929e+03
3.599507344632768309e+03
3.600577401129943155e+03
3.601999999999999545e+03
3.603750282485875687e+03
3.605815819209039546e+03
3.608282485875705788e+03
3.610185310734463201e+03
3.610700564971751191e+03
3.609825988700565176e+03
3.607719774011299705e+03
3.604659887005649580e+03
3.600974011299435006e+03
3.596945762711864518e+03
3.592720903954801997e+03
3.588220338983050624e+03
3.583431638418079274e+03
3.578430508474576527e+03
3.573376271186440590e+03
3.568387570621468967e+03
3.563585310734463292e+03
3.558972881355932259e+03
3.554349152542372394e+03
3.549563841807909284e+03
3.544629378531073598e+03
3.539546892655367174e+03
3.534291525423729126e+03
3.528928813559321952e+03
3.523516384180790737e+03
3.518140112994350147e+03
3.512902824858756503e+03
3.507881355932203405e+03
3.503262146892655437e+03
3.499090395480226107e+03
3.495555932203389602e+03
3.492858757062146651e+03
3.491080225988700477e+03
3.490265536723163677e+03
3.490645197740112962e+03
3.492506214689265107e+03
3.496039548022598865e+03
3.501273446327683814e+03
3.508087005649717412e+03
3.516146892655367083e+03
3.525115254237287900e+03
3.534648587570621658e+03
3.544463276836158457e+03
3.554250847457627060e+03
3.563755932203389875e+03
3.572736723163841816e+03
3.580957062146892440e+03
3.588294915254236912e+03
3.594870056497175028e+03
3.600979661016949194e+03
3.606847457627118274e+03
3.612489265536722996e+03
3.617887005649717139e+03
3.623067796610169808e+03
3.628079096045197730e+03
3.633027118644068196e+03
3.637911864406779841e+03
3.642637288135593735e+03
3.647065536723163859e+03
3.651085875706214665e+03
3.654559322033898752e+03
3.657233898305084949e+03
3.658929943502825154e+03
3.659454237288135573e+03
3.658774011299435188e+03
3.658616949152542475e+03
3.658787570621469058e+03
3.659011299435028377e+03
3.659109604519774166e+03
3.658967231638418070e+03
3.658397740112994597e+03
3.657242937853106923e+03
3.655390960451977207e+03
3.652812429378531306e+03
3.649598870056497162e+03
3.645941242937853076e+03
3.642058757062146469e+03
3.638229378531073507e+03
3.634631638418078637e+03
3.631398870056496889e+03
3.628649717514123950e+03
3.626476836158191873e+03
3.624968361581920362e+03
3.624105084745762724e+03
3.623800000000000182e+03
3.623848587570621021e+03
3.624091525423728854e+03
3.624420338983050897e+03
3.624762711864406810e+03
3.625129943502824972e+03
3.625603389830508604e+03
3.626327683615819296e+03
3.627376271186440590e+03
3.628775141242937934e+03
3.630512994350282497e+03
3.632572881355932168e+03
3.634942372881355368e+03
3.637781920903954415e+03
3.639220338983051079e+03
3.639246327683616073e+03
3.637953672316384200e+03
3.635534463276835595e+03
3.632343502824858660e+03
3.628728813559322134e+03
3.624822598870056026e+03
3.620618079096045221e+03
3.616082485875705970e+03
3.611296045197739659e+03
3.606354802259887038e+03
3.601399999999999636e+03
3.596623728813558955e+03
3.592022598870056299e+03
3.587457627118643813e+03
3.582802259887005675e+03
3.578002259887005494e+03
3.573053107344632735e+03
3.567931073446327446e+03
3.562658757062146833e+03
3.557285875706214938e+03
3.551898305084745516e+03
3.546619209039547968e+03
3.541523163841808127e+03
3.536552542372881362e+03
3.531665536723163768e+03
3.527357062146892531e+03
3.523803389830508422e+03
3.521075706214689035e+03
3.519236158192089988e+03
3.518461016949152508e+03
3.519057627118643722e+03
3.521241807909604177e+03
3.525135593220338706e+03
3.530680225988700386e+03
3.537653107344632645e+03
3.545700564971751191e+03
3.554509604519773802e+03
3.563758192090394914e+03
3.573170621468926583e+03
3.582466666666666242e+03
3.591403389830508331e+03
3.599675706214688944e+03
3.607059887005649671e+03
3.613679096045197639e+03
3.619761581920904064e+03
3.625501694915254120e+03
3.631006779661016935e+03
3.636262146892654982e+03
3.641276836158191600e+03
3.646133333333333212e+03
3.650923163841807764e+03
3.655700564971751191e+03
3.660379661016948830e+03
3.664840677966101794e+03
3.669003389830508240e+03
3.672575141242937661e+03
3.675433898305084767e+03
3.677411299435028013e+03
3.678332203389830283e+03
3.678046327683615800e+03
3.677536723163841543e+03
3.677406779661017026e+03
3.677435028248587514e+03
3.677457627118644268e+03
3.677288135593220431e+03
3.676783050847457162e+03
3.675754802259886674e+03
3.674068926553672100e+03
3.671650847457626696e+03
3.668508474576271055e+03
3.664786440677965857e+03
3.660744632768361953e+03
3.656615819209039728e+03
3.652584180790960545e+03
3.648828248587570670e+03
3.645468926553672645e+03
3.642645197740112962e+03
3.640445197740113144e+03
3.638937853107344381e+03
3.638031638418079183e+03
3.637551412429378615e+03
3.637367231638418161e+03
3.637349152542373304e+03
3.637377401129943792e+03
3.637375141242937843e+03
3.637475706214689126e+03
3.637759322033898115e+03
3.638326553672316095e+03
3.639246327683615164e+03
3.640537853107344290e+03
3.642085875706214210e+03
3.643912994350282133e+03
3.646229378531073053e+03
3.648542372881355732e+03
3.649442937853106741e+03
3.648903954802259705e+03
3.647116384180790646e+03
3.644432768361582021e+03
3.641176271186440317e+03
3.637540112994350238e+03
3.633537853107344745e+03
3.629213559322033689e+03
3.624555932203389602e+03
3.619657627118644086e+03
3.614698305084745698e+03
3.609873446327683268e+03
3.605197740112994325e+03
3.600571751412429421e+03
3.595926553672316459e+03
3.591166101694915596e+03
3.586235028248587696e+03
3.581141242937853349e+03
3.575864406779661294e+03
3.570425988700565085e+03
3.564896045197740023e+03
3.559431638418079274e+03
3.554100564971751737e+03
3.548896045197740023e+03
3.543853107344632917e+03
3.539322033898305108e+03
3.535468926553672645e+03
3.532332203389830283e+03
3.530000000000000000e+03
3.528636158192090534e+03
3.528511864406779750e+03
3.529850847457627424e+03
3.532871186440677775e+03
3.537612429378531033e+03
3.543862146892655346e+03
3.551377401129943792e+03
3.559858757062146651e+03
3.568971751412429512e+03
3.578387570621468967e+03
3.587906214689265653e+03
3.597249717514124313e+03
3.606031638418079183e+03
3.614016949152542111e+03
3.621232768361582202e+03
3.627837288135593553e+03
3.634030508474575981e+03
3.639936723163841634e+03
3.645597740112994416e+03
3.651005649717514189e+03
3.656207909604519955e+03
3.661353672316384291e+03
3.666489265536722996e+03
3.671559322033898297e+03
3.676489265536722996e+03
3.681196610169491578e+03
3.685568361581920726e+03
3.689529943502824608e+03
3.692781920903954415e+03
3.695053107344632735e+03
3.696168361581921090e+03
3.696083615819208717e+03
3.695360451977401226e+03
3.694920903954802270e+03
3.694570621468927129e+03
3.694170621468926583e+03
3.693542372881356187e+03
3.692520903954802179e+03
3.690911864406779387e+03
3.688618079096045221e+03
3.685599999999999909e+03
3.681962711864406629e+03
3.677880225988700204e+03
3.673619209039547968e+03
3.669392090395480409e+03
3.665353672316384291e+03
3.661633898305085040e+03
3.658396610169491851e+03
3.655777401129943428e+03
3.653849717514124677e+03
3.652576271186440863e+03
3.651837288135593553e+03
3.651490395480225743e+03
3.651386440677966220e+03
3.651372881355931895e+03
3.651397740112994143e+03
3.651482485875706516e+03
3.651707344632768582e+03
3.652193220338982883e+03
3.653046327683615800e+03
3.654247457627118820e+03
3.655667796610169717e+03
3.657346892655367355e+03
3.659476836158191873e+03
3.662186440677965948e+03
3.664441807909604449e+03
3.665249717514124313e+03
3.664720903954802452e+03
3.663204519774011260e+03
3.660985310734463383e+03
3.658273446327683359e+03
3.655194350282485175e+03
3.651790960451977298e+03
3.648004519774010987e+03
3.643908474576271146e+03
3.639696045197740204e+03
3.635567231638417979e+03
3.631545762711863972e+03
3.627640677966101066e+03
3.623729943502824426e+03
3.619731073446327173e+03
3.615580790960451850e+03
3.611265536723163677e+03
3.606737853107344563e+03
3.602010169491525176e+03
3.597155932203389511e+03
3.592268926553671918e+03
3.587461016949152508e+03
3.582768361581920544e+03
3.578136723163841452e+03
3.573451977401129625e+03
3.569004519774010987e+03
3.565190960451977389e+03
3.562110734463276458e+03
3.559873446327683268e+03
3.558732203389829920e+03
3.558951412429378252e+03
3.560800000000000182e+03
3.564359322033898479e+03
3.569523163841807673e+03
3.576126553672316277e+03
3.583836158192090807e+03
3.592316384180790919e+03
3.601297175141242860e+03
3.610590960451977480e+03
3.619868926553672281e+03
3.628737853107344563e+03
3.636899435028248263e+03
3.644308474576270783e+03
3.651048587570621294e+03
3.657312994350282679e+03
3.663254237288135300e+03
3.668874576271186470e+03
3.674196610169491578e+03
3.679307344632768036e+03
3.684318644067796413e+03
3.689287005649717685e+03
3.694227118644067559e+03
3.699075706214689035e+03
3.703736723163841361e+03
3.708154802259886765e+03
3.712213559322033689e+03
3.715767231638417798e+03
3.718604519774011351e+03
3.720354802259886128e+03
3.720983050847456980e+03
3.720422598870056390e+03
3.719920903954801815e+03
3.719621468926553462e+03
3.719362711864406265e+03
3.718974011299435006e+03
3.718285875706214483e+03
3.717088135593220159e+03
3.715242937853106923e+03
3.712646327683614800e+03
3.709378531073446084e+03
3.705561581920903791e+03
3.701428248587570124e+03
3.697184180790959999e+03
3.693035028248586968e+03
3.689096045197739841e+03
3.685512994350281588e+03
3.682497175141242224e+03
3.680134463276835959e+03
3.678427118644067377e+03
3.677303954802259341e+03
3.676670056497174755e+03
3.676346892655366901e+03
3.676154802259886765e+03
3.676019209039547604e+03
3.675931073446326991e+03
3.675909604519773438e+03
3.676138983050846946e+03
3.676722033898304744e+03
3.677633898305084585e+03
3.678778531073446175e+03
3.680144632768361589e+03
3.681916384180790374e+03
3.684228248587570306e+03
3.687133333333333212e+03
3.688795480225988285e+03
3.689072316384180795e+03
3.688188700564971441e+03
3.686446327683615436e+03
3.684101694915254029e+03
3.681346892655366901e+03
3.678175141242937570e+03
3.674561581920903791e+03
3.670572881355931713e+03
3.666380790960452032e+03
3.662166101694915142e+03
3.658030508474575981e+03
3.653997740112994506e+03
3.649984180790960636e+03
3.645897175141242769e+03
3.641699435028247990e+03
3.637354802259886583e+03
3.632766101694914596e+03
3.627952542372880998e+03
3.622942372881355368e+03
3.617856497175140703e+03
3.612794350282485539e+03
3.607835028248587150e+03
3.602917514124293575e+03
3.597957062146891985e+03
3.593033898305084222e+03
3.588722033898304744e+03
3.585065536723163405e+03
3.582176271186440772e+03
3.580224858757062066e+03
3.579522033898304471e+03
3.580342372881355459e+03
3.582786440677965857e+03
3.586909604519773893e+03
3.592571751412428966e+03
3.599507344632768309e+03
3.607328813559322043e+03
3.615828248587570670e+03
3.624802259887005675e+03
3.633935593220338887e+03
3.642807909604519409e+03
3.651090395480225652e+03
3.658653107344632190e+03
3.665516384180790737e+03
3.671855367231638411e+03
3.677801129943502474e+03
3.683379661016948830e+03
3.688631638418079092e+03
3.693620338983050715e+03
3.698467796610168989e+03
3.703271186440677411e+03
3.708035028248586968e+03
3.712745762711863790e+03
3.717332203389830283e+03
3.721748022598869738e+03
3.725905084745761997e+03
3.729654237288135391e+03
3.732818079096045039e+03
3.735302824858757049e+03
3.736810169491524903e+03
3.737189830508474188e+03
3.736470056497174483e+03
3.736042937853107105e+03
3.735723163841807491e+03
3.735369491525423655e+03
3.734774011299434733e+03
3.733783050847457162e+03
3.732170621468926129e+03
3.729854237288135664e+03
3.726820338983050533e+03
3.723153672316383563e+03
3.719037288135592917e+03
3.714734463276835868e+03
3.710398870056496889e+03
3.706151412429378070e+03
3.702204519774010805e+03
3.698737853107344563e+03
3.695876836158191509e+03
3.693641807909604267e+03
3.692061016949151963e+03
3.691030508474575981e+03
3.690367231638418161e+03
3.689938983050847128e+03
3.689639548022598774e+03
3.689352542372880635e+03
3.689114124293785153e+03
3.689094915254237094e+03
3.689406779661016571e+03
3.690010169491525176e+03
3.690822598870056481e+03
3.691873446327683268e+03
3.693241807909604177e+03
3.695096045197739841e+03
3.697500564971751373e+03
3.700083615819208717e+03
3.701241807909604177e+03
3.701164971751411940e+03
3.700110734463276913e+03
3.698369491525423200e+03
3.696143502824858842e+03
3.693489265536722996e+03
3.690363841807909466e+03
3.686824858757061975e+03
3.683028248587570488e+03
3.679123163841807582e+03
3.675294915254236912e+03
3.671568361581920271e+03
3.667854237288134755e+03
3.664125423728813075e+03
3.660348022598869647e+03
3.656424858757061884e+03
3.652298305084745607e+03
3.647946892655367265e+03
3.643360451977400771e+03
3.638631638418078637e+03
3.633917514124293575e+03
3.629281355932203041e+03
3.624650847457626696e+03
3.619988700564971623e+03
3.615348022598869647e+03
3.610960451977400680e+03
3.607177401129943064e+03
3.604037288135593371e+03
3.601717514124293302e+03
3.600511864406779296e+03
3.600650847457626696e+03
3.602349152542372394e+03
3.605716384180790556e+03
3.610694915254237003e+03
3.617023728813559046e+03
3.624386440677965766e+03
3.632584180790960090e+03
3.641404519774011533e+03
3.650538983050847492e+03
3.659599999999999454e+03
3.668218079096044676e+03
3.676152542372880816e+03
3.683384180790960272e+03
3.690053107344632735e+03
3.696276836158192054e+03
3.702096045197739841e+03
3.707543502824858479e+03
3.712687005649717321e+03
3.717663276836157820e+03
3.722557062146892349e+03
3.727421468926553644e+03
3.732227118644067559e+03
3.736957062146892440e+03
3.741587570621468785e+03
3.746029378531073235e+03
3.750166101694914687e+03
3.753807909604519409e+03
3.756786440677965857e+03
3.758792090395480045e+03
3.759723163841807946e+03
3.759537853107344745e+03
3.758779661016948921e+03
3.758233898305084494e+03
3.757738983050847310e+03
3.757143502824858842e+03
3.756241807909604177e+03
3.754839548022599047e+03
3.752763841807909557e+03
3.749954802259886947e+03
3.746471186440678139e+03
3.742499435028248627e+03
3.738227118644067559e+03
3.733809039548022156e+03
3.729395480225988649e+03
3.725198870056497071e+03
3.721390960451977207e+03
3.718120903954802088e+03
3.715494915254236730e+03
3.713529943502824608e+03
3.712161581920903700e+03
3.711263276836158184e+03
3.710694915254237003e+03
3.710307344632768036e+03
3.709934463276836141e+03
3.709603389830508604e+03
3.709446327683615891e+03
3.709603389830508149e+03
3.710039548022598865e+03
3.710670056497174755e+03
3.711525423728813621e+03
3.712668926553672009e+03
3.714240677966101430e+03
3.716332203389830283e+03
3.718964971751412122e+03
3.720966101694915324e+03
3.721616949152542475e+03
3.721163841807909193e+03
3.719919774011299523e+03
3.718135593220338706e+03
3.715836158192090352e+03
3.713054237288135482e+03
3.709816949152542293e+03
3.706207909604519500e+03
3.702440677966101248e+03
3.698666666666666515e+03
3.694954802259886947e+03
3.691262146892655437e+03
3.687605649717514098e+03
3.683891525423729036e+03
3.680076836158192236e+03
3.676083615819208717e+03
3.671829378531073417e+03
3.667320903954802361e+03
3.662636158192090079e+03
3.657918644067796322e+03
3.653237288135593190e+03
3.648524293785310874e+03
3.643778531073446175e+03
3.639059887005650126e+03
3.634364971751412668e+03
3.629885875706214392e+03
3.625957062146892440e+03
3.622758192090394914e+03
3.620528813559321861e+03
3.619505084745762360e+03
3.619943502824858570e+03
3.622056497175140976e+03
3.625845197740112781e+03
3.631057627118644177e+03
3.637475706214689126e+03
3.644883615819208899e+03
3.653063276836158366e+03
3.661752542372881180e+03
3.670602259887005857e+03
3.679176271186440772e+03
3.687172881355932077e+03
3.694529943502824608e+03
3.701329943502824790e+03
3.707641807909604722e+03
3.713518644067796686e+03
3.719003389830508240e+03
3.724168361581921090e+03
3.729111864406779659e+03
3.733938983050847582e+03
3.738710734463276822e+03
3.743453107344633281e+03
3.748142372881356096e+03
3.752772881355932441e+03
3.757287005649717685e+03
3.761581920903954597e+03
3.765459887005649762e+03
3.768750282485875687e+03
3.771366101694915415e+03
3.773065536723163859e+03
3.773745762711864245e+03
3.773240677966101430e+03
3.772633898305084585e+03
3.772214689265536435e+03
3.771795480225988285e+03
3.771180790960451759e+03
3.770202259887005312e+03
3.768645197740112508e+03
3.766369491525423200e+03
3.763374011299434642e+03
3.759851977401129261e+03
3.755942372881355368e+03
3.751787570621468149e+03
3.747571751412428966e+03
3.743458757062146560e+03
3.739654237288135391e+03
3.736293785310734165e+03
3.733550282485875414e+03
3.731444067796609943e+03
3.729976271186440044e+03
3.729064406779660203e+03
3.728578531073445902e+03
3.728320903954801906e+03
3.728107344632767308e+03
3.727925423728812802e+03
3.727888135593219886e+03
3.728129943502824062e+03
3.728622598870056208e+03
3.729320903954801906e+03
3.730206779661016299e+03
3.731337853107344017e+03
3.732846327683615527e+03
3.734822598870056026e+03
3.737307344632768036e+03
3.739992090395479408e+03
3.741239548022598683e+03
3.741273446327682905e+03
3.740404519774011078e+03
3.738840677966101339e+03
3.736720903954801997e+03
3.734070056497174846e+03
3.730908474576270692e+03
3.727293785310734165e+03
3.723440677966101248e+03
3.719515254237287991e+03
3.715579661016948648e+03
3.711706214689264925e+03
3.707855367231638411e+03
3.703968361581920817e+03
3.700019209039547604e+03
3.695962711864406629e+03
3.691672316384180704e+03
3.687082485875705970e+03
3.682305084745762542e+03
3.677474576271186379e+03
3.672623728813558955e+03
3.667738983050847310e+03
3.662857627118643904e+03
3.657996610169491305e+03
3.653158192090395460e+03
3.648463276836158002e+03
3.644267796610169171e+03
3.640743502824858751e+03
3.638045197740112599e+03
3.636409039548022520e+03
3.636118644067796595e+03
3.637462146892655255e+03
3.640463276836158002e+03
3.645003389830508240e+03
3.650848587570621021e+03
3.657815819209039546e+03
3.665706214689265380e+03
3.674299435028248809e+03
3.683219209039547877e+03
3.692047457627119002e+03
3.700429378531073780e+03
3.708219209039548332e+03
3.715447457627118638e+03
3.722148022598870284e+03
3.728387570621468967e+03
3.734179661016949467e+03
3.739585310734463746e+03
3.744726553672316641e+03
3.749705084745763088e+03
3.754593220338982974e+03
3.759448587570621385e+03
3.764241807909604177e+03
3.769004519774010987e+03
3.773696045197740204e+03
3.778241807909604631e+03
3.782470056497175392e+03
3.786189830508474188e+03
3.789285875706214483e+03
3.791594350282485721e+03
3.792934463276836141e+03
3.793159322033898206e+03
3.792255367231638502e+03
3.791589830508474734e+03
3.791038418079096118e+03
3.790406779661017026e+03
3.789523163841808127e+03
3.788157062146892713e+03
3.786096045197739841e+03
3.783331073446327537e+03
3.779989830508474370e+03
3.776148022598870284e+03
3.771958192090395642e+03
3.767597740112993961e+03
3.763250847457627060e+03
3.759068926553672100e+03
3.755268926553671918e+03
3.752022598870056754e+03
3.749384180790960272e+03
3.747368361581920908e+03
3.745983050847457434e+03
3.745119774011299342e+03
3.744568361581920726e+03
3.744109604519774166e+03
3.743690395480226471e+03
3.743411299435028013e+03
3.743357062146892531e+03
3.743571751412429421e+03
3.744006779661017390e+03
3.744592090395480227e+03
3.745379661016949285e+03
3.746529943502824608e+03
3.748117514124293848e+03
3.750144632768361589e+03
3.752614689265536981e+03
3.754979661016949649e+03
3.756051977401129989e+03
3.756111864406779659e+03
3.755384180790960272e+03
3.754061016949152872e+03
3.752152542372881271e+03
3.749677966101695347e+03
3.746714124293785517e+03
3.743412429378531669e+03
3.739938983050848037e+03
3.736410169491526176e+03
3.732925423728814167e+03
3.729427118644068287e+03
3.725928813559322407e+03
3.722392090395480409e+03
3.718771751412429694e+03
3.714908474576271601e+03
3.710731073446328082e+03
3.706343502824858660e+03
3.701825988700565176e+03
3.697231638418079001e+03
3.692567231638417979e+03
3.687876836158192418e+03
3.683167231638417888e+03
3.678427118644067377e+03
3.673676836158192145e+03
3.669335593220339433e+03
3.665583050847458253e+03
3.662534463276836505e+03
3.660388700564972169e+03
3.659479096045197821e+03
3.660102824858757231e+03
3.662379661016949285e+03
3.666225988700564812e+03
3.671476836158191873e+03
3.677938983050847582e+03
3.685479096045198276e+03
3.693888135593220795e+03
3.702802259887005675e+03
3.711824858757062430e+03
3.720563841807909739e+03
3.728795480225989195e+03
3.736487005649717503e+03
3.743658757062147288e+03
3.750349152542372849e+03
3.756570621468926220e+03
3.762368361581920908e+03
3.767838418079096300e+03
3.773109604519774166e+03
3.778259887005649944e+03
3.783342372881356368e+03
3.788351412429378797e+03
3.793345762711865063e+03
3.798350282485876050e+03
3.803241807909605086e+03
3.807902824858757413e+03
3.812169491525423837e+03
3.815859887005649853e+03
3.818809039548022611e+03
3.820845197740112781e+03
3.821795480225989195e+03
3.821492655367231691e+03
3.820446327683615891e+03
3.819579661016949103e+03
3.818772881355932441e+03
3.817838418079096300e+03
3.816520903954802634e+03
3.814598870056497162e+03
3.812012429378531124e+03
3.808804519774011169e+03
3.805062146892655619e+03
3.800916384180791283e+03
3.796522033898305381e+03
3.792053107344632735e+03
3.787666666666666970e+03
3.783571751412429421e+03
3.779979661016948739e+03
3.776949152542372758e+03
3.774561581920904246e+03
3.772863276836158093e+03
3.771786440677966311e+03
3.771110734463276913e+03
3.770604519774011351e+03
3.770216949152542838e+03
3.769972881355932259e+03
3.769957062146892895e+03
3.770196610169491578e+03
3.770682485875706334e+03
3.771336723163841725e+03
3.772178531073446266e+03
3.773364971751412668e+03
3.774951412429378252e+03
3.776954802259887401e+03
3.779406779661017026e+03
3.782398870056496889e+03
3.784351412429378797e+03
3.785143502824858842e+03
3.785056497175141430e+03
3.784285875706214938e+03
3.782853107344632917e+03
3.780788700564971805e+03
3.778150282485875778e+03
3.775088135593220613e+03
3.771734463276836323e+03
3.768257627118643995e+03
3.764762711864407265e+03
3.761214689265536890e+03
3.757632768361582293e+03
3.754050847457627242e+03
3.750376271186441045e+03
3.746459887005650216e+03
3.742216949152542838e+03
3.737740112994350511e+03
3.733075706214689490e+03
3.728253107344633008e+03
3.723319774011299160e+03
3.718343502824858660e+03
3.713309604519774439e+03
3.708185310734463656e+03
3.703062146892655619e+03
3.698076836158192236e+03
3.693624858757062611e+03
3.689774011299435188e+03
3.686680225988700840e+03
3.684707344632768582e+03
3.684135593220339160e+03
3.685162711864406447e+03
3.687796610169491487e+03
3.691898305084745516e+03
3.697308474576271237e+03
3.703893785310734529e+03
3.711514124293785244e+03
3.719848587570621476e+03
3.728491525423728945e+03
3.737027118644067741e+03
3.745190960451977389e+03
3.752874576271186925e+03
3.760050847457627242e+03
3.766746892655367446e+03
3.772970621468926765e+03
3.778743502824859206e+03
3.784153672316384473e+03
3.789315254237288173e+03
3.794327683615819296e+03
3.799238418079096391e+03
3.804083615819209626e+03
3.808938983050848037e+03
3.813792090395480955e+03
3.818630508474576345e+03
3.823334463276836686e+03
3.827740112994350966e+03
3.831649717514124859e+03
3.834936723163842089e+03
3.837340112994350420e+03
3.838706214689265835e+03
3.838876836158191963e+03
3.837716384180791465e+03
3.836707344632768582e+03
3.835863276836158548e+03
3.834994350282486266e+03
3.833831638418079365e+03
3.832148022598870739e+03
3.829847457627119184e+03
3.826882485875707061e+03
3.823328813559322953e+03
3.819301694915254302e+03
3.814948022598870011e+03
3.810374011299435097e+03
3.805794350282485993e+03
3.801404519774011533e+03
3.797394350282485902e+03
3.793882485875706607e+03
3.790961581920903882e+03
3.788757062146893077e+03
3.787237288135593644e+03
3.786196610169491578e+03
3.785404519774011533e+03
3.784764971751412759e+03
3.784256497175141249e+03
3.783974011299435006e+03
3.783978531073445993e+03
3.784204519774011260e+03
3.784597740112994416e+03
3.785178531073446720e+03
3.786077966101694983e+03
3.787344632768361407e+03
3.788984180790960636e+03
3.791071186440677593e+03
3.793658757062146833e+03
3.796737853107344563e+03
3.798549152542373122e+03
3.799350282485875596e+03
3.799357062146892531e+03
3.798646327683615709e+03
3.797237288135593190e+03
3.795225988700564812e+03
3.792670056497175210e+03
3.789725423728813439e+03
3.786600000000000364e+03
3.783351412429378797e+03
3.779993220338983519e+03
3.776620338983051170e+03
3.773263276836158184e+03
3.769816949152542293e+03
3.766145762711864791e+03
3.762190960451977389e+03
3.757969491525424019e+03
3.753496045197740386e+03
3.748827118644067923e+03
3.744037288135593371e+03
3.739150282485875778e+03
3.734164971751412850e+03
3.729081355932203223e+03
3.723967231638418525e+03
3.718859887005649853e+03
3.713906214689265653e+03
3.709453107344632372e+03
3.705665536723163768e+03
3.702813559322033598e+03
3.701240677966101430e+03
3.701179661016949012e+03
3.702729943502824426e+03
3.705761581920904064e+03
3.710205649717514007e+03
3.715928813559322407e+03
3.722812429378531306e+03
3.730612429378531488e+03
3.738911864406779387e+03
3.747305084745762542e+03
3.755468926553672190e+03
3.763241807909604631e+03
3.770586440677966038e+03
3.777476836158191873e+03
3.783872316384180522e+03
3.789829378531073417e+03
3.795397740112994143e+03
3.800696045197740204e+03
3.805794350282485993e+03
3.810772881355932441e+03
3.815690395480226016e+03
3.820594350282485721e+03
3.825524293785310874e+03
3.830496045197740386e+03
3.835438418079096209e+03
3.840166101694915142e+03
3.844498305084745425e+03
3.848315254237288173e+03
3.851557062146892349e+03
3.854180790960452214e+03
3.855666666666666970e+03
3.855920903954802270e+03
3.854899435028248718e+03
3.853794350282485993e+03
3.852754802259887128e+03
3.851540112994350693e+03
3.849919774011299523e+03
3.847752542372881635e+03
3.844952542372881908e+03
3.841526553672316368e+03
3.837620338983050715e+03
3.833296045197740568e+03
3.828691525423728763e+03
3.823966101694914869e+03
3.819384180790960272e+03
3.815071186440678503e+03
3.811161581920903700e+03
3.807844067796610034e+03
3.805230508474576709e+03
3.803328813559322043e+03
3.802012429378531124e+03
3.801049717514124495e+03
3.800285875706214938e+03
3.799666666666666515e+03
3.799290395480225925e+03
3.799190960451977389e+03
3.799328813559322043e+03
3.799640677966101975e+03
3.800133333333333212e+03
3.800908474576271146e+03
3.801996610169491760e+03
3.803455367231638775e+03
3.805311864406779932e+03
3.807627118644068105e+03
3.810450847457627333e+03
3.812797740112994234e+03
3.814083615819209172e+03
3.814509604519774257e+03
3.814190960451977844e+03
3.813201129943503020e+03
3.811558192090396005e+03
3.809326553672316550e+03
3.806675706214689399e+03
3.803779661016949376e+03
3.800728813559322134e+03
3.797575141242938116e+03
3.794409039548023429e+03
3.791280225988700749e+03
3.788126553672316732e+03
3.784780790960452123e+03
3.781209039548022702e+03
3.777381920903954779e+03
3.773297175141243315e+03
3.768989830508474824e+03
3.764545762711864882e+03
3.760007909604520137e+03
3.755315254237288173e+03
3.750525423728813621e+03
3.745654237288135391e+03
3.740797740112994234e+03
3.736004519774011442e+03
3.731256497175140794e+03
3.727063276836157911e+03
3.723670056497175210e+03
3.721394350282485902e+03
3.720564971751412486e+03
3.721288135593220431e+03
3.723519774011299432e+03
3.727201129943503020e+03
3.732254237288135300e+03
3.738613559322033780e+03
3.746038418079096118e+03
3.754177401129943519e+03
3.762602259887005857e+03
3.770971751412429512e+03
3.779065536723163859e+03
3.786793220338983247e+03
3.794089265536723360e+03
3.800909604519773893e+03
3.807261016949152690e+03
3.813210169491525448e+03
3.818851977401130171e+03
3.824264406779660931e+03
3.829497175141243133e+03
3.834640677966101975e+03
3.839753672316384382e+03
3.844889265536723087e+03
3.850102824858757231e+03
3.855327683615819296e+03
3.860441807909604904e+03
3.865247457627118820e+03
3.869632768361581839e+03
3.873463276836158002e+03
3.876598870056497162e+03
3.878670056497175210e+03
3.879557062146892349e+03
3.879253107344632554e+03
3.877731073446327628e+03
3.876359322033898479e+03
3.874914124293785335e+03
3.873213559322033689e+03
3.871032768361582384e+03
3.868227118644068014e+03
3.864815819209039546e+03
3.860874576271186925e+03
3.856437288135593008e+03
3.851614689265536981e+03
3.846609039548022793e+03
3.841630508474576345e+03
3.836802259887005675e+03
3.832268926553672372e+03
3.828255367231638957e+03
3.824893785310734529e+03
3.822262146892655437e+03
3.820298305084745607e+03
3.818771751412429239e+03
3.817474576271186379e+03
3.816361581920903973e+03
3.815515254237287991e+03
3.814955932203390148e+03
3.814607909604519591e+03
3.814447457627118638e+03
3.814496045197740386e+03
3.814779661016948921e+03
3.815372881355931895e+03
3.816280225988700295e+03
3.817595480225988467e+03
3.819327683615818842e+03
3.821544632768361680e+03
3.824306214689265289e+03
3.827028248587570488e+03
3.828780790960452123e+03
3.829720903954801997e+03
3.829920903954802270e+03
3.829375141242937843e+03
3.828159322033898206e+03
3.826449717514124131e+03
3.824384180790960272e+03
3.822036158192090170e+03
3.819481355932202860e+03
3.816882485875706152e+03
3.814280225988700295e+03
3.811598870056496708e+03
3.808774011299434733e+03
3.805711864406779569e+03
3.802344632768361407e+03
3.798662146892655073e+03
3.794720903954802452e+03
3.790561581920903336e+03
3.786239548022598683e+03
3.781743502824858297e+03
3.777050847457627242e+03
3.772213559322033689e+03
3.767331073446327537e+03
3.762497175141242678e+03
3.757627118644067650e+03
3.752831638418078910e+03
3.748688135593220068e+03
3.745508474576270601e+03
3.743645197740112962e+03
3.743259887005649489e+03
3.744367231638417707e+03
3.746925423728813257e+03
3.750922033898305017e+03
3.756289265536723178e+03
3.762865536723164041e+03
3.770324293785311056e+03
3.778285875706214938e+03
3.786350282485875596e+03
3.794277966101694801e+03
3.801896045197740023e+03
3.809143502824858842e+03
3.815923163841807764e+03
3.822241807909604177e+03
3.828129943502824517e+03
3.833651977401129898e+03
3.838893785310734529e+03
3.843935593220338887e+03
3.848845197740112781e+03
3.853666666666666515e+03
3.858520903954802634e+03
3.863457627118643813e+03
3.868448587570621385e+03
3.873377401129943337e+03
3.878148022598869829e+03
3.882569491525423473e+03
3.886485875706214301e+03
3.889839548022598592e+03
3.892685875706214574e+03
3.894793220338982792e+03
3.895778531073446175e+03
3.895537853107344745e+03
3.894239548022598683e+03
3.893007909604519227e+03
3.891615819209039273e+03
3.889804519774011169e+03
3.887430508474576072e+03
3.884494915254237185e+03
3.880983050847457434e+03
3.876946892655367265e+03
3.872448587570621385e+03
3.867691525423728763e+03
3.862862146892655346e+03
3.858058757062146469e+03
3.853476836158191873e+03
3.849301694915254302e+03
3.845722033898304744e+03
3.842877966101694710e+03
3.840733333333333121e+03
3.839110734463276458e+03
3.837785310734462655e+03
3.836700564971751191e+03
3.835887005649717139e+03
3.835362711864406265e+03
3.835088135593220159e+03
3.834998870056497253e+03
3.835107344632768218e+03
3.835451977401130080e+03
3.836083615819208717e+03
3.837031638418079183e+03
3.838319774011299160e+03
3.840021468926553553e+03
3.842207909604519500e+03
3.844874576271186015e+03
3.848053107344632735e+03
3.850524293785310874e+03
3.852135593220338706e+03
3.852950282485875505e+03
3.852981920903954688e+03
3.852312994350282224e+03
3.851105084745762724e+03
3.849467796610168989e+03
3.847479096045197366e+03
3.845250847457627060e+03
3.842933333333333394e+03
3.840603389830508604e+03
3.838237288135593190e+03
3.835745762711864245e+03
3.833068926553672100e+03
3.830125423728813075e+03
3.826864406779660385e+03
3.823327683615819296e+03
3.819562711864406992e+03
3.815630508474576345e+03
3.811500564971751373e+03
3.807160451977400953e+03
3.802625988700564903e+03
3.798055367231638684e+03
3.793509604519773802e+03
3.788981920903954688e+03
3.784270056497175119e+03
3.779419209039548150e+03
3.775396610169491396e+03
3.772525423728813621e+03
3.771050847457626787e+03
3.771024858757061793e+03
3.772446327683615436e+03
3.775294915254236912e+03
3.779592090395480227e+03
3.785210169491525448e+03
3.791884745762711646e+03
3.799242937853106923e+03
3.806872316384180522e+03
3.814484745762711555e+03
3.821909604519773893e+03
3.829013559322033416e+03
3.835679096045197184e+03
3.841893785310734074e+03
3.847677966101694437e+03
3.853063276836157911e+03
3.858119774011299342e+03
3.862944632768361316e+03
3.867579661016948648e+03
3.872108474576270964e+03
3.876628248587570397e+03
3.881262146892654982e+03
3.885964971751412577e+03
3.890724293785310692e+03
3.895395480225988649e+03
3.899828248587570670e+03
3.903842937853107287e+03
3.907358192090395278e+03
3.910401129943502383e+03
3.912927683615818751e+03
3.914409039548022520e+03
3.914741242937852803e+03
3.913752542372881180e+03
3.912455367231637865e+03
3.911077966101694528e+03
3.909358192090395278e+03
3.907152542372880816e+03
3.904380790960451577e+03
3.901027118644067286e+03
3.897046327683615345e+03
3.892575141242937661e+03
3.887749152542372485e+03
3.882711864406779569e+03
3.877606779661016844e+03
3.872604519774011351e+03
3.867879096045197912e+03
3.863632768361581839e+03
3.860087005649716957e+03
3.857276836158191600e+03
3.855020338983050806e+03
3.853124293785310783e+03
3.851484745762712009e+03
3.850144632768361589e+03
3.849076836158191782e+03
3.848263276836158184e+03
3.847654237288134937e+03
3.847225988700564358e+03
3.847013559322033416e+03
3.847062146892654710e+03
3.847377401129943337e+03
3.848003389830508240e+03
3.849018079096044858e+03
3.850465536723163495e+03
3.852377401129943337e+03
3.854731073446327628e+03
3.857558192090395551e+03
3.859481355932202860e+03
3.860569491525423473e+03
3.860856497175140703e+03
3.860413559322033507e+03
3.859388700564971259e+03
3.857874576271186015e+03
3.855925423728813257e+03
3.853689265536722814e+03
3.851329943502824790e+03
3.848937853107344381e+03
3.846503954802259614e+03
3.844013559322033871e+03
3.841383050847457071e+03
3.838501694915253665e+03
3.835344632768361407e+03
3.831890395480225379e+03
3.828210169491525448e+03
3.824333333333333030e+03
3.820272316384180613e+03
3.815950282485875505e+03
3.811420338983050897e+03
3.806789830508474552e+03
3.802199999999999818e+03
3.797631638418079092e+03
3.792948022598870011e+03
3.788005649717514643e+03
3.783748022598870193e+03
3.780490395480225743e+03
3.778498305084745880e+03
3.777881355932203405e+03
3.778675706214688944e+03
3.780914124293784880e+03
3.784602259887005403e+03
3.789701694915253938e+03
3.795995480225988103e+03
3.803125423728813075e+03
3.810720903954801997e+03
3.818472316384180886e+03
3.826127683615819024e+03
3.833538983050847492e+03
3.840598870056496708e+03
3.847212429378530942e+03
3.853383050847457525e+03
3.859122033898304835e+03
3.864543502824858479e+03
3.869683615819209081e+03
3.874598870056497617e+03
3.879343502824858660e+03
3.884068926553672100e+03
3.888863276836158093e+03
3.893737853107344563e+03
3.898696045197740204e+03
3.903675706214688944e+03
3.908476836158192327e+03
3.912927683615819660e+03
3.916951412429378252e+03
3.920501694915254120e+03
3.923587570621468785e+03
3.925953672316383745e+03
3.927253107344632554e+03
3.927355932203389784e+03
3.926047457627118547e+03
3.924510734463277004e+03
3.922760451977401317e+03
3.920632768361581839e+03
3.918030508474575981e+03
3.914847457627118729e+03
3.911073446327683087e+03
3.906746892655367446e+03
3.902033898305084676e+03
3.897055367231638229e+03
3.891963841807909830e+03
3.886868926553672736e+03
3.881948022598870011e+03
3.877447457627118183e+03
3.873624858757061702e+03
3.870543502824858479e+03
3.868079096045197730e+03
3.866054237288135482e+03
3.864366101694915415e+03
3.863015819209039364e+03
3.861959322033898388e+03
3.861194350282486084e+03
3.860641807909604722e+03
3.860294915254237822e+03
3.860189830508474643e+03
3.860337853107344927e+03
3.860719774011299705e+03
3.861389830508474461e+03
3.862445197740112690e+03
3.863937853107344381e+03
3.865821468926553280e+03
3.868126553672316277e+03
3.870977401129943246e+03
3.873801129943502474e+03
3.875726553672316186e+03
3.876805649717513916e+03
3.877159322033898206e+03
3.876856497175141158e+03
3.875993220338983065e+03
3.874653107344632645e+03
3.872955932203390148e+03
3.871071186440678048e+03
3.869076836158191782e+03
3.867053107344632735e+03
3.864990960451977116e+03
3.862819209039547786e+03
3.860431638418079274e+03
3.857767231638417798e+03
3.854790960451976844e+03
3.851572881355931713e+03
3.848187570621468694e+03
3.844574011299434915e+03
3.840679096045197639e+03
3.836523163841807673e+03
3.832230508474575799e+03
3.827944632768361771e+03
3.823691525423728308e+03
3.819370621468926402e+03
3.814788700564971805e+03
3.809854237288135664e+03
3.805811299435027649e+03
3.802897175141242769e+03
3.801281355932203041e+03
3.801032768361581930e+03
3.802204519774010805e+03
3.804856497175141158e+03
3.808988700564971623e+03
3.814433898305084767e+03
3.820903954802259705e+03
3.828030508474575981e+03
3.835441807909604449e+03
3.842928813559321952e+03
3.850262146892655437e+03
3.857324293785311056e+03
3.863996610169491305e+03
3.870205649717514007e+03
3.876019209039548059e+03
3.881464406779661203e+03
3.886615819209039728e+03
3.891455367231638775e+03
3.896118644067796595e+03
3.900699435028248445e+03
3.905291525423728672e+03
3.909970621468926765e+03
3.914748022598869738e+03
3.919598870056497162e+03
3.924357062146892076e+03
3.928829378531073417e+03
3.932914124293784880e+03
3.936567231638417979e+03
3.939742372881355550e+03
3.942453107344632372e+03
3.944457627118643813e+03
3.945375141242937843e+03
3.945014689265536617e+03
3.943658757062146833e+03
3.942204519774011260e+03
3.940465536723163495e+03
3.938336723163842180e+03
3.935646327683615709e+03
3.932364971751412668e+03
3.928527683615819114e+03
3.924223728813559319e+03
3.919598870056497162e+03
3.914775141242937934e+03
3.909845197740112781e+03
3.904948022598870011e+03
3.900361581920903518e+03
3.896351412429377888e+03
3.893029378531073235e+03
3.890349152542372394e+03
3.888155932203389966e+03
3.886328813559321588e+03
3.884842937853107287e+03
3.883668926553672463e+03
3.882783050847457162e+03
3.882109604519773711e+03
3.881638418079095572e+03
3.881375141242937389e+03
3.881344632768361407e+03
3.881512994350282042e+03
3.881934463276835686e+03
3.882738983050847310e+03
3.883902824858756503e+03
3.885447457627118183e+03
3.887383050847457071e+03
3.889788700564970895e+03
3.892786440677965402e+03
3.895224858757062066e+03
3.896767231638417798e+03
3.897519774011298978e+03
3.897584180790960090e+03
3.896990960451977116e+03
3.895856497175140703e+03
3.894299435028248354e+03
3.892447457627118183e+03
3.890436158192090261e+03
3.888366101694914960e+03
3.886250847457627060e+03
3.884035028248587423e+03
3.881658757062146378e+03
3.879001129943502747e+03
3.876042937853107105e+03
3.872825988700564267e+03
3.869436158192089806e+03
3.865821468926552825e+03
3.861900564971751010e+03
3.857705084745762178e+03
3.853319774011299160e+03
3.848900564971751010e+03
3.844536723163841089e+03
3.840134463276835504e+03
3.835533333333332848e+03
3.830649717514123950e+03
3.826132203389830011e+03
3.822635028248586877e+03
3.820334463276835777e+03
3.819344632768360952e+03
3.819736723163841361e+03
3.821598870056496708e+03
3.824988700564971168e+03
3.829799999999999272e+03
3.835770621468926038e+03
3.842564971751411576e+03
3.849866666666665878e+03
3.857368361581919999e+03
3.864846327683615073e+03
3.872108474576270055e+03
3.879049717514123586e+03
3.885555932203388693e+03
3.891654237288134937e+03
3.897393220338982246e+03
3.902789830508473642e+03
3.907862146892654891e+03
3.912711864406778659e+03
3.917424858757060974e+03
3.922081355932202769e+03
3.926814689265535890e+03
3.931671186440677047e+03
3.936645197740112053e+03
3.941586440677965584e+03
3.946354802259886583e+03
3.950804519774011169e+03
3.954847457627118274e+03
3.958450847457626423e+03
3.961611299435027831e+03
3.964197740112993415e+03
3.965772881355931531e+03
3.966158192090394550e+03
3.965137853107344199e+03
3.963531073446327355e+03
3.961774011299434278e+03
3.959674576271185742e+03
3.957102824858756321e+03
3.953959322033897479e+03
3.950219209039547422e+03
3.945989830508473915e+03
3.941383050847457071e+03
3.936524293785309965e+03
3.931468926553671736e+03
3.926344632768360498e+03
3.921423728813558682e+03
3.916985310734462473e+03
3.913187570621468240e+03
3.910051977401129079e+03
3.907458757062146105e+03
3.905318644067795503e+03
3.903550282485874959e+03
3.902137853107344199e+03
3.901039548022598410e+03
3.900175141242937116e+03
3.899537853107343835e+03
3.899153672316383563e+03
3.898979661016948739e+03
3.898998870056496344e+03
3.899287005649716775e+03
3.899899435028247808e+03
3.900882485875705243e+03
3.902222598870056117e+03
3.903909604519773438e+03
3.906018079096044403e+03
3.908661016949151417e+03
3.911816949152541383e+03
3.914068926553671645e+03
3.915465536723163041e+03
3.916103954802259068e+03
3.916048587570620839e+03
3.915371751412428694e+03
3.914196610169491123e+03
3.912642937853106559e+03
3.910857627118643450e+03
3.908957062146891985e+03
3.906990960451977116e+03
3.904943502824858115e+03
3.902763841807908648e+03
3.900305084745761633e+03
3.897518644067796231e+03
3.894480225988699658e+03
3.891238418079095027e+03
3.887771751412428785e+03
3.883984180790959726e+03
3.879850847457626514e+03
3.875463276836157092e+03
3.870994350282485357e+03
3.866563841807908830e+03
3.862088135593219704e+03
3.857441807909603995e+03
3.852586440677965584e+03
3.847672316384180249e+03
3.843644067796609306e+03
3.840714124293784607e+03
3.838988700564971168e+03
3.838568361581920271e+03
3.839601129943502201e+03
3.842158192090394550e+03
3.846194350282485175e+03
3.851517514124293484e+03
3.857819209039547331e+03
3.864794350282485084e+03
3.872112994350281951e+03
3.879546892655366264e+03
3.886856497175140248e+03
3.893890395480225379e+03
3.900543502824857569e+03
3.906814689265535890e+03
3.912719774011298796e+03
3.918223728813558409e+03
3.923406779661016117e+03
3.928314124293784516e+03
3.933019209039547150e+03
3.937632768361581384e+03
3.942265536723163223e+03
3.947047457627118092e+03
3.951951412429378252e+03
3.956905084745761997e+03
3.961766101694914596e+03
3.966393220338982701e+03
3.970650847457626696e+03
3.974523163841807218e+03
3.978012429378530669e+03
3.981049717514123586e+03
3.983209039548021792e+03
3.984280225988700295e+03
3.984072316384180340e+03
3.982349152542372394e+03
3.980580790960451395e+03
3.978548022598869466e+03
3.976120903954801634e+03
3.973170621468925674e+03
3.969614689265536072e+03
3.965514124293784334e+03
3.961006779661016481e+03
3.956180790960451304e+03
3.951091525423728399e+03
3.945821468926553280e+03
3.940639548022598319e+03
3.935840677966100884e+03
3.931615819209038818e+03
3.928057627118643722e+03
3.925072316384179885e+03
3.922563841807908830e+03
3.920491525423728035e+03
3.918836158192089897e+03
3.917490395480224834e+03
3.916421468926552734e+03
3.915619209039547059e+03
3.915092655367231146e+03
3.914783050847456707e+03
3.914641807909603813e+03
3.914748022598869284e+03
3.915195480225987922e+03
3.916003389830508240e+03
3.917159322033897752e+03
3.918650847457626696e+03
3.920499435028247717e+03
3.922858757062146196e+03
3.925870056497174573e+03
3.928992090395479408e+03
3.931241807909603722e+03
3.932667796610168807e+03
3.933353672316383381e+03
3.933352542372880635e+03
3.932763841807909102e+03
3.931733333333332666e+03
3.930375141242937389e+03
3.928816949152541838e+03
3.927163841807909193e+03
3.925457627118643359e+03
3.923599999999999454e+03
3.921477966101694619e+03
3.919047457627118092e+03
3.916327683615818387e+03
3.913376271186440135e+03
3.910202259887005312e+03
3.906705084745762178e+03
3.902807909604519409e+03
3.898581920903954597e+03
3.894240677966101430e+03
3.889868926553671372e+03
3.885398870056496889e+03
3.880797740112993779e+03
3.876037288135592462e+03
3.871025988700564540e+03
3.866222598870056117e+03
3.862405649717513370e+03
3.859693785310733801e+03
3.858233898305084040e+03
3.858148022598869375e+03
3.859595480225988467e+03
3.862554802259886401e+03
3.866932203389829738e+03
3.872467796610168989e+03
3.878839548022598137e+03
3.885726553672315731e+03
3.892883615819208444e+03
3.900070056497174846e+03
3.907076836158191782e+03
3.913789830508474097e+03
3.920178531073445811e+03
3.926199999999999818e+03
3.931842937853106832e+03
3.937152542372880816e+03
3.942214689265536435e+03
3.947028248587570033e+03
3.951710734463276367e+03
3.956394350282485448e+03
3.961211299435028195e+03
3.966164971751411940e+03
3.971231638418078546e+03
3.976314124293784971e+03
3.981233898305084040e+03
3.985854237288134755e+03
3.990143502824857933e+03
3.994087005649716957e+03
3.997596610169491214e+03
4.000487005649717048e+03
4.002386440677965766e+03
4.003149152542372576e+03
4.002483615819208808e+03
4.000491525423728490e+03
3.998371751412429148e+03
3.995938983050847128e+03
3.993028248587569578e+03
3.989524293785310419e+03
3.985465536723163495e+03
3.981014689265536163e+03
3.976192090395479681e+03
3.971027118644066832e+03
3.965627118644067195e+03
3.960203389830508058e+03
3.955025988700564085e+03
3.950367231638417252e+03
3.946334463276835322e+03
3.942911864406778477e+03
3.939999999999999091e+03
3.937601129943502201e+03
3.935655367231637683e+03
3.934053107344632281e+03
3.932770621468926038e+03
3.931813559322033143e+03
3.931138983050846946e+03
3.930687005649716866e+03
3.930456497175140612e+03
3.930465536723163495e+03
3.930798870056496526e+03
3.931494915254236730e+03
3.932567231638417979e+03
3.933955932203389239e+03
3.935680225988699931e+03
3.937871186440677775e+03
3.940687005649716866e+03
3.944178531073445811e+03
3.946863276836157638e+03
3.948697175141242496e+03
3.949751412429377524e+03
3.950054237288135027e+03
3.949706214689264925e+03
3.948839548022598137e+03
3.947569491525423018e+03
3.946040677966100702e+03
3.944378531073445629e+03
3.942653107344631735e+03
3.940811299435027649e+03
3.938724293785309783e+03
3.936357062146891622e+03
3.933699435028247990e+03
3.930812429378530396e+03
3.927715254237287809e+03
3.924297175141242406e+03
3.920457627118643359e+03
3.916271186440677411e+03
3.911923163841807764e+03
3.907476836158191418e+03
3.902944632768360862e+03
3.898308474576270328e+03
3.893522033898304471e+03
3.888544632768360771e+03
3.883247457627117910e+03
3.878684745762711373e+03
3.875136723163841452e+03
3.872759322033897661e+03
3.871718644067796049e+03
3.872151412429378070e+03
3.874132203389830011e+03
3.877606779661016390e+03
3.882380790960451122e+03
3.888129943502824062e+03
3.894589830508473824e+03
3.901474576271185470e+03
3.908517514124293484e+03
3.915456497175140612e+03
3.922192090395479681e+03
3.928633898305084585e+03
3.934727683615818478e+03
3.940459887005649307e+03
3.945867796610168625e+03
3.950967231638417616e+03
3.955757062146892167e+03
3.960377401129942882e+03
3.964938983050847128e+03
3.969574011299434460e+03
3.974352542372880635e+03
3.979302824858756594e+03
3.984325423728812893e+03
3.989250847457626605e+03
3.993944632768360862e+03
3.998370621468925947e+03
4.002480225988700113e+03
4.006187570621468694e+03
4.009449717514123677e+03
4.012114124293785153e+03
4.013742372881355550e+03
4.014066666666666606e+03
4.012775141242937025e+03
4.010733333333332666e+03
4.008480225988700113e+03
4.005793220338982792e+03
4.002553672316383654e+03
3.998753672316383927e+03
3.994494915254236730e+03
3.989835028248587150e+03
3.984796610169491032e+03
3.979419209039547241e+03
3.973890395480225379e+03
3.968482485875705606e+03
3.963497175141242678e+03
3.959066666666666606e+03
3.955193220338982428e+03
3.951871186440677775e+03
3.949073446327683087e+03
3.946748022598869738e+03
3.944788700564971805e+03
3.943169491525423382e+03
3.941889265536722633e+03
3.940905084745762451e+03
3.940167231638417434e+03
3.939641807909604267e+03
3.939326553672316095e+03
3.939287005649716775e+03
3.939622598870056208e+03
3.940312994350281770e+03
3.941268926553671918e+03
3.942544632768361225e+03
3.944220338983050624e+03
3.946467796610168989e+03
3.949318644067796413e+03
3.952831638418078910e+03
3.955820338983050533e+03
3.957988700564971623e+03
3.959394350282485902e+03
3.960119774011299342e+03
3.960238418079095936e+03
3.959865536723163586e+03
3.959160451977400953e+03
3.958263276836157729e+03
3.957270056497174664e+03
3.956163841807909193e+03
3.954848587570621021e+03
3.953218079096044676e+03
3.951296045197739659e+03
3.949161581920903700e+03
3.946799999999999272e+03
3.944088135593219704e+03
3.940959322033897934e+03
3.937439548022598501e+03
3.933666666666666060e+03
3.929712994350282315e+03
3.925661016949152327e+03
3.921470056497174483e+03
3.917120903954802088e+03
3.912581920903954597e+03
3.907785310734462655e+03
3.902848587570621021e+03
3.898832768361581657e+03
3.895880225988700204e+03
3.894160451977400953e+03
3.893865536723163132e+03
3.895101694915254029e+03
3.897877966101694710e+03
3.902059887005649216e+03
3.907379661016949285e+03
3.913564971751412486e+03
3.920344632768361407e+03
3.927405649717514279e+03
3.934501694915254120e+03
3.941491525423728490e+03
3.948245197740112417e+03
3.954680225988699931e+03
3.960795480225988285e+03
3.966584180790960545e+03
3.972044067796609852e+03
3.977189830508474643e+03
3.982115254237288354e+03
3.986957062146892440e+03
3.991811299435028559e+03
3.996790960451977298e+03
4.001971751412429512e+03
4.007275706214689308e+03
4.012549152542372212e+03
4.017664406779660567e+03
4.022609039548022338e+03
4.027256497175140794e+03
4.031572881355931713e+03
4.035476836158191873e+03
4.038884745762711646e+03
4.041789830508474552e+03
4.043516384180790737e+03
4.043746892655366537e+03
4.042186440677965948e+03
4.039657627118643177e+03
4.036758192090394914e+03
4.033364971751412213e+03
4.029447457627118183e+03
4.025058757062146469e+03
4.020237288135593190e+03
4.015013559322033416e+03
4.009392090395479499e+03
4.003531073446327355e+03
3.997673446327683450e+03
3.992155932203389966e+03
3.987110734463276458e+03
3.982610169491525994e+03
3.978697175141242951e+03
3.975353672316384291e+03
3.972511864406779750e+03
3.970087005649717412e+03
3.968054237288135482e+03
3.966397740112994143e+03
3.965064406779661113e+03
3.964027118644067741e+03
3.963204519774011715e+03
3.962606779661016844e+03
3.962303954802259796e+03
3.962363841807909921e+03
3.962770621468926947e+03
3.963463276836158002e+03
3.964445197740113144e+03
3.965815819209039546e+03
3.967709604519774075e+03
3.970164971751412395e+03
3.973248587570621567e+03
3.976990960451977571e+03
3.979889265536723542e+03
3.981993220338983065e+03
3.983361581920903973e+03
3.984074576271186743e+03
3.984229378531073962e+03
3.983977401129943701e+03
3.983455367231638775e+03
3.982814689265536799e+03
3.982058757062147379e+03
3.981108474576271419e+03
3.979827118644067923e+03
3.978258757062147197e+03
3.976510734463277004e+03
3.974527683615819569e+03
3.972189830508474188e+03
3.969439548022598501e+03
3.966267796610169171e+03
3.962779661016948921e+03
3.959076836158192236e+03
3.955210169491525448e+03
3.951188700564971441e+03
3.947005649717513734e+03
3.942680225988699931e+03
3.938142372881356096e+03
3.933221468926553825e+03
3.928196610169491123e+03
3.924126553672316277e+03
3.921193220338982883e+03
3.919570621468926220e+03
3.919448587570621385e+03
3.920896045197740023e+03
3.923777401129943428e+03
3.927920903954802270e+03
3.933117514124293848e+03
3.939047457627118547e+03
3.945383050847457525e+03
3.951918644067796777e+03
3.958428248587570579e+03
3.964761581920904064e+03
3.970824858757062430e+03
3.976603389830508604e+03
3.982071186440678048e+03
3.987193220338982883e+03
3.991987570621468876e+03
3.996534463276836050e+03
4.000891525423729036e+03
4.005205649717514461e+03
4.009632768361582293e+03
4.014270056497175574e+03
4.019058757062147379e+03
4.023884745762711646e+03
4.028637288135593280e+03
4.033245197740113326e+03
4.037640677966101975e+03
4.041750282485875687e+03
4.045493785310734438e+03
4.048780790960452123e+03
4.051644067796610216e+03
4.053824858757062430e+03
4.054649717514124404e+03
4.053794350282485993e+03
4.051655367231638593e+03
4.049232768361582202e+03
4.046350282485876050e+03
4.042953672316384655e+03
4.039054237288135482e+03
4.034709604519774075e+03
4.029924293785310965e+03
4.024658757062146833e+03
4.019015819209039819e+03
4.013284745762712191e+03
4.007705084745763088e+03
4.002491525423729399e+03
3.997755932203390330e+03
3.993578531073446356e+03
3.989949152542373213e+03
3.986822598870056936e+03
3.984142372881356096e+03
3.981848587570621930e+03
3.979941242937853531e+03
3.978376271186441045e+03
3.977118644067797050e+03
3.976073446327683996e+03
3.975224858757062066e+03
3.974661016949153236e+03
3.974457627118644268e+03
3.974567231638417979e+03
3.974952542372881453e+03
3.975612429378531488e+03
3.976623728813559865e+03
3.978088135593220613e+03
3.980062146892655619e+03
3.982628248587570852e+03
3.985850847457627424e+03
3.989472316384180886e+03
3.992275706214689308e+03
3.994292655367231418e+03
3.995594350282485721e+03
3.996246327683616073e+03
3.996393220338983156e+03
3.996188700564972351e+03
3.995795480225989195e+03
3.995285875706214938e+03
3.994569491525424382e+03
3.993527683615819114e+03
3.992188700564971441e+03
3.990637288135593735e+03
3.988879096045197912e+03
3.986771751412429694e+03
3.984223728813559319e+03
3.981256497175141703e+03
3.977914124293785335e+03
3.974303954802260250e+03
3.970489265536722996e+03
3.966480225988700568e+03
3.962293785310735075e+03
3.957977401129944155e+03
3.953494915254237640e+03
3.948689265536723724e+03
3.943388700564972169e+03
3.938659887005650035e+03
3.934909604519774803e+03
3.932379661016949740e+03
3.931291525423729581e+03
3.931728813559322589e+03
3.933646327683616619e+03
3.936929943502825154e+03
3.941380790960452032e+03
3.946681355932203587e+03
3.952584180790961000e+03
3.958798870056497435e+03
3.965097175141243497e+03
3.971277966101695256e+03
3.977248587570621567e+03
3.982966101694915324e+03
3.988376271186440590e+03
3.993442937853107651e+03
3.998181920903954961e+03
4.002633898305085040e+03
4.006853107344633372e+03
4.010966101694915778e+03
4.015172881355932532e+03
4.019562711864406992e+03
4.024133333333334122e+03
4.028805649717514825e+03
4.033501694915255030e+03
4.038124293785311238e+03
4.042611299435028741e+03
4.046900564971751919e+03
4.050865536723164041e+03
4.054437288135593462e+03
4.057619209039548878e+03
4.060448587570621839e+03
4.062738983050847764e+03
4.063497175141243133e+03
4.062529943502825517e+03
4.060062146892655619e+03
4.057210169491526358e+03
4.053847457627119184e+03
4.050006779661017390e+03
4.045718644067796959e+03
4.040950282485875960e+03
4.035665536723164223e+03
4.029941242937853531e+03
4.024009039548022884e+03
4.018108474576271874e+03
4.012472316384181340e+03
4.007256497175141703e+03
4.002576271186440863e+03
3.998448587570621839e+03
3.994841807909604540e+03
3.991717514124294212e+03
3.989029378531073689e+03
3.986737853107344563e+03
3.984855367231638411e+03
3.983303954802259796e+03
3.981989830508474824e+03
3.980859887005650307e+03
3.980025988700564994e+03
3.979541242937853895e+03
3.979392090395480409e+03
3.979516384180791647e+03
3.979896045197740477e+03
3.980605649717514552e+03
3.981728813559322589e+03
3.983300564971751555e+03
3.985390960451977662e+03
3.988093785310734802e+03
3.991529943502825063e+03
3.994623728813559865e+03
3.996963841807910285e+03
3.998576271186440863e+03
3.999540112994350693e+03
3.999955932203390148e+03
3.999970621468926765e+03
3.999823728813559683e+03
3.999568361581921181e+03
3.999124293785310783e+03
3.998423728813559137e+03
3.997489265536722996e+03
3.996364971751412668e+03
3.995063276836158366e+03
3.993501694915254120e+03
3.991577401129943610e+03
3.989204519774011260e+03
3.986467796610169898e+03
3.983455367231637865e+03
3.980233898305084949e+03
3.976800000000000182e+03
3.973213559322033689e+03
3.969503954802260068e+03
3.965659887005649580e+03
3.961575141242938116e+03
3.957080225988700477e+03
3.952116384180791101e+03
3.948031638418079638e+03
3.945058757062147379e+03
3.943430508474576527e+03
3.943285875706214938e+03
3.944625988700564903e+03
3.947414689265537163e+03
3.951474576271186834e+03
3.956544632768362135e+03
3.962344632768361862e+03
3.968595480225988922e+03
3.975066666666667061e+03
3.981490395480226198e+03
3.987781920903955324e+03
3.993877966101695165e+03
3.999666666666666970e+03
4.005141242937853349e+03
4.010297175141243315e+03
4.015120903954802543e+03
4.019639548022598774e+03
4.023997740112994506e+03
4.028361581920904428e+03
4.032871186440678230e+03
4.037576271186440863e+03
4.042407909604519773e+03
4.047299435028248809e+03
4.052150282485876232e+03
4.056945762711864518e+03
4.061572881355932623e+03
4.065908474576271146e+03
4.069874576271186925e+03
4.073470056497175392e+03
4.076697175141243406e+03
4.079520903954802634e+03
4.080938983050847582e+03
4.080742372881356459e+03
4.078789830508474552e+03
4.075984180790960636e+03
4.072706214689265835e+03
4.068987570621469331e+03
4.064870056497175483e+03
4.060274576271187016e+03
4.055136723163842362e+03
4.049525423728814076e+03
4.043622598870057118e+03
4.037621468926554371e+03
4.031789830508475006e+03
4.026284745762712191e+03
4.021256497175141703e+03
4.016780790960452578e+03
4.012849717514124677e+03
4.009403389830508786e+03
4.006379661016949285e+03
4.003806779661016662e+03
4.001647457627118456e+03
3.999868926553672736e+03
3.998329943502825245e+03
3.996969491525424019e+03
3.995892655367231782e+03
3.995176271186440772e+03
3.994766101694915506e+03
3.994629378531073598e+03
3.994757062146893077e+03
3.995185310734463656e+03
3.995984180790960636e+03
3.997195480225988831e+03
3.998887005649718049e+03
4.001108474576271874e+03
4.004003389830509150e+03
4.007726553672317095e+03
4.010920903954802725e+03
4.013362711864407174e+03
4.015093785310734802e+03
4.016154802259887674e+03
4.016753672316384836e+03
4.017101694915254484e+03
4.017311864406779932e+03
4.017287005649718139e+03
4.016985310734463383e+03
4.016427118644068287e+03
4.015661016949153236e+03
4.014708474576271783e+03
4.013518644067797140e+03
4.011942372881356278e+03
4.009922033898305472e+03
4.007488135593220704e+03
4.004735593220339524e+03
4.001702824858757594e+03
3.998393220338983156e+03
3.994892655367231782e+03
3.991244067796610580e+03
3.987458757062147015e+03
3.983476836158192782e+03
3.979103954802259977e+03
3.974192090395480591e+03
3.969296045197740568e+03
3.965407909604519773e+03
3.962742372881356459e+03
3.961463276836158911e+03
3.961697175141243406e+03
3.963423728813560047e+03
3.966488135593220704e+03
3.970714124293785972e+03
3.975822598870056936e+03
3.981555932203390512e+03
3.987602259887005857e+03
3.993749152542373395e+03
3.999849717514124677e+03
4.005781920903955324e+03
4.011477966101695074e+03
4.016873446327684178e+03
4.021981920903955142e+03
4.026737853107345018e+03
4.031143502824858842e+03
4.035325423728813803e+03
4.039457627118644268e+03
4.043684745762712737e+03
4.048082485875706425e+03
4.052630508474576345e+03
4.057262146892655437e+03
4.061917514124294030e+03
4.066564971751412486e+03
4.071103954802259977e+03
4.075387570621469422e+03
4.079341242937853167e+03
4.082946892655367265e+03
4.086178531073446720e+03
4.089030508474576891e+03
4.091552542372881362e+03
4.092545762711864882e+03
4.091832768361582566e+03
4.089349152542372849e+03
4.086465536723163950e+03
4.083198870056497071e+03
4.079524293785310874e+03
4.075370621468926856e+03
4.070687005649717776e+03
4.065484745762712009e+03
4.059891525423729036e+03
4.054118644067796595e+03
4.048345762711864609e+03
4.042822598870056936e+03
4.037688135593220522e+03
4.033076836158192236e+03
4.028992090395480318e+03
4.025392090395480409e+03
4.022242937853107378e+03
4.019536723163841998e+03
4.017291525423728672e+03
4.015421468926553644e+03
4.013828248587570670e+03
4.012435028248587514e+03
4.011302824858757049e+03
4.010526553672316368e+03
4.010064406779661113e+03
4.009879096045197912e+03
4.009951412429378252e+03
4.010326553672316095e+03
4.011046327683615345e+03
4.012152542372881726e+03
4.013696045197740204e+03
4.015733333333333121e+03
4.018377401129943337e+03
4.021769491525423746e+03
4.025468926553672190e+03
4.028397740112994143e+03
4.030568361581920726e+03
4.031990960451977116e+03
4.032867796610169535e+03
4.033433898305084767e+03
4.033761581920904064e+03
4.033879096045197912e+03
4.033697175141242951e+03
4.033251977401129807e+03
4.032584180790960090e+03
4.031737853107344108e+03
4.030683615819209081e+03
4.029275706214689308e+03
4.027446327683615891e+03
4.025213559322033689e+03
4.022621468926553462e+03
4.019712994350282315e+03
4.016526553672316368e+03
4.013115254237287900e+03
4.009534463276835595e+03
4.005861016949152145e+03
4.002056497175140976e+03
3.997943502824858570e+03
3.993385310734463019e+03
3.988265536723163677e+03
3.983753672316383927e+03
3.980338983050847219e+03
3.978256497175140794e+03
3.977621468926553462e+03
3.978485875706214756e+03
3.980764971751412304e+03
3.984316384180790919e+03
3.988890395480225379e+03
3.994204519774011260e+03
3.999983050847457434e+03
4.005978531073445993e+03
4.012016949152542111e+03
4.017944632768361771e+03
4.023665536723163768e+03
4.029152542372881726e+03
4.034358192090395733e+03
4.039198870056497071e+03
4.043684745762711827e+03
4.047882485875706152e+03
4.051950282485875505e+03
4.056040677966101612e+03
4.060285875706214938e+03
4.064702824858757594e+03
4.069198870056497526e+03
4.073788700564971805e+03
4.078422598870056390e+03
4.082978531073446902e+03
4.087359322033898479e+03
4.091493785310734893e+03
4.095288135593220431e+03
4.098738983050847310e+03
4.101827118644067923e+03
4.104542372881356641e+03
4.106261016949152690e+03
4.106344632768361407e+03
4.104734463276836323e+03
4.101972881355932259e+03
4.098867796610169535e+03
4.095363841807909921e+03
4.091386440677966675e+03
4.086903954802260159e+03
4.081871186440677775e+03
4.076386440677965766e+03
4.070572881355932168e+03
4.064668926553672463e+03
4.058884745762712100e+03
4.053428248587571034e+03
4.048435028248588424e+03
4.043960451977401135e+03
4.039971751412429512e+03
4.036436158192090716e+03
4.033355932203389784e+03
4.030766101694915506e+03
4.028589830508474734e+03
4.026706214689265835e+03
4.025035028248587423e+03
4.023631638418079092e+03
4.022545762711864427e+03
4.021771751412429694e+03
4.021272316384181067e+03
4.021038418079096118e+03
4.021072316384181249e+03
4.021418079096044949e+03
4.022125423728813530e+03
4.023196610169491578e+03
4.024680225988700840e+03
4.026715254237287809e+03
4.029427118644068287e+03
4.032948022598870011e+03
4.036284745762711736e+03
4.038789830508474552e+03
4.040516384180790737e+03
4.041601129943502656e+03
4.042294915254237367e+03
4.042732203389830829e+03
4.042893785310734529e+03
4.042771751412429239e+03
4.042348022598870102e+03
4.041714124293785517e+03
4.040910734463276640e+03
4.039898305084745516e+03
4.038566101694914778e+03
4.036839548022599047e+03
4.034716384180790556e+03
4.032214689265536435e+03
4.029352542372881089e+03
4.026190960451977389e+03
4.022754802259886674e+03
4.019137853107344199e+03
4.015412429378530760e+03
4.011558192090395096e+03
4.007450847457626878e+03
4.002970621468926765e+03
3.998015819209039364e+03
3.993053107344632735e+03
3.989056497175140976e+03
3.986265536723163677e+03
3.984854237288135664e+03
3.984924293785310510e+03
3.986455367231638320e+03
3.989335593220338978e+03
3.993370621468926402e+03
3.998289265536723178e+03
4.003810169491525812e+03
4.009682485875706334e+03
4.015700564971751646e+03
4.021688135593220068e+03
4.027541242937852985e+03
4.033220338983051079e+03
4.038641807909604722e+03
4.043734463276836323e+03
4.048461016949152508e+03
4.052875706214689217e+03
4.057068926553672100e+03
4.061263276836158184e+03
4.065589830508474279e+03
4.070044067796609852e+03
4.074636158192090079e+03
4.079352542372881089e+03
4.084178531073446266e+03
4.088989830508474370e+03
4.093700564971751646e+03
4.098219209039548332e+03
4.102427118644067377e+03
4.106340112994350420e+03
4.109925423728813257e+03
4.113092655367231600e+03
4.115663276836157820e+03
4.116740112994350056e+03
4.116183050847457707e+03
4.113926553672316004e+03
4.110737853107344563e+03
4.107197740112994325e+03
4.103246327683615164e+03
4.098787570621469058e+03
4.093797740112994688e+03
4.088310734463277186e+03
4.082446327683615891e+03
4.076378531073446538e+03
4.070350282485876050e+03
4.064563841807909284e+03
4.059207909604519500e+03
4.054359322033898025e+03
4.049978531073445993e+03
4.046064406779661113e+03
4.042671186440677957e+03
4.039800000000000182e+03
4.037390960451977662e+03
4.035334463276835777e+03
4.033527683615819114e+03
4.032020338983050806e+03
4.030853107344632917e+03
4.030013559322033871e+03
4.029477966101694619e+03
4.029225988700564812e+03
4.029263276836158184e+03
4.029610169491525085e+03
4.030318644067796413e+03
4.031357062146892531e+03
4.032806779661016662e+03
4.034753672316383927e+03
4.037301694915254302e+03
4.040605649717514098e+03
4.044752542372881180e+03
4.048028248587570488e+03
4.050471186440677684e+03
4.052216949152541929e+03
4.053461016949152508e+03
4.054380790960452032e+03
4.055016949152542111e+03
4.055318644067796413e+03
4.055289265536723178e+03
4.055038418079095663e+03
4.054620338983050715e+03
4.053978531073445993e+03
4.053020338983050806e+03
4.051698305084745698e+03
4.049950282485875505e+03
4.047777401129943428e+03
4.045221468926553825e+03
4.042282485875705788e+03
4.039015819209039364e+03
4.035534463276835595e+03
4.031910734463276640e+03
4.028131073446327264e+03
4.024117514124293848e+03
4.019795480225988740e+03
4.015051977401129989e+03
4.009653107344632645e+03
4.004879096045197912e+03
4.001204519774010805e+03
3.998857627118643904e+03
3.997933333333333394e+03
3.998503954802259614e+03
4.000510734463276549e+03
4.003800000000000182e+03
4.008126553672316277e+03
4.013197740112994325e+03
4.018795480225988740e+03
4.024640677966101521e+03
4.030554802259886856e+03
4.036428248587571034e+03
4.042170621468926583e+03
4.047707344632768582e+03
4.052963841807909375e+03
4.057874576271186470e+03
4.062402259887005584e+03
4.066664406779661022e+03
4.070882485875706152e+03
4.075152542372880816e+03
4.079519774011298978e+03
4.084040677966101612e+03
4.088697175141242951e+03
4.093470056497174937e+03
4.098291525423728672e+03
4.103088135593219704e+03
4.107702824858756685e+03
4.112073446327683996e+03
4.116214689265536435e+03
4.120038418079096118e+03
4.123439548022599411e+03
4.126423728813559137e+03
4.128555932203389602e+03
4.129138983050846946e+03
4.128051977401129079e+03
4.125216949152541929e+03
4.121831638418078001e+03
4.118045197740112599e+03
4.113793220338982792e+03
4.109006779661016481e+03
4.103693785310733801e+03
4.097920903954802270e+03
4.091859887005649398e+03
4.085701694915253938e+03
4.079681355932203132e+03
4.074004519774010987e+03
4.068774011299434733e+03
4.064004519774010987e+03
4.059708474576271328e+03
4.055909604519773893e+03
4.052683615819209081e+03
4.049927683615818751e+03
4.047542372881355732e+03
4.045454237288135118e+03
4.043673446327683450e+03
4.042211299435027740e+03
4.041110734463276458e+03
4.040327683615818387e+03
4.039814689265536799e+03
4.039606779661016844e+03
4.039725423728813439e+03
4.040164971751411940e+03
4.040946892655366810e+03
4.042103954802259523e+03
4.043716384180790556e+03
4.045871186440677775e+03
4.048702824858756685e+03
4.052383050847457071e+03
4.056542372881355732e+03
4.059829378531072962e+03
4.062349152542372394e+03
4.064299435028247899e+03
4.065863276836157638e+03
4.067116384180790646e+03
4.067994350282485357e+03
4.068550282485875414e+03
4.068841807909604540e+03
4.068924293785310056e+03
4.068796610169491032e+03
4.068420338983050897e+03
4.067668926553672463e+03
4.066520903954801724e+03
4.064951412429378252e+03
4.062997740112994052e+03
4.060605649717513643e+03
4.057824858757061520e+03
4.054804519774011169e+03
4.051622598870056208e+03
4.048231638418078546e+03
4.044664406779660567e+03
4.040851977401129716e+03
4.036645197740112053e+03
4.031839548022598137e+03
4.026390960451977207e+03
4.021908474576271146e+03
4.018632768361581839e+03
4.016709604519774075e+03
4.016262146892654982e+03
4.017288135593220431e+03
4.019658757062146833e+03
4.023205649717514007e+03
4.027637288135593280e+03
4.032731073446327628e+03
4.038183050847457707e+03
4.043810169491525357e+03
4.049492655367231237e+03
4.055114124293785608e+03
4.060577401129943155e+03
4.065829378531073417e+03
4.070748022598869284e+03
4.075275706214688853e+03
4.079501694915253665e+03
4.083621468926553462e+03
4.087733333333332666e+03
4.091938983050847128e+03
4.096284745762712191e+03
4.100797740112993779e+03
4.105462146892655255e+03
4.110253107344631644e+03
4.115062146892654710e+03
4.119752542372882090e+03
4.124291525423728672e+03
4.128638418079095572e+03
4.132742372881355550e+03
4.136442937853106741e+03
4.139722033898305199e+03
4.142705084745762178e+03
4.144388700564971259e+03
4.144464406779660749e+03
4.142832768361580747e+03
4.139448587570621385e+03
4.135673446327683450e+03
4.131449717514124131e+03
4.126702824858756685e+03
4.121416949152541747e+03
4.115629378531073598e+03
4.109467796610168989e+03
4.103080225988700477e+03
4.096722033898304289e+03
4.090642937853107014e+03
4.084961581920903427e+03
4.079711864406779114e+03
4.074889265536722178e+03
4.070598870056496708e+03
4.066873446327682814e+03
4.063650847457626696e+03
4.060866666666665878e+03
4.058396610169490941e+03
4.056264406779660021e+03
4.054459887005648852e+03
4.053015819209038909e+03
4.051887005649717139e+03
4.051058757062146469e+03
4.050520903954801724e+03
4.050315254237287263e+03
4.050437288135592553e+03
4.050889265536722633e+03
4.051696045197739750e+03
4.052893785310734074e+03
4.054576271186439953e+03
4.056876836158191509e+03
4.059952542372880998e+03
4.063912994350282133e+03
4.067698305084745698e+03
4.070648587570621203e+03
4.072972881355931804e+03
4.074861016949152145e+03
4.076362711864406265e+03
4.077485875706214756e+03
4.078266666666666424e+03
4.078736723163841816e+03
4.079013559322033416e+03
4.079087005649716957e+03
4.078915254237287627e+03
4.078378531073446084e+03
4.077455367231638320e+03
4.076143502824858388e+03
4.074424858757061884e+03
4.072231638418078546e+03
4.069618079096044767e+03
4.066722033898304289e+03
4.063601129943502201e+03
4.060262146892654982e+03
4.056740112994350056e+03
4.053010169491525176e+03
4.048926553672316004e+03
4.044303954802259796e+03
4.038983050847457434e+03
4.033800000000000182e+03
4.029688135593220068e+03
4.026857627118643904e+03
4.025455367231638320e+03
4.025541242937852985e+03
4.027035028248587423e+03
4.029813559322033598e+03
4.033642937853107014e+03
4.038257627118643995e+03
4.043389830508474461e+03
4.048788700564971805e+03
4.054310734463276731e+03
4.059827118644067468e+03
4.065303954802259796e+03
4.070624858757062157e+03
4.075624858757062611e+03
4.080254237288135755e+03
4.084575141242937661e+03
4.088699435028248445e+03
4.092759322033898115e+03
4.096863276836158548e+03
4.101084745762711464e+03
4.105463276836158911e+03
4.110032768361581475e+03
4.114740112994350056e+03
4.119518644067797140e+03
4.124253107344633463e+03
4.128882485875706152e+03
4.133378531073445629e+03
4.137653107344633099e+03
4.141580790960451850e+03
4.145090395480225197e+03
4.148248587570620657e+03
4.150927683615818751e+03
4.152054237288135482e+03
4.151541242937852985e+03
4.149275706214689308e+03
4.145640677966101066e+03
4.141602259887005857e+03
4.137053107344632735e+03
4.131960451977401135e+03
4.126334463276835777e+03
4.120247457627117910e+03
4.113813559322034052e+03
4.107298305084746062e+03
4.100966101694915778e+03
4.094946892655367265e+03
4.089302824858757504e+03
4.084066666666666606e+03
4.079303954802259796e+03
4.075099435028248536e+03
4.071432768361581566e+03
4.068203389830508513e+03
4.065324293785311056e+03
4.062764971751412759e+03
4.060543502824858933e+03
4.058666666666666515e+03
4.057106214689265471e+03
4.055840677966101794e+03
4.054885875706214392e+03
4.054248587570621567e+03
4.053907344632768400e+03
4.053910734463277095e+03
4.054233898305084949e+03
4.054900564971751464e+03
4.056005649717514189e+03
4.057641807909604722e+03
4.059978531073445993e+03
4.063166101694915142e+03
4.067309604519773984e+03
4.071427118644068287e+03
4.074866666666666788e+03
4.077771751412429694e+03
4.080228248587571215e+03
4.082266666666666879e+03
4.083914124293785790e+03
4.085216949152542838e+03
4.086265536723164132e+03
4.087108474576271419e+03
4.087692655367231509e+03
4.087910734463276640e+03
4.087760451977401317e+03
4.087216949152542384e+03
4.086207909604519955e+03
4.084698305084746153e+03
4.082745762711864700e+03
4.080435028248587514e+03
4.077812429378531306e+03
4.074938983050847582e+03
4.071877966101695165e+03
4.068610169491525994e+03
4.065049717514124495e+03
4.061000000000000455e+03
4.056251977401130262e+03
4.050757062146893077e+03
4.045814689265536799e+03
4.042013559322034780e+03
4.039577401129943610e+03
4.038607909604520046e+03
4.039075706214689490e+03
4.040909604519774348e+03
4.043898305084746426e+03
4.047786440677966311e+03
4.052328813559322043e+03
4.057284745762711736e+03
4.062429378531073780e+03
4.067664406779661476e+03
4.072897175141243679e+03
4.078040677966102066e+03
4.082917514124294030e+03
4.087442937853107651e+03
4.091638418079096482e+03
4.095586440677966493e+03
4.099438418079096664e+03
4.103287005649717685e+03
4.107200000000000728e+03
4.111242937853107833e+03
4.115517514124294394e+03
4.119977401129943246e+03
4.124543502824859388e+03
4.129108474576270964e+03
4.133632768361581839e+03
4.138116384180792011e+03
4.142431638418079274e+03
4.146442937853107651e+03
4.150067796610170262e+03
4.153319774011300069e+03
4.156340112994350420e+03
4.158838418079096300e+03
4.159769491525424201e+03
4.159000000000000000e+03
4.156475706214689126e+03
4.152645197740112962e+03
4.148352542372880635e+03
4.143533333333332848e+03
4.138161581920903700e+03
4.132221468926553825e+03
4.125874576271186925e+03
4.119357062146892531e+03
4.112899435028248263e+03
4.106679096045198094e+03
4.100772881355932441e+03
4.095237288135593644e+03
4.090176271186441227e+03
4.085663276836159184e+03
4.081707344632769036e+03
4.078223728813560228e+03
4.075133333333334122e+03
4.072411299435028923e+03
4.070056497175141885e+03
4.068057627118644632e+03
4.066389830508475370e+03
4.065045197740113963e+03
4.064029378531074144e+03
4.063328813559322953e+03
4.062972881355933168e+03
4.062960451977402045e+03
4.063265536723164587e+03
4.063898305084746426e+03
4.064934463276837050e+03
4.066447457627119547e+03
4.068585310734463746e+03
4.071503954802260523e+03
4.075363841807910376e+03
4.079586440677966948e+03
4.083071186440678957e+03
4.085989830508475279e+03
4.088440677966102157e+03
4.090435028248588424e+03
4.092029378531074144e+03
4.093255367231638957e+03
4.094229378531073962e+03
4.095001129943503656e+03
4.095529943502825517e+03
4.095742372881356459e+03
4.095657627118644996e+03
4.095212429378531851e+03
4.094329943502825699e+03
4.092974011299435915e+03
4.091172881355932532e+03
4.088995480225989013e+03
4.086490395480226653e+03
4.083720903954803362e+03
4.080753672316384382e+03
4.077645197740112962e+03
4.074314124293786335e+03
4.070585310734463746e+03
4.066224858757062520e+03
4.061152542372881726e+03
4.055438418079096664e+03
4.050760451977401772e+03
4.047331073446328446e+03
4.045307344632768945e+03
4.044735593220339979e+03
4.045578531073447266e+03
4.047677966101695347e+03
4.050815819209040455e+03
4.054763841807910467e+03
4.059219209039548787e+03
4.063958192090396551e+03
4.068853107344633827e+03
4.073865536723164041e+03
4.078822598870056936e+03
4.083588700564972441e+03
4.088042937853108015e+03
4.092142372881356096e+03
4.095963841807910285e+03
4.099614689265536981e+03
4.103231638418079456e+03
4.106846327683616437e+03
4.110593220338983883e+03
4.114563841807909739e+03
4.118771751412429694e+03
4.123117514124294757e+03
4.127507344632769673e+03
4.131927683615819660e+03
4.136353672316385200e+03
4.140699435028249354e+03
4.144811299435028559e+03
4.148561581920905155e+03
4.151944632768362681e+03
4.155054237288136392e+03
4.158054237288136392e+03
4.159839548022599047e+03
4.160037288135594281e+03
4.158528813559322771e+03
4.155228248587571215e+03
4.151129943502824972e+03
4.146546892655367628e+03
4.141400000000000546e+03
4.135656497175141340e+03
4.129420338983050897e+03
4.122866666666666788e+03
4.116281355932203951e+03
4.109816949152542293e+03
4.103613559322034234e+03
4.097716384180791465e+03
4.092225988700565267e+03
4.087268926553672827e+03
4.082883615819209354e+03
4.078981920903955142e+03
4.075482485875706971e+03
4.072370621468926856e+03
4.069618079096045676e+03
4.067205649717514461e+03
4.065133333333333212e+03
4.063379661016949740e+03
4.061920903954802725e+03
4.060754802259887128e+03
4.059911864406780296e+03
4.059389830508474915e+03
4.059146892655367992e+03
4.059219209039548332e+03
4.059620338983051624e+03
4.060404519774011987e+03
4.061711864406780023e+03
4.063751412429378433e+03
4.066658757062147288e+03
4.070457627118644268e+03
4.074806779661017117e+03
4.078526553672316368e+03
4.081766101694915506e+03
4.084553672316384564e+03
4.086906214689265653e+03
4.088874576271186925e+03
4.090601129943503111e+03
4.092094915254238003e+03
4.093359322033898934e+03
4.094363841807909921e+03
4.095066666666667516e+03
4.095428248587571034e+03
4.095359322033898934e+03
4.094824858757062884e+03
4.093822598870056936e+03
4.092402259887006494e+03
4.090587570621469240e+03
4.088472316384180886e+03
4.086111864406779659e+03
4.083587570621469240e+03
4.080889265536723542e+03
4.077850847457627424e+03
4.074203389830508968e+03
4.069862146892655801e+03
4.064857627118643904e+03
4.059911864406779841e+03
4.056107344632768218e+03
4.053604519774011351e+03
4.052534463276836505e+03
4.052892655367231782e+03
4.054578531073446356e+03
4.057435028248587514e+03
4.061194350282486084e+03
4.065578531073446356e+03
4.070349152542372849e+03
4.075383050847457980e+03
4.080567231638417979e+03
4.085754802259887583e+03
4.090824858757062430e+03
4.095613559322033780e+03
4.100064406779662022e+03
4.104221468926554735e+03
4.108150282485876232e+03
4.111955932203390148e+03
4.115725423728814349e+03
4.119555932203389602e+03
4.123601129943503111e+03
4.127864406779661294e+03
4.132283615819209444e+03
4.136792090395480955e+03
4.141362711864407174e+03
4.145979661016949649e+03
4.150552542372881362e+03
4.154963841807910285e+03
4.159071186440678503e+03
4.162784180790960818e+03
4.166198870056497071e+03
4.169437288135593917e+03
4.172492655367232146e+03
4.174033898305085131e+03
4.173936723163842544e+03
4.172066666666667516e+03
4.168425988700565540e+03
4.163957062146892895e+03
4.158951412429379161e+03
4.153340112994350420e+03
4.147145762711865245e+03
4.140571751412429876e+03
4.133864406779661294e+03
4.127185310734463201e+03
4.120692655367232874e+03
4.114448587570621385e+03
4.108579661016949103e+03
4.103231638418079456e+03
4.098428248587570124e+03
4.094119774011299342e+03
4.090266666666667334e+03
4.086828248587570670e+03
4.083762711864407265e+03
4.081093785310734802e+03
4.078754802259887583e+03
4.076755932203390330e+03
4.075062146892655619e+03
4.073696045197740204e+03
4.072684745762711827e+03
4.071980790960451941e+03
4.071597740112994416e+03
4.071531073446327810e+03
4.071774011299435188e+03
4.072361581920903973e+03
4.073395480225988649e+03
4.075077966101694983e+03
4.077621468926553462e+03
4.081051977401130443e+03
4.085359322033898934e+03
4.089551412429378615e+03
4.093249717514124313e+03
4.096441807909604904e+03
4.099135593220338706e+03
4.101450847457626878e+03
4.103475706214689126e+03
4.105262146892655437e+03
4.106784180790960818e+03
4.108070056497175756e+03
4.109074576271186743e+03
4.109789830508474552e+03
4.110079096045197730e+03
4.109918644067796777e+03
4.109293785310734165e+03
4.108232768361582202e+03
4.106770621468926947e+03
4.104925423728813257e+03
4.102816949152542293e+03
4.100558192090395096e+03
4.098152542372881726e+03
4.095462146892655710e+03
4.092249717514124313e+03
4.088372881355932350e+03
4.083844067796610489e+03
4.078699435028248445e+03
4.073819209039547786e+03
4.070183050847457707e+03
4.067935593220338887e+03
4.067080225988700931e+03
4.067632768361582293e+03
4.069454237288136028e+03
4.072301694915254757e+03
4.075900564971751919e+03
4.079992090395480773e+03
4.084442937853107651e+03
4.089097175141243497e+03
4.093883615819209808e+03
4.098603389830508604e+03
4.103098305084746244e+03
4.107265536723163677e+03
4.111132203389831375e+03
4.114757062146893077e+03
4.118180790960452214e+03
4.121496045197740386e+03
4.124855367231639320e+03
4.128346892655367810e+03
4.132059887005650126e+03
4.135929943502825154e+03
4.139920903954802270e+03
4.143997740112994506e+03
4.148146892655367083e+03
4.152337853107344927e+03
4.156410169491526176e+03
4.160213559322033689e+03
4.163676836158192600e+03
4.166798870056497435e+03
4.169716384180791465e+03
4.172489265536723906e+03
4.174603389830508604e+03
4.175127683615819478e+03
4.173893785310734529e+03
4.170898305084746426e+03
4.167082485875706880e+03
4.162752542372882090e+03
4.157809039548023065e+03
4.152232768361582202e+03
4.146198870056497071e+03
4.139884745762712555e+03
4.133503954802260523e+03
4.127198870056497981e+03
4.121061016949152872e+03
4.115236158192090443e+03
4.109847457627119184e+03
4.104971751412429512e+03
4.100574011299435369e+03
4.096635028248587332e+03
4.093117514124293848e+03
4.089975141242937752e+03
4.087199999999999818e+03
4.084749152542372940e+03
4.082645197740112962e+03
4.080825988700565176e+03
4.079317514124293666e+03
4.078140112994350602e+03
4.077255367231638502e+03
4.076675706214689399e+03
4.076414689265536708e+03
4.076438418079095754e+03
4.076732203389830829e+03
4.077392090395480409e+03
4.078646327683615709e+03
4.080612429378531488e+03
4.083440677966102157e+03
4.087146892655367083e+03
4.091677966101694892e+03
4.095624858757062157e+03
4.098981920903954233e+03
4.101810169491525812e+03
4.104205649717514461e+03
4.106236158192090443e+03
4.107954802259886492e+03
4.109403389830508786e+03
4.110597740112993961e+03
4.111546892655367628e+03
4.112172881355932986e+03
4.112421468926553644e+03
4.112216949152541929e+03
4.111551412429378615e+03
4.110448587570621385e+03
4.108898305084745516e+03
4.106923163841807764e+03
4.104644067796610216e+03
4.102215819209039182e+03
4.099650847457626696e+03
4.096851977401130171e+03
4.093632768361581839e+03
4.089803389830508422e+03
4.085340112994350420e+03
4.080255367231638047e+03
4.074917514124293575e+03
4.070697175141242951e+03
4.067743502824858751e+03
4.066189830508474643e+03
4.066040677966101612e+03
4.067241807909604177e+03
4.069579661016949103e+03
4.072784180790960818e+03
4.076615819209039728e+03
4.080884745762712100e+03
4.085447457627119093e+03
4.090203389830508513e+03
4.094994350282486266e+03
4.099625988700565358e+03
4.103983050847456980e+03
4.108033898305084222e+03
4.111836158192090807e+03
4.115392090395480409e+03
4.118807909604519409e+03
4.122201129943502565e+03
4.125699435028248445e+03
4.129395480225988649e+03
4.133277966101694801e+03
4.137288135593220431e+03
4.141435028248587514e+03
4.145700564971751191e+03
4.150053107344632735e+03
4.154359322033898934e+03
4.158481355932202860e+03
4.162303954802259796e+03
4.165796610169491032e+03
4.169045197740112599e+03
4.172098305084746244e+03
4.175085875706214210e+03
4.176853107344632917e+03
4.176937853107344381e+03
4.175292655367231418e+03
4.171957062146891985e+03
4.167693785310733801e+03
4.162842937853107287e+03
4.157337853107344927e+03
4.151294915254236912e+03
4.144927683615818751e+03
4.138396610169491396e+03
4.131858757062147561e+03
4.125425988700564631e+03
4.119247457627118820e+03
4.113475706214689126e+03
4.108186440677965948e+03
4.103378531073446538e+03
4.099062146892655619e+03
4.095175141242937570e+03
4.091718644067796049e+03
4.088653107344632645e+03
4.085968361581920817e+03
4.083610169491525085e+03
4.081563841807909739e+03
4.079870056497175028e+03
4.078487005649717503e+03
4.077413559322033962e+03
4.076688135593220068e+03
4.076294915254236912e+03
4.076164971751411940e+03
4.076292655367231418e+03
4.076735593220339069e+03
4.077657627118644086e+03
4.079250847457627060e+03
4.081638418079096027e+03
4.084914124293784880e+03
4.089012429378531124e+03
4.093315254237288173e+03
4.097030508474575981e+03
4.100189830508474188e+03
4.102909604519773893e+03
4.105235028248587696e+03
4.107240677966101430e+03
4.108968361581921272e+03
4.110454237288135118e+03
4.111716384180790556e+03
4.112700564971751191e+03
4.113342372881355914e+03
4.113553672316384109e+03
4.113338983050847673e+03
4.112684745762711827e+03
4.111560451977400589e+03
4.109970621468926765e+03
4.108044067796610761e+03
4.105931073446327900e+03
4.103690395480225561e+03
4.101289265536723178e+03
4.098509604519774257e+03
4.095202259887005766e+03
4.091279096045197548e+03
4.086754802259886674e+03
4.081659887005649580e+03
4.076844067796610034e+03
4.073213559322033689e+03
4.070915254237287627e+03
4.070067796610169353e+03
4.070630508474576345e+03
4.072431638418079274e+03
4.075259887005649944e+03
4.078829378531073417e+03
4.082934463276836141e+03
4.087465536723163495e+03
4.092277966101693892e+03
4.097230508474576709e+03
4.102096045197739841e+03
4.106751412429378433e+03
4.111160451977400953e+03
4.115311864406779932e+03
4.119203389830508968e+03
4.122876836158191509e+03
4.126489265536722087e+03
4.130166101694914687e+03
4.134005649717513734e+03
4.138042937853107105e+03
4.142218079096044676e+03
4.146518644067796231e+03
4.150988700564970713e+03
4.155576271186439953e+03
4.160207909604519045e+03
4.164682485875705424e+03
4.168924293785310510e+03
4.172854237288134755e+03
4.176514124293784334e+03
4.179936723163840725e+03
4.183213559322033689e+03
4.185833898305084404e+03
4.186867796610169535e+03
4.186190960451976935e+03
4.183835028248586241e+03
4.179804519774010259e+03
4.175010169491524721e+03
4.169597740112993051e+03
4.163594350282484811e+03
4.157185310734463201e+03
4.150544632768361225e+03
4.143825988700564267e+03
4.137118644067796595e+03
4.130618079096045221e+03
4.124462146892655255e+03
4.118744632768361953e+03
4.113543502824858479e+03
4.108833898305084404e+03
4.104593220338982974e+03
4.100785310734463565e+03
4.097428248587570124e+03
4.094465536723163950e+03
4.091863276836157638e+03
4.089616949152541565e+03
4.087709604519774075e+03
4.086134463276835959e+03
4.084867796610169080e+03
4.083978531073446447e+03
4.083420338983050897e+03
4.083140112994350602e+03
4.083122033898304835e+03
4.083360451977400771e+03
4.083998870056497253e+03
4.085222598870056572e+03
4.087199999999999818e+03
4.090003389830507786e+03
4.093636158192089624e+03
4.098046327683615345e+03
4.102466666666665333e+03
4.106297175141242406e+03
4.109625988700564449e+03
4.112537853107343835e+03
4.115057627118643722e+03
4.117268926553671918e+03
4.119187570621468694e+03
4.120888135593218976e+03
4.122309604519773529e+03
4.123396610169491396e+03
4.124049717514123586e+03
4.124277966101693892e+03
4.124063276836157456e+03
4.123337853107344927e+03
4.122099435028248081e+03
4.120436158192089351e+03
4.118515254237287991e+03
4.116461016949152508e+03
4.114230508474575799e+03
4.111690395480225561e+03
4.108619209039547059e+03
4.104955932203389239e+03
4.100706214689264925e+03
4.095820338983050533e+03
4.090303954802259796e+03
4.085780790960451668e+03
4.082508474576271055e+03
4.080646327683615255e+03
4.080210169491524994e+03
4.081108474576270964e+03
4.083132203389830011e+03
4.086032768361581475e+03
4.089568361581920271e+03
4.093609039548022338e+03
4.098055367231638229e+03
4.102710734463276822e+03
4.107378531073445629e+03
4.111920903954802270e+03
4.116253107344631644e+03
4.120352542372880635e+03
4.124183050847457707e+03
4.127754802259885764e+03
4.131210169491525448e+03
4.134671186440677047e+03
4.138282485875705788e+03
4.142050847457627242e+03
4.145969491525424019e+03
4.150051977401129989e+03
4.154324293785310147e+03
4.158779661016949831e+03
4.163317514124293666e+03
4.167784180790960818e+03
4.172076836158192236e+03
4.176107344632768218e+03
4.179867796610169535e+03
4.183360451977400771e+03
4.186682485875706334e+03
4.189987570621467967e+03
4.191975141242937752e+03
4.192311864406779932e+03
4.190915254237288536e+03
4.187854237288134755e+03
4.183281355932203041e+03
4.178077966101694074e+03
4.172258757062145378e+03
4.165951412429378252e+03
4.159331073446326627e+03
4.152508474576270601e+03
4.145637288135592826e+03
4.138854237288134755e+03
4.132350282485876050e+03
4.126237288135593190e+03
4.120618079096044312e+03
4.115468926553672645e+03
4.110789830508474552e+03
4.106588700564971077e+03
4.102842937853107287e+03
4.099505084745762360e+03
4.096541242937852985e+03
4.093980790960451941e+03
4.091753672316383927e+03
4.089876836158191963e+03
4.088331073446327537e+03
4.087195480225987922e+03
4.086411299435028013e+03
4.085944632768361771e+03
4.085722033898305199e+03
4.085741242937852803e+03
4.086107344632768218e+03
4.086985310734462928e+03
4.088564971751412031e+03
4.090951412429378252e+03
4.094140112994350602e+03
4.098140112994349693e+03
4.102978531073445993e+03
4.107464406779661658e+03
4.111412429378531669e+03
4.114874576271186015e+03
4.117923163841807764e+03
4.120584180790960090e+03
4.122959322033898388e+03
4.125087005649716957e+03
4.126963841807910285e+03
4.128480225988700113e+03
4.129612429378530578e+03
4.130342372881355914e+03
4.130602259887005857e+03
4.130338983050847673e+03
4.129534463276835595e+03
4.128227118644067559e+03
4.126577401129943610e+03
4.124768361581920544e+03
4.122809039548023065e+03
4.120527683615819114e+03
4.117805649717513916e+03
4.114502824858756867e+03
4.110600000000000364e+03
4.106072316384181249e+03
4.100909604519773893e+03
4.095528813559321861e+03
4.091314124293785426e+03
4.088445197740113144e+03
4.087006779661016481e+03
4.086969491525423564e+03
4.088155932203389511e+03
4.090302824858757049e+03
4.093198870056497071e+03
4.096699435028248445e+03
4.100666666666666060e+03
4.104952542372880998e+03
4.109315254237288173e+03
4.113653107344633099e+03
4.117831638418078001e+03
4.121795480225988285e+03
4.125479096045197366e+03
4.128897175141242769e+03
4.132134463276835959e+03
4.135333333333333030e+03
4.138615819209039728e+03
4.142047457627119002e+03
4.145604519774011351e+03
4.149310734463277186e+03
4.153221468926552916e+03
4.157345762711864154e+03
4.161612429378530578e+03
4.165883615819207989e+03
4.170016949152541201e+03
4.173970621468926765e+03
4.177635028248587332e+03
4.181025988700564994e+03
4.184245197740112417e+03
4.187375141242937389e+03
4.190449717514124131e+03
4.191938983050848037e+03
4.191735593220339069e+03
4.189879096045197002e+03
4.186369491525423655e+03
4.181613559322033325e+03
4.176228248587570306e+03
4.170283615819209444e+03
4.163945762711864518e+03
4.157310734463277186e+03
4.150543502824858479e+03
4.143774011299434278e+03
4.137186440677965948e+03
4.130919774011299523e+03
4.125094915254237094e+03
4.119711864406779569e+03
4.114794350282485539e+03
4.110353672316383381e+03
4.106372881355931895e+03
4.102778531073445265e+03
4.099572881355931713e+03
4.096752542372881180e+03
4.094284745762711282e+03
4.092137853107344199e+03
4.090333333333333030e+03
4.088889265536722633e+03
4.087814689265536799e+03
4.087072316384180340e+03
4.086576271186440408e+03
4.086317514124293666e+03
4.086289265536722269e+03
4.086690395480225561e+03
4.087729943502824426e+03
4.089494915254236730e+03
4.092016949152542111e+03
4.095338983050847219e+03
4.099490395480225743e+03
4.104481355932202860e+03
4.108966101694914869e+03
4.112944632768361771e+03
4.116458757062147015e+03
4.119551412429378615e+03
4.122354802259886128e+03
4.124889265536722633e+03
4.127168361581920180e+03
4.129126553672314913e+03
4.130716384180790556e+03
4.131917514124293120e+03
4.132698305084744788e+03
4.132971751412428603e+03
4.132671186440677047e+03
4.131811299435026740e+03
4.130581920903954597e+03
4.129142372881355186e+03
4.127535593220338342e+03
4.125658757062145924e+03
4.123397740112994143e+03
4.120616949152541565e+03
4.117245197740112417e+03
4.113246327683615164e+03
4.108631638418079092e+03
4.103395480225988649e+03
4.098558192090395096e+03
4.094964971751411667e+03
4.092780790960451668e+03
4.092028248587569578e+03
4.092575141242937207e+03
4.094184180790959999e+03
4.096644067796609306e+03
4.099822598870056026e+03
4.103562711864406083e+03
4.107703954802259432e+03
4.112042937853106196e+03
4.116416949152541747e+03
4.120723163841807036e+03
4.124858757062146651e+03
4.128732203389829920e+03
4.132345762711864154e+03
4.135720903954801543e+03
4.139019209039547604e+03
4.142374011299434642e+03
4.145847457627118274e+03
4.149442937853106741e+03
4.153206779661016299e+03
4.157163841807909193e+03
4.161377401129942882e+03
4.165777401129942518e+03
4.170259887005648125e+03
4.174714124293785062e+03
4.179022598870055845e+03
4.183103954802259977e+03
4.186934463276835231e+03
4.190553672316384109e+03
4.194080225988700477e+03
4.197611299435027831e+03
4.200319774011299160e+03
4.201411299435028013e+03
4.200881355932202496e+03
4.198665536723163314e+03
4.194764971751412304e+03
4.189251977401128897e+03
4.183140112994349693e+03
4.176551412429378615e+03
4.169588700564971077e+03
4.162419209039547241e+03
4.155177401129943974e+03
4.148022598870056754e+03
4.141153672316382654e+03
4.134650847457625787e+03
4.128563841807908830e+03
4.122955932203389239e+03
4.117842937853107287e+03
4.113169491525422927e+03
4.108943502824858115e+03
4.105150282485875323e+03
4.101769491525423291e+03
4.098749152542372030e+03
4.096072316384180340e+03
4.093760451977400862e+03
4.091853107344632917e+03
4.090326553672316095e+03
4.089152542372881271e+03
4.088303954802259796e+03
4.087651977401129898e+03
4.087232768361581748e+03
4.087202259887005312e+03
4.087734463276835413e+03
4.088953672316383745e+03
4.090927683615818751e+03
4.093689265536723269e+03
4.097265536723163677e+03
4.101724293785309783e+03
4.106653107344633099e+03
4.111061016949151963e+03
4.114977401129943246e+03
4.118430508474575618e+03
4.121544632768361225e+03
4.124390960451977662e+03
4.126972881355932259e+03
4.129249717514124313e+03
4.131174011299433914e+03
4.132726553672316186e+03
4.133877966101694255e+03
4.134546892655366719e+03
4.134623728813558046e+03
4.134118644067795685e+03
4.133178531073446720e+03
4.131977401129943246e+03
4.130586440677965584e+03
4.128961581920902972e+03
4.126989830508474370e+03
4.124559322033897843e+03
4.121549152542373122e+03
4.117932203389829738e+03
4.113706214689265835e+03
4.108861016949152145e+03
4.103327683615819296e+03
4.098618079096045221e+03
4.095267796610169171e+03
4.093368361581920453e+03
4.092837288135593099e+03
4.093449717514124131e+03
4.095031638418078728e+03
4.097424858757061884e+03
4.100489265536722996e+03
4.104041807909605268e+03
4.107874576271186015e+03
4.111867796610169535e+03
4.115868926553672281e+03
4.119786440677966311e+03
4.123493785310734893e+03
4.126920903954802270e+03
4.130108474576270964e+03
4.133169491525422927e+03
4.136228248587570306e+03
4.139386440677966675e+03
4.142644067796610216e+03
4.146038418079095209e+03
4.149648587570621203e+03
4.153509604519773347e+03
4.157586440677965584e+03
4.161802259887005675e+03
4.166058757062146469e+03
4.170238418079095936e+03
4.174228248587570306e+03
4.177974011299435006e+03
4.181492655367231237e+03
4.184875706214688762e+03
4.188230508474575799e+03
4.191620338983050715e+03
4.193864406779661294e+03
4.194503954802259614e+03
4.193477966101695529e+03
4.190745762711863790e+03
4.186299435028248809e+03
4.180630508474576345e+03
4.174441807909604904e+03
4.167850847457626514e+03
4.160926553672316004e+03
4.153805649717513916e+03
4.146732203389830829e+03
4.139824858757061520e+03
4.133227118644067559e+03
4.127005649717513734e+03
4.121250847457627060e+03
4.115950282485875505e+03
4.111107344632768218e+03
4.106724293785310692e+03
4.102774011299434278e+03
4.099235028248587696e+03
4.096067796610169353e+03
4.093247457627118820e+03
4.090786440677965402e+03
4.088701694915253938e+03
4.087020338983050806e+03
4.085724293785310692e+03
4.084761581920903609e+03
4.083990960451977116e+03
4.083410169491525266e+03
4.083157062146892713e+03
4.083378531073446084e+03
4.084220338983050624e+03
4.085748022598869738e+03
4.088042937853107105e+03
4.091097175141242587e+03
4.095025988700564540e+03
4.099863276836157638e+03
4.105091525423727944e+03
4.109779661016948012e+03
4.114006779661016481e+03
4.117881355932202496e+03
4.121463276836157092e+03
4.124778531073445265e+03
4.127801129943502929e+03
4.130494915254236730e+03
4.132836158192089897e+03
4.134810169491524903e+03
4.136336723163842180e+03
4.137256497175140794e+03
4.137576271186440863e+03
4.137389830508474915e+03
4.136897175141242769e+03
4.136161581920903700e+03
4.135197740112993415e+03
4.133932203389829738e+03
4.132242937853106923e+03
4.129998870056497253e+03
4.127160451977400953e+03
4.123738983050847310e+03
4.119701694915253029e+03
4.114979661016948739e+03
4.109536723163841089e+03
4.105357062146891622e+03
4.102595480225988467e+03
4.101198870056496162e+03
4.101029378531073235e+03
4.101907344632767490e+03
4.103688135593220068e+03
4.106213559322033689e+03
4.109297175141242406e+03
4.112772881355931531e+03
4.116448587570621385e+03
4.120213559322033689e+03
4.123958192090394732e+03
4.127525423728813621e+03
4.130833898305083494e+03
4.133867796610169535e+03
4.136752542372881180e+03
4.139595480225987558e+03
4.142487005649716593e+03
4.145455367231637865e+03
4.148541242937852985e+03
4.151833898305085313e+03
4.155378531073445629e+03
4.159199999999999818e+03
4.163215819209039182e+03
4.167341242937852257e+03
4.171464406779660749e+03
4.175484745762711100e+03
4.179279096045196638e+03
4.182858757062147561e+03
4.186305084745762542e+03
4.189711864406779569e+03
4.193127683615819478e+03
4.196557062146892349e+03
4.198481355932202860e+03
4.198833898305083494e+03
4.197507344632767854e+03
4.194501694915254120e+03
4.189851977401129261e+03
4.183793220338982792e+03
4.177247457627117910e+03
4.170289265536723178e+03
4.163055367231638229e+03
4.155755932203389420e+03
4.148552542372881362e+03
4.141566101694915233e+03
4.134900564971751010e+03
4.128654237288135846e+03
4.122856497175140248e+03
4.117517514124292575e+03
4.112619209039547968e+03
4.108186440677965948e+03
4.104170621468925674e+03
4.100552542372880453e+03
4.097262146892655437e+03
4.094331073446327537e+03
4.091763841807908648e+03
4.089584180790960090e+03
4.087837288135592644e+03
4.086441807909603995e+03
4.085253107344632554e+03
4.084236158192089533e+03
4.083506214689265107e+03
4.083170621468926583e+03
4.083362711864406720e+03
4.084196610169491123e+03
4.085736723163841361e+03
4.088011299435027468e+03
4.091144632768360680e+03
4.095174011299434369e+03
4.100111864406779205e+03
4.104887005649717139e+03
4.109166101694914687e+03
4.113077966101694983e+03
4.116691525423728308e+03
4.120047457627118092e+03
4.123114124293784698e+03
4.125873446327683268e+03
4.128342372881355914e+03
4.130485875706214756e+03
4.132222598870055663e+03
4.133415819209039910e+03
4.133990960451977116e+03
4.134029378531073235e+03
4.133680225988700840e+03
4.133072316384180340e+03
4.132257627118643541e+03
4.131201129943501655e+03
4.129761581920904064e+03
4.127819209039547786e+03
4.125325423728812893e+03
4.122264406779660931e+03
4.118609039548022338e+03
4.114301694915253393e+03
4.109272316384180158e+03
4.104578531073446356e+03
4.101213559322033689e+03
4.099222598870056572e+03
4.098507344632767854e+03
4.098911864406779387e+03
4.100296045197739659e+03
4.102507344632767854e+03
4.105384180790960272e+03
4.108714124293785062e+03
4.112323163841807400e+03
4.116100564971751737e+03
4.119924293785310510e+03
4.123618079096044312e+03
4.127075706214689490e+03
4.130221468926552916e+03
4.133184180790960454e+03
4.136048587570621748e+03
4.138887005649718049e+03
4.141774011299434278e+03
4.144744632768361043e+03
4.147889265536723542e+03
4.151267796610169171e+03
4.154902824858756503e+03
4.158757062146893077e+03
4.162776271186439772e+03
4.166846327683615527e+03
4.170858757062146651e+03
4.174672316384180704e+03
4.178248587570621567e+03
4.181661016949152327e+03
4.185012429378531124e+03
4.188331073446327537e+03
4.191612429378530578e+03
4.194268926553672827e+03
4.195364971751412668e+03
4.194810169491525812e+03
4.192552542372881362e+03
4.188602259887005857e+03
4.183046327683616255e+03
4.176892655367231782e+03
4.170275706214689308e+03
4.163323163841808309e+03
4.156198870056497071e+03
4.149076836158192236e+03
4.142092655367231600e+03
4.135388700564972169e+03
4.129062146892654710e+03
4.123146892655367083e+03
4.117649717514123950e+03
4.112606779661016844e+03
4.108036158192089715e+03
4.103880225988699749e+03
4.100108474576270964e+03
4.096729943502825336e+03
4.093641807909604267e+03
4.090896045197740023e+03
4.088574011299434915e+03
4.086674576271186197e+03
4.085129943502824972e+03
4.083816949152542293e+03
4.082696045197739750e+03
4.081772881355932441e+03
4.081174011299434824e+03
4.081061016949152872e+03
4.081516384180790737e+03
4.082611299435027831e+03
4.084390960451977662e+03
4.087003389830508240e+03
4.090498305084745880e+03
4.094898305084745971e+03
4.100131073446327719e+03
4.105227118644067559e+03
4.109900564971751010e+03
4.114233898305084949e+03
4.118294915254236912e+03
4.122040677966102521e+03
4.125476836158191873e+03
4.128627118644068105e+03
4.131484745762712009e+03
4.133964971751412122e+03
4.135883615819209808e+03
4.137187570621468694e+03
4.137901694915254666e+03
4.138171751412430240e+03
4.138115254237288354e+03
4.137812429378531306e+03
4.137268926553671918e+03
4.136354802259886128e+03
4.134986440677967039e+03
4.133063276836157456e+03
4.130567231638417979e+03
4.127476836158192782e+03
4.123726553672316186e+03
4.119279096045197548e+03
4.114041807909605268e+03
4.109805649717514825e+03
4.106919774011299523e+03
4.105332203389831193e+03
4.104929943502824244e+03
4.105605649717514098e+03
4.107177401129943064e+03
4.109482485875706516e+03
4.112344632768361407e+03
4.115574011299434460e+03
4.119041807909603449e+03
4.122638418079095572e+03
4.126185310734463201e+03
4.129510734463277004e+03
4.132575141242938116e+03
4.135410169491525266e+03
4.138109604519773711e+03
4.140751412429379343e+03
4.143377401129942882e+03
4.146042937853108015e+03
4.148873446327684178e+03
4.151887005649718049e+03
4.155154802259887219e+03
4.158662146892655073e+03
4.162371751412429148e+03
4.166219209039548332e+03
4.170037288135593371e+03
4.173699435028249354e+03
4.177144632768361589e+03
4.180437288135593008e+03
4.183641807909603813e+03
4.186780790960451668e+03
4.189875706214689671e+03
4.192964971751412122e+03
4.195319774011299160e+03
4.196074576271186743e+03
4.195135593220338706e+03
4.192537853107343835e+03
4.188265536723163677e+03
4.182497175141243133e+03
4.176209039548022702e+03
4.169479096045198276e+03
4.162510734463277004e+03
4.155414689265537163e+03
4.148383050847457525e+03
4.141536723163841998e+03
4.135016949152543020e+03
4.128862146892655801e+03
4.123119774011300251e+03
4.117825988700565176e+03
4.112970621468926765e+03
4.108567231638417979e+03
4.104580790960451850e+03
4.100958192090395642e+03
4.097679096045198094e+03
4.094727683615819842e+03
4.092190960451977844e+03
4.090094915254237549e+03
4.088396610169491851e+03
4.086992090395480773e+03
4.085786440677966311e+03
4.084781920903955324e+03
4.084059887005650126e+03
4.083768361581921454e+03
4.084004519774011897e+03
4.084807909604520319e+03
4.086284745762712191e+03
4.088543502824859388e+03
4.091665536723164223e+03
4.095725423728813439e+03
4.100658757062146833e+03
4.105468926553672645e+03
4.109825988700566086e+03
4.113827118644068833e+03
4.117534463276837414e+03
4.120923163841807764e+03
4.123994350282486266e+03
4.126816949152542293e+03
4.129403389830508786e+03
4.131642937853108378e+03
4.133409039548023429e+03
4.134603389830508604e+03
4.135218079096044676e+03
4.135343502824858660e+03
4.135112994350282861e+03
4.134667796610170626e+03
4.134009039548022884e+03
4.133058757062147379e+03
4.131731073446328082e+03
4.129926553672316913e+03
4.127606779661016844e+03
4.124758192090395823e+03
4.121307344632768945e+03
4.117224858757062975e+03
4.112423728813560047e+03
4.107388700564972169e+03
4.103675706214689853e+03
4.101274576271187470e+03
4.100099435028248990e+03
4.100064406779661113e+03
4.101042937853108015e+03
4.102856497175142067e+03
4.105307344632768945e+03
4.108212429378530942e+03
4.111463276836158911e+03
4.114952542372881908e+03
4.118467796610169898e+03
4.121829378531074326e+03
4.124968361581921272e+03
4.127916384180791283e+03
4.130683615819209081e+03
4.133358192090396187e+03
4.135988700564972532e+03
4.138658757062146833e+03
4.141433898305085677e+03
4.144403389830508786e+03
4.147605649717514098e+03
4.151057627118643722e+03
4.154757062146893077e+03
4.158662146892655983e+03
4.162619209039548878e+03
4.166457627118645178e+03
4.170133333333334122e+03
4.173657627118644996e+03
4.177061016949153782e+03
4.180398870056497799e+03
4.183674576271187107e+03
4.186907344632769309e+03
4.189874576271186925e+03
4.191320903954801906e+03
4.191169491525423837e+03
4.189342372881355914e+03
4.185829378531074326e+03
4.180702824858757594e+03
4.174516384180791647e+03
4.167866666666666788e+03
4.160867796610169535e+03
4.153676836158192600e+03
4.146462146892656165e+03
4.139394350282485902e+03
4.132578531073446356e+03
4.126101694915254484e+03
4.120028248587570488e+03
4.114379661016950195e+03
4.109180790960452214e+03
4.104418079096045403e+03
4.100112994350281951e+03
4.096189830508475097e+03
4.092584180790961000e+03
4.089323163841808309e+03
4.086458757062147015e+03
4.084045197740113508e+03
4.082054237288135482e+03
4.080383050847457525e+03
4.078926553672316913e+03
4.077636158192090534e+03
4.076605649717514098e+03
4.075916384180791283e+03
4.075684745762711827e+03
4.075959322033898388e+03
4.076833898305084404e+03
4.078414689265536708e+03
4.080798870056497435e+03
4.084105084745762724e+03
4.088287005649717685e+03
4.093265536723164132e+03
4.098216949152541929e+03
4.102772881355932441e+03
4.107003389830508240e+03
4.110906214689265653e+03
4.114474576271186379e+03
4.117789830508474552e+03
4.120873446327683268e+03
4.123646327683615709e+03
4.125987570621468876e+03
4.127762711864406810e+03
4.128929943502825154e+03
4.129560451977401499e+03
4.129774011299435188e+03
4.129719774011299705e+03
4.129427118644068287e+03
4.128862146892655801e+03
4.127937853107344381e+03
4.126563841807908830e+03
4.124685875706214574e+03
4.122276836158192964e+03
4.119290395480225925e+03
4.115677966101695347e+03
4.111371751412429148e+03
4.106277966101695711e+03
4.102011299435028377e+03
4.099037288135592462e+03
4.097325423728812893e+03
4.096807909604519409e+03
4.097371751412429148e+03
4.098857627118643904e+03
4.101053107344632735e+03
4.103807909604520319e+03
4.106995480225989013e+03
4.110465536723164405e+03
4.114073446327683996e+03
4.117600000000000364e+03
4.120942372881356278e+03
4.124075706214689490e+03
4.127037288135593371e+03
4.129881355932203405e+03
4.132647457627119365e+03
4.135397740112994143e+03
4.138233898305084949e+03
4.141224858757062066e+03
4.144415819209039910e+03
4.147861016949152145e+03
4.151596610169491214e+03
4.155589830508473824e+03
4.159685875706214574e+03
4.163723163841807946e+03
4.167636158192090079e+03
4.171401129943502383e+03
4.175041807909603449e+03
4.178620338983050715e+03
4.182112994350281951e+03
4.185542372881354822e+03
4.188944632768361771e+03
4.191606779661016844e+03
4.192720903954801543e+03
4.192195480225987922e+03
4.189933333333333394e+03
4.186004519774010987e+03
4.180571751412428966e+03
4.173990960451977116e+03
4.167012429378530214e+03
4.159769491525423291e+03
4.152412429378530760e+03
4.145127683615819478e+03
4.138037288135593371e+03
4.131247457627118820e+03
4.124829378531073417e+03
4.118828248587570670e+03
4.113257627118643541e+03
4.108160451977400953e+03
4.103536723163841089e+03
4.099308474576271692e+03
4.095431638418078364e+03
4.091910734463276640e+03
4.088781920903954415e+03
4.086101694915254484e+03
4.083906214689265653e+03
4.082059887005650126e+03
4.080475706214689126e+03
4.079070056497174846e+03
4.077914124293785335e+03
4.077065536723163859e+03
4.076622598870056663e+03
4.076659887005649580e+03
4.077230508474576254e+03
4.078467796610169444e+03
4.080487005649717503e+03
4.083396610169491396e+03
4.087222598870056572e+03
4.091890395480225834e+03
4.097316384180790919e+03
4.102531073446327355e+03
4.107380790960452032e+03
4.111856497175141158e+03
4.115990960451978026e+03
4.119861016949153054e+03
4.123481355932202860e+03
4.126844067796610034e+03
4.129802259887004766e+03
4.132232768361581293e+03
4.134042937853107105e+03
4.135242937853106923e+03
4.135970621468926765e+03
4.136332203389830283e+03
4.136445197740113144e+03
4.136259887005649944e+03
4.135718644067796049e+03
4.134728813559321679e+03
4.133236158192090443e+03
4.131212429378530942e+03
4.128623728813559865e+03
4.125423728813559137e+03
4.121501694915254120e+03
4.116828248587570670e+03
4.111604519774011351e+03
4.107612429378530578e+03
4.104908474576270237e+03
4.103438418079095754e+03
4.103138983050846946e+03
4.103854237288134755e+03
4.105388700564971259e+03
4.107564971751411576e+03
4.110291525423728672e+03
4.113401129943502383e+03
4.116723163841807036e+03
4.120070056497174846e+03
4.123276836158191145e+03
4.126297175141242406e+03
4.129143502824857933e+03
4.131854237288134755e+03
4.134444067796609488e+03
4.136981920903954233e+03
4.139561581920903336e+03
4.142265536723163677e+03
4.145112994350281951e+03
4.148222598870055663e+03
4.151637288135592826e+03
4.155319774011299160e+03
4.159178531073446720e+03
4.163051977401129989e+03
4.166814689265536799e+03
4.170437288135593008e+03
4.173953672316383745e+03
4.177384180790961182e+03
4.180735593220339069e+03
4.183961581920903882e+03
4.187169491525422927e+03
4.190481355932202860e+03
4.192387570621468512e+03
4.192661016949152327e+03
4.191207909604519955e+03
4.188036158192089715e+03
4.183254237288135300e+03
4.177090395480225197e+03
4.170422598870056390e+03
4.163390960451976753e+03
4.156183050847457707e+03
4.148933333333333394e+03
4.141803389830508422e+03
4.134919774011299523e+03
4.128363841807909921e+03
4.122158192090395460e+03
4.116376271186440135e+03
4.111068926553672100e+03
4.106228248587569396e+03
4.101797740112993779e+03
4.097736723163841816e+03
4.094025988700564994e+03
4.090694915254237003e+03
4.087821468926553280e+03
4.085420338983050897e+03
4.083427118644067832e+03
4.081725423728813439e+03
4.080245197740112417e+03
4.078992090395479408e+03
4.078015819209038909e+03
4.077410169491524812e+03
4.077225988700563903e+03
4.077525423728812711e+03
4.078404519774010623e+03
4.080029378531073235e+03
4.082516384180790737e+03
4.085894915254236821e+03
4.090155932203389966e+03
4.095202259887005312e+03
4.100813559322034052e+03
4.105981920903954233e+03
4.110748022598869284e+03
4.115143502824857933e+03
4.119245197740112417e+03
4.123084745762710554e+03
4.126668926553671554e+03
4.129925423728813257e+03
4.132654237288134937e+03
4.134779661016948012e+03
4.136253107344631644e+03
4.137197740112993415e+03
4.137734463276835413e+03
4.137966101694914869e+03
4.137912994350281224e+03
4.137501694915254120e+03
4.136690395480225561e+03
4.135386440677965766e+03
4.133578531073446356e+03
4.131223728813559319e+03
4.128284745762712191e+03
4.124624858757061702e+03
4.120240677966101430e+03
4.115096045197738931e+03
4.110334463276835777e+03
4.106812429378531306e+03
4.104545762711863972e+03
4.103491525423727580e+03
4.103516384180789828e+03
4.104419209039547241e+03
4.106039548022597955e+03
4.108268926553671918e+03
4.110972881355932259e+03
4.113959322033897479e+03
4.117053107344632735e+03
4.120056497175140976e+03
4.122923163841807764e+03
4.125642937853106559e+03
4.128185310734462291e+03
4.130589830508473824e+03
4.132902824858756503e+03
4.135239548022598683e+03
4.137646327683614800e+03
4.140184180790959545e+03
4.142950282485875505e+03
4.146011299435028377e+03
4.149390960451977662e+03
4.153028248587570488e+03
4.156763841807909557e+03
4.160445197740112235e+03
4.164007909604519227e+03
4.167526553672316368e+03
4.170970621468925856e+03
4.174340112994350420e+03
4.177596610169490305e+03
4.180822598870056026e+03
4.184109604519773711e+03
4.187146892655366173e+03
4.188622598870055299e+03
4.188405649717513370e+03
4.186454237288135118e+03
4.182840677966100884e+03
4.177740112994350056e+03
4.171395480225988649e+03
4.164364971751411758e+03
4.157056497175140976e+03
4.149625988700563539e+03
4.142220338983050169e+03
4.135003389830508240e+03
4.128042937853107105e+03
4.121405649717513370e+03
4.115158192090395460e+03
4.109375141242937389e+03
4.104062146892654710e+03
4.099190960451976935e+03
4.094699435028247990e+03
4.090537853107343835e+03
4.086743502824858297e+03
4.083427118644067377e+03
4.080611299435027831e+03
4.078214689265536435e+03
4.076158192090395460e+03
4.074353672316383836e+03
4.072780790960451668e+03
4.071476836158191418e+03
4.070501694915253211e+03
4.069937853107344381e+03
4.069794350282485084e+03
4.070172881355931622e+03
4.071231638418078546e+03
4.073098305084744879e+03
4.075849717514123768e+03
4.079490395480225743e+03
4.083986440677965220e+03
4.089209039548022702e+03
4.094640677966101066e+03
4.099666666666666060e+03
4.104326553672315640e+03
4.108666666666666060e+03
4.112769491525423291e+03
4.116653107344633099e+03
4.120259887005649944e+03
4.123414689265537163e+03
4.126001129943502747e+03
4.127964971751412122e+03
4.129352542372880635e+03
4.130292655367231418e+03
4.130889265536723542e+03
4.131198870056497071e+03
4.131203389830508968e+03
4.130830508474576163e+03
4.130009039548021974e+03
4.128688135593220068e+03
4.126850847457626514e+03
4.124442937853107651e+03
4.121376271186440135e+03
4.117579661016949103e+03
4.113061016949151963e+03
4.107764971751412304e+03
4.103437288135592098e+03
4.100396610169490486e+03
4.098620338983049805e+03
4.097967231638416706e+03
4.098309604519773529e+03
4.099468926553671736e+03
4.101324293785310147e+03
4.103745762711863790e+03
4.106595480225988467e+03
4.109622598870055299e+03
4.112676836158190781e+03
4.115672316384179794e+03
4.118546892655366719e+03
4.121249717514124313e+03
4.123814689265536799e+03
4.126303954802258886e+03
4.128788700564971805e+03
4.131303954802258886e+03
4.133918644067795867e+03
4.136738983050846400e+03
4.139863276836156729e+03
4.143328813559321134e+03
4.147087005649716957e+03
4.151006779661016481e+03
4.154931073446326991e+03
4.158806779661015753e+03
4.162631638418079092e+03
4.166404519774010623e+03
4.170097175141242587e+03
4.173692655367231055e+03
4.177231638418078546e+03
4.180772881355932441e+03
4.184428248587570124e+03
4.187222598870055663e+03
4.188380790960451122e+03
4.187780790960451668e+03
4.185471186440678139e+03
4.181590960451977480e+03
4.176369491525423655e+03
4.169942372881355368e+03
4.162488135593220250e+03
4.154813559322034052e+03
4.147108474576270964e+03
4.139515254237287991e+03
4.132133333333333212e+03
4.125024858757062248e+03
4.118284745762712191e+03
4.111979661016948739e+03
4.106133333333333212e+03
4.100758192090394914e+03
4.095760451977400862e+03
4.091093785310733438e+03
4.086803389830508422e+03
4.082951412429378252e+03
4.079579661016948648e+03
4.076687005649717321e+03
4.074180790960451304e+03
4.071957062146891985e+03
4.069950282485875505e+03
4.068211299435027740e+03
4.066801129943502929e+03
4.065722033898304744e+03
4.065027118644067741e+03
4.064807909604519409e+03
4.065189830508474188e+03
4.066320903954801906e+03
4.068314124293784516e+03
4.071214689265536435e+03
4.074990960451977116e+03
4.079558192090395096e+03
4.084798870056496526e+03
4.090610169491525085e+03
4.096033898305084222e+03
4.101109604519773711e+03
4.105946892655367265e+03
4.110555932203389602e+03
4.114917514124294030e+03
4.118898305084745516e+03
4.122350282485875141e+03
4.125186440677965948e+03
4.127404519774011533e+03
4.129140112994349693e+03
4.130468926553672645e+03
4.131497175141243133e+03
4.132212429378530942e+03
4.132551412429378615e+03
4.132457627118643359e+03
4.131894915254237276e+03
4.130839548022599047e+03
4.129212429378530942e+03
4.126905084745762906e+03
4.123918644067796777e+03
4.120223728813559319e+03
4.115755932203389420e+03
4.110588700564971077e+03
4.106644067796609306e+03
4.103976271186440499e+03
4.102494915254237640e+03
4.102037288135592462e+03
4.102461016949151599e+03
4.103659887005649580e+03
4.105510734463277004e+03
4.107854237288135664e+03
4.110474576271186379e+03
4.113178531073445811e+03
4.115880225988699749e+03
4.118480225988700113e+03
4.120933333333332484e+03
4.123213559322033689e+03
4.125399999999999636e+03
4.127519774011298978e+03
4.129637288135592826e+03
4.131831638418078001e+03
4.134168361581920180e+03
4.136763841807909557e+03
4.139725423728813439e+03
4.143006779661016481e+03
4.146496045197740386e+03
4.150046327683615345e+03
4.153589830508474734e+03
4.157114124293784698e+03
4.160605649717514098e+03
4.164021468926554007e+03
4.167355932203388875e+03
4.170628248587569942e+03
4.173871186440677775e+03
4.177185310734463201e+03
4.180698305084744788e+03
4.182946892655367265e+03
4.183480225988700113e+03
4.182270056497174664e+03
4.179439548022599411e+03
4.175161581920903700e+03
4.169606779661016844e+03
4.162874576271186015e+03
4.155410169491526176e+03
4.147838418079096300e+03
4.140290395480225925e+03
4.132862146892654891e+03
4.125658757062146833e+03
4.118745762711863790e+03
4.112215819209039182e+03
4.106161581920903700e+03
4.100580790960451850e+03
4.095360451977400771e+03
4.090494915254237185e+03
4.085975141242937298e+03
4.081858757062146651e+03
4.078237288135593190e+03
4.075106214689265471e+03
4.072389830508474915e+03
4.069966101694915324e+03
4.067814689265536799e+03
4.065935593220339342e+03
4.064350282485876050e+03
4.063091525423728854e+03
4.062172881355932532e+03
4.061668926553672463e+03
4.061700564971751191e+03
4.062424858757061884e+03
4.063951412429378252e+03
4.066358192090395278e+03
4.069665536723164223e+03
4.073802259887005675e+03
4.078666666666666060e+03
4.084194350282485630e+03
4.089912994350282133e+03
4.095244067796609670e+03
4.100290395480225925e+03
4.105134463276835959e+03
4.109762711864406810e+03
4.114039548022598865e+03
4.117841807909604540e+03
4.121033898305084222e+03
4.123597740112994870e+03
4.125621468926553462e+03
4.127203389830508968e+03
4.128432768361581111e+03
4.129340112994350420e+03
4.129877966101694255e+03
4.130002259887005494e+03
4.129687005649717321e+03
4.128907344632767490e+03
4.127570621468927129e+03
4.125597740112994870e+03
4.122937853107344381e+03
4.119603389830508604e+03
4.115517514124293484e+03
4.110624858757062611e+03
4.105777401129943428e+03
4.102174011299434824e+03
4.099760451977401317e+03
4.098431638418079274e+03
4.098047457627119002e+03
4.098491525423729399e+03
4.099681355932203587e+03
4.101438418079095754e+03
4.103546892655367628e+03
4.105842937853107287e+03
4.108206779661017208e+03
4.110514124293785244e+03
4.112662146892655073e+03
4.114677966101695347e+03
4.116584180790961000e+03
4.118389830508474915e+03
4.120167231638418343e+03
4.121980790960451486e+03
4.123899435028248263e+03
4.126047457627119002e+03
4.128545762711864882e+03
4.131404519774010623e+03
4.134536723163842908e+03
4.137780790960452578e+03
4.141077966101694983e+03
4.144394350282485902e+03
4.147698305084745698e+03
4.150955932203389239e+03
4.154152542372881726e+03
4.157266666666666424e+03
4.160320903954801906e+03
4.163392090395480409e+03
4.166614689265536072e+03
4.170087005649716957e+03
4.171889265536723542e+03
4.171951412429378252e+03
4.170369491525423655e+03
4.167279096045198457e+03
4.162827118644067923e+03
4.157133333333333212e+03
4.150308474576271692e+03
4.142928813559322407e+03
4.135470056497175392e+03
4.128100564971751737e+03
4.120876836158191509e+03
4.113901694915254666e+03
4.107264406779660931e+03
4.101066666666665697e+03
4.095317514124293666e+03
4.089957062146892895e+03
4.084940112994350329e+03
4.080232768361582202e+03
4.075901694915254666e+03
4.072032768361582384e+03
4.068642937853107469e+03
4.065680225988700840e+03
4.063028248587570943e+03
4.060638418079096482e+03
4.058515254237287991e+03
4.056661016949152781e+03
4.055070056497174846e+03
4.053775141242937934e+03
4.052819209039547786e+03
4.052314124293785426e+03
4.052388700564971714e+03
4.053194350282486084e+03
4.054841807909604540e+03
4.057358192090395733e+03
4.060701694915254393e+03
4.064822598870056026e+03
4.069610169491525085e+03
4.074992090395480773e+03
4.080830508474576618e+03
4.086388700564972169e+03
4.091732203389830374e+03
4.096893785310734529e+03
4.101799999999999272e+03
4.106299435028247899e+03
4.110251977401130716e+03
4.113604519774011351e+03
4.116367231638418161e+03
4.118664406779660567e+03
4.120590960451977480e+03
4.122198870056497071e+03
4.123435028248587514e+03
4.124280225988701204e+03
4.124698305084745698e+03
4.124694915254236548e+03
4.124158192090395460e+03
4.123000000000000000e+03
4.121221468926553825e+03
4.118749152542372940e+03
4.115545762711864882e+03
4.111580790960452759e+03
4.106737853107345472e+03
4.102786440677966311e+03
4.100062146892654710e+03
4.098461016949152508e+03
4.097861016949153054e+03
4.098142372881356096e+03
4.099225988700564812e+03
4.100935593220338887e+03
4.103102824858757231e+03
4.105531073446328264e+03
4.108090395480226107e+03
4.110645197740112962e+03
4.113067796610170262e+03
4.115351412429378797e+03
4.117493785310734893e+03
4.119535593220339251e+03
4.121507344632768763e+03
4.123450847457626878e+03
4.125447457627118638e+03
4.127613559322033325e+03
4.130093785310734347e+03
4.132946892655367265e+03
4.136089265536722451e+03
4.139425988700564631e+03
4.142845197740112781e+03
4.146309604519774439e+03
4.149764971751412304e+03
4.153195480225989741e+03
4.156581920903954597e+03
4.159882485875706152e+03
4.163117514124292939e+03
4.166341242937853167e+03
4.169654237288135846e+03
4.173170621468925674e+03
4.175927683615818751e+03
4.177003389830508240e+03
4.176416949152542657e+03
4.174271186440678321e+03
4.170724293785311602e+03
4.165859887005650307e+03
4.159795480225988285e+03
4.152690395480225561e+03
4.145000000000000000e+03
4.137332203389830283e+03
4.129732203389830829e+03
4.122297175141242406e+03
4.115159322033898206e+03
4.108421468926553644e+03
4.102148022598869829e+03
4.096273446327682905e+03
4.090732203389830829e+03
4.085524293785310874e+03
4.080667796610169717e+03
4.076259887005649489e+03
4.072351412429378342e+03
4.068892655367231782e+03
4.065798870056497435e+03
4.063013559322033871e+03
4.060537853107344290e+03
4.058338983050847219e+03
4.056420338983050442e+03
4.054790960451977298e+03
4.053479096045197366e+03
4.052589830508474279e+03
4.052223728813559319e+03
4.052551412429378615e+03
4.053684745762711827e+03
4.055708474576270874e+03
4.058604519774011351e+03
4.062333333333333030e+03
4.066788700564971350e+03
4.071908474576271146e+03
4.077640677966101521e+03
4.083093785310734347e+03
4.088317514124293666e+03
4.093372881355931895e+03
4.098218079096045585e+03
4.102693785310733801e+03
4.106693785310734711e+03
4.110102824858757231e+03
4.112910734463277549e+03
4.115204519774011715e+03
4.117132203389830465e+03
4.118693785310733801e+03
4.119877966101694255e+03
4.120693785310733801e+03
4.121133333333333212e+03
4.121140112994349693e+03
4.120685875706214574e+03
4.119674576271186197e+03
4.118033898305084222e+03
4.115724293785309783e+03
4.112753672316383927e+03
4.109066666666666606e+03
4.104531073446327355e+03
4.099574011299435369e+03
4.095833898305084404e+03
4.093251977401129352e+03
4.091698305084745698e+03
4.091101694915254029e+03
4.091404519774010623e+03
4.092384180790960272e+03
4.093899435028248263e+03
4.095789830508474552e+03
4.097890395480226289e+03
4.100044067796609852e+03
4.102135593220338706e+03
4.104108474576270964e+03
4.105933333333332484e+03
4.107658757062146833e+03
4.109277966101694801e+03
4.110840677966101794e+03
4.112395480225988649e+03
4.114071186440677593e+03
4.116032768361581475e+03
4.118358192090394368e+03
4.120996610169490850e+03
4.123835028248588060e+03
4.126837288135593553e+03
4.129910734463276640e+03
4.133021468926554007e+03
4.136123163841807582e+03
4.139177401129943064e+03
4.142163841807909193e+03
4.145085875706214210e+03
4.147958192090394732e+03
4.150864406779661294e+03
4.153927683615818751e+03
4.157287005649716775e+03
4.159233898305084949e+03
4.159500564971751373e+03
4.158178531073445811e+03
4.155383050847457525e+03
4.151186440677965948e+03
4.145707344632768582e+03
4.139115254237287445e+03
4.131760451977400407e+03
4.124337853107344017e+03
4.116915254237288536e+03
4.109592090395479318e+03
4.102520903954801724e+03
4.095811299435027649e+03
4.089516384180790737e+03
4.083621468926553462e+03
4.078091525423728854e+03
4.072845197740112781e+03
4.067952542372880998e+03
4.063488135593220250e+03
4.059496045197739477e+03
4.055976271186440044e+03
4.052841807909603631e+03
4.050040677966100702e+03
4.047543502824858479e+03
4.045332203389829829e+03
4.043399999999999181e+03
4.041726553672315731e+03
4.040350282485875141e+03
4.039315254237287263e+03
4.038724293785310238e+03
4.038731073446327173e+03
4.039482485875705606e+03
4.041073446327683087e+03
4.043527683615818205e+03
4.046785310734462655e+03
4.050804519774010714e+03
4.055483615819208353e+03
4.060803389830508422e+03
4.066662146892655073e+03
4.072256497175140794e+03
4.077714124293784153e+03
4.082967231638417616e+03
4.087941242937852621e+03
4.092489265536722542e+03
4.096487005649716593e+03
4.099880225988699749e+03
4.102758192090394914e+03
4.105213559322032779e+03
4.107297175141242406e+03
4.109007909604519227e+03
4.110360451977399862e+03
4.111349152542372394e+03
4.111958192090394732e+03
4.112125423728813075e+03
4.111766101694915051e+03
4.110815819209039546e+03
4.109246327683615164e+03
4.107038418079095209e+03
4.104134463276835049e+03
4.100433898305083858e+03
4.095851977401129716e+03
4.091650847457626696e+03
4.088575141242937207e+03
4.086596610169491214e+03
4.085648587570620748e+03
4.085609039548022338e+03
4.086331073446327082e+03
4.087684745762711373e+03
4.089493785310733983e+03
4.091589830508473824e+03
4.093804519774010259e+03
4.096019209039548514e+03
4.098117514124292939e+03
4.100109604519773711e+03
4.101989830508473460e+03
4.103793220338982792e+03
4.105479096045197366e+03
4.107117514124292939e+03
4.108820338983050533e+03
4.110764971751412304e+03
4.113038418079095209e+03
4.115647457627117547e+03
4.118525423728813621e+03
4.121594350282484811e+03
4.124763841807909557e+03
4.127990960451977116e+03
4.131253107344632554e+03
4.134502824858756867e+03
4.137668926553671554e+03
4.140770621468926038e+03
4.143799999999999272e+03
4.146825988700564267e+03
4.149924293785310510e+03
4.153250847457626151e+03
4.156386440677964856e+03
4.157879096045197002e+03
4.157795480225988285e+03
4.156219209039547422e+03
4.153180790960451304e+03
4.148818079096045039e+03
4.143290395480225925e+03
4.136767231638417798e+03
4.129345762711864154e+03
4.121831638418078910e+03
4.114362711864406265e+03
4.107072316384181249e+03
4.100092655367230691e+03
4.093525423728813166e+03
4.087342372881355914e+03
4.081524293785310874e+03
4.076007909604519227e+03
4.070807909604519409e+03
4.066012429378530214e+03
4.061683615819208171e+03
4.057821468926553280e+03
4.054362711864406265e+03
4.051250847457626605e+03
4.048472316384180431e+03
4.045976271186440044e+03
4.043752542372880725e+03
4.041797740112993324e+03
4.040093785310733438e+03
4.038679096045197184e+03
4.037656497175140430e+03
4.037146892655366173e+03
4.037305084745762088e+03
4.038256497175140794e+03
4.040064406779660203e+03
4.042707344632767672e+03
4.046117514124292939e+03
4.050236158192089533e+03
4.055023728813559046e+03
4.060425988700564631e+03
4.066061016949151963e+03
4.071506214689265107e+03
4.076788700564971350e+03
4.081854237288135209e+03
4.086571751412428966e+03
4.090755932203389420e+03
4.094367231638417252e+03
4.097437288135592098e+03
4.100064406779660203e+03
4.102283615819208535e+03
4.104137853107344199e+03
4.105636158192090079e+03
4.106770621468926038e+03
4.107546892655365809e+03
4.107929943502825154e+03
4.107804519774011169e+03
4.107120903954802088e+03
4.105858757062145742e+03
4.103978531073445993e+03
4.101437288135592098e+03
4.098140112994349693e+03
4.094027118644067286e+03
4.089125423728813075e+03
4.085360451977400317e+03
4.082703954802259432e+03
4.081119774011298887e+03
4.080518644067796231e+03
4.080771751412429239e+03
4.081741242937852803e+03
4.083245197740112417e+03
4.085137853107344199e+03
4.087237288135593190e+03
4.089398870056496889e+03
4.091509604519773802e+03
4.093540112994350238e+03
4.095479096045197366e+03
4.097323163841807400e+03
4.099056497175140976e+03
4.100672316384180704e+03
4.102323163841807400e+03
4.104142372881356096e+03
4.106254237288135300e+03
4.108717514124293302e+03
4.111482485875705606e+03
4.114471186440677229e+03
4.117589830508473824e+03
4.120809039548023065e+03
4.124062146892654710e+03
4.127316384180790919e+03
4.130536723163841089e+03
4.133676836158190781e+03
4.136726553672315276e+03
4.139717514124293302e+03
4.142757062146892167e+03
4.145907344632767490e+03
4.149352542372880635e+03
4.151585310734462837e+03
4.152210169491525448e+03
4.151275706214688398e+03
4.148831638418078910e+03
4.144980790960451486e+03
4.139870056497175028e+03
4.133680225988700840e+03
4.126477966101694619e+03
4.119028248587570488e+03
4.111589830508473824e+03
4.104245197740112417e+03
4.097169491525423837e+03
4.090459887005649762e+03
4.084167231638418343e+03
4.078224858757062066e+03
4.072595480225988922e+03
4.067276836158191600e+03
4.062361581920903518e+03
4.057873446327683268e+03
4.053854237288135664e+03
4.050270056497175119e+03
4.047063276836157911e+03
4.044201129943502565e+03
4.041648587570621203e+03
4.039385310734463019e+03
4.037392090395480409e+03
4.035637288135593735e+03
4.034127683615819478e+03
4.032979661016949649e+03
4.032239548022599138e+03
4.032100564971751737e+03
4.032703954802260341e+03
4.034141242937853349e+03
4.036421468926553644e+03
4.039483615819209263e+03
4.043268926553672372e+03
4.047752542372881635e+03
4.052871186440678230e+03
4.058588700564971987e+03
4.064664406779661476e+03
4.070557062146892804e+03
4.076256497175141249e+03
4.081618079096045221e+03
4.086477966101694619e+03
4.090745762711864700e+03
4.094442937853107651e+03
4.097635028248587332e+03
4.100341242937853167e+03
4.102630508474576345e+03
4.104510734463277004e+03
4.106002259887005494e+03
4.107128813559322225e+03
4.107829378531074326e+03
4.108024858757062248e+03
4.107662146892655983e+03
4.106703954802260341e+03
4.105097175141243497e+03
4.102839548022599047e+03
4.099866666666666788e+03
4.096056497175140976e+03
4.091319774011299614e+03
4.086846327683615982e+03
4.083507344632768309e+03
4.081223728813559319e+03
4.079986440677966129e+03
4.079653107344632645e+03
4.080116384180791101e+03
4.081212429378530942e+03
4.082763841807909557e+03
4.084607909604519591e+03
4.086590960451977480e+03
4.088567231638417979e+03
4.090473446327683632e+03
4.092317514124293666e+03
4.094061016949152872e+03
4.095665536723163314e+03
4.097140112994349693e+03
4.098581920903954597e+03
4.100128813559322225e+03
4.101919774011299523e+03
4.104058757062146469e+03
4.106515254237287991e+03
4.109222598870056572e+03
4.112125423728813985e+03
4.115177401129943974e+03
4.118297175141243315e+03
4.121454237288136028e+03
4.124612429378530578e+03
4.127718644067796049e+03
4.130746892655366537e+03
4.133723163841807946e+03
4.136688135593220068e+03
4.139766101694915051e+03
4.143049717514124495e+03
4.146458757062147015e+03
4.148292655367231418e+03
4.148520903954802634e+03
4.147189830508474188e+03
4.144398870056496889e+03
4.140281355932203951e+03
4.134983050847457889e+03
4.128629378531073598e+03
4.121289265536724088e+03
4.113632768361582748e+03
4.106002259887005494e+03
4.098543502824859388e+03
4.091424858757061884e+03
4.084708474576271328e+03
4.078340112994350420e+03
4.072299435028248809e+03
4.066568361581920726e+03
4.061197740112994325e+03
4.056271186440677866e+03
4.051807909604519864e+03
4.047818079096045039e+03
4.044218079096045585e+03
4.040989830508474824e+03
4.038112994350282861e+03
4.035559322033898297e+03
4.033303954802259796e+03
4.031305084745762542e+03
4.029585310734463292e+03
4.028146892655367537e+03
4.027125423728813985e+03
4.026624858757062611e+03
4.026816949152542293e+03
4.027818079096045039e+03
4.029647457627118456e+03
4.032297175141242860e+03
4.035733333333333121e+03
4.039906214689265653e+03
4.044768361581920999e+03
4.050266666666666424e+03
4.056308474576271692e+03
4.062180790960452214e+03
4.067916384180791283e+03
4.073374011299435097e+03
4.078392090395479954e+03
4.082863276836158093e+03
4.086762711864406810e+03
4.090144632768361589e+03
4.093083615819209172e+03
4.095562711864406992e+03
4.097619209039547968e+03
4.099320903954801906e+03
4.100661016949152327e+03
4.101612429378530578e+03
4.102105084745762724e+03
4.102074576271186743e+03
4.101474576271186379e+03
4.100280225988700295e+03
4.098476836158192782e+03
4.095995480225989013e+03
4.092736723163841816e+03
4.088606779661016844e+03
4.083500564971751828e+03
4.079215819209040092e+03
4.076025988700564994e+03
4.073910734463276640e+03
4.072779661016948921e+03
4.072492655367231691e+03
4.072916384180790828e+03
4.073896045197740023e+03
4.075285875706214938e+03
4.076870056497175028e+03
4.078502824858756867e+03
4.080151412429378979e+03
4.081768361581921454e+03
4.083309604519774439e+03
4.084712994350283225e+03
4.085993220338983519e+03
4.087202259887005766e+03
4.088455367231638775e+03
4.089926553672316913e+03
4.091718644067796959e+03
4.093854237288136119e+03
4.096275706214689308e+03
4.098952542372881908e+03
4.101812429378531306e+03
4.104810169491525812e+03
4.107890395480226289e+03
4.111009039548022884e+03
4.114120903954802088e+03
4.117174011299435733e+03
4.120157062146892713e+03
4.123114124293784698e+03
4.126142372881356096e+03
4.129324293785310147e+03
4.132803389830508422e+03
4.135540112994350238e+03
4.136688135593220068e+03
4.136248587570622476e+03
4.134312994350282679e+03
4.130998870056497253e+03
4.126468926553672645e+03
4.120838418079096300e+03
4.114176271186441227e+03
4.106535593220339251e+03
4.098793220338982792e+03
4.091157062146892713e+03
4.083823728813559683e+03
4.076838418079096300e+03
4.070204519774011715e+03
4.063880225988700658e+03
4.057868926553672281e+03
4.052199999999999818e+03
4.046949152542372758e+03
4.042150282485875323e+03
4.037803389830508422e+03
4.033887005649717139e+03
4.030369491525423655e+03
4.027205649717514461e+03
4.024374011299435097e+03
4.021848587570621476e+03
4.019590960451977480e+03
4.017584180790960545e+03
4.015840677966101794e+03
4.014421468926553644e+03
4.013453107344633281e+03
4.013118644067796595e+03
4.013529943502824608e+03
4.014738983050847310e+03
4.016762711864406810e+03
4.019603389830508604e+03
4.023181920903954961e+03
4.027464406779661203e+03
4.032411299435028013e+03
4.037932203389830647e+03
4.043986440677966129e+03
4.050143502824858842e+03
4.056082485875705970e+03
4.061655367231638593e+03
4.066737853107344563e+03
4.071275706214689308e+03
4.075268926553672372e+03
4.078792090395480045e+03
4.081841807909604540e+03
4.084442937853107196e+03
4.086685875706214574e+03
4.088560451977400589e+03
4.090045197740113053e+03
4.091108474576271419e+03
4.091667796610170171e+03
4.091654237288135846e+03
4.091055367231638684e+03
4.089863276836158548e+03
4.088002259887005948e+03
4.085411299435028923e+03
4.081970621468926765e+03
4.077583050847457798e+03
4.072856497175141158e+03
4.069213559322033689e+03
4.066665536723163314e+03
4.065138983050847401e+03
4.064541242937852985e+03
4.064716384180790556e+03
4.065554802259886856e+03
4.066899435028248263e+03
4.068519774011298978e+03
4.070239548022598683e+03
4.072018079096045312e+03
4.073788700564971805e+03
4.075497175141243588e+03
4.077103954802259977e+03
4.078566101694916142e+03
4.079902824858757413e+03
4.081224858757062975e+03
4.082720903954802907e+03
4.084489265536723451e+03
4.086578531073446811e+03
4.088988700564972078e+03
4.091677966101695347e+03
4.094586440677966493e+03
4.097664406779660567e+03
4.100856497175141158e+03
4.104128813559322225e+03
4.107390960451977662e+03
4.110633898305084585e+03
4.113830508474576163e+03
4.116971751412429512e+03
4.120145762711864336e+03
4.123431638418078364e+03
4.126943502824859024e+03
4.130818079096045039e+03
4.133334463276836686e+03
4.134223728813560228e+03
4.133554802259887765e+03
4.131453107344633281e+03
4.128016949152542111e+03
4.123409039548022520e+03
4.117675706214689853e+03
4.110906214689265653e+03
4.103211299435028195e+03
4.095215819209040092e+03
4.087459887005649762e+03
4.079994350282486266e+03
4.072873446327684178e+03
4.066072316384180795e+03
4.059564971751412486e+03
4.053379661016949285e+03
4.047578531073446811e+03
4.042212429378531851e+03
4.037303954802259796e+03
4.032822598870056936e+03
4.028736723163841816e+03
4.025044067796609852e+03
4.021714124293785062e+03
4.018707344632768582e+03
4.015981920903955142e+03
4.013519774011299432e+03
4.011290395480225925e+03
4.009341242937853167e+03
4.007786440677966311e+03
4.006785310734463565e+03
4.006471186440678139e+03
4.006955932203390148e+03
4.008251977401129807e+03
4.010357062146892531e+03
4.013250847457627060e+03
4.016924293785310510e+03
4.021292655367232328e+03
4.026270056497175574e+03
4.031829378531073417e+03
4.037971751412429512e+03
4.044596610169491214e+03
4.050903954802260159e+03
4.056762711864406810e+03
4.062101694915254484e+03
4.066908474576271146e+03
4.071210169491525448e+03
4.075009039548022884e+03
4.078340112994350420e+03
4.081276836158192509e+03
4.083825988700565176e+03
4.086023728813559501e+03
4.087786440677966311e+03
4.089059887005650126e+03
4.089793220338983247e+03
4.089932203389830647e+03
4.089477966101695074e+03
4.088375141242937843e+03
4.086570621468927129e+03
4.083952542372881908e+03
4.080378531073446538e+03
4.075800000000000182e+03
4.071264406779661840e+03
4.067819209039548696e+03
4.065419209039548605e+03
4.063964971751413032e+03
4.063362711864407174e+03
4.063501694915255030e+03
4.064221468926554735e+03
4.065285875706214938e+03
4.066557062146892804e+03
4.067922033898305926e+03
4.069319774011300069e+03
4.070705084745763088e+03
4.072007909604520137e+03
4.073159322033898206e+03
4.074168361581921090e+03
4.075129943502824972e+03
4.076187570621469604e+03
4.077462146892655255e+03
4.079027118644067741e+03
4.080924293785310965e+03
4.083111864406779659e+03
4.085566101694915233e+03
4.088204519774011715e+03
4.091006779661016935e+03
4.093892655367231782e+03
4.096839548022599047e+03
4.099762711864406810e+03
4.102648587570622112e+03
4.105468926553672645e+03
4.108294915254237822e+03
4.111181920903954961e+03
4.114229378531073962e+03
4.117554802259886856e+03
4.121160451977401863e+03
4.123187570621468694e+03
4.123577401129943610e+03
4.122475706214689126e+03
4.120020338983051261e+03
4.116325423728813803e+03
4.111438418079096664e+03
4.105445197740113144e+03
4.098453107344633281e+03
4.090750282485875687e+03
4.083200000000000273e+03
4.075907344632768854e+03
4.068937853107345290e+03
4.062262146892655437e+03
4.055884745762712555e+03
4.049784180790960818e+03
4.044067796610169353e+03
4.038749152542372940e+03
4.033864406779661294e+03
4.029409039548022520e+03
4.025361581920903973e+03
4.021693785310734711e+03
4.018405649717514279e+03
4.015440677966101703e+03
4.012780790960452123e+03
4.010388700564972169e+03
4.008197740112994325e+03
4.006236158192090443e+03
4.004603389830508604e+03
4.003450847457626878e+03
4.002885875706214847e+03
4.003048587570621294e+03
4.003989830508474370e+03
4.005724293785310692e+03
4.008268926553672372e+03
4.011587570621469240e+03
4.015605649717514098e+03
4.020251977401129807e+03
4.025492655367231691e+03
4.031318644067796413e+03
4.037724293785310692e+03
4.044288135593220431e+03
4.050433898305084767e+03
4.056103954802259977e+03
4.061258757062147197e+03
4.065890395480225834e+03
4.070011299435028377e+03
4.073656497175141340e+03
4.076865536723164041e+03
4.079655367231638593e+03
4.082125423728813530e+03
4.084197740112994779e+03
4.085785310734463565e+03
4.086870056497175028e+03
4.087392090395480409e+03
4.087331073446327537e+03
4.086666666666666970e+03
4.085374011299435097e+03
4.083296045197740568e+03
4.080296045197740114e+03
4.076325423728813803e+03
4.071405649717514279e+03
4.067216949152542384e+03
4.064081355932203223e+03
4.061925423728813257e+03
4.060674576271186197e+03
4.060223728813559319e+03
4.060415819209039455e+03
4.061029378531073689e+03
4.061925423728813257e+03
4.062971751412429512e+03
4.064089265536723360e+03
4.065218079096045130e+03
4.066302824858757049e+03
4.067221468926553825e+03
4.067972881355932259e+03
4.068640677966101521e+03
4.069340112994350420e+03
4.070202259887005766e+03
4.071342372881355914e+03
4.072802259887005675e+03
4.074571751412429421e+03
4.076627118644067650e+03
4.078927683615819205e+03
4.081416949152542202e+03
4.084039548022598865e+03
4.086768361581920544e+03
4.089520903954801724e+03
4.092259887005649944e+03
4.094940112994349874e+03
4.097619209039547968e+03
4.100351412429377888e+03
4.103204519774011715e+03
4.106277966101694801e+03
4.109716384180790556e+03
4.112733333333333576e+03
4.114158192090395460e+03
4.114085875706214210e+03
4.112635028248587332e+03
4.109909604519773893e+03
4.105963841807909375e+03
4.100883615819208899e+03
4.094762711864407265e+03
4.087737853107344563e+03
4.079975141242937752e+03
4.072387570621468967e+03
4.065061016949151963e+03
4.058015819209039364e+03
4.051237288135593190e+03
4.044684745762711827e+03
4.038475706214689126e+03
4.032637288135592826e+03
4.027197740112994325e+03
4.022170621468926583e+03
4.017531073446327355e+03
4.013284745762711736e+03
4.009402259887005130e+03
4.005865536723164041e+03
4.002638418079095572e+03
3.999684745762711827e+03
3.996949152542372758e+03
3.994413559322033507e+03
3.992133333333333212e+03
3.990258757062147197e+03
3.988940112994349874e+03
3.988272316384180613e+03
3.988363841807909012e+03
3.989223728813558864e+03
3.990890395480225379e+03
3.993378531073446538e+03
3.996604519774011351e+03
4.000467796610168989e+03
4.004955932203390148e+03
4.010050847457627242e+03
4.015759322033898115e+03
4.022014689265536617e+03
4.028274576271186561e+03
4.034133333333333212e+03
4.039510734463277004e+03
4.044371751412429148e+03
4.048710734463276822e+03
4.052580790960451850e+03
4.055989830508474370e+03
4.059020338983050806e+03
4.061692655367231964e+03
4.063988700564971623e+03
4.065859887005649398e+03
4.067233898305084949e+03
4.068092655367231600e+03
4.068388700564971714e+03
4.068131073446327264e+03
4.067261016949152236e+03
4.065680225988700386e+03
4.063224858757062066e+03
4.059818079096045039e+03
4.055485875706214756e+03
4.050909604519773893e+03
4.047383050847457525e+03
4.044838418079095845e+03
4.043256497175141249e+03
4.042523163841808127e+03
4.042525423728813621e+03
4.043046327683615800e+03
4.043907344632768400e+03
4.044961581920903882e+03
4.046131073446327719e+03
4.047378531073446084e+03
4.048580790960451395e+03
4.049658757062146833e+03
4.050577401129943610e+03
4.051360451977400771e+03
4.052109604519774166e+03
4.052964971751412122e+03
4.054020338983050351e+03
4.055384180790960272e+03
4.057083615819209172e+03
4.059074576271186743e+03
4.061348022598870557e+03
4.063831638418079365e+03
4.066496045197740386e+03
4.069279096045198003e+03
4.072151412429378070e+03
4.075010169491525630e+03
4.077831638418078910e+03
4.080645197740112962e+03
4.083470056497175392e+03
4.086360451977401226e+03
4.089412429378531215e+03
4.092768361581920544e+03
4.096583050847457343e+03
4.099099435028248990e+03
4.100083615819208717e+03
4.099635028248587332e+03
4.097849717514124677e+03
4.094807909604519864e+03
4.090581920903954597e+03
4.085257627118643995e+03
4.078923163841807764e+03
4.071748022598870193e+03
4.063962711864406629e+03
4.056405649717514279e+03
4.049123163841808037e+03
4.042072316384181249e+03
4.035292655367231873e+03
4.028829378531073417e+03
4.022725423728813439e+03
4.017016949152542566e+03
4.011719774011299705e+03
4.006845197740113235e+03
4.002379661016949285e+03
3.998284745762712191e+03
3.994564971751412486e+03
3.991184180790960909e+03
3.988105084745762724e+03
3.985264406779660931e+03
3.982613559322034234e+03
3.980198870056497526e+03
3.978119774011299342e+03
3.976525423728813621e+03
3.975543502824858479e+03
3.975246327683616073e+03
3.975712994350282770e+03
3.977002259887005948e+03
3.979118644067797504e+03
3.981988700564972078e+03
3.985541242937853895e+03
3.989735593220339069e+03
3.994544632768362135e+03
3.999988700564972078e+03
4.006023728813559501e+03
4.012519774011299887e+03
4.019108474576271419e+03
4.025263276836159093e+03
4.030948022598870921e+03
4.036127683615819478e+03
4.040823728813559683e+03
4.045061016949152872e+03
4.048883615819209354e+03
4.052359322033898934e+03
4.055484745762712009e+03
4.058194350282486084e+03
4.060451977401130534e+03
4.062214689265537345e+03
4.063403389830508786e+03
4.064063276836158366e+03
4.064168361581921090e+03
4.063587570621469240e+03
4.062161581920904609e+03
4.059835028248588060e+03
4.056566101694915687e+03
4.052389830508474915e+03
4.048198870056497981e+03
4.044981920903955142e+03
4.042768361581921454e+03
4.041457627118644268e+03
4.040937853107345290e+03
4.041014689265537072e+03
4.041507344632768763e+03
4.042259887005649944e+03
4.043188700564972351e+03
4.044205649717514461e+03
4.045231638418079456e+03
4.046164971751412850e+03
4.046933333333333849e+03
4.047535593220339251e+03
4.048025988700565449e+03
4.048567231638418434e+03
4.049250847457627515e+03
4.050207909604520410e+03
4.051463276836158457e+03
4.053038418079096573e+03
4.054870056497175938e+03
4.056954802259887401e+03
4.059254237288136210e+03
4.061711864406780478e+03
4.064267796610170080e+03
4.066832768361582566e+03
4.069378531073446993e+03
4.071907344632768400e+03
4.074423728813560047e+03
4.076995480225989468e+03
4.079672316384181613e+03
4.082562711864406992e+03
4.085824858757062430e+03
4.089136723163842362e+03
4.090917514124294030e+03
4.091230508474576709e+03
4.090184180790960454e+03
4.087865536723164041e+03
4.084334463276836686e+03
4.079684745762712737e+03
4.073971751412429967e+03
4.067314124293785881e+03
4.059923163841808218e+03
4.052425988700565540e+03
4.045161581920904609e+03
4.038103954802260432e+03
4.031299435028249263e+03
4.024772881355932896e+03
4.018584180790961000e+03
4.012746892655367446e+03
4.007298305084746062e+03
4.002267796610170080e+03
3.997623728813559865e+03
3.993345762711865063e+03
3.989454237288136028e+03
3.985943502824859479e+03
3.982735593220339979e+03
3.979790960451978208e+03
3.977018079096045767e+03
3.974457627118645178e+03
3.972169491525424291e+03
3.970315254237288627e+03
3.968986440677967039e+03
3.968284745762712191e+03
3.968316384180791829e+03
3.969119774011300251e+03
3.970754802259887583e+03
3.973171751412429785e+03
3.976307344632768945e+03
3.980062146892656074e+03
3.984461016949153418e+03
3.989514124293786153e+03
3.995172881355932986e+03
4.001325423728814712e+03
4.007716384180791465e+03
4.013706214689265835e+03
4.019251977401130716e+03
4.024303954802260705e+03
4.028836158192090807e+03
4.032890395480226289e+03
4.036551412429379070e+03
4.039844067796610943e+03
4.042754802259887583e+03
4.045319774011300069e+03
4.047455367231639229e+03
4.049094915254238003e+03
4.050207909604520864e+03
4.050842937853108197e+03
4.050940112994351239e+03
4.050431638418080183e+03
4.049142372881356550e+03
4.046984180790961545e+03
4.043926553672316913e+03
4.040000000000000909e+03
4.035202259887006221e+03
4.031380790960452487e+03
4.028557062146893259e+03
4.026706214689265835e+03
4.025708474576271783e+03
4.025389830508474915e+03
4.025555932203390512e+03
4.026059887005650126e+03
4.026800000000000182e+03
4.027708474576271783e+03
4.028666666666666970e+03
4.029577401129944064e+03
4.030359322033898934e+03
4.030957062146892895e+03
4.031419209039548150e+03
4.031880225988700658e+03
4.032439548022599411e+03
4.033215819209039637e+03
4.034268926553672372e+03
4.035637288135593735e+03
4.037294915254237822e+03
4.039222598870056572e+03
4.041392090395480409e+03
4.043755932203390330e+03
4.046232768361582202e+03
4.048749152542373395e+03
4.051261016949152690e+03
4.053769491525423746e+03
4.056251977401130716e+03
4.058742372881356459e+03
4.061273446327683814e+03
4.063949152542373213e+03
4.066919774011299523e+03
4.070338983050848128e+03
4.073042937853107560e+03
4.074266666666667334e+03
4.074070056497175301e+03
4.072545762711864427e+03
4.069776271186440681e+03
4.065845197740113690e+03
4.060767231638418707e+03
4.054646327683615709e+03
4.047667796610169717e+03
4.040272316384181067e+03
4.033075706214689490e+03
4.026099435028248536e+03
4.019336723163841725e+03
4.012841807909604540e+03
4.006642937853107924e+03
4.000790960451977753e+03
3.995299435028248809e+03
3.990221468926553825e+03
3.985523163841808127e+03
3.981204519774011715e+03
3.977253107344633463e+03
3.973679096045198094e+03
3.970438418079096209e+03
3.967465536723164405e+03
3.964684745762711827e+03
3.962061016949152872e+03
3.959657627118644541e+03
3.957610169491525994e+03
3.956011299435028832e+03
3.954951412429378706e+03
3.954552542372882272e+03
3.954912994350283043e+03
3.956076836158192236e+03
3.958024858757062702e+03
3.960663276836158730e+03
3.963933333333334303e+03
3.967846327683616437e+03
3.972414689265537163e+03
3.977612429378531488e+03
3.983327683615819751e+03
3.989483615819209263e+03
3.996049717514124495e+03
4.002237288135593190e+03
4.007924293785310965e+03
4.013106214689266380e+03
4.017804519774012078e+03
4.022065536723164314e+03
4.025926553672316913e+03
4.029431638418079274e+03
4.032596610169492124e+03
4.035351412429378797e+03
4.037604519774011806e+03
4.039349152542373304e+03
4.040616949152542929e+03
4.041392090395480409e+03
4.041597740112994870e+03
4.041079096045198185e+03
4.039723163841808855e+03
4.037465536723164405e+03
4.034340112994351330e+03
4.030337853107345381e+03
4.026174011299435733e+03
4.022998870056498163e+03
4.020831638418079820e+03
4.019558192090396005e+03
4.019065536723164314e+03
4.019133333333334122e+03
4.019620338983051170e+03
4.020400000000000546e+03
4.021390960451977662e+03
4.022497175141243133e+03
4.023610169491525539e+03
4.024607909604520046e+03
4.025438418079096664e+03
4.026138983050847855e+03
4.026753672316384836e+03
4.027409039548023429e+03
4.028228248587571215e+03
4.029298305084746062e+03
4.030670056497176120e+03
4.032318644067797322e+03
4.034250847457627515e+03
4.036453107344633281e+03
4.038887005649718049e+03
4.041468926553672645e+03
4.044126553672316732e+03
4.046819209039548696e+03
4.049500564971752283e+03
4.052158192090396369e+03
4.054796610169492396e+03
4.057449717514125041e+03
4.060192090395481046e+03
4.063144632768362499e+03
4.066491525423729399e+03
4.070216949152542838e+03
4.072454237288136028e+03
4.073249717514124768e+03
4.072685875706215484e+03
4.070831638418079820e+03
4.067768361581921454e+03
4.063525423728814076e+03
4.058171751412429785e+03
4.051867796610169535e+03
4.044861016949153054e+03
4.037394350282486357e+03
4.030106214689265926e+03
4.023024858757063157e+03
4.016190960451977844e+03
4.009623728813559865e+03
4.003377401129943792e+03
3.997502824858757776e+03
3.992012429378532033e+03
3.986905084745762906e+03
3.982187570621469604e+03
3.977839548022599047e+03
3.973880225988700658e+03
3.970291525423729126e+03
3.967014689265537072e+03
3.963954802259887401e+03
3.961076836158192691e+03
3.958384180790961182e+03
3.955990960451978026e+03
3.954004519774011897e+03
3.952515254237288900e+03
3.951647457627119365e+03
3.951493785310734893e+03
3.952167231638418798e+03
3.953638418079096482e+03
3.955848587570621930e+03
3.958741242937853713e+03
3.962310734463277186e+03
3.966558192090396005e+03
3.971441807909604904e+03
3.976918644067797686e+03
3.982883615819209808e+03
3.989337853107344927e+03
3.995525423728814076e+03
4.001235028248587696e+03
4.006437288135593008e+03
4.011136723163842362e+03
4.015368361581921818e+03
4.019155932203390421e+03
4.022575141242938571e+03
4.025650847457627606e+03
4.028309604519774439e+03
4.030474576271187289e+03
4.032154802259887219e+03
4.033366101694915869e+03
4.034084745762712373e+03
4.034272316384181067e+03
4.033789830508475006e+03
4.032490395480226653e+03
4.030329943502825245e+03
4.027294915254237822e+03
4.023407909604520228e+03
4.018651977401130353e+03
4.014560451977401499e+03
4.011505084745763270e+03
4.009424858757062793e+03
4.008157062146893168e+03
4.007555932203390057e+03
4.007450847457626878e+03
4.007707344632768582e+03
4.008253107344633008e+03
4.008969491525424019e+03
4.009759322033898570e+03
4.010481355932203769e+03
4.011088135593220613e+03
4.011529943502825517e+03
4.011871186440678684e+03
4.012196610169492487e+03
4.012639548022599229e+03
4.013312994350282679e+03
4.014264406779661385e+03
4.015503954802260523e+03
4.017058757062147379e+03
4.018905084745762906e+03
4.021013559322033871e+03
4.023335593220339433e+03
4.025776271186441136e+03
4.028283615819209444e+03
4.030811299435028559e+03
4.033335593220338978e+03
4.035857627118643904e+03
4.038388700564972169e+03
4.040954802259887401e+03
4.043668926553672918e+03
4.046732203389830829e+03
4.050281355932203951e+03
4.053184180790960909e+03
4.054609039548022793e+03
4.054635028248587787e+03
4.053355932203389784e+03
4.050833898305084858e+03
4.047074576271186743e+03
4.042116384180791101e+03
4.036119774011299796e+03
4.029308474576271692e+03
4.021908474576271146e+03
4.014448587570621385e+03
4.007169491525423837e+03
4.000124293785311238e+03
3.993332203389830738e+03
3.986848587570621930e+03
3.980719774011299705e+03
3.974961581920904337e+03
3.969616949152542475e+03
3.964645197740112962e+03
3.960062146892655619e+03
3.955873446327684178e+03
3.952098305084746244e+03
3.948665536723164223e+03
3.945472316384180886e+03
3.942482485875706516e+03
3.939687005649717776e+03
3.937157062146892713e+03
3.934984180790960636e+03
3.933257627118644450e+03
3.932068926553673009e+03
3.931563841807910194e+03
3.931839548022599047e+03
3.932952542372881908e+03
3.934798870056497435e+03
3.937334463276836232e+03
3.940569491525423928e+03
3.944500564971751373e+03
3.949081355932203678e+03
3.954251977401129807e+03
3.959967231638418525e+03
3.966171751412429785e+03
3.972803389830508422e+03
3.979223728813559319e+03
3.985161581920904155e+03
3.990606779661016844e+03
3.995540112994350238e+03
4.000020338983051261e+03
4.004125423728813985e+03
4.007853107344632917e+03
4.011171751412429330e+03
4.014025988700564994e+03
4.016377401129943337e+03
4.018251977401129807e+03
4.019650847457627606e+03
4.020562711864406992e+03
4.020833898305084858e+03
4.020342372881355914e+03
4.019005649717514643e+03
4.016790960451977298e+03
4.013712994350282315e+03
4.009761581920904064e+03
4.005178531073446266e+03
4.001607909604519591e+03
3.999037288135593371e+03
3.997362711864407174e+03
3.996415819209039455e+03
3.996027118644067741e+03
3.996065536723163859e+03
3.996415819209039910e+03
3.996997740112994506e+03
3.997693785310734711e+03
3.998379661016949285e+03
3.998966101694915778e+03
3.999393220338983156e+03
3.999672316384180704e+03
3.999876836158192418e+03
4.000162711864407356e+03
4.000624858757062157e+03
4.001340112994350420e+03
4.002323163841808309e+03
4.003614689265536981e+03
4.005232768361581748e+03
4.007134463276836414e+03
4.009283615819208990e+03
4.011597740112994416e+03
4.014021468926554007e+03
4.016485875706214756e+03
4.018996610169491760e+03
4.021508474576271510e+03
4.024031638418079183e+03
4.026535593220339251e+03
4.029140112994350602e+03
4.032012429378531124e+03
4.035308474576271237e+03
4.039169491525423837e+03
4.041847457627118729e+03
4.043107344632768218e+03
4.043058757062146924e+03
4.041731073446328082e+03
4.039162711864406901e+03
4.035363841807909921e+03
4.030449717514124586e+03
4.024604519774011351e+03
4.018066666666666606e+03
4.011089265536723360e+03
4.003798870056497435e+03
3.996517514124293484e+03
3.989481355932203769e+03
3.982716384180791010e+03
3.976287005649717685e+03
3.970221468926553825e+03
3.964537853107344745e+03
3.959229378531073962e+03
3.954302824858757049e+03
3.949792090395480045e+03
3.945696045197740204e+03
3.941950282485875960e+03
3.938491525423728945e+03
3.935228248587570761e+03
3.932159322033898661e+03
3.929319774011299614e+03
3.926763841807909557e+03
3.924588700564971987e+03
3.922894915254237276e+03
3.921812429378531306e+03
3.921497175141243133e+03
3.921979661016949649e+03
3.923236158192090443e+03
3.925190960451977844e+03
3.927845197740112781e+03
3.931220338983050624e+03
3.935265536723163677e+03
3.939935593220339342e+03
3.945169491525423837e+03
3.950943502824859024e+03
3.957177401129943519e+03
3.963857627118643904e+03
3.970155932203389966e+03
3.975963841807909375e+03
3.981272316384180613e+03
3.986118644067796595e+03
3.990588700564971987e+03
3.994716384180790556e+03
3.998444067796610398e+03
4.001732203389830374e+03
4.004537853107344745e+03
4.006879096045197912e+03
4.008779661016949376e+03
4.010213559322033689e+03
4.011066666666667061e+03
4.011209039548022702e+03
4.010541242937852985e+03
4.009014689265537072e+03
4.006637288135593280e+03
4.003400000000000091e+03
3.999244067796609670e+03
3.995049717514124495e+03
3.991877966101694710e+03
3.989640677966101975e+03
3.988214689265536435e+03
3.987421468926553644e+03
3.987118644067796595e+03
3.987186440677966402e+03
3.987570621468926220e+03
3.988140112994349693e+03
3.988764971751412304e+03
3.989328813559322043e+03
3.989749152542372940e+03
3.990030508474575981e+03
3.990209039548022702e+03
3.990427118644067377e+03
3.990768361581920999e+03
3.991333333333333030e+03
3.992186440677965948e+03
3.993328813559322043e+03
3.994813559322034052e+03
3.996604519774011351e+03
3.998674576271186197e+03
4.000974011299435006e+03
4.003419209039548150e+03
4.005938983050847128e+03
4.008533333333333758e+03
4.011161581920903700e+03
4.013789830508474552e+03
4.016390960451977662e+03
4.019055367231638684e+03
4.021900564971751010e+03
4.025108474576270964e+03
4.028801129943502929e+03
4.032418079096045403e+03
4.034589830508474279e+03
4.035394350282485902e+03
4.034889265536723087e+03
4.033074576271186288e+03
4.029993220338983065e+03
4.025700564971751191e+03
4.020331073446327537e+03
4.014137853107344199e+03
4.007389830508474461e+03
4.000219209039547877e+03
3.992729943502824426e+03
3.985439548022598956e+03
3.978398870056496889e+03
3.971667796610169262e+03
3.965288135593220431e+03
3.959283615819208535e+03
3.953606779661016844e+03
3.948316384180790919e+03
3.943424858757062339e+03
3.938966101694915324e+03
3.934881355932203405e+03
3.931116384180791101e+03
3.927566101694914778e+03
3.924209039548022247e+03
3.921041807909604358e+03
3.918153672316384018e+03
3.915567231638417979e+03
3.913374011299434642e+03
3.911751412429378433e+03
3.910835028248587605e+03
3.910708474576271328e+03
3.911338983050847673e+03
3.912687005649717321e+03
3.914767231638417798e+03
3.917580790960451850e+03
3.921096045197740295e+03
3.925248587570621112e+03
3.930047457627118092e+03
3.935395480225988649e+03
3.941265536723163677e+03
3.947607909604519591e+03
3.954323163841807400e+03
3.960887005649717139e+03
3.966892655367231328e+03
3.972427118644067377e+03
3.977533333333333303e+03
3.982267796610169171e+03
3.986594350282485721e+03
3.990464406779661203e+03
3.993837288135593553e+03
3.996729943502824426e+03
3.999184180790960454e+03
4.001157062146892713e+03
4.002590960451977480e+03
4.003326553672316550e+03
4.003290395480225925e+03
4.002385310734463019e+03
4.000622598870056208e+03
3.997977401129943246e+03
3.994448587570621385e+03
3.989951412429378252e+03
3.986117514124293848e+03
3.983266666666666424e+03
3.981284745762711736e+03
3.979995480225988558e+03
3.979248587570621567e+03
3.978948022598870011e+03
3.978992090395479863e+03
3.979276836158192054e+03
3.979674576271186197e+03
3.980063276836158366e+03
3.980323163841807855e+03
3.980415819209039000e+03
3.980366101694915415e+03
3.980290395480225925e+03
3.980291525423728672e+03
3.980440677966101248e+03
3.980832768361581657e+03
3.981502824858756867e+03
3.982487005649717503e+03
3.983800000000000182e+03
3.985415819209039000e+03
3.987275706214689308e+03
3.989296045197739659e+03
3.991445197740113144e+03
3.993687005649717321e+03
3.995976271186440499e+03
3.998288135593220431e+03
4.000546892655367174e+03
4.002812429378530851e+03
4.005214689265536435e+03
4.007915254237288536e+03
4.011051977401129989e+03
4.014725423728813439e+03
4.017988700564971623e+03
4.019859887005649398e+03
4.020421468926553189e+03
4.019677966101694437e+03
4.017618079096044312e+03
4.014268926553671918e+03
4.009762711864405901e+03
4.004346892655366901e+03
3.998213559322033689e+03
3.991564971751412031e+03
3.984550282485875414e+03
3.977246327683615164e+03
3.970160451977400953e+03
3.963333333333333030e+03
3.956827118644067923e+03
3.950653107344632645e+03
3.944806779661016662e+03
3.939312994350282224e+03
3.934214689265536435e+03
3.929536723163841089e+03
3.925237288135592735e+03
3.921271186440677411e+03
3.917553672316384109e+03
3.914019209039547604e+03
3.910706214689265380e+03
3.907599999999999454e+03
3.904757062146892167e+03
3.902248587570620657e+03
3.900228248587570306e+03
3.898884745762711191e+03
3.898268926553671918e+03
3.898401129943502383e+03
3.899264406779660476e+03
3.900881355932202496e+03
3.903235028248587241e+03
3.906310734463276276e+03
3.910066666666665697e+03
3.914461016949152054e+03
3.919461016949151599e+03
3.925015819209039364e+03
3.931079096045196820e+03
3.937558192090395096e+03
3.944246327683615164e+03
3.950421468926553189e+03
3.956091525423728854e+03
3.961335593220338524e+03
3.966204519774010805e+03
3.970689265536722814e+03
3.974757062146892167e+03
3.978323163841807400e+03
3.981444067796609488e+03
3.984129943502824062e+03
3.986386440677965766e+03
3.988154802259886310e+03
3.989325423728813348e+03
3.989750282485875232e+03
3.989378531073445629e+03
3.988177401129943064e+03
3.986129943502824062e+03
3.983235028248586787e+03
3.979433898305083858e+03
3.974793220338982792e+03
3.971136723163841452e+03
3.968389830508474006e+03
3.966404519774010623e+03
3.965031638418078728e+03
3.964163841807909193e+03
3.963683615819208171e+03
3.963493785310733983e+03
3.963491525423728490e+03
3.963536723163841543e+03
3.963525423728813166e+03
3.963367231638417707e+03
3.963056497175140976e+03
3.962667796610168807e+03
3.962307344632768036e+03
3.962074576271186288e+03
3.962064406779660658e+03
3.962320903954801906e+03
3.962883615819208444e+03
3.963809039548022156e+03
3.965064406779660658e+03
3.966631638418078182e+03
3.968397740112994143e+03
3.970314124293784516e+03
3.972374011299434642e+03
3.974536723163841089e+03
3.976744632768361043e+03
3.978935593220338887e+03
3.981127683615819024e+03
3.983379661016948830e+03
3.985879096045197002e+03
3.988772881355931531e+03
3.992152542372881271e+03
3.996081355932203223e+03
3.998989830508474370e+03
4.000588700564971532e+03
4.000908474576271146e+03
3.999923163841807764e+03
3.997631638418079092e+03
3.994143502824858842e+03
3.989681355932203132e+03
3.984416949152542202e+03
3.978566101694915233e+03
3.972273446327683814e+03
3.965667796610169717e+03
3.958821468926553280e+03
3.951795480225988740e+03
3.945041807909604358e+03
3.938592090395480227e+03
3.932458757062147015e+03
3.926662146892655073e+03
3.921215819209039182e+03
3.916189830508474643e+03
3.911569491525423473e+03
3.907309604519773984e+03
3.903292655367231418e+03
3.899491525423728945e+03
3.895896045197740023e+03
3.892479096045197366e+03
3.889277966101694801e+03
3.886342372881355914e+03
3.883835028248587150e+03
3.881901694915254211e+03
3.880654237288135391e+03
3.880114124293785153e+03
3.880302824858757049e+03
3.881229378531073507e+03
3.882893785310734529e+03
3.885285875706214483e+03
3.888360451977401226e+03
3.892072316384180340e+03
3.896402259887005584e+03
3.901319774011299160e+03
3.906777401129943428e+03
3.912681355932203132e+03
3.918949152542372758e+03
3.925532203389830102e+03
3.931649717514123950e+03
3.937341242937852257e+03
3.942685875706214574e+03
3.947661016949152327e+03
3.952237288135593190e+03
3.956358192090395278e+03
3.960048587570621294e+03
3.963323163841807855e+03
3.966204519774011260e+03
3.968664406779660567e+03
3.970568361581920726e+03
3.971790960451977298e+03
3.972253107344632554e+03
3.971929943502824699e+03
3.970777401129943428e+03
3.968778531073446175e+03
3.965897175141242769e+03
3.962107344632768218e+03
3.958319774011299160e+03
3.955451977401129625e+03
3.953399999999999636e+03
3.952024858757061338e+03
3.951204519774010805e+03
3.950824858757061520e+03
3.950770621468926038e+03
3.950959322033897934e+03
3.951253107344632099e+03
3.951512994350282497e+03
3.951658757062146378e+03
3.951629378531073598e+03
3.951473446327683178e+03
3.951292655367231418e+03
3.951177401129943064e+03
3.951203389830508058e+03
3.951471186440678139e+03
3.952029378531073235e+03
3.952905084745761997e+03
3.954132203389830465e+03
3.955656497175140885e+03
3.957423728813559137e+03
3.959357062146892531e+03
3.961463276836158002e+03
3.963702824858756685e+03
3.965992090395479863e+03
3.968272316384180158e+03
3.970512994350282497e+03
3.972789830508474552e+03
3.975214689265536435e+03
3.977970621468925856e+03
3.981154802259886310e+03
3.984842937853106832e+03
3.988449717514123677e+03
3.990737853107344108e+03
3.991752542372880725e+03
3.991454237288135118e+03
3.989849717514124222e+03
3.986977401129943246e+03
3.983025988700564994e+03
3.978189830508474188e+03
3.972672316384180704e+03
3.966623728813558955e+03
3.960188700564971896e+03
3.953492655367231237e+03
3.946588700564971987e+03
3.939554802259886856e+03
3.932814689265536799e+03
3.926371751412429148e+03
3.920232768361582202e+03
3.914462146892655255e+03
3.909101694915254484e+03
3.904144632768361589e+03
3.899562711864406992e+03
3.895245197740112872e+03
3.891187570621468694e+03
3.887340112994350420e+03
3.883698305084745243e+03
3.880216949152541929e+03
3.876950282485875505e+03
3.874046327683615345e+03
3.871673446327682996e+03
3.869910734463276640e+03
3.868858757062146651e+03
3.868531073446327355e+03
3.868923163841807764e+03
3.870066666666666606e+03
3.871972881355932259e+03
3.874572881355932168e+03
3.877845197740112781e+03
3.881764971751412304e+03
3.886311864406779478e+03
3.891418079096045403e+03
3.897016949152542111e+03
3.903057627118643722e+03
3.909440677966101703e+03
3.916077966101694983e+03
3.922275706214689308e+03
3.928110734463276458e+03
3.933574011299434915e+03
3.938623728813558955e+03
3.943215819209039182e+03
3.947366101694915415e+03
3.951083615819208717e+03
3.954392090395480409e+03
3.957285875706214938e+03
3.959664406779661022e+03
3.961396610169491851e+03
3.962402259887005584e+03
3.962612429378530578e+03
3.962013559322033871e+03
3.960562711864406992e+03
3.958276836158192054e+03
3.955059887005649216e+03
3.950823728813559228e+03
3.947263276836157729e+03
3.944546892655366719e+03
3.942563841807909739e+03
3.941183050847457253e+03
3.940264406779660931e+03
3.939745762711864245e+03
3.939503954802259614e+03
3.939419209039547695e+03
3.939354802259887038e+03
3.939189830508474188e+03
3.938872316384180522e+03
3.938385310734463019e+03
3.937823728813559228e+03
3.937277966101694801e+03
3.936812429378531306e+03
3.936517514124293484e+03
3.936476836158191873e+03
3.936751412429378433e+03
3.937372881355931895e+03
3.938318644067796413e+03
3.939518644067796231e+03
3.940922033898305017e+03
3.942527683615819114e+03
3.944284745762711282e+03
3.946109604519773711e+03
3.947976271186440499e+03
3.949787570621468149e+03
3.951594350282485721e+03
3.953505084745762815e+03
3.955666666666666515e+03
3.958190960451977844e+03
3.961179661016949012e+03
3.964700564971751191e+03
3.967961581920903882e+03
3.969944632768361316e+03
3.970599999999999909e+03
3.969905084745762906e+03
3.967923163841807764e+03
3.964775141242937934e+03
3.960641807909604267e+03
3.955698305084745243e+03
3.950125423728813075e+03
3.944094915254237094e+03
3.937735593220338615e+03
3.931133333333333212e+03
3.924331073446327537e+03
3.917810169491524903e+03
3.911589830508474279e+03
3.905651977401129443e+03
3.900054237288135482e+03
3.894845197740112326e+03
3.890059887005649216e+03
3.885657627118643632e+03
3.881568361581920726e+03
3.877741242937852803e+03
3.874150282485875323e+03
3.870744632768361043e+03
3.867492655367231237e+03
3.864430508474576072e+03
3.861657627118644086e+03
3.859291525423728672e+03
3.857493785310734438e+03
3.856346892655366901e+03
3.855868926553671827e+03
3.856085875706214210e+03
3.857063276836157911e+03
3.858769491525423291e+03
3.861155932203389057e+03
3.864211299435027740e+03
3.867934463276835686e+03
3.872257627118643541e+03
3.877143502824858388e+03
3.882533333333332848e+03
3.888375141242937389e+03
3.894611299435027831e+03
3.901159322033897752e+03
3.907554802259886401e+03
3.913554802259886401e+03
3.919215819209039182e+03
3.924487005649717503e+03
3.929315254237287718e+03
3.933685875706214574e+03
3.937631638418078637e+03
3.941219209039547422e+03
3.944425988700564631e+03
3.947172881355932077e+03
3.949370621468926402e+03
3.950911864406779387e+03
3.951699435028248445e+03
3.951693785310734256e+03
3.950891525423728581e+03
3.949303954802259796e+03
3.946815819209039091e+03
3.943398870056496889e+03
3.939410169491525266e+03
3.936328813559322043e+03
3.934045197740113053e+03
3.932393220338983156e+03
3.931303954802259796e+03
3.930648587570621203e+03
3.930348022598869647e+03
3.930267796610169171e+03
3.930276836158191600e+03
3.930239548022598683e+03
3.930063276836157911e+03
3.929726553672316186e+03
3.929302824858757049e+03
3.928835028248587150e+03
3.928415819209039000e+03
3.928112994350282406e+03
3.928036158192089715e+03
3.928274576271186106e+03
3.928842937853107287e+03
3.929717514124293302e+03
3.930880225988700204e+03
3.932305084745762542e+03
3.933920903954801815e+03
3.935740112994350056e+03
3.937683615819209081e+03
3.939663276836157820e+03
3.941580790960451850e+03
3.943474576271186379e+03
3.945424858757061884e+03
3.947564971751412486e+03
3.949996610169491760e+03
3.952829378531073417e+03
3.956134463276835959e+03
3.959997740112994506e+03
3.962614689265536526e+03
3.963954802259886947e+03
3.963931073446327446e+03
3.962585310734462837e+03
3.960050847457626787e+03
3.956437288135593008e+03
3.951962711864406629e+03
3.946770621468926038e+03
3.941054237288135482e+03
3.934953672316383745e+03
3.928588700564971532e+03
3.922004519774010987e+03
3.915232768361581293e+03
3.908724293785310238e+03
3.902464406779660749e+03
3.896507344632767854e+03
3.890924293785310510e+03
3.885754802259886674e+03
3.880951412429378252e+03
3.876467796610168989e+03
3.872249717514123859e+03
3.868301694915253847e+03
3.864527683615819114e+03
3.860905084745762451e+03
3.857422598870056390e+03
3.854145762711864336e+03
3.851210169491524994e+03
3.848784180790959908e+03
3.846936723163841634e+03
3.845729943502824426e+03
3.845214689265536435e+03
3.845436158192089806e+03
3.846411299435028013e+03
3.848077966101694983e+03
3.850425988700564631e+03
3.853455367231637865e+03
3.857125423728813075e+03
3.861415819209039000e+03
3.866220338983050624e+03
3.871542372881355732e+03
3.877320903954801906e+03
3.883485875706213847e+03
3.889754802259886674e+03
3.895624858757061702e+03
3.901137853107344199e+03
3.906262146892654528e+03
3.910967231638417616e+03
3.915212429378530032e+03
3.919037288135592462e+03
3.922511864406778841e+03
3.925599999999999454e+03
3.928268926553671918e+03
3.930428248587570124e+03
3.931998870056496344e+03
3.932839548022598137e+03
3.932935593220338433e+03
3.932239548022598683e+03
3.930776271186439772e+03
3.928481355932202405e+03
3.925262146892654528e+03
3.921037288135592462e+03
3.917446327683614982e+03
3.914701694915253483e+03
3.912661016949151417e+03
3.911236158192089533e+03
3.910317514124292757e+03
3.909820338983050533e+03
3.909621468926553462e+03
3.909593220338982064e+03
3.909592090395479772e+03
3.909498305084744970e+03
3.909238418079095482e+03
3.908881355932202950e+03
3.908461016949152054e+03
3.908039548022597955e+03
3.907693785310733801e+03
3.907531073446327355e+03
3.907658757062146378e+03
3.908100564971750828e+03
3.908877966101694255e+03
3.909961581920903882e+03
3.911298305084745152e+03
3.912858757062146196e+03
3.914647457627118456e+03
3.916615819209038818e+03
3.918646327683615709e+03
3.920654237288134937e+03
3.922629378531073144e+03
3.924602259887005857e+03
3.926699435028248445e+03
3.929047457627118547e+03
3.931745762711864245e+03
3.934853107344632917e+03
3.938492655367231691e+03
3.942001129943502747e+03
3.944225988700564812e+03
3.945089265536722905e+03
3.944614689265536526e+03
3.942863276836158093e+03
3.939968361581920362e+03
3.936070056497174846e+03
3.931355932203389784e+03
3.926012429378531124e+03
3.920186440677965948e+03
3.914012429378531124e+03
3.907590960451977480e+03
3.900953672316383745e+03
3.894238418079095936e+03
3.887770621468926493e+03
3.881588700564971987e+03
3.875774011299435188e+03
3.870377401129943337e+03
3.865351412429378797e+03
3.860672316384180704e+03
3.856335593220338524e+03
3.852267796610169171e+03
3.848433898305084767e+03
3.844742372881355550e+03
3.841201129943502565e+03
3.837818079096045039e+03
3.834757062146892622e+03
3.832132203389830465e+03
3.830041807909604358e+03
3.828552542372881362e+03
3.827729943502824881e+03
3.827650847457627151e+03
3.828307344632768491e+03
3.829698305084745698e+03
3.831786440677965857e+03
3.834574011299434915e+03
3.838019209039548059e+03
3.842102824858757231e+03
3.846760451977401317e+03
3.851941242937852621e+03
3.857614689265536981e+03
3.863712994350282315e+03
3.870145762711864336e+03
3.876778531073446175e+03
3.883046327683616255e+03
3.888937853107344381e+03
3.894398870056497344e+03
3.899384180790960272e+03
3.903948022598870011e+03
3.908125423728813530e+03
3.911928813559322407e+03
3.915336723163841270e+03
3.918273446327683359e+03
3.920635028248587787e+03
3.922315254237288173e+03
3.923240677966101430e+03
3.923404519774011078e+03
3.922803389830507967e+03
3.921378531073446084e+03
3.919076836158192236e+03
3.915780790960451668e+03
3.911719774011299251e+03
3.908534463276836050e+03
3.906116384180790646e+03
3.904363841807909466e+03
3.903167231638417888e+03
3.902451977401130080e+03
3.902102824858757231e+03
3.901971751412429512e+03
3.901926553672316459e+03
3.901824858757061975e+03
3.901625988700564903e+03
3.901266666666666424e+03
3.900830508474576163e+03
3.900336723163841725e+03
3.899874576271186470e+03
3.899515254237287991e+03
3.899405649717513825e+03
3.899599999999999909e+03
3.900117514124293393e+03
3.900951412429378252e+03
3.902062146892655619e+03
3.903424858757062339e+03
3.905045197740113053e+03
3.906879096045197912e+03
3.908819209039547786e+03
3.910772881355932441e+03
3.912703954802259886e+03
3.914616949152542475e+03
3.916613559322033325e+03
3.918830508474576163e+03
3.921320903954802361e+03
3.924198870056497071e+03
3.927543502824858933e+03
3.931468926553672190e+03
3.934421468926553644e+03
3.936045197740113508e+03
3.936325423728813803e+03
3.935325423728813803e+03
3.933101694915254484e+03
3.929810169491525812e+03
3.925637288135593735e+03
3.920729943502824881e+03
3.915291525423728672e+03
3.909427118644068287e+03
3.903281355932203951e+03
3.896916384180791283e+03
3.890342372881356368e+03
3.883636158192090988e+03
3.877222598870057027e+03
3.871166101694915596e+03
3.865493785310734893e+03
3.860197740112994779e+03
3.855274576271187016e+03
3.850712994350283225e+03
3.846474576271187289e+03
3.842479096045198276e+03
3.838674576271187107e+03
3.834997740112994506e+03
3.831464406779661658e+03
3.828202259887006221e+03
3.825312994350283134e+03
3.822902824858757413e+03
3.821045197740113508e+03
3.819831638418079365e+03
3.819319774011299614e+03
3.819535593220339706e+03
3.820481355932203769e+03
3.822133333333334122e+03
3.824476836158192782e+03
3.827512994350282952e+03
3.831194350282486994e+03
3.835453107344633281e+03
3.840262146892656347e+03
3.845616949152542475e+03
3.851437288135593917e+03
3.857631638418079547e+03
3.864084745762712373e+03
3.870394350282486812e+03
3.876334463276836686e+03
3.881837288135594008e+03
3.886887005649718049e+03
3.891490395480226653e+03
3.895703954802260341e+03
3.899537853107345654e+03
3.902976271186441409e+03
3.906012429378532033e+03
3.908510734463277458e+03
3.910384180790961182e+03
3.911525423728814530e+03
3.911940112994350784e+03
3.911598870056498072e+03
3.910473446327684542e+03
3.908482485875706971e+03
3.905550282485876778e+03
3.901613559322034689e+03
3.897749152542373849e+03
3.894688135593220977e+03
3.892329943502825699e+03
3.890580790960452759e+03
3.889342372881356368e+03
3.888527683615820024e+03
3.888000000000000909e+03
3.887625988700565358e+03
3.887240677966102339e+03
3.886746892655367901e+03
3.886136723163842362e+03
3.885414689265537163e+03
3.884618079096046131e+03
3.883806779661017572e+03
3.883072316384181249e+03
3.882531073446328264e+03
3.882273446327683814e+03
3.882357062146892986e+03
3.882745762711864700e+03
3.883422598870056845e+03
3.884395480225989104e+03
3.885657627118644086e+03
3.887161581920903700e+03
3.888837288135593099e+03
3.890583050847457798e+03
3.892320903954802361e+03
3.894027118644067741e+03
3.895796610169491942e+03
3.897717514124294212e+03
3.899891525423729036e+03
3.902386440677966675e+03
3.905317514124294576e+03
3.908768361581921454e+03
3.912564971751412941e+03
3.915023728813559956e+03
3.916136723163842362e+03
3.915924293785310965e+03
3.914454237288136028e+03
3.911833898305084858e+03
3.908223728813559319e+03
3.903800000000000182e+03
3.898726553672316641e+03
3.893162711864407356e+03
3.887250847457627515e+03
3.881067796610169808e+03
3.874659887005649580e+03
3.867990960451977571e+03
3.861579661016949558e+03
3.855481355932203769e+03
3.849758192090395823e+03
3.844416949152542202e+03
3.839441807909604904e+03
3.834832768361581657e+03
3.830546892655367174e+03
3.826554802259886856e+03
3.822750282485875687e+03
3.819083615819208717e+03
3.815542372881355732e+03
3.812211299435028195e+03
3.809167231638418343e+03
3.806538983050847492e+03
3.804390960451977662e+03
3.802848587570621930e+03
3.801970621468926765e+03
3.801795480225989195e+03
3.802338983050847673e+03
3.803589830508474734e+03
3.805535593220339251e+03
3.808185310734463201e+03
3.811464406779661203e+03
3.815372881355932350e+03
3.819835028248587605e+03
3.824844067796610489e+03
3.830366101694915415e+03
3.836294915254237367e+03
3.842562711864406992e+03
3.849006779661017390e+03
3.855564971751412486e+03
3.861871186440678230e+03
3.867706214689265835e+03
3.873099435028248990e+03
3.878059887005650126e+03
3.882625988700565358e+03
3.886829378531073417e+03
3.890627118644068105e+03
3.893915254237288536e+03
3.896592090395480682e+03
3.898574011299435369e+03
3.899830508474576618e+03
3.900324293785311056e+03
3.900047457627118547e+03
3.898919774011299523e+03
3.896865536723164041e+03
3.893820338983050988e+03
3.889750282485875687e+03
3.886428248587570124e+03
3.883872316384180522e+03
3.881961581920903882e+03
3.880621468926553462e+03
3.879758192090394914e+03
3.879270056497174664e+03
3.879009039548022429e+03
3.878801129943502929e+03
3.878540112994350238e+03
3.878181920903954961e+03
3.877710734463276822e+03
3.877132203389830465e+03
3.876505084745762360e+03
3.875898305084745516e+03
3.875439548022598501e+03
3.875227118644067559e+03
3.875325423728813803e+03
3.875754802259886674e+03
3.876455367231638320e+03
3.877479096045197366e+03
3.878805649717513916e+03
3.880414689265536708e+03
3.882238418079095936e+03
3.884155932203389966e+03
3.886101694915254484e+03
3.888029378531073235e+03
3.889992090395480318e+03
3.892059887005650126e+03
3.894305084745762997e+03
3.896839548022599047e+03
3.899743502824858751e+03
3.903136723163841907e+03
3.907110734463276458e+03
3.910831638418078910e+03
3.913199999999999818e+03
3.914220338983051079e+03
3.913918644067796777e+03
3.912409039548022520e+03
3.909823728813559228e+03
3.906320903954801906e+03
3.902056497175140976e+03
3.897215819209039182e+03
3.891911864406779387e+03
3.886297175141242860e+03
3.880433898305084767e+03
3.874315254237288173e+03
3.867872316384180522e+03
3.861203389830508513e+03
3.854889265536723542e+03
3.848928813559321952e+03
3.843328813559322043e+03
3.838087005649716957e+03
3.833198870056497071e+03
3.828642937853107469e+03
3.824306214689265289e+03
3.820096045197739841e+03
3.816009039548022429e+03
3.812109604519773711e+03
3.808439548022598501e+03
3.805132203389830465e+03
3.802257627118643995e+03
3.799951412429378252e+03
3.798287005649717230e+03
3.797324293785310601e+03
3.797054237288135482e+03
3.797512994350282497e+03
3.798716384180791010e+03
3.800644067796610216e+03
3.803275706214689308e+03
3.806551412429378615e+03
3.810441807909604449e+03
3.814923163841807764e+03
3.819960451977401135e+03
3.825488135593220250e+03
3.831416949152541747e+03
3.837621468926553462e+03
3.844023728813559501e+03
3.850499435028248627e+03
3.856534463276836050e+03
3.862106214689265471e+03
3.867231638418078546e+03
3.871975141242937752e+03
3.876348022598870102e+03
3.880375141242937843e+03
3.883940112994349874e+03
3.886948022598870011e+03
3.889302824858757049e+03
3.890949152542372758e+03
3.891880225988700658e+03
3.892068926553672100e+03
3.891439548022598501e+03
3.889945762711863608e+03
3.887506214689265107e+03
3.884087005649716957e+03
3.879976271186440499e+03
3.876639548022598319e+03
3.873993220338983065e+03
3.871951412429378252e+03
3.870428248587570579e+03
3.869351412429378342e+03
3.868546892655367174e+03
3.867855367231638411e+03
3.867172881355932077e+03
3.866419209039548150e+03
3.865516384180791192e+03
3.864505084745762815e+03
3.863415819209039910e+03
3.862294915254236912e+03
3.861257627118643995e+03
3.860433898305084767e+03
3.859906214689265653e+03
3.859682485875706334e+03
3.859771751412429694e+03
3.860150282485875778e+03
3.860864406779661294e+03
3.861922033898305017e+03
3.863227118644067559e+03
3.864694915254237458e+03
3.866220338983051079e+03
3.867742372881356005e+03
3.869299435028248809e+03
3.870941242937853076e+03
3.872737853107344563e+03
3.874786440677966311e+03
3.877164971751411940e+03
3.879983050847457889e+03
3.883337853107344927e+03
3.887345762711864154e+03
3.890380790960452032e+03
3.892065536723163859e+03
3.892406779661017026e+03
3.891471186440678139e+03
3.889392090395480409e+03
3.886326553672316550e+03
3.882421468926553644e+03
3.877832768361582112e+03
3.872719774011299705e+03
3.867246327683616073e+03
3.861503954802260523e+03
3.855508474576271510e+03
3.849203389830508968e+03
3.842578531073446356e+03
3.836204519774011715e+03
3.830184180790960454e+03
3.824503954802260068e+03
3.819175141242938025e+03
3.814231638418079456e+03
3.809623728813559410e+03
3.805248587570621567e+03
3.801046327683615345e+03
3.796952542372881453e+03
3.793018079096044858e+03
3.789285875706214483e+03
3.785831638418078910e+03
3.782749152542372485e+03
3.780186440677965948e+03
3.778220338983050624e+03
3.776912994350282133e+03
3.776300564971751555e+03
3.776387570621468512e+03
3.777207909604519955e+03
3.778757062146892622e+03
3.781010169491525176e+03
3.783910734463276640e+03
3.787438418079096209e+03
3.791583050847457343e+03
3.796322033898305108e+03
3.801579661016949103e+03
3.807284745762711736e+03
3.813358192090395278e+03
3.819676836158192145e+03
3.826093785310734347e+03
3.832535593220339251e+03
3.838525423728813621e+03
3.844066666666666606e+03
3.849206779661016753e+03
3.853989830508474370e+03
3.858437288135593008e+03
3.862471186440678139e+03
3.866012429378531124e+03
3.868949152542372758e+03
3.871223728813559319e+03
3.872812429378531306e+03
3.873687005649717321e+03
3.873788700564971805e+03
3.873029378531073235e+03
3.871390960451977207e+03
3.868811299435028559e+03
3.865210169491525448e+03
3.861415819209039455e+03
3.858336723163841725e+03
3.855924293785310965e+03
3.854087005649717867e+03
3.852733333333333576e+03
3.851727683615818933e+03
3.850912994350283043e+03
3.850163841807910103e+03
3.849362711864406720e+03
3.848464406779660749e+03
3.847437288135593008e+03
3.846314124293785426e+03
3.845114124293785608e+03
3.843954802259887401e+03
3.842955932203389693e+03
3.842192090395480591e+03
3.841720903954802452e+03
3.841544632768361680e+03
3.841673446327683450e+03
3.842124293785311238e+03
3.842916384180791283e+03
3.844030508474576436e+03
3.845340112994350420e+03
3.846735593220339069e+03
3.848163841807909648e+03
3.849607909604520046e+03
3.851105084745762724e+03
3.852723163841807946e+03
3.854529943502824608e+03
3.856620338983050715e+03
3.859081355932203223e+03
3.862035028248587878e+03
3.865578531073446356e+03
3.869690395480226471e+03
3.872484745762712009e+03
3.873963841807909830e+03
3.874170621468926583e+03
3.873176271186441227e+03
3.871145762711864336e+03
3.868202259887005312e+03
3.864522033898305381e+03
3.860259887005649944e+03
3.855584180790961000e+03
3.850600000000000364e+03
3.845343502824858660e+03
3.839803389830508877e+03
3.833961581920903882e+03
3.827802259887005675e+03
3.821552542372881362e+03
3.815596610169491669e+03
3.809971751412429512e+03
3.804735593220339069e+03
3.799823728813559683e+03
3.795185310734463201e+03
3.790715254237288264e+03
3.786374011299435551e+03
3.782161581920904155e+03
3.778103954802259977e+03
3.774263276836158184e+03
3.770731073446328082e+03
3.767639548022598774e+03
3.765063276836158366e+03
3.763122033898305290e+03
3.761815819209039546e+03
3.761197740112994325e+03
3.761302824858757049e+03
3.762132203389830465e+03
3.763658757062146833e+03
3.765861016949152599e+03
3.768687005649717321e+03
3.772129943502824972e+03
3.776188700564971441e+03
3.780803389830508422e+03
3.785890395480225379e+03
3.791385310734463019e+03
3.797176271186440317e+03
3.803144632768361589e+03
3.809168361581921090e+03
3.815161581920903700e+03
3.821145762711864336e+03
3.826746892655367446e+03
3.831997740112994506e+03
3.836912994350282133e+03
3.841476836158191873e+03
3.845606779661016844e+03
3.849172881355932077e+03
3.852114124293784698e+03
3.854399999999999636e+03
3.856024858757062248e+03
3.856882485875706152e+03
3.856935593220338887e+03
3.856129943502824972e+03
3.854442937853107651e+03
3.851766101694915051e+03
3.847978531073446447e+03
3.844797740112994688e+03
3.842288135593220431e+03
3.840396610169491396e+03
3.839044067796609852e+03
3.838090395480226107e+03
3.837397740112994143e+03
3.836800000000000182e+03
3.836202259887005312e+03
3.835512994350282497e+03
3.834699435028248445e+03
3.833746892655366992e+03
3.832668926553672009e+03
3.831558192090395096e+03
3.830562711864406083e+03
3.829755932203389420e+03
3.829196610169490668e+03
3.828915254237287627e+03
3.828926553672316004e+03
3.829264406779660931e+03
3.829969491525423109e+03
3.831005649717513734e+03
3.832268926553671918e+03
3.833676836158191691e+03
3.835149152542372576e+03
3.836627118644067195e+03
3.838145762711863881e+03
3.839755932203389420e+03
3.841515254237287991e+03
3.843500564971750919e+03
3.845795480225988285e+03
3.848523163841807218e+03
3.851807909604519409e+03
3.855732203389829920e+03
3.859349152542372394e+03
3.861650847457626696e+03
3.862650847457626696e+03
3.862421468926553644e+03
3.861066666666666606e+03
3.858734463276836323e+03
3.855575141242937661e+03
3.851728813559321679e+03
3.847402259887005584e+03
3.842708474576271328e+03
3.837705084745762633e+03
3.832404519774011533e+03
3.826803389830508422e+03
3.820899435028248263e+03
3.814655367231638593e+03
3.808550282485875869e+03
3.802801129943502929e+03
3.797435028248587514e+03
3.792449717514124131e+03
3.787763841807909557e+03
3.783297175141242860e+03
3.778981920903955142e+03
3.774802259887005675e+03
3.770783050847457616e+03
3.766932203389830647e+03
3.763341242937853167e+03
3.760144632768361589e+03
3.757435028248587514e+03
3.755294915254237367e+03
3.753776271186440681e+03
3.752936723163841634e+03
3.752811299435028104e+03
3.753397740112994143e+03
3.754698305084745698e+03
3.756674576271186652e+03
3.759296045197740114e+03
3.762541242937852985e+03
3.766405649717514279e+03
3.770848587570621476e+03
3.775798870056497435e+03
3.781205649717514461e+03
3.786964971751412577e+03
3.792974011299435006e+03
3.799061016949152872e+03
3.805143502824858842e+03
3.811192090395480591e+03
3.817201129943503020e+03
3.822850847457627424e+03
3.828171751412429785e+03
3.833155932203389966e+03
3.837702824858757594e+03
3.841735593220339524e+03
3.845180790960452214e+03
3.848003389830508695e+03
3.850171751412429785e+03
3.851584180790960545e+03
3.852205649717514461e+03
3.852001129943503202e+03
3.850967231638418525e+03
3.848990960451977571e+03
3.845926553672316913e+03
3.842177401129943974e+03
3.839135593220339160e+03
3.836740112994350966e+03
3.834925423728814167e+03
3.833566101694915233e+03
3.832514124293785244e+03
3.831625988700564903e+03
3.830787570621469058e+03
3.829896045197740023e+03
3.828887005649717594e+03
3.827718644067796959e+03
3.826400000000000091e+03
3.824997740112994506e+03
3.823628248587570852e+03
3.822423728813559137e+03
3.821423728813559137e+03
3.820679096045198094e+03
3.820186440677966402e+03
3.820035028248587878e+03
3.820219209039547877e+03
3.820764971751412759e+03
3.821574011299435369e+03
3.822579661016949103e+03
3.823677966101695347e+03
3.824811299435028559e+03
3.825953672316384655e+03
3.827177401129943974e+03
3.828516384180791647e+03
3.830040677966101612e+03
3.831811299435028559e+03
3.833944632768361771e+03
3.836554802259886856e+03
3.839788700564971805e+03
3.843746892655367446e+03
3.846672316384180704e+03
3.848281355932203496e+03
3.848636158192090534e+03
3.847823728813559228e+03
3.845968361581921272e+03
3.843176271186441227e+03
3.839658757062147288e+03
3.835570621468927129e+03
3.831062146892655619e+03
3.826230508474576709e+03
3.821089265536723815e+03
3.815672316384180704e+03
3.809975141242938207e+03
3.803975141242938207e+03
3.797881355932203405e+03
3.792118644067797050e+03
3.786716384180791465e+03
3.781682485875706334e+03
3.776976271186440499e+03
3.772502824858757322e+03
3.768189830508474643e+03
3.764013559322033871e+03
3.759951412429378252e+03
3.756012429378531124e+03
3.752287005649717685e+03
3.748855367231638411e+03
3.745862146892655801e+03
3.743335593220338978e+03
3.741409039548022520e+03
3.740099435028248990e+03
3.739459887005649762e+03
3.739523163841808127e+03
3.740305084745763452e+03
3.741749152542373395e+03
3.743832768361582566e+03
3.746568361581921636e+03
3.749912994350283043e+03
3.753858757062147106e+03
3.758343502824859115e+03
3.763315254237288173e+03
3.768714124293785972e+03
3.774416949152542657e+03
3.780277966101694801e+03
3.786168361581921090e+03
3.792027118644068196e+03
3.797889265536723542e+03
3.803369491525424110e+03
3.808518644067797140e+03
3.813357062146893441e+03
3.817793220338983247e+03
3.821769491525424201e+03
3.825194350282486084e+03
3.828050847457627242e+03
3.830281355932203951e+03
3.831821468926554189e+03
3.832613559322034234e+03
3.832631638418079547e+03
3.831868926553672281e+03
3.830242937853107833e+03
3.827592090395481137e+03
3.823798870056497435e+03
3.820320903954802816e+03
3.817529943502825517e+03
3.815368361581921363e+03
3.813732203389830829e+03
3.812479096045198276e+03
3.811465536723164405e+03
3.810550282485876323e+03
3.809649717514124859e+03
3.808663276836158730e+03
3.807536723163842453e+03
3.806249717514124313e+03
3.804832768361582566e+03
3.803422598870057300e+03
3.802111864406780114e+03
3.800986440677966129e+03
3.800088135593220613e+03
3.799435028248587969e+03
3.799089265536723360e+03
3.799089265536723360e+03
3.799473446327683632e+03
3.800164971751412395e+03
3.801117514124294303e+03
3.802202259887006221e+03
3.803318644067796868e+03
3.804487005649717958e+03
3.805700564971751646e+03
3.807000000000000000e+03
3.808432768361582021e+03
3.810065536723164314e+03
3.812015819209040274e+03
3.814351412429378797e+03
3.817267796610170080e+03
3.820859887005650307e+03
3.824690395480226471e+03
3.827207909604519955e+03
3.828454237288136028e+03
3.828527683615819569e+03
3.827481355932203769e+03
3.825454237288136028e+03
3.822588700564971987e+03
3.819097175141243497e+03
3.815128813559322225e+03
3.810797740112994688e+03
3.806129943502824972e+03
3.801186440677966857e+03
3.795963841807909830e+03
3.790471186440678139e+03
3.784676836158192600e+03
3.778702824858757594e+03
3.773051977401130443e+03
3.767762711864406810e+03
3.762827118644067923e+03
3.758161581920904609e+03
3.753684745762711827e+03
3.749350282485876050e+03
3.745142372881356550e+03
3.741035028248587878e+03
3.737076836158192236e+03
3.733380790960452487e+03
3.730047457627119002e+03
3.727176271186440772e+03
3.724806779661017117e+03
3.723045197740113508e+03
3.721949152542373213e+03
3.721545762711864882e+03
3.721836158192090807e+03
3.722821468926554189e+03
3.724446327683615891e+03
3.726711864406779569e+03
3.729627118644068105e+03
3.733171751412429330e+03
3.737256497175141703e+03
3.741887005649717594e+03
3.746986440677966129e+03
3.752464406779661203e+03
3.758157062146892713e+03
3.763926553672316459e+03
3.769683615819209081e+03
3.775448587570621839e+03
3.781254237288135755e+03
3.786762711864406810e+03
3.791988700564972078e+03
3.796877966101695165e+03
3.801338983050847673e+03
3.805314124293785426e+03
3.808779661016949376e+03
3.811673446327683450e+03
3.813928813559322407e+03
3.815439548022599411e+03
3.816254237288136210e+03
3.816337853107344927e+03
3.815606779661016844e+03
3.813943502824859024e+03
3.811198870056497981e+03
3.807523163841808127e+03
3.804604519774011351e+03
3.802344632768361862e+03
3.800673446327683450e+03
3.799453107344633281e+03
3.798548022598870375e+03
3.797822598870056936e+03
3.797168361581921090e+03
3.796484745762712009e+03
3.795673446327683905e+03
3.794701694915254848e+03
3.793587570621469240e+03
3.792409039548022520e+03
3.791297175141243315e+03
3.790300564971751555e+03
3.789493785310734893e+03
3.788893785310734984e+03
3.788594350282486630e+03
3.788614689265536981e+03
3.788995480225988558e+03
3.789727683615819387e+03
3.790731073446328082e+03
3.791887005649717594e+03
3.793137853107345109e+03
3.794435028248587514e+03
3.795760451977401317e+03
3.797127683615819478e+03
3.798622598870056663e+03
3.800265536723163677e+03
3.802144632768361589e+03
3.804353672316384291e+03
3.807053107344632735e+03
3.810398870056497344e+03
3.814445197740112690e+03
3.817505084745762360e+03
3.819283615819209444e+03
3.819839548022599047e+03
3.819231638418079001e+03
3.817548022598869920e+03
3.814951412429378706e+03
3.811636158192090079e+03
3.807761581920904064e+03
3.803467796610169898e+03
3.798806779661017117e+03
3.793839548022599047e+03
3.788580790960451850e+03
3.783056497175141430e+03
3.777251977401129807e+03
3.771085875706214665e+03
3.765176271186440317e+03
3.759630508474576345e+03
3.754445197740113144e+03
3.749550282485875869e+03
3.744884745762711646e+03
3.740402259887005584e+03
3.736048587570621748e+03
3.731790960451977298e+03
3.727682485875706334e+03
3.723771751412429694e+03
3.720153672316384473e+03
3.716955932203389693e+03
3.714239548022598683e+03
3.712073446327683541e+03
3.710540112994350238e+03
3.709697175141242951e+03
3.709554802259886856e+03
3.710089265536723360e+03
3.711293785310734620e+03
3.713151412429378979e+03
3.715671186440678412e+03
3.718813559322034052e+03
3.722527683615819569e+03
3.726813559322034052e+03
3.731640677966101975e+03
3.736909604519774348e+03
3.742462146892656165e+03
3.748177401129943974e+03
3.753903954802260159e+03
3.759615819209039728e+03
3.765359322033898934e+03
3.771072316384181249e+03
3.776477966101695529e+03
3.781541242937853440e+03
3.786174011299435278e+03
3.790324293785310601e+03
3.793980790960451941e+03
3.797082485875706425e+03
3.799518644067796686e+03
3.801241807909605086e+03
3.802225988700564812e+03
3.802508474576271510e+03
3.801998870056497253e+03
3.800575141242938116e+03
3.798103954802259977e+03
3.794473446327683632e+03
3.791025988700564994e+03
3.788292655367231418e+03
3.786204519774011260e+03
3.784627118644067650e+03
3.783425988700564631e+03
3.782462146892655255e+03
3.781622598870056208e+03
3.780781920903954415e+03
3.779870056497175028e+03
3.778786440677965857e+03
3.777526553672316368e+03
3.776178531073446266e+03
3.774836158192090352e+03
3.773571751412428966e+03
3.772438418079095754e+03
3.771502824858756867e+03
3.770811299435028104e+03
3.770428248587570579e+03
3.770410169491525266e+03
3.770781920903954870e+03
3.771449717514124131e+03
3.772334463276835777e+03
3.773354802259887038e+03
3.774439548022599411e+03
3.775563841807909739e+03
3.776761581920903609e+03
3.778046327683615345e+03
3.779463276836158002e+03
3.781064406779661113e+03
3.782915254237287627e+03
3.785223728813559319e+03
3.788125423728813530e+03
3.791700564971751191e+03
3.795698305084746153e+03
3.798416949152542657e+03
3.799877966101695165e+03
3.800112994350282861e+03
3.799212429378531397e+03
3.797300564971751555e+03
3.794562711864406992e+03
3.791203389830508968e+03
3.787332203389830738e+03
3.783035028248587878e+03
3.778351412429378342e+03
3.773387570621468967e+03
3.768153672316384473e+03
3.762633898305084585e+03
3.756789830508474552e+03
3.750862146892655346e+03
3.745312994350282224e+03
3.740142372881356096e+03
3.735300564971751555e+03
3.730743502824859206e+03
3.726406779661017026e+03
3.722223728813559319e+03
3.718152542372881726e+03
3.714203389830508968e+03
3.710437288135593008e+03
3.706941242937853076e+03
3.703792090395480045e+03
3.701085875706214665e+03
3.698883615819208899e+03
3.697277966101694801e+03
3.696324293785311056e+03
3.696062146892655619e+03
3.696492655367231691e+03
3.697580790960451850e+03
3.699346892655367355e+03
3.701748022598869738e+03
3.704770621468926493e+03
3.708389830508474915e+03
3.712597740112993961e+03
3.717353672316383836e+03
3.722587570621468331e+03
3.728190960451976935e+03
3.733998870056496798e+03
3.739868926553672281e+03
3.745732203389829920e+03
3.751601129943502201e+03
3.757535593220338797e+03
3.763508474576270601e+03
3.769140112994349693e+03
3.774351412429378797e+03
3.779136723163841452e+03
3.783467796610168989e+03
3.787249717514124313e+03
3.790403389830508331e+03
3.792863276836158548e+03
3.794630508474576345e+03
3.795681355932203587e+03
3.796003389830508240e+03
3.795489265536722996e+03
3.793972881355931804e+03
3.791350282485875141e+03
3.787566101694915233e+03
3.784354802259887038e+03
3.781824858757061975e+03
3.779888135593220341e+03
3.778375141242938298e+03
3.777180790960452214e+03
3.776162711864406901e+03
3.775236158192090443e+03
3.774276836158192054e+03
3.773158192090395460e+03
3.771866666666666788e+03
3.770458757062147015e+03
3.769004519774011442e+03
3.767605649717514098e+03
3.766308474576271237e+03
3.765169491525423837e+03
3.764254237288135300e+03
3.763641807909604267e+03
3.763387570621469422e+03
3.763503954802260068e+03
3.763979661016948739e+03
3.764726553672316641e+03
3.765661016949152781e+03
3.766697175141242951e+03
3.767780790960452123e+03
3.768931073446327446e+03
3.770178531073446266e+03
3.771528813559321861e+03
3.772998870056497253e+03
3.774693785310734711e+03
3.776775141242937934e+03
3.779381920903954779e+03
3.782629378531073144e+03
3.786568361581920726e+03
3.790055367231638229e+03
3.792306214689265289e+03
3.793327683615819296e+03
3.793164971751412850e+03
3.791928813559322407e+03
3.789818079096045494e+03
3.787000000000000000e+03
3.783613559322034234e+03
3.779757062146892622e+03
3.775533333333333303e+03
3.770986440677966129e+03
3.766167231638417888e+03
3.761089265536722905e+03
3.755729943502824426e+03
3.749996610169491760e+03
3.744136723163841452e+03
3.738642937853107469e+03
3.733487005649717503e+03
3.728624858757062157e+03
3.724022598870056754e+03
3.719566101694915233e+03
3.715230508474576709e+03
3.711000000000000000e+03
3.706912994350282133e+03
3.703032768361581930e+03
3.699447457627118638e+03
3.696230508474576254e+03
3.693474576271186379e+03
3.691267796610169171e+03
3.689675706214688944e+03
3.688763841807909557e+03
3.688506214689265107e+03
3.688925423728813257e+03
3.690015819209039364e+03
3.691776271186440681e+03
3.694157062146892713e+03
3.697136723163841907e+03
3.700714124293785517e+03
3.704892655367231782e+03
3.709609039548022793e+03
3.714761581920904064e+03
3.720210169491525448e+03
3.725780790960452123e+03
3.731371751412429148e+03
3.736990960451977571e+03
3.742664406779660567e+03
3.748468926553672190e+03
3.753946892655367265e+03
3.759049717514124495e+03
3.763745762711864700e+03
3.768007909604519227e+03
3.771785310734463565e+03
3.774949152542372758e+03
3.777462146892655255e+03
3.779288135593220431e+03
3.780445197740113144e+03
3.780892655367231782e+03
3.780553672316384109e+03
3.779272316384180613e+03
3.776937853107344381e+03
3.773479096045197366e+03
3.769801129943502474e+03
3.766827118644067923e+03
3.764492655367231237e+03
3.762640677966101975e+03
3.761166101694915596e+03
3.759951412429378706e+03
3.758877966101695165e+03
3.757813559322033598e+03
3.756649717514124404e+03
3.755306214689265289e+03
3.753827118644067923e+03
3.752272316384180158e+03
3.750706214689264925e+03
3.749242937853106923e+03
3.747903954802259250e+03
3.746755932203389420e+03
3.745864406779660385e+03
3.745337853107344017e+03
3.745201129943502565e+03
3.745441807909603995e+03
3.746007909604519682e+03
3.746828248587570670e+03
3.747767231638417798e+03
3.748797740112993779e+03
3.749932203389830192e+03
3.751143502824858842e+03
3.752466666666666242e+03
3.753883615819208899e+03
3.755483615819209263e+03
3.757386440677965766e+03
3.759775141242937480e+03
3.762748022598869738e+03
3.766397740112994143e+03
3.770729943502824881e+03
3.773879096045197912e+03
3.775779661016948921e+03
3.776422598870056390e+03
3.775924293785310510e+03
3.774429378531073326e+03
3.772114124293785153e+03
3.769131073446327719e+03
3.765612429378531033e+03
3.761645197740112962e+03
3.757298305084745152e+03
3.752625988700564449e+03
3.747675706214688944e+03
3.742456497175141521e+03
3.736861016949152599e+03
3.730806779661016662e+03
3.724882485875706152e+03
3.719294915254236912e+03
3.714012429378531124e+03
3.709003389830508240e+03
3.704187570621468694e+03
3.699508474576271510e+03
3.694925423728813257e+03
3.690455367231638775e+03
3.686181920903954961e+03
3.682137853107344654e+03
3.678422598870056390e+03
3.675112994350282861e+03
3.672323163841807855e+03
3.670129943502824972e+03
3.668578531073446356e+03
3.667705084745762633e+03
3.667494915254237185e+03
3.667993220338983519e+03
3.669149152542373031e+03
3.670964971751412122e+03
3.673411299435028013e+03
3.676475706214689126e+03
3.680154802259887219e+03
3.684432768361582021e+03
3.689224858757062066e+03
3.694392090395480409e+03
3.699753672316383927e+03
3.705223728813559319e+03
3.710717514124293757e+03
3.716251977401129807e+03
3.721897175141242769e+03
3.727748022598870193e+03
3.733728813559321679e+03
3.739311864406779023e+03
3.744493785310734438e+03
3.749196610169491123e+03
3.753352542372881089e+03
3.756859887005649398e+03
3.759700564971751191e+03
3.761868926553672281e+03
3.763358192090395278e+03
3.764101694915253574e+03
3.763957062146892440e+03
3.762816949152542293e+03
3.760563841807908830e+03
3.757124293785310329e+03
3.753788700564971350e+03
3.751128813559321316e+03
3.749029378531073235e+03
3.747361581920903518e+03
3.746032768361581475e+03
3.744898305084745516e+03
3.743839548022599047e+03
3.742699435028248445e+03
3.741413559322033962e+03
3.739960451977401135e+03
3.738406779661017026e+03
3.736800000000000182e+03
3.735230508474576254e+03
3.733755932203389875e+03
3.732414689265536708e+03
3.731274576271186106e+03
3.730446327683615436e+03
3.729976271186440499e+03
3.729898305084745516e+03
3.730181920903954506e+03
3.730714124293785062e+03
3.731432768361581566e+03
3.732239548022598683e+03
3.733138983050847401e+03
3.734133333333333212e+03
3.735193220338982428e+03
3.736349152542372394e+03
3.737612429378530578e+03
3.739112994350282406e+03
3.740998870056497253e+03
3.743414689265536254e+03
3.746468926553672190e+03
3.750183050847457707e+03
3.754224858757062066e+03
3.757019209039547604e+03
3.758555932203389148e+03
3.758908474576271146e+03
3.758218079096044676e+03
3.756639548022598319e+03
3.754317514124293666e+03
3.751428248587570124e+03
3.748028248587570488e+03
3.744202259887005312e+03
3.740082485875705970e+03
3.735683615819209081e+03
3.731024858757062248e+03
3.726058757062146469e+03
3.720681355932202678e+03
3.714761581920903609e+03
3.709131073446327719e+03
3.703837288135593099e+03
3.698839548022599047e+03
3.694064406779661113e+03
3.689424858757061884e+03
3.684880225988700204e+03
3.680447457627118638e+03
3.676151412429378524e+03
3.672057627118643722e+03
3.668259887005649489e+03
3.664781920903954415e+03
3.661784180790959908e+03
3.659329943502824335e+03
3.657485875706214756e+03
3.656292655367231418e+03
3.655770621468926038e+03
3.655925423728813257e+03
3.656754802259886674e+03
3.658246327683615618e+03
3.660361581920904428e+03
3.663099435028248081e+03
3.666463276836158457e+03
3.670463276836158457e+03
3.675025988700564540e+03
3.680037288135592917e+03
3.685317514124293666e+03
3.690742372881355550e+03
3.696228248587570306e+03
3.701748022598870193e+03
3.707324293785310601e+03
3.713096045197739841e+03
3.719083615819209172e+03
3.724776271186440681e+03
3.730094915254237549e+03
3.735000000000000000e+03
3.739413559322033962e+03
3.743210169491525448e+03
3.746368361581920908e+03
3.748922033898305017e+03
3.750824858757062430e+03
3.752049717514124495e+03
3.752476836158191873e+03
3.751967231638417616e+03
3.750406779661017026e+03
3.747722033898304744e+03
3.743880225988700658e+03
3.740680225988700386e+03
3.738066666666666606e+03
3.735926553672316004e+03
3.734190960451977844e+03
3.732735593220339069e+03
3.731394350282485902e+03
3.730030508474576436e+03
3.728554802259887310e+03
3.726902824858757413e+03
3.725117514124293848e+03
3.723253107344632554e+03
3.721381920903955233e+03
3.719546892655367628e+03
3.717815819209039546e+03
3.716246327683616073e+03
3.714966101694915778e+03
3.714020338983051261e+03
3.713461016949152508e+03
3.713283615819209444e+03
3.713436158192090716e+03
3.713787570621469058e+03
3.714277966101695256e+03
3.714889265536723542e+03
3.715601129943503111e+03
3.716387570621468967e+03
3.717259887005649489e+03
3.718221468926553825e+03
3.719351412429378342e+03
3.720809039548022156e+03
3.722753672316383927e+03
3.725272316384181067e+03
3.728440677966101703e+03
3.732319774011299614e+03
3.735962711864407083e+03
3.738344632768361862e+03
3.739508474576271510e+03
3.739589830508474734e+03
3.738714124293785517e+03
3.737036158192090625e+03
3.734710734463276822e+03
3.731828248587571125e+03
3.728497175141243133e+03
3.724787570621469058e+03
3.720802259887005675e+03
3.716554802259887310e+03
3.712039548022599320e+03
3.707148022598870739e+03
3.701759322033898570e+03
3.695984180790960636e+03
3.690554802259887765e+03
3.685420338983050897e+03
3.680534463276836505e+03
3.675829378531073417e+03
3.671220338983051079e+03
3.666702824858756685e+03
3.662298305084746062e+03
3.658064406779661113e+03
3.654051977401129989e+03
3.650338983050847673e+03
3.647004519774011442e+03
3.644181920903954961e+03
3.641916384180791283e+03
3.640268926553672827e+03
3.639259887005649944e+03
3.638911864406779841e+03
3.639261016949152690e+03
3.640245197740113326e+03
3.641837288135593553e+03
3.644042937853107560e+03
3.646881355932203405e+03
3.650359322033898479e+03
3.654415819209039910e+03
3.658984180790960636e+03
3.663887005649717594e+03
3.668986440677966129e+03
3.674161581920904155e+03
3.679366101694915415e+03
3.684632768361581839e+03
3.690001129943502747e+03
3.695558192090395551e+03
3.701368361581920908e+03
3.707245197740112872e+03
3.712740112994350056e+03
3.717776271186440681e+03
3.722225988700564812e+03
3.726085875706214665e+03
3.729316384180790919e+03
3.731927683615819205e+03
3.733879096045197912e+03
3.735085875706215120e+03
3.735427118644068287e+03
3.734750282485875687e+03
3.732963841807910285e+03
3.730019209039548514e+03
3.726748022598870193e+03
3.724098305084745789e+03
3.721986440677966129e+03
3.720312994350282679e+03
3.718979661016949649e+03
3.717840677966101794e+03
3.716741242937852803e+03
3.715554802259886856e+03
3.714203389830508513e+03
3.712715254237288264e+03
3.711115254237288354e+03
3.709467796610169898e+03
3.707809039548023065e+03
3.706193220338983338e+03
3.704723163841807946e+03
3.703450847457627788e+03
3.702485875706214756e+03
3.701909604519774348e+03
3.701722033898305199e+03
3.701884745762711646e+03
3.702296045197740568e+03
3.702881355932203405e+03
3.703587570621469240e+03
3.704420338983050897e+03
3.705340112994350420e+03
3.706326553672316550e+03
3.707364971751412668e+03
3.708512994350282042e+03
3.709923163841807764e+03
3.711745762711864700e+03
3.714087005649716957e+03
3.717022598870056299e+03
3.720641807909604267e+03
3.724983050847457434e+03
3.728201129943502565e+03
3.730188700564971441e+03
3.731031638418078728e+03
3.730841807909604540e+03
3.729787570621469058e+03
3.728001129943502747e+03
3.725613559322033325e+03
3.722705084745762633e+03
3.719397740112994143e+03
3.715768361581920999e+03
3.711887005649717139e+03
3.707755932203389420e+03
3.703296045197740114e+03
3.698371751412429148e+03
3.692888135593220341e+03
3.687157062146892258e+03
3.681755932203389420e+03
3.676619209039547968e+03
3.671687005649717321e+03
3.666887005649717139e+03
3.662178531073445811e+03
3.657574011299434460e+03
3.653111864406779659e+03
3.648815819209039546e+03
3.644764971751412304e+03
3.641064406779661113e+03
3.637815819209039546e+03
3.635082485875705970e+03
3.632935593220338433e+03
3.631428248587570124e+03
3.630567231638417979e+03
3.630375141242937843e+03
3.630831638418078910e+03
3.631918644067796322e+03
3.633609039548022338e+03
3.635919774011299523e+03
3.638891525423729036e+03
3.642487005649717503e+03
3.646639548022599229e+03
3.651220338983051079e+03
3.656076836158192236e+03
3.661048587570621748e+03
3.666100564971751282e+03
3.671202259887005766e+03
3.676396610169491396e+03
3.681750282485875687e+03
3.687338983050847673e+03
3.693218079096045585e+03
3.698906214689265653e+03
3.704145762711864336e+03
3.708844067796610034e+03
3.712961581920903882e+03
3.716468926553672190e+03
3.719367231638418161e+03
3.721650847457626696e+03
3.723251977401129807e+03
3.724030508474575981e+03
3.723871186440677775e+03
3.722649717514123950e+03
3.720274576271186561e+03
3.716763841807909557e+03
3.713533333333332848e+03
3.710885875706214392e+03
3.708715254237287809e+03
3.706937853107344381e+03
3.705400000000000091e+03
3.703959322033898388e+03
3.702482485875706516e+03
3.700849717514124677e+03
3.699062146892655619e+03
3.697149152542373031e+03
3.695131073446327719e+03
3.693070056497175756e+03
3.691009039548022884e+03
3.689024858757062248e+03
3.687203389830508968e+03
3.685644067796610216e+03
3.684441807909604904e+03
3.683636158192090988e+03
3.683194350282486084e+03
3.683035028248587878e+03
3.683091525423729308e+03
3.683298305084746062e+03
3.683662146892655983e+03
3.684126553672316732e+03
3.684663276836158730e+03
3.685225988700565267e+03
3.685873446327683723e+03
3.686742372881356459e+03
3.687944632768361771e+03
3.689603389830508604e+03
3.691801129943502929e+03
3.694672316384181158e+03
3.698247457627118820e+03
3.702033898305085131e+03
3.704598870056497617e+03
3.705984180790960636e+03
3.706279096045198003e+03
3.705644067796610216e+03
3.704232768361582202e+03
3.702163841807910103e+03
3.699518644067797140e+03
3.696425988700565540e+03
3.692983050847457889e+03
3.689291525423728672e+03
3.685393220338983156e+03
3.681204519774011260e+03
3.676619209039547968e+03
3.671532203389830556e+03
3.665890395480226289e+03
3.660557062146892804e+03
3.655517514124294394e+03
3.650697175141243406e+03
3.646013559322033871e+03
3.641447457627118638e+03
3.636988700564972078e+03
3.632633898305085040e+03
3.628402259887006039e+03
3.624360451977401681e+03
3.620627118644068105e+03
3.617285875706214938e+03
3.614397740112995052e+03
3.612037288135593371e+03
3.610285875706214938e+03
3.609172881355932532e+03
3.608712994350283225e+03
3.608907344632769309e+03
3.609708474576271328e+03
3.611102824858757685e+03
3.613099435028248990e+03
3.615735593220339524e+03
3.619000000000000455e+03
3.622875706214689671e+03
3.627223728813559319e+03
3.631883615819209808e+03
3.636745762711864700e+03
3.641690395480226471e+03
3.646693785310734711e+03
3.651764971751412759e+03
3.656945762711864518e+03
3.662320903954802816e+03
3.667948022598870466e+03
3.673630508474576345e+03
3.678919774011299523e+03
3.683754802259887128e+03
3.688048587570621748e+03
3.691767231638418252e+03
3.694928813559322407e+03
3.697524293785310874e+03
3.699492655367232146e+03
3.700746892655367446e+03
3.701158192090395460e+03
3.700580790960451850e+03
3.698933333333333394e+03
3.696161581920904155e+03
3.692738983050848219e+03
3.689936723163842544e+03
3.687682485875706334e+03
3.685893785310734529e+03
3.684442937853107651e+03
3.683163841807910103e+03
3.681911864406780296e+03
3.680569491525424382e+03
3.679077966101695893e+03
3.677464406779661658e+03
3.675727683615819842e+03
3.673910734463277549e+03
3.672080225988701386e+03
3.670287005649718139e+03
3.668601129943503111e+03
3.667118644067797050e+03
3.665953672316384655e+03
3.665171751412429330e+03
3.664790960451978208e+03
3.664709604519774530e+03
3.664864406779661294e+03
3.665198870056497526e+03
3.665717514124294212e+03
3.666338983050847673e+03
3.667022598870056754e+03
3.667709604519774075e+03
3.668457627118644268e+03
3.669332203389830738e+03
3.670454237288136028e+03
3.671961581920903882e+03
3.673935593220339342e+03
3.676494915254237640e+03
3.679745762711864700e+03
3.683723163841807946e+03
3.686893785310734529e+03
3.688854237288135664e+03
3.689685875706215029e+03
3.689525423728813621e+03
3.688519774011299887e+03
3.686790960451977753e+03
3.684465536723164405e+03
3.681629378531074053e+03
3.678394350282486357e+03
3.674896045197740477e+03
3.671175141242938480e+03
3.667238418079096846e+03
3.662937853107344836e+03
3.658198870056497981e+03
3.652914124293785790e+03
3.647398870056497799e+03
3.642210169491525448e+03
3.637244067796610580e+03
3.632470056497175392e+03
3.627803389830508877e+03
3.623251977401130262e+03
3.618771751412429694e+03
3.614372881355932350e+03
3.610152542372881271e+03
3.606149152542373031e+03
3.602465536723163950e+03
3.599180790960452214e+03
3.596416949152542657e+03
3.594203389830508968e+03
3.592572881355932623e+03
3.591602259887005857e+03
3.591270056497175574e+03
3.591557062146893259e+03
3.592416949152542657e+03
3.593900564971751919e+03
3.596004519774011442e+03
3.598754802259887128e+03
3.602131073446327719e+03
3.606040677966101612e+03
3.610360451977401226e+03
3.614926553672316913e+03
3.619640677966101975e+03
3.624418079096044949e+03
3.629257627118644450e+03
3.634186440677966402e+03
3.639262146892655437e+03
3.644551412429378615e+03
3.650107344632768218e+03
3.655792090395480500e+03
3.661072316384180795e+03
3.665836158192090807e+03
3.670048587570621748e+03
3.673712994350282770e+03
3.676838418079096300e+03
3.679367231638418616e+03
3.681227118644068469e+03
3.682310734463277186e+03
3.682467796610169898e+03
3.681564971751412941e+03
3.679566101694916142e+03
3.676459887005650216e+03
3.673500564971751828e+03
3.671126553672316732e+03
3.669279096045198457e+03
3.667847457627119184e+03
3.666667796610169717e+03
3.665567231638418889e+03
3.664448587570621839e+03
3.663195480225988831e+03
3.661821468926554189e+03
3.660299435028249263e+03
3.658698305084746153e+03
3.657028248587570943e+03
3.655348022598870557e+03
3.653719774011300615e+03
3.652228248587571215e+03
3.651022598870056754e+03
3.650174011299435733e+03
3.649687005649718230e+03
3.649550282485875869e+03
3.649651977401130353e+03
3.649954802259887401e+03
3.650445197740113599e+03
3.651091525423729308e+03
3.651801129943502929e+03
3.652522033898305381e+03
3.653263276836158639e+03
3.654089265536723360e+03
3.655132203389830920e+03
3.656436158192091170e+03
3.658163841807910103e+03
3.660427118644068287e+03
3.663341242937853622e+03
3.666966101694915778e+03
3.671049717514124495e+03
3.673873446327684178e+03
3.675554802259887765e+03
3.676185310734464110e+03
3.675890395480226289e+03
3.674798870056497435e+03
3.673018079096045767e+03
3.670668926553672918e+03
3.667855367231639320e+03
3.664720903954802907e+03
3.661328813559322953e+03
3.657722033898306108e+03
3.653795480225989195e+03
3.649427118644068287e+03
3.644554802259887310e+03
3.639138983050847855e+03
3.633810169491525812e+03
3.628750282485876141e+03
3.623919774011299978e+03
3.619248587570622021e+03
3.614696045197740659e+03
3.610255367231638957e+03
3.605914124293785790e+03
3.601708474576272238e+03
3.597703954802260796e+03
3.593988700564972532e+03
3.590647457627119365e+03
3.587781920903955324e+03
3.585429378531073780e+03
3.583682485875706334e+03
3.582577401129943610e+03
3.582134463276836414e+03
3.582331073446327537e+03
3.583120903954802088e+03
3.584497175141243133e+03
3.586498305084745880e+03
3.589163841807910103e+03
3.592487005649717958e+03
3.596407909604520228e+03
3.600798870056497435e+03
3.605519774011299887e+03
3.610439548022599411e+03
3.615429378531073780e+03
3.620476836158192327e+03
3.625613559322034234e+03
3.630872316384181431e+03
3.636291525423729126e+03
3.641935593220339797e+03
3.647888135593220795e+03
3.653509604519774257e+03
3.658625988700565358e+03
3.663221468926553825e+03
3.667272316384181067e+03
3.670758192090395823e+03
3.673684745762711827e+03
3.676005649717514643e+03
3.677585310734463292e+03
3.678270056497175574e+03
3.677962711864407083e+03
3.676595480225989377e+03
3.674115254237288354e+03
3.670628248587570852e+03
3.667775141242938389e+03
3.665497175141243133e+03
3.663706214689265835e+03
3.662245197740113326e+03
3.660951412429378706e+03
3.659684745762712282e+03
3.658331073446327991e+03
3.656854237288135664e+03
3.655246327683616073e+03
3.653538983050847946e+03
3.651741242937853713e+03
3.649883615819209808e+03
3.648030508474576891e+03
3.646283615819209444e+03
3.644734463276836777e+03
3.643526553672316822e+03
3.642699435028249354e+03
3.642223728813559774e+03
3.642024858757062248e+03
3.642073446327683996e+03
3.642338983050847673e+03
3.642801129943503383e+03
3.643369491525424110e+03
3.643958192090395642e+03
3.644576271186440863e+03
3.645255367231638957e+03
3.646079096045198639e+03
3.647149152542373486e+03
3.648577401129943610e+03
3.650472316384180886e+03
3.653006779661016935e+03
3.656224858757062066e+03
3.660153672316384473e+03
3.663412429378531669e+03
3.665466666666667152e+03
3.666392090395480409e+03
3.666334463276836232e+03
3.665411299435028013e+03
3.663733333333333576e+03
3.661423728813559137e+03
3.658592090395480227e+03
3.655367231638418616e+03
3.651876836158192418e+03
3.648176271186440772e+03
3.644198870056497071e+03
3.639832768361582112e+03
3.634990960451977116e+03
3.629656497175141340e+03
3.624118644067796595e+03
3.618909604519774348e+03
3.613931073446327900e+03
3.609136723163842362e+03
3.604488135593221159e+03
3.599957062146892895e+03
3.595514124293785244e+03
3.591171751412429330e+03
3.587003389830508240e+03
3.583065536723163859e+03
3.579450847457627333e+03
3.576249717514124313e+03
3.573517514124294394e+03
3.571328813559322043e+03
3.569777401129943428e+03
3.568833898305085313e+03
3.568511864406779750e+03
3.568781920903955324e+03
3.569646327683616164e+03
3.571112994350282861e+03
3.573219209039548332e+03
3.575987570621468876e+03
3.579375141242938298e+03
3.583292655367232328e+03
3.587603389830508604e+03
3.592150282485876232e+03
3.596828248587571579e+03
3.601600000000000364e+03
3.606466666666667152e+03
3.611428248587571034e+03
3.616527683615819569e+03
3.621819209039548241e+03
3.627380790960452032e+03
3.632969491525424019e+03
3.638085875706215120e+03
3.642676836158192145e+03
3.646725423728813894e+03
3.650215819209040092e+03
3.653146892655367083e+03
3.655508474576271510e+03
3.657187570621469604e+03
3.658047457627119002e+03
3.657945762711864518e+03
3.656805649717514825e+03
3.654586440677966493e+03
3.651273446327683814e+03
3.647941242937853531e+03
3.645210169491525448e+03
3.643033898305085131e+03
3.641240677966102339e+03
3.639672316384181613e+03
3.638180790960452214e+03
3.636651977401130353e+03
3.635030508474576891e+03
3.633249717514124768e+03
3.631346892655367810e+03
3.629351412429378797e+03
3.627280225988701204e+03
3.625176271186441227e+03
3.623106214689265926e+03
3.621196610169492033e+03
3.619598870056497617e+03
3.618346892655367810e+03
3.617457627118644268e+03
3.616891525423729036e+03
3.616603389830508604e+03
3.616588700564971987e+03
3.616785310734464019e+03
3.617122033898305745e+03
3.617528813559322316e+03
3.617975141242938662e+03
3.618477966101695529e+03
3.619094915254238003e+03
3.619902824858757413e+03
3.621003389830509150e+03
3.622515254237288900e+03
3.624600000000000364e+03
3.627344632768361862e+03
3.630778531073446629e+03
3.634899435028248718e+03
3.637966101694915778e+03
3.639884745762712555e+03
3.640753672316384836e+03
3.640707344632768582e+03
3.639828248587571125e+03
3.638258757062147197e+03
3.636071186440678503e+03
3.633440677966102157e+03
3.630514124293786153e+03
3.627360451977401681e+03
3.623938983050848037e+03
3.620174011299435733e+03
3.615978531073446902e+03
3.611282485875706698e+03
3.606071186440678503e+03
3.600738983050848219e+03
3.595657627118644541e+03
3.590810169491525812e+03
3.586116384180791556e+03
3.581534463276836505e+03
3.577036158192091079e+03
3.572629378531074508e+03
3.568348022598870557e+03
3.564262146892655437e+03
3.560445197740113144e+03
3.556959322033898388e+03
3.553920903954802725e+03
3.551396610169492305e+03
3.549461016949152963e+03
3.548132203389830920e+03
3.547439548022599411e+03
3.547337853107345381e+03
3.547812429378531306e+03
3.548892655367232692e+03
3.550593220338983429e+03
3.552963841807910285e+03
3.555997740112994961e+03
3.559616949152542475e+03
3.563697175141242951e+03
3.568094915254238003e+03
3.572677966101695347e+03
3.577385310734463928e+03
3.582172881355932532e+03
3.587065536723163859e+03
3.592067796610169808e+03
3.597224858757062520e+03
3.602611299435028741e+03
3.608318644067796868e+03
3.614096045197740295e+03
3.619387570621469422e+03
3.624137853107345109e+03
3.628396610169491851e+03
3.632100564971751737e+03
3.635292655367232328e+03
3.637868926553672736e+03
3.639702824858757594e+03
3.640650847457627606e+03
3.640622598870057118e+03
3.639523163841808127e+03
3.637360451977401681e+03
3.634118644067797050e+03
3.631158192090395914e+03
3.628792090395480045e+03
3.626901694915254211e+03
3.625357062146892531e+03
3.623976271186440499e+03
3.622615819209039728e+03
3.621178531073446720e+03
3.619655367231639048e+03
3.618030508474576436e+03
3.616298305084746062e+03
3.614479096045198276e+03
3.612607909604520046e+03
3.610741242937853258e+03
3.608969491525424019e+03
3.607458757062147015e+03
3.606305084745762997e+03
3.605503954802260523e+03
3.605036158192090625e+03
3.604881355932203860e+03
3.605018079096045767e+03
3.605397740112994597e+03
3.605953672316384655e+03
3.606609039548023247e+03
3.607307344632768945e+03
3.608053107344633190e+03
3.608882485875707061e+03
3.609857627118644814e+03
3.611038418079096573e+03
3.612566101694915687e+03
3.614594350282486630e+03
3.617256497175141703e+03
3.620586440677966493e+03
3.624604519774011806e+03
3.628360451977401681e+03
3.630928813559322407e+03
3.632410169491526176e+03
3.632933333333333849e+03
3.632580790960452759e+03
3.631425988700565540e+03
3.629630508474576345e+03
3.627315254237288173e+03
3.624621468926553916e+03
3.621689265536723724e+03
3.618509604519774257e+03
3.615006779661017390e+03
3.611111864406780114e+03
3.606734463276836323e+03
3.601846327683616437e+03
3.596427118644068287e+03
3.590905084745762906e+03
3.585602259887006312e+03
3.580496045197740386e+03
3.575526553672317277e+03
3.570650847457627606e+03
3.565838418079096755e+03
3.561144632768362044e+03
3.556619209039548423e+03
3.552318644067797322e+03
3.548334463276836686e+03
3.544728813559322589e+03
3.541615819209039728e+03
3.539062146892656074e+03
3.537125423728813985e+03
3.535802259887006130e+03
3.535106214689265926e+03
3.535006779661017390e+03
3.535496045197740386e+03
3.536620338983051624e+03
3.538404519774011987e+03
3.540879096045198366e+03
3.543997740112994961e+03
3.547648587570622112e+03
3.551702824858757594e+03
3.556005649717514643e+03
3.560481355932203769e+03
3.565074576271186743e+03
3.569758192090396278e+03
3.574557062146893259e+03
3.579507344632769218e+03
3.584631638418080001e+03
3.590059887005650580e+03
3.595881355932203860e+03
3.601468926553673100e+03
3.606554802259887765e+03
3.611107344632769127e+03
3.615162711864407356e+03
3.618687005649718230e+03
3.621627118644068105e+03
3.623890395480226289e+03
3.625324293785311056e+03
3.625801129943503383e+03
3.625258757062147652e+03
3.623654237288136301e+03
3.620946892655368174e+03
3.617557062146893259e+03
3.614788700564972714e+03
3.612552542372881817e+03
3.610698305084746153e+03
3.609074576271186743e+03
3.607517514124294394e+03
3.605940112994350784e+03
3.604259887005650398e+03
3.602459887005650216e+03
3.600553672316385018e+03
3.598548022598870375e+03
3.596405649717514279e+03
3.594207909604519955e+03
3.592049717514124495e+03
3.590100564971751737e+03
3.588441807909604904e+03
3.587110734463276458e+03
3.586101694915254484e+03
3.585411299435028468e+03
3.585015819209040274e+03
3.584907344632768400e+03
3.585012429378531124e+03
3.585241807909604631e+03
3.585542372881355732e+03
3.585888135593220341e+03
3.586287005649717685e+03
3.586774011299435188e+03
3.587425988700564631e+03
3.588369491525423655e+03
3.589742372881356005e+03
3.591674576271186652e+03
3.594250847457627060e+03
3.597506214689266017e+03
3.601481355932203314e+03
3.604861016949153054e+03
3.607110734463276913e+03
3.608335593220339433e+03
3.608619209039547968e+03
3.608032768361581930e+03
3.606698305084745698e+03
3.604766101694915051e+03
3.602423728813559137e+03
3.599759322033898570e+03
3.596839548022599047e+03
3.593610169491525085e+03
3.590019209039547604e+03
3.585988700564971623e+03
3.581446327683615891e+03
3.576389830508474461e+03
3.570977401129943246e+03
3.565832768361581657e+03
3.560917514124293575e+03
3.556151412429378070e+03
3.551489265536722996e+03
3.546922033898305017e+03
3.542425988700565085e+03
3.538076836158192236e+03
3.533918644067796777e+03
3.530013559322033871e+03
3.526446327683615891e+03
3.523310734463276731e+03
3.520691525423728763e+03
3.518666666666666970e+03
3.517272316384181067e+03
3.516490395480225743e+03
3.516281355932203041e+03
3.516672316384180704e+03
3.517647457627118456e+03
3.519290395480225925e+03
3.521605649717514098e+03
3.524594350282485721e+03
3.528167231638418343e+03
3.532192090395480591e+03
3.536555932203389602e+03
3.541105084745762724e+03
3.545805649717513916e+03
3.550627118644068105e+03
3.555532203389830556e+03
3.560540112994350238e+03
3.565699435028248445e+03
3.571097175141242587e+03
3.576850847457626969e+03
3.583058757062146924e+03
3.588828248587570670e+03
3.594088135593220613e+03
3.598836158192090807e+03
3.603101694915254484e+03
3.606847457627118729e+03
3.609953672316384200e+03
3.612310734463276731e+03
3.613787570621468603e+03
3.614292655367231418e+03
3.613764971751412304e+03
3.612158192090395005e+03
3.609439548022598501e+03
3.606172881355932077e+03
3.603485875706214756e+03
3.601257627118643995e+03
3.599336723163841270e+03
3.597578531073445902e+03
3.595847457627118274e+03
3.594041807909604358e+03
3.592144632768361589e+03
3.590145762711864336e+03
3.588037288135593371e+03
3.585802259887005675e+03
3.583450847457626878e+03
3.581097175141242587e+03
3.578881355932202950e+03
3.576935593220338433e+03
3.575290395480225925e+03
3.573958192090394732e+03
3.572967231638417616e+03
3.572285875706214483e+03
3.571918644067796322e+03
3.571790960451977298e+03
3.571829378531073417e+03
3.571960451977400226e+03
3.572160451977400953e+03
3.572416949152541747e+03
3.572744632768361498e+03
3.573174011299434824e+03
3.573832768361581657e+03
3.574855367231637956e+03
3.576369491525423655e+03
3.578499435028248627e+03
3.581291525423728672e+03
3.584783050847457616e+03
3.588986440677966129e+03
3.592101694915254029e+03
3.594186440677965948e+03
3.595301694915254302e+03
3.595542372881355732e+03
3.594964971751412577e+03
3.593758192090394914e+03
3.592074576271186288e+03
3.590046327683615345e+03
3.587769491525423291e+03
3.585230508474575799e+03
3.582370621468926402e+03
3.579114124293784698e+03
3.575429378531073326e+03
3.571230508474575799e+03
3.566510734463276549e+03
3.561216949152542384e+03
3.556013559322033871e+03
3.550987570621468876e+03
3.546085875706214210e+03
3.541232768361581748e+03
3.536458757062146560e+03
3.531780790960451668e+03
3.527251977401129807e+03
3.522902824858756503e+03
3.518842937853107287e+03
3.515140112994350602e+03
3.511890395480226289e+03
3.509195480225988831e+03
3.507087005649717867e+03
3.505585310734463292e+03
3.504647457627118456e+03
3.504284745762711736e+03
3.504487005649717503e+03
3.505312994350282224e+03
3.506819209039547786e+03
3.508998870056497253e+03
3.511787570621469058e+03
3.515107344632768218e+03
3.518798870056497435e+03
3.522735593220338615e+03
3.526853107344632463e+03
3.531101694915254029e+03
3.535464406779660749e+03
3.539902824858756958e+03
3.544457627118643813e+03
3.549199999999999818e+03
3.554257627118643995e+03
3.559723163841807946e+03
3.565463276836158002e+03
3.570709604519774075e+03
3.575479096045197366e+03
3.579771751412428785e+03
3.583577401129943155e+03
3.586838418079095845e+03
3.589393220338982701e+03
3.591146892655367083e+03
3.591994350282485357e+03
3.591838418079096300e+03
3.590616949152542475e+03
3.588328813559322043e+03
3.584989830508474370e+03
3.582274576271186561e+03
3.580049717514124040e+03
3.578199999999999818e+03
3.576564971751412031e+03
3.574983050847456980e+03
3.573362711864406265e+03
3.571663276836157820e+03
3.569865536723163132e+03
3.567914124293784880e+03
3.565830508474576163e+03
3.563594350282485721e+03
3.561275706214688398e+03
3.559027118644067741e+03
3.556970621468925856e+03
3.555185310734463201e+03
3.553694915254236548e+03
3.552496045197739477e+03
3.551644067796609761e+03
3.551115254237287445e+03
3.550851977401129716e+03
3.550771751412428785e+03
3.550833898305084404e+03
3.550974011299434551e+03
3.551185310734463201e+03
3.551416949152541747e+03
3.551753672316383927e+03
3.552248587570620657e+03
3.553044067796609852e+03
3.554266666666665515e+03
3.556030508474575527e+03
3.558453107344631917e+03
3.561551412429377706e+03
3.565369491525422745e+03
3.569064406779660203e+03
3.571681355932202678e+03
3.573302824858756139e+03
3.573978531073445993e+03
3.573781920903954415e+03
3.572842937853106378e+03
3.571358192090395278e+03
3.569457627118643359e+03
3.567285875706214028e+03
3.564822598870056026e+03
3.562051977401129079e+03
3.558910734463276640e+03
3.555360451977400771e+03
3.551338983050846764e+03
3.546753672316383927e+03
3.541637288135592826e+03
3.536308474576270783e+03
3.531179661016948558e+03
3.526195480225987922e+03
3.521299435028247899e+03
3.516470056497174483e+03
3.511731073446327173e+03
3.507116384180790192e+03
3.502663276836157820e+03
3.498437288135593008e+03
3.494524293785310419e+03
3.491030508474575981e+03
3.488045197740112599e+03
3.485639548022598319e+03
3.483818079096045039e+03
3.482585310734463292e+03
3.481894915254236821e+03
3.481761581920903609e+03
3.482236158192089988e+03
3.483380790960451577e+03
3.485206779661016753e+03
3.487677966101694437e+03
3.490722033898304744e+03
3.494196610169491123e+03
3.497976271186440499e+03
3.501981920903954688e+03
3.506160451977400953e+03
3.510444067796609488e+03
3.514804519774011169e+03
3.519253107344632554e+03
3.523836158192089897e+03
3.528693785310734711e+03
3.533941242937853076e+03
3.539645197740112962e+03
3.545449717514124131e+03
3.550783050847457162e+03
3.555661016949152327e+03
3.560084745762711464e+03
3.563972881355932259e+03
3.567237288135593190e+03
3.569753672316384382e+03
3.571430508474576527e+03
3.572150282485875778e+03
3.571850847457627424e+03
3.570466666666666242e+03
3.567985310734463383e+03
3.564838418079095845e+03
3.562254237288135300e+03
3.560097175141243042e+03
3.558232768361582202e+03
3.556503954802260068e+03
3.554779661016948921e+03
3.552988700564971623e+03
3.551124293785310329e+03
3.549160451977400953e+03
3.547028248587570488e+03
3.544734463276836323e+03
3.542308474576270783e+03
3.539882485875706152e+03
3.537597740112993961e+03
3.535550282485875869e+03
3.533777401129943428e+03
3.532293785310734165e+03
3.531144632768361589e+03
3.530335593220338524e+03
3.529819209039547786e+03
3.529536723163841089e+03
3.529406779661017026e+03
3.529396610169491396e+03
3.529456497175141067e+03
3.529536723163841998e+03
3.529667796610169262e+03
3.529917514124294030e+03
3.530383050847457525e+03
3.531209039548022247e+03
3.532516384180790737e+03
3.534389830508474461e+03
3.536948022598870011e+03
3.540206779661016753e+03
3.544161581920903700e+03
3.547379661016949285e+03
3.549580790960451850e+03
3.550803389830508422e+03
3.551101694915254029e+03
3.550632768361581839e+03
3.549532203389830102e+03
3.547978531073445993e+03
3.546102824858756776e+03
3.543975141242937752e+03
3.541555932203389602e+03
3.538824858757061975e+03
3.535745762711863790e+03
3.532227118644067559e+03
3.528190960451977844e+03
3.523640677966101521e+03
3.518567231638417979e+03
3.513583050847457343e+03
3.508751412429378433e+03
3.504031638418079183e+03
3.499392090395480409e+03
3.494806779661017117e+03
3.490332203389830283e+03
3.485970621468926311e+03
3.481786440677965857e+03
3.477836158192090352e+03
3.474247457627118820e+03
3.471119774011299342e+03
3.468516384180790737e+03
3.466473446327683632e+03
3.464992090395480773e+03
3.464064406779661113e+03
3.463663276836157820e+03
3.463853107344632917e+03
3.464666666666666515e+03
3.466126553672316277e+03
3.468254237288135755e+03
3.470992090395479863e+03
3.474209039548022702e+03
3.477783050847458071e+03
3.481605649717514098e+03
3.485644067796610216e+03
3.489806779661017572e+03
3.494061016949152872e+03
3.498378531073446538e+03
3.502804519774011169e+03
3.507433898305084767e+03
3.512399999999999636e+03
3.517768361581921454e+03
3.523601129943503111e+03
3.528996610169491760e+03
3.533968361581921272e+03
3.538518644067796686e+03
3.542633898305085040e+03
3.546167231638418343e+03
3.549044067796610307e+03
3.551159322033898206e+03
3.552415819209039455e+03
3.552710734463276822e+03
3.551955932203390148e+03
3.550128813559322225e+03
3.547266666666666424e+03
3.544491525423728945e+03
3.542212429378531397e+03
3.540310734463277186e+03
3.538606779661016844e+03
3.536955932203390148e+03
3.535320903954802816e+03
3.533622598870056208e+03
3.531836158192090352e+03
3.529906214689265653e+03
3.527797740112994234e+03
3.525517514124294394e+03
3.523209039548023156e+03
3.520992090395480773e+03
3.518934463276836141e+03
3.517120903954802543e+03
3.515577401129943610e+03
3.514352542372881544e+03
3.513474576271186834e+03
3.512908474576271601e+03
3.512569491525423928e+03
3.512438418079096209e+03
3.512441807909604904e+03
3.512508474576271510e+03
3.512612429378531033e+03
3.512726553672316641e+03
3.512902824858757413e+03
3.513222598870056572e+03
3.513820338983050988e+03
3.514822598870056936e+03
3.516344632768362317e+03
3.518482485875706516e+03
3.521297175141243315e+03
3.524816949152542293e+03
3.528606779661016844e+03
3.531334463276836686e+03
3.533073446327683996e+03
3.533853107344632917e+03
3.533789830508474552e+03
3.533031638418079638e+03
3.531762711864407265e+03
3.530133333333334122e+03
3.528205649717514461e+03
3.526012429378531124e+03
3.523534463276836505e+03
3.520737853107344563e+03
3.517526553672316368e+03
3.513856497175141158e+03
3.509681355932203587e+03
3.504997740112994506e+03
3.499892655367231782e+03
3.494978531073446902e+03
3.490170621468926583e+03
3.485450847457627333e+03
3.480798870056497435e+03
3.476231638418079456e+03
3.471768361581921454e+03
3.467442937853107651e+03
3.463334463276836686e+03
3.459535593220339251e+03
3.456128813559322225e+03
3.453227118644068469e+03
3.450883615819209354e+03
3.449103954802259977e+03
3.447872316384181431e+03
3.447175141242938025e+03
3.447039548022598865e+03
3.447523163841808127e+03
3.448650847457626696e+03
3.450463276836158002e+03
3.452922033898305017e+03
3.455923163841807764e+03
3.459331073446327537e+03
3.463064406779660203e+03
3.467022598870056299e+03
3.471144632768361589e+03
3.475357062146892531e+03
3.479641807909604722e+03
3.483984180790960636e+03
3.488488135593220250e+03
3.493271186440677866e+03
3.498413559322033962e+03
3.503983050847457889e+03
3.509672316384180704e+03
3.514949152542372758e+03
3.519831638418078910e+03
3.524262146892655437e+03
3.528189830508475097e+03
3.531514124293785244e+03
3.534128813559322225e+03
3.535949152542373213e+03
3.536823728813559683e+03
3.536710734463276822e+03
3.535525423728813621e+03
3.533301694915254302e+03
3.530329943502824790e+03
3.527932203389830647e+03
3.525995480225989013e+03
3.524335593220338978e+03
3.522818079096045039e+03
3.521337853107344927e+03
3.519844067796610489e+03
3.518270056497175574e+03
3.516569491525423928e+03
3.514683615819209081e+03
3.512622598870056663e+03
3.510471186440678139e+03
3.508337853107344927e+03
3.506319774011299614e+03
3.504480225988701022e+03
3.502881355932203405e+03
3.501590960451977480e+03
3.500627118644068105e+03
3.499989830508474824e+03
3.499611299435028741e+03
3.499462146892655255e+03
3.499473446327683632e+03
3.499572881355932168e+03
3.499723163841807946e+03
3.499881355932203405e+03
3.500070056497175301e+03
3.500348022598870102e+03
3.500847457627118729e+03
3.501651977401129898e+03
3.502916384180790828e+03
3.504750282485875687e+03
3.507245197740113326e+03
3.510422598870056390e+03
3.514312994350282224e+03
3.517624858757062157e+03
3.519898305084745516e+03
3.521162711864406901e+03
3.521492655367232146e+03
3.521033898305084676e+03
3.519985310734463383e+03
3.518463276836158002e+03
3.516601129943503111e+03
3.514442937853107651e+03
3.512010169491525630e+03
3.509253107344633008e+03
3.506134463276835959e+03
3.502564971751412486e+03
3.498488135593220250e+03
3.493906214689265653e+03
3.488783050847458071e+03
3.483731073446328082e+03
3.478845197740112781e+03
3.474063276836158366e+03
3.469367231638418161e+03
3.464763841807910012e+03
3.460254237288135300e+03
3.455837288135593553e+03
3.451605649717514098e+03
3.447622598870056208e+03
3.444002259887005494e+03
3.440832768361582112e+03
3.438175141242938025e+03
3.436098305084745789e+03
3.434548022598869920e+03
3.433538983050847492e+03
3.433067796610169353e+03
3.433160451977401408e+03
3.433892655367231782e+03
3.435319774011299160e+03
3.437410169491525266e+03
3.440057627118644177e+03
3.443180790960452214e+03
3.446657627118644086e+03
3.450430508474576072e+03
3.454385310734463019e+03
3.458467796610169444e+03
3.462602259887005857e+03
3.466784180790960363e+03
3.471077966101694983e+03
3.475590960451977480e+03
3.480420338983050897e+03
3.485654237288135391e+03
3.491300564971751555e+03
3.496772881355932441e+03
3.501812429378531306e+03
3.506423728813559137e+03
3.510541242937852985e+03
3.514091525423728854e+03
3.516960451977401135e+03
3.519059887005650126e+03
3.520270056497175574e+03
3.520491525423728945e+03
3.519666666666666970e+03
3.517785310734463565e+03
3.514831638418078910e+03
3.512109604519774166e+03
3.509890395480226289e+03
3.508012429378531124e+03
3.506323163841807855e+03
3.504707344632768582e+03
3.503103954802259977e+03
3.501475706214689581e+03
3.499726553672316641e+03
3.497792090395480500e+03
3.495650847457627151e+03
3.493363841807909921e+03
3.491037288135593371e+03
3.488758192090395823e+03
3.486619209039547968e+03
3.484696045197740204e+03
3.483070056497175756e+03
3.481751412429379343e+03
3.480759322033898570e+03
3.480082485875706425e+03
3.479647457627119365e+03
3.479401129943503292e+03
3.479309604519774439e+03
3.479293785310735075e+03
3.479306214689266199e+03
3.479324293785311056e+03
3.479429378531073780e+03
3.479684745762712737e+03
3.480200000000000728e+03
3.481119774011300251e+03
3.482538983050848401e+03
3.484588700564972441e+03
3.487311864406779932e+03
3.490728813559322589e+03
3.494758192090395823e+03
3.497720903954802907e+03
3.499633898305085040e+03
3.500550282485876323e+03
3.500601129943503111e+03
3.499987570621469331e+03
3.498827118644067923e+03
3.497284745762712191e+03
3.495427118644068287e+03
3.493311864406779932e+03
3.490888135593220795e+03
3.488120903954802543e+03
3.484954802259887401e+03
3.481326553672316550e+03
3.477185310734464110e+03
3.472527683615820024e+03
3.467457627118644268e+03
3.462574011299435369e+03
3.457804519774012078e+03
3.453141242937853349e+03
3.448562711864406992e+03
3.444073446327683996e+03
3.439671186440678412e+03
3.435414689265536708e+03
3.431370621468926402e+03
3.427610169491525085e+03
3.424261016949152690e+03
3.421416949152542657e+03
3.419115254237287900e+03
3.417328813559322043e+03
3.416084745762711918e+03
3.415357062146892531e+03
3.415171751412429330e+03
3.415607909604520046e+03
3.416720903954802452e+03
3.418501694915254120e+03
3.420897175141242769e+03
3.423810169491525812e+03
3.427160451977400953e+03
3.430840677966101794e+03
3.434755932203390330e+03
3.438825988700565176e+03
3.442985310734463383e+03
3.447192090395480591e+03
3.451468926553672645e+03
3.455922033898305472e+03
3.460655367231638593e+03
3.465758192090395823e+03
3.471249717514124313e+03
3.476882485875706607e+03
3.482089265536723360e+03
3.486906214689265653e+03
3.491267796610169626e+03
3.495112994350282861e+03
3.498368361581920908e+03
3.500943502824859024e+03
3.502692655367231964e+03
3.503522033898305381e+03
3.503378531073446538e+03
3.502199999999999818e+03
3.499981920903955142e+03
3.496776271186440681e+03
3.494137853107345109e+03
3.491919774011299523e+03
3.489981920903955142e+03
3.488180790960452214e+03
3.486462146892655255e+03
3.484740112994350511e+03
3.482946892655367265e+03
3.480994350282485811e+03
3.478848587570621021e+03
3.476554802259886856e+03
3.474181920903954961e+03
3.471835028248588060e+03
3.469587570621469240e+03
3.467522033898305381e+03
3.465714124293785517e+03
3.464230508474576709e+03
3.463082485875706880e+03
3.462247457627118820e+03
3.461715254237288718e+03
3.461419209039548150e+03
3.461327683615819296e+03
3.461338983050847673e+03
3.461384180790960727e+03
3.461454237288136028e+03
3.461563841807910194e+03
3.461787570621469058e+03
3.462195480225988831e+03
3.462934463276836141e+03
3.464137853107345109e+03
3.465917514124294030e+03
3.468332203389830283e+03
3.471439548022598956e+03
3.475232768361582202e+03
3.478633898305084585e+03
3.480974011299435006e+03
3.482275706214688853e+03
3.482675706214688944e+03
3.482308474576271692e+03
3.481364971751412668e+03
3.479966101694915324e+03
3.478218079096045585e+03
3.476221468926553825e+03
3.473938983050847582e+03
3.471345762711864154e+03
3.468371751412429603e+03
3.464967231638418525e+03
3.461094915254237094e+03
3.456699435028248445e+03
3.451785310734463565e+03
3.446727683615819387e+03
3.441825988700565176e+03
3.437030508474576436e+03
3.432317514124293666e+03
3.427677966101694437e+03
3.423127683615819024e+03
3.418687005649717321e+03
3.414385310734463019e+03
3.410336723163841725e+03
3.406641807909604267e+03
3.403385310734463474e+03
3.400641807909604722e+03
3.398419209039548150e+03
3.396714124293785517e+03
3.395514124293785244e+03
3.394849717514124222e+03
3.394771751412429239e+03
3.395372881355932350e+03
3.396645197740112962e+03
3.398555932203389602e+03
3.401030508474575981e+03
3.403987570621468876e+03
3.407327683615819296e+03
3.410954802259886947e+03
3.414811299435028104e+03
3.418760451977401317e+03
3.422751412429378433e+03
3.426810169491525357e+03
3.431002259887005494e+03
3.435418079096044494e+03
3.440150282485875323e+03
3.445281355932203041e+03
3.450844067796610034e+03
3.456441807909604449e+03
3.461642937853107469e+03
3.466403389830508331e+03
3.470707344632768582e+03
3.474463276836158002e+03
3.477569491525423473e+03
3.479910734463276640e+03
3.481371751412429148e+03
3.481871186440677775e+03
3.481343502824858660e+03
3.479788700564971805e+03
3.477192090395480136e+03
3.474394350282485902e+03
3.472075706214689035e+03
3.470094915254237094e+03
3.468316384180790919e+03
3.466663276836157820e+03
3.465081355932203223e+03
3.463441807909603995e+03
3.461688135593220522e+03
3.459735593220339069e+03
3.457605649717514098e+03
3.455377401129943337e+03
3.453106214689265471e+03
3.450881355932203405e+03
3.448792090395480045e+03
3.446935593220338887e+03
3.445383050847457525e+03
3.444150282485875323e+03
3.443251977401129807e+03
3.442672316384180704e+03
3.442363841807909466e+03
3.442279096045197548e+03
3.442329943502824790e+03
3.442449717514123677e+03
3.442606779661016844e+03
3.442777401129942973e+03
3.443048587570621294e+03
3.443445197740112690e+03
3.444099435028248536e+03
3.445143502824858388e+03
3.446701694915253938e+03
3.448846327683615527e+03
3.451666666666666060e+03
3.455181920903954051e+03
3.459370621468926402e+03
3.462835028248587150e+03
3.465221468926553825e+03
3.466625988700564903e+03
3.467179661016949012e+03
3.467029378531073235e+03
3.466336723163841270e+03
3.465254237288135300e+03
3.463825988700565176e+03
3.462110734463276458e+03
3.460071186440677593e+03
3.457653107344632645e+03
3.454801129943502474e+03
3.451465536723163495e+03
3.447610169491525085e+03
3.443220338983050624e+03
3.438300564971751555e+03
3.433153672316384018e+03
3.428132203389830465e+03
3.423225988700564812e+03
3.418405649717514279e+03
3.413663276836157820e+03
3.409013559322033871e+03
3.404490395480225743e+03
3.400163841807909193e+03
3.396175141242937570e+03
3.392566101694915233e+03
3.389448587570621385e+03
3.386864406779660840e+03
3.384825988700565176e+03
3.383282485875706243e+03
3.382257627118643541e+03
3.381833898305084858e+03
3.382042937853107105e+03
3.382950282485875505e+03
3.384540112994350238e+03
3.386731073446327628e+03
3.389457627118643813e+03
3.392630508474576345e+03
3.396192090395480591e+03
3.399988700564971623e+03
3.403943502824859024e+03
3.407998870056496798e+03
3.412091525423728854e+03
3.416293785310734165e+03
3.420674576271186652e+03
3.425341242937853167e+03
3.430376271186440135e+03
3.435829378531073417e+03
3.441742372881355550e+03
3.447651977401129443e+03
3.453145762711863881e+03
3.458203389830508058e+03
3.462752542372881180e+03
3.466717514124293302e+03
3.469984180790959726e+03
3.472431638418078364e+03
3.473944632768361316e+03
3.474462146892654800e+03
3.473935593220338887e+03
3.472370621468925947e+03
3.469751412429377979e+03
3.466962711864406174e+03
3.464561581920903336e+03
3.462431638418078364e+03
3.460482485875705606e+03
3.458639548022598319e+03
3.456794350282485539e+03
3.454861016949152145e+03
3.452748022598869738e+03
3.450462146892654800e+03
3.448018079096044858e+03
3.445502824858756867e+03
3.442980790960451486e+03
3.440553672316383199e+03
3.438287005649716775e+03
3.436293785310733711e+03
3.434620338983050260e+03
3.433277966101693892e+03
3.432249717514123404e+03
3.431536723163841089e+03
3.431067796610168898e+03
3.430781920903953960e+03
3.430602259887004948e+03
3.430456497175140612e+03
3.430340112994349511e+03
3.430262146892654982e+03
3.430291525423728672e+03
3.430514124293784789e+03
3.431045197740112599e+03
3.432036158192089715e+03
3.433592090395479772e+03
3.435777401129942518e+03
3.438635028248587332e+03
3.442209039548021792e+03
3.446027118644066832e+03
3.448779661016948467e+03
3.450502824858756412e+03
3.451320903954801906e+03
3.451368361581920908e+03
3.450811299435028104e+03
3.449794350282485539e+03
3.448435028248586605e+03
3.446774011299434278e+03
3.444814689265535890e+03
3.442510734463276549e+03
3.439862146892654891e+03
3.436762711864406356e+03
3.433172881355932077e+03
3.429035028248586968e+03
3.424398870056496889e+03
3.419312994350281770e+03
3.414336723163841270e+03
3.409449717514124131e+03
3.404675706214688944e+03
3.399950282485875050e+03
3.395309604519773529e+03
3.390740112994349602e+03
3.386331073446327082e+03
3.382169491525422927e+03
3.378371751412429148e+03
3.375001129943502292e+03
3.372152542372880816e+03
3.369832768361580747e+03
3.367994350282485357e+03
3.366648587570621203e+03
3.365874576271186015e+03
3.365702824858756230e+03
3.366205649717513097e+03
3.367392090395479499e+03
3.369201129943502565e+03
3.371552542372880453e+03
3.374413559322033507e+03
3.377705084745762178e+03
3.381298305084745152e+03
3.385075706214688580e+03
3.388933333333332484e+03
3.392872316384180067e+03
3.396882485875705697e+03
3.401029378531073235e+03
3.405405649717513370e+03
3.410101694915253574e+03
3.415199999999998909e+03
3.420742372881355550e+03
3.426544632768361225e+03
3.431926553672316004e+03
3.436892655367230873e+03
3.441398870056496889e+03
3.445372881355931895e+03
3.448687005649716866e+03
3.451267796610169171e+03
3.452960451977400680e+03
3.453703954802259432e+03
3.453433898305084313e+03
3.452133333333332303e+03
3.449801129943502019e+03
3.446716384180790101e+03
3.444073446327682632e+03
3.441729943502823517e+03
3.439612429378530123e+03
3.437648587570620293e+03
3.435706214689264925e+03
3.433715254237287809e+03
3.431555932203389148e+03
3.429194350282485175e+03
3.426659887005649125e+03
3.424010169491524721e+03
3.421281355932203041e+03
3.418580790960451395e+03
3.415997740112993597e+03
3.413646327683615255e+03
3.411559322033897843e+03
3.409779661016948921e+03
3.408333333333332575e+03
3.407202259887005312e+03
3.406341242937852257e+03
3.405697175141242042e+03
3.405178531073445811e+03
3.404735593220338160e+03
3.404328813559321588e+03
3.403957062146891985e+03
3.403653107344632190e+03
3.403489265536722996e+03
3.403577401129942700e+03
3.404039548022597955e+03
3.405028248587570033e+03
3.406602259887004948e+03
3.408829378531072962e+03
3.411795480225988285e+03
3.415450847457626423e+03
3.419207909604519045e+03
3.421927683615818751e+03
3.423674576271185742e+03
3.424589830508473824e+03
3.424816949152541838e+03
3.424512994350282042e+03
3.423835028248587150e+03
3.422821468926553280e+03
3.421498305084744970e+03
3.419874576271186015e+03
3.417897175141242315e+03
3.415524293785309965e+03
3.412653107344632190e+03
3.409264406779660476e+03
3.405354802259886128e+03
3.400983050847456980e+03
3.396153672316383563e+03
3.391187570621468240e+03
3.386323163841807400e+03
3.381534463276835140e+03
3.376787570621468149e+03
3.372108474576270510e+03
3.367532203389830102e+03
3.363123163841807582e+03
3.359020338983049896e+03
3.355320903954801906e+03
3.352088135593219704e+03
3.349351412429377888e+03
3.347075706214688580e+03
3.345289265536722723e+03
3.344004519774010987e+03
3.343306214689265289e+03
3.343255367231637592e+03
3.343854237288134755e+03
3.345112994350281951e+03
3.346935593220338433e+03
3.349308474576270328e+03
3.352119774011299342e+03
3.355305084745762088e+03
3.358719774011298796e+03
3.362258757062146287e+03
3.365865536723163586e+03
3.369533333333332848e+03
3.373300564971750646e+03
3.377232768361581293e+03
3.381429378531072871e+03
3.385967231638417616e+03
3.390932203389829738e+03
3.396354802259886583e+03
3.402237288135592735e+03
3.407876836158191963e+03
3.413098305084745334e+03
3.417848587570621021e+03
3.422032768361581475e+03
3.425532203389830102e+03
3.428239548022598683e+03
3.430051977401129534e+03
3.430896045197740023e+03
3.430742372881355550e+03
3.429578531073445902e+03
3.427372881355931895e+03
3.424754802259886219e+03
3.422522033898304471e+03
3.420558192090395096e+03
3.418818079096044585e+03
3.417144632768361589e+03
3.415450847457626878e+03
3.413657627118644086e+03
3.411683615819209081e+03
3.409523163841808127e+03
3.407221468926553371e+03
3.404806779661016662e+03
3.402364971751412213e+03
3.400013559322033871e+03
3.397828248587570215e+03
3.395889265536722633e+03
3.394242937853106923e+03
3.392915254237287627e+03
3.391932203389830192e+03
3.391262146892655437e+03
3.390839548022598137e+03
3.390604519774011351e+03
3.390464406779660749e+03
3.390380790960451122e+03
3.390324293785310147e+03
3.390305084745762542e+03
3.390372881355931895e+03
3.390618079096044312e+03
3.391197740112994325e+03
3.392205649717514007e+03
3.393742372881356005e+03
3.395922033898305017e+03
3.398795480225988285e+03
3.402362711864406265e+03
3.406544632768361225e+03
3.409677966101694437e+03
3.411812429378530396e+03
3.413065536723163405e+03
3.413575141242937207e+03
3.413502824858756867e+03
3.413009039548022429e+03
3.412153672316383563e+03
3.410994350282485357e+03
3.409569491525423473e+03
3.407825988700564722e+03
3.405719774011299251e+03
3.403164971751412395e+03
3.400108474576270964e+03
3.396549152542372667e+03
3.392531073446327355e+03
3.388076836158191782e+03
3.383133333333333212e+03
3.378102824858756776e+03
3.373150282485875323e+03
3.368261016949152690e+03
3.363432768361582021e+03
3.358680225988699931e+03
3.354065536723163859e+03
3.349705084745762633e+03
3.345716384180791010e+03
3.342134463276835959e+03
3.339041807909604358e+03
3.336405649717514279e+03
3.334238418079095936e+03
3.332569491525423473e+03
3.331448587570621385e+03
3.330957062146892440e+03
3.331119774011299342e+03
3.331943502824858115e+03
3.333359322033898479e+03
3.335349152542372849e+03
3.337845197740112781e+03
3.340759322033898570e+03
3.343985310734462928e+03
3.347368361581920908e+03
3.350849717514124222e+03
3.354384180790960272e+03
3.358007909604519682e+03
3.361774011299435188e+03
3.365761581920904064e+03
3.370061016949152872e+03
3.374760451977401317e+03
3.379929943502824699e+03
3.385559322033898297e+03
3.391270056497175574e+03
3.396600000000000364e+03
3.401490395480226198e+03
3.405862146892655346e+03
3.409631638418079092e+03
3.412650847457626696e+03
3.414842937853107287e+03
3.416091525423728854e+03
3.416368361581920908e+03
3.415632768361581839e+03
3.413891525423728581e+03
3.411109604519773711e+03
3.408499435028248627e+03
3.406215819209039637e+03
3.404175141242937570e+03
3.402277966101694801e+03
3.400420338983050897e+03
3.398471186440678139e+03
3.396354802259887038e+03
3.394051977401129989e+03
3.391589830508474279e+03
3.388975141242937752e+03
3.386282485875705788e+03
3.383614689265536526e+03
3.381064406779660658e+03
3.378699435028248445e+03
3.376597740112993961e+03
3.374797740112994234e+03
3.373328813559321588e+03
3.372196610169491123e+03
3.371336723163841270e+03
3.370658757062146833e+03
3.370119774011299342e+03
3.369673446327683450e+03
3.369232768361581748e+03
3.368797740112994688e+03
3.368392090395479954e+03
3.368141242937852894e+03
3.368125423728813075e+03
3.368483615819208353e+03
3.369298305084745152e+03
3.370699435028248445e+03
3.372746892655366992e+03
3.375493785310733983e+03
3.378936723163841634e+03
3.382630508474575890e+03
3.385272316384180613e+03
3.386969491525423564e+03
3.387832768361581657e+03
3.388039548022598865e+03
3.387752542372881180e+03
3.387072316384180795e+03
3.386070056497174846e+03
3.384792090395480045e+03
3.383204519774011715e+03
3.381274576271186561e+03
3.378949152542372758e+03
3.376144632768361134e+03
3.372836158192089897e+03
3.369088135593220159e+03
3.364890395480225379e+03
3.360236158192089988e+03
3.355499435028248627e+03
3.350853107344632008e+03
3.346262146892655437e+03
3.341715254237287809e+03
3.337225988700564812e+03
3.332812429378531306e+03
3.328575141242938116e+03
3.324641807909604722e+03
3.321102824858757231e+03
3.318015819209039364e+03
3.315375141242937843e+03
3.313166101694914687e+03
3.311415819209039000e+03
3.310194350282485630e+03
3.309531073446327810e+03
3.309526553672316368e+03
3.310148022598869829e+03
3.311405649717513825e+03
3.313237288135592735e+03
3.315596610169491214e+03
3.318430508474575618e+03
3.321611299435027831e+03
3.325019209039547604e+03
3.328550282485874959e+03
3.332153672316383563e+03
3.335802259887005675e+03
3.339548022598870375e+03
3.343474576271186379e+03
3.347637288135592826e+03
3.352150282485875323e+03
3.357111864406779205e+03
3.362512994350282042e+03
3.368370621468925947e+03
3.373994350282485357e+03
3.379245197740112417e+03
3.384033898305084676e+03
3.388276836158192054e+03
3.391877966101694710e+03
3.394677966101694437e+03
3.396628248587569942e+03
3.397637288135592826e+03
3.397708474576270874e+03
3.396776271186439772e+03
3.394815819209038636e+03
3.392028248587570033e+03
3.389654237288135391e+03
3.387597740112993961e+03
3.385725423728813439e+03
3.383955932203389693e+03
3.382155932203389511e+03
3.380238418079095936e+03
3.378180790960451304e+03
3.375927683615819205e+03
3.373510734463276549e+03
3.370990960451977116e+03
3.368450847457626878e+03
3.365986440677965675e+03
3.363677966101694437e+03
3.361588700564971532e+03
3.359772881355931986e+03
3.358274576271186561e+03
3.357103954802259523e+03
3.356240677966101430e+03
3.355607909604519591e+03
3.355143502824858842e+03
3.354770621468926493e+03
3.354449717514123677e+03
3.354118644067796595e+03
3.353802259887005675e+03
3.353567231638417979e+03
3.353516384180790737e+03
3.353748022598870193e+03
3.354372881355931895e+03
3.355516384180790737e+03
3.357273446327682905e+03
3.359711864406779569e+03
3.362841807909604540e+03
3.366627118644067195e+03
3.369908474576271146e+03
3.372192090395479681e+03
3.373593220338982974e+03
3.374268926553671918e+03
3.374395480225988649e+03
3.374064406779660658e+03
3.373383050847457525e+03
3.372422598870056390e+03
3.371192090395480136e+03
3.369661016949152327e+03
3.367749152542372485e+03
3.365377401129943337e+03
3.362532203389830102e+03
3.359258757062146287e+03
3.355571751412428966e+03
3.351415819209039000e+03
3.346748022598869284e+03
3.341953672316383745e+03
3.337230508474575799e+03
3.332571751412428966e+03
3.327938983050847128e+03
3.323353672316383836e+03
3.318906214689265198e+03
3.314696045197739750e+03
3.310836158192089897e+03
3.307392090395479954e+03
3.304385310734463019e+03
3.301823728813558773e+03
3.299688135593220068e+03
3.298033898305084222e+03
3.296942372881355368e+03
3.296463276836158002e+03
3.296614689265536072e+03
3.297368361581920908e+03
3.298727683615818933e+03
3.300670056497175210e+03
3.303118644067796140e+03
3.305970621468925856e+03
3.309087005649716957e+03
3.312366101694914960e+03
3.315740112994350056e+03
3.319159322033897752e+03
3.322645197740112962e+03
3.326255367231638047e+03
3.330063276836157456e+03
3.334168361581920180e+03
3.338662146892655073e+03
3.343590960451976571e+03
3.348974011299434551e+03
3.354675706214688944e+03
3.360020338983050351e+03
3.364942372881355368e+03
3.369380790960451577e+03
3.373225988700564358e+03
3.376359322033898025e+03
3.378649717514123950e+03
3.380046327683615345e+03
3.380517514124293484e+03
3.380009039548022429e+03
3.378489265536722996e+03
3.375893785310734529e+03
3.373507344632768309e+03
3.371471186440677684e+03
3.369705084745762178e+03
3.368084745762711464e+03
3.366480225988700113e+03
3.364787570621468603e+03
3.362968361581920817e+03
3.360940112994349874e+03
3.358716384180790556e+03
3.356352542372881544e+03
3.353919774011299523e+03
3.351485875706214756e+03
3.349169491525423837e+03
3.347012429378531124e+03
3.345124293785310329e+03
3.343501694915254120e+03
3.342222598870056117e+03
3.341238418079095936e+03
3.340517514124293484e+03
3.339997740112994052e+03
3.339614689265536981e+03
3.339283615819208990e+03
3.338951412429378252e+03
3.338627118644068105e+03
3.338329943502824790e+03
3.338153672316384473e+03
3.338214689265536435e+03
3.338610169491525539e+03
3.339464406779660749e+03
3.340880225988700204e+03
3.342955932203389693e+03
3.345726553672316186e+03
3.349169491525423837e+03
3.352936723163841634e+03
3.355666666666666515e+03
3.357436158192090261e+03
3.358415819209039000e+03
3.358734463276835868e+03
3.358531073446327355e+03
3.357935593220338887e+03
3.357020338983050806e+03
3.355839548022599047e+03
3.354374011299435097e+03
3.352553672316384109e+03
3.350275706214689308e+03
3.347546892655367174e+03
3.344371751412429148e+03
3.340792090395480045e+03
3.336755932203389420e+03
3.332239548022598683e+03
3.327376271186440590e+03
3.322613559322033325e+03
3.317927683615819205e+03
3.313265536723163677e+03
3.308647457627118456e+03
3.304127683615819478e+03
3.299809039548022611e+03
3.295796610169491032e+03
3.292172881355932077e+03
3.288971751412429057e+03
3.286185310734463201e+03
3.283862146892655801e+03
3.281986440677965675e+03
3.280653107344632645e+03
3.279925423728813257e+03
3.279813559322034052e+03
3.280307344632768036e+03
3.281437288135593008e+03
3.283170621468926583e+03
3.285431638418079274e+03
3.288166101694914687e+03
3.291248587570621112e+03
3.294526553672316368e+03
3.297950282485875505e+03
3.301445197740112690e+03
3.304985310734462928e+03
3.308610169491525085e+03
3.312394350282485902e+03
3.316414689265536254e+03
3.320766101694915051e+03
3.325566101694915233e+03
3.330803389830508422e+03
3.336489265536722996e+03
3.341949152542372303e+03
3.347018079096044858e+03
3.351631638418079092e+03
3.355699435028248899e+03
3.359091525423729308e+03
3.361689265536722814e+03
3.363439548022598501e+03
3.364281355932203496e+03
3.364184180790960454e+03
3.363083615819208717e+03
3.360914124293785335e+03
3.358180790960452214e+03
3.355856497175141158e+03
3.353848587570621021e+03
3.352041807909604358e+03
3.350318644067796413e+03
3.348572881355932168e+03
3.346727683615818933e+03
3.344707344632768582e+03
3.342480225988700568e+03
3.340087005649717867e+03
3.337581920903954597e+03
3.335064406779661113e+03
3.332593220338982974e+03
3.330263276836158184e+03
3.328144632768361589e+03
3.326315254237288173e+03
3.324804519774011624e+03
3.323622598870056663e+03
3.322742372881355550e+03
3.322105084745762724e+03
3.321661016949152327e+03
3.321328813559322043e+03
3.321016949152542111e+03
3.320723163841807946e+03
3.320439548022598956e+03
3.320245197740113326e+03
3.320224858757062066e+03
3.320484745762712009e+03
3.321140112994350147e+03
3.322314124293785426e+03
3.324102824858757231e+03
3.326586440677966038e+03
3.329741242937853258e+03
3.333544632768361680e+03
3.336668926553672463e+03
3.338787570621469058e+03
3.340033898305084676e+03
3.340544632768361680e+03
3.340466666666666242e+03
3.339929943502825154e+03
3.339028248587570488e+03
3.337867796610169535e+03
3.336445197740113144e+03
3.334674576271186197e+03
3.332491525423728945e+03
3.329866666666666788e+03
3.326813559322034052e+03
3.323346892655367810e+03
3.319474576271186834e+03
3.315114124293785608e+03
3.310232768361582202e+03
3.305472316384180886e+03
3.300779661016949376e+03
3.296153672316384473e+03
3.291566101694915233e+03
3.287041807909604813e+03
3.282673446327683905e+03
3.278541242937852985e+03
3.274776271186440681e+03
3.271413559322033962e+03
3.268465536723163950e+03
3.265903954802260159e+03
3.263797740112994688e+03
3.262210169491525903e+03
3.261189830508475097e+03
3.260760451977401317e+03
3.260950282485875960e+03
3.261745762711864700e+03
3.263160451977401408e+03
3.265166101694915596e+03
3.267663276836158730e+03
3.270564971751412486e+03
3.273731073446328082e+03
3.277084745762712373e+03
3.280527683615819569e+03
3.284018079096045312e+03
3.287550282485875869e+03
3.291218079096045585e+03
3.295081355932203678e+03
3.299224858757062520e+03
3.303746892655367446e+03
3.308734463276836323e+03
3.314179661016949467e+03
3.319945762711864973e+03
3.325333333333333940e+03
3.330345762711865063e+03
3.334861016949153054e+03
3.338779661016949831e+03
3.341964971751413032e+03
3.344364971751412668e+03
3.345875706214689671e+03
3.346484745762712009e+03
3.346142372881356096e+03
3.344770621468926947e+03
3.342314124293785426e+03
3.339712994350282770e+03
3.337480225988701022e+03
3.335531073446328264e+03
3.333720903954802907e+03
3.331949152542373213e+03
3.330122033898305745e+03
3.328144632768362044e+03
3.325974011299435006e+03
3.323624858757062611e+03
3.321142372881356096e+03
3.318575141242938116e+03
3.316042937853108015e+03
3.313590960451977480e+03
3.311331073446328446e+03
3.309324293785311056e+03
3.307636158192090988e+03
3.306280225988701204e+03
3.305220338983051533e+03
3.304445197740113144e+03
3.303914124293785790e+03
3.303536723163841998e+03
3.303201129943503020e+03
3.302890395480226289e+03
3.302585310734463746e+03
3.302325423728813803e+03
3.302189830508475097e+03
3.302257627118644450e+03
3.302638418079096482e+03
3.303481355932203769e+03
3.304872316384181431e+03
3.306915254237288536e+03
3.309633898305085040e+03
3.313003389830508695e+03
3.316951412429378706e+03
3.319876836158192418e+03
3.321872316384181431e+03
3.323074576271186743e+03
3.323606779661017299e+03
3.323640677966101975e+03
3.323274576271186561e+03
3.322614689265536981e+03
3.321710734463276822e+03
3.320488135593220704e+03
3.318879096045197912e+03
3.316840677966101794e+03
3.314371751412429603e+03
3.311509604519774257e+03
3.308242937853107833e+03
3.304520903954802634e+03
3.300259887005649944e+03
3.295492655367232146e+03
3.290833898305085313e+03
3.286228248587571215e+03
3.281654237288136301e+03
3.277105084745763634e+03
3.272651977401130353e+03
3.268410169491526176e+03
3.264475706214690035e+03
3.260924293785311420e+03
3.257763841807909557e+03
3.255004519774011442e+03
3.252663276836158275e+03
3.250794350282486448e+03
3.249472316384181340e+03
3.248732203389830829e+03
3.248583050847458253e+03
3.249070056497175756e+03
3.250180790960452214e+03
3.251896045197740932e+03
3.254174011299435733e+03
3.256907344632768400e+03
3.260001129943503202e+03
3.263306214689266199e+03
3.266751412429379343e+03
3.270280225988701204e+03
3.273851977401130171e+03
3.277509604519774257e+03
3.281328813559322498e+03
3.285397740112994597e+03
3.289815819209040001e+03
3.294645197740113417e+03
3.299953672316384655e+03
3.305693785310734711e+03
3.311463276836158457e+03
3.316862146892655801e+03
3.321840677966102248e+03
3.326265536723164132e+03
3.330023728813559501e+03
3.333021468926554007e+03
3.335183050847458162e+03
3.336479096045198276e+03
3.336855367231638866e+03
3.336193220338983338e+03
3.334465536723164405e+03
3.331663276836158730e+03
3.329189830508475097e+03
3.327051977401129989e+03
3.325125423728813985e+03
3.323288135593220886e+03
3.321476836158192327e+03
3.319553672316384109e+03
3.317472316384180886e+03
3.315216949152542838e+03
3.312800000000000637e+03
3.310287005649718139e+03
3.307757062146893077e+03
3.305285875706214938e+03
3.302935593220339797e+03
3.300841807909604995e+03
3.299031638418079638e+03
3.297545762711864882e+03
3.296403389830508786e+03
3.295577401129944064e+03
3.295013559322033871e+03
3.294642937853107924e+03
3.294378531073446538e+03
3.294143502824858842e+03
3.293924293785310965e+03
3.293732203389830829e+03
3.293628248587570852e+03
3.293683615819209535e+03
3.293990960451978026e+03
3.294691525423729217e+03
3.295898305084745971e+03
3.297723163841808400e+03
3.300222598870056572e+03
3.303383050847457525e+03
3.307164971751412850e+03
3.310702824858757594e+03
3.313272316384181067e+03
3.314951412429378706e+03
3.315879096045197912e+03
3.316195480225988831e+03
3.316037288135593371e+03
3.315558192090396005e+03
3.314774011299435188e+03
3.313676836158192145e+03
3.312209039548022702e+03
3.310277966101695256e+03
3.307934463276836595e+03
3.305180790960452214e+03
3.302014689265537072e+03
3.298392090395480409e+03
3.294236158192090898e+03
3.289514124293785699e+03
3.284506214689266017e+03
3.279545762711864882e+03
3.274639548022599229e+03
3.269741242937853713e+03
3.264903954802260159e+03
3.260223728813559319e+03
3.255832768361582112e+03
3.251776271186441136e+03
3.248074576271186743e+03
3.244770621468926947e+03
3.241868926553672281e+03
3.239431638418079274e+03
3.237511864406779750e+03
3.236160451977401408e+03
3.235414689265537163e+03
3.235275706214689762e+03
3.235780790960452578e+03
3.236912994350283043e+03
3.238639548022599229e+03
3.240876836158192418e+03
3.243520903954802634e+03
3.246467796610169898e+03
3.249610169491525994e+03
3.252836158192090807e+03
3.256131073446327719e+03
3.259485875706214756e+03
3.262979661016949649e+03
3.266662146892655528e+03
3.270637288135593280e+03
3.275022598870056754e+03
3.279872316384180976e+03
3.285162711864407356e+03
3.290851977401130171e+03
3.296602259887005857e+03
3.301944632768362226e+03
3.306770621468926947e+03
3.310959322033898388e+03
3.314423728813559592e+03
3.317079096045198185e+03
3.318882485875706607e+03
3.319767231638418707e+03
3.319625988700565358e+03
3.318438418079096664e+03
3.316144632768362499e+03
3.313479096045198276e+03
3.311163841807910103e+03
3.309118644067797050e+03
3.307229378531073962e+03
3.305360451977401681e+03
3.303430508474576527e+03
3.301336723163842180e+03
3.299061016949152872e+03
3.296589830508474734e+03
3.293967231638418525e+03
3.291254237288136210e+03
3.288533333333333758e+03
3.285890395480226289e+03
3.283413559322034416e+03
3.281177401129943974e+03
3.279247457627118820e+03
3.277631638418079092e+03
3.276367231638418161e+03
3.275381920903954779e+03
3.274593220338982974e+03
3.273963841807909830e+03
3.273385310734463474e+03
3.272823728813559683e+03
3.272291525423729126e+03
3.271796610169491942e+03
3.271411299435028923e+03
3.271205649717514461e+03
3.271324293785311056e+03
3.271882485875706152e+03
3.273025988700564994e+03
3.274800000000000182e+03
3.277254237288135755e+03
3.280362711864407174e+03
3.284076836158192236e+03
3.287510734463277004e+03
3.290000000000000455e+03
3.291671186440677957e+03
3.292642937853107469e+03
3.293085875706215120e+03
3.293153672316384473e+03
3.292906214689265653e+03
3.292346892655367810e+03
3.291431638418079274e+03
3.290096045197740295e+03
3.288351412429378797e+03
3.286201129943503474e+03
3.283650847457627606e+03
3.280664406779661476e+03
3.277181920903954961e+03
3.273163841807910103e+03
3.268544632768362135e+03
3.263769491525423746e+03
3.259035028248587878e+03
3.254318644067796868e+03
3.249621468926553916e+03
3.245032768361582384e+03
3.240671186440678412e+03
3.236623728813559865e+03
3.232916384180791283e+03
3.229553672316384564e+03
3.226587570621469240e+03
3.224070056497174846e+03
3.222032768361581930e+03
3.220532203389831011e+03
3.219612429378531488e+03
3.219294915254237367e+03
3.219601129943503111e+03
3.220546892655367628e+03
3.222100564971751737e+03
3.224215819209040092e+03
3.226792090395480955e+03
3.229722033898305654e+03
3.232890395480226744e+03
3.236187570621469604e+03
3.239564971751412486e+03
3.243003389830509150e+03
3.246525423728814530e+03
3.250213559322034598e+03
3.254129943502825881e+03
3.258401129943503292e+03
3.263098305084746244e+03
3.268277966101695711e+03
3.273889265536723542e+03
3.279823728813559683e+03
3.285453107344633281e+03
3.290675706214689853e+03
3.295341242937853167e+03
3.299349152542373304e+03
3.302625988700565358e+03
3.305129943502824972e+03
3.306762711864406810e+03
3.307475706214689126e+03
3.307152542372881726e+03
3.305774011299435188e+03
3.303331073446327991e+03
3.300621468926553916e+03
3.298248587570621567e+03
3.296089265536723360e+03
3.294010169491525630e+03
3.291916384180791283e+03
3.289709604519774530e+03
3.287318644067796868e+03
3.284754802259887583e+03
3.282036158192090625e+03
3.279175141242938480e+03
3.276258757062147197e+03
3.273394350282485902e+03
3.270667796610169717e+03
3.268153672316384473e+03
3.265923163841808218e+03
3.264016949152542566e+03
3.262458757062147015e+03
3.261216949152542838e+03
3.260240677966102339e+03
3.259458757062147015e+03
3.258777401129943883e+03
3.258146892655367992e+03
3.257557062146892804e+03
3.256992090395480318e+03
3.256502824858757776e+03
3.256152542372881726e+03
3.256063276836158366e+03
3.256354802259887492e+03
3.257171751412429785e+03
3.258587570621469240e+03
3.260679096045198094e+03
3.263442937853107651e+03
3.266844067796610489e+03
3.270562711864406992e+03
3.273334463276836232e+03
3.275247457627118820e+03
3.276411299435028923e+03
3.276984180790960636e+03
3.277159322033899116e+03
3.277019209039548514e+03
3.276588700564971987e+03
3.275870056497175483e+03
3.274755932203390330e+03
3.273249717514124768e+03
3.271388700564972169e+03
3.269145762711865245e+03
3.266516384180791647e+03
3.263436158192091170e+03
3.259839548022599502e+03
3.255703954802260341e+03
3.250995480225989013e+03
3.246067796610170262e+03
3.241138983050847855e+03
3.236209039548023156e+03
3.231350282485876050e+03
3.226649717514124859e+03
3.222213559322034143e+03
3.218083615819209626e+03
3.214271186440678321e+03
3.210821468926554189e+03
3.207777401129943883e+03
3.205201129943503020e+03
3.203115254237288354e+03
3.201567231638418434e+03
3.200606779661017754e+03
3.200235028248587696e+03
3.200497175141243133e+03
3.201398870056497799e+03
3.202876836158192418e+03
3.204873446327684178e+03
3.207280225988701204e+03
3.209958192090395642e+03
3.212819209039548696e+03
3.215766101694915960e+03
3.218783050847458071e+03
3.221864406779661749e+03
3.225041807909605268e+03
3.228423728813559592e+03
3.232077966101694983e+03
3.236149152542373486e+03
3.240672316384181613e+03
3.245642937853107924e+03
3.250971751412429967e+03
3.256621468926554371e+03
3.262135593220339615e+03
3.267142372881356550e+03
3.271535593220340161e+03
3.275257627118644450e+03
3.278237288135594099e+03
3.280410169491526176e+03
3.281694915254238367e+03
3.281979661016949649e+03
3.281187570621469604e+03
3.279328813559322953e+03
3.276766101694915960e+03
3.274578531073447266e+03
3.272638418079096482e+03
3.270861016949153054e+03
3.269131073446328628e+03
3.267315254237288627e+03
3.265355932203390239e+03
3.263187570621469604e+03
3.260862146892655801e+03
3.258344632768362317e+03
3.255751412429379343e+03
3.253131073446328628e+03
3.250581920903955506e+03
3.248210169491526358e+03
3.246064406779662022e+03
3.244215819209040546e+03
3.242697175141243861e+03
3.241511864406780660e+03
3.240619209039548878e+03
3.239946892655368174e+03
3.239406779661017936e+03
3.238931073446328355e+03
3.238491525423729854e+03
3.238061016949153327e+03
3.237675706214689853e+03
3.237368361581921818e+03
3.237256497175142158e+03
3.237449717514125041e+03
3.238064406779662022e+03
3.239233898305085404e+03
3.241036158192091079e+03
3.243497175141244043e+03
3.246589830508475643e+03
3.250333333333334394e+03
3.253986440677967039e+03
3.256719774011300160e+03
3.258628248587571306e+03
3.259853107344633372e+03
3.260602259887006312e+03
3.260981920903955142e+03
3.261041807909605268e+03
3.260780790960453032e+03
3.260149152542373486e+03
3.259126553672317186e+03
3.257712994350283225e+03
3.255928813559323316e+03
3.253731073446328537e+03
3.251117514124294757e+03
3.247990960451978026e+03
3.244298305084746062e+03
3.240020338983051261e+03
3.235148022598870284e+03
3.230277966101695256e+03
3.225397740112995052e+03
3.220562711864406992e+03
3.215864406779661749e+03
3.211386440677966675e+03
3.207176271186441227e+03
3.203280225988701204e+03
3.199737853107345472e+03
3.196577401129943610e+03
3.193836158192090807e+03
3.191576271186441318e+03
3.189850847457627424e+03
3.188680225988700840e+03
3.188107344632768672e+03
3.188160451977401863e+03
3.188857627118644814e+03
3.190148022598870739e+03
3.192015819209040274e+03
3.194343502824859570e+03
3.197016949152543020e+03
3.199911864406780296e+03
3.202935593220339797e+03
3.206057627118644632e+03
3.209246327683616528e+03
3.212490395480226653e+03
3.215874576271186925e+03
3.219517514124294394e+03
3.223511864406780660e+03
3.227963841807910285e+03
3.232862146892655801e+03
3.238140112994351057e+03
3.243763841807910012e+03
3.249690395480226471e+03
3.255377401129944246e+03
3.260529943502825517e+03
3.265056497175141885e+03
3.268893785310734984e+03
3.271976271186441409e+03
3.274210169491525903e+03
3.275482485875706971e+03
3.275723163841808400e+03
3.274907344632769309e+03
3.273041807909604813e+03
3.270409039548022974e+03
3.268089265536723815e+03
3.265987570621469786e+03
3.263970621468926765e+03
3.261934463276836595e+03
3.259778531073446629e+03
3.257456497175141521e+03
3.254954802259887401e+03
3.252265536723164132e+03
3.249449717514124586e+03
3.246572881355932623e+03
3.243712994350283225e+03
3.240972881355932714e+03
3.238446327683615891e+03
3.236185310734463201e+03
3.234240677966102339e+03
3.232636158192090988e+03
3.231351412429378797e+03
3.230318644067796868e+03
3.229455367231638775e+03
3.228703954802260341e+03
3.228002259887005948e+03
3.227324293785311056e+03
3.226671186440677957e+03
3.226055367231638684e+03
3.225557062146893259e+03
3.225299435028248809e+03
3.225425988700565085e+03
3.226016949152542111e+03
3.227193220338983338e+03
3.229015819209039819e+03
3.231498305084745880e+03
3.234606779661017299e+03
3.238288135593220886e+03
3.241270056497175574e+03
3.243363841807909921e+03
3.244717514124294212e+03
3.245534463276836505e+03
3.245940112994350329e+03
3.246033898305085131e+03
3.245820338983050988e+03
3.245276836158192054e+03
3.244351412429378797e+03
3.243058757062146924e+03
3.241422598870056390e+03
3.239432768361582021e+03
3.237042937853107105e+03
3.234210169491525448e+03
3.230877966101695165e+03
3.226993220338983519e+03
3.222525423728814076e+03
3.217849717514124677e+03
3.213167231638418343e+03
3.208481355932203769e+03
3.203873446327684178e+03
3.199424858757062339e+03
3.195214689265537345e+03
3.191287005649717685e+03
3.187656497175141340e+03
3.184367231638418161e+03
3.181462146892655255e+03
3.178996610169491760e+03
3.177001129943502747e+03
3.175526553672316368e+03
3.174627118644068105e+03
3.174329943502824790e+03
3.174646327683615709e+03
3.175572881355932168e+03
3.177084745762712373e+03
3.179100564971751737e+03
3.181516384180791647e+03
3.184200000000000728e+03
3.187053107344633190e+03
3.190019209039548514e+03
3.193024858757062248e+03
3.196076836158192236e+03
3.199240677966102339e+03
3.202585310734463746e+03
3.206235028248588151e+03
3.210293785310735075e+03
3.214779661016949831e+03
3.219674576271187107e+03
3.224927683615819660e+03
3.230503954802260523e+03
3.235902824858757413e+03
3.240825988700565631e+03
3.245184180790960909e+03
3.248901694915254211e+03
3.251931073446328355e+03
3.254172881355932986e+03
3.255537853107345200e+03
3.255905084745763361e+03
3.255245197740113326e+03
3.253527683615820024e+03
3.250853107344633372e+03
3.248567231638418889e+03
3.246540112994351148e+03
3.244684745762712737e+03
3.242866666666667697e+03
3.240967231638418525e+03
3.238914124293785790e+03
3.236680225988701295e+03
3.234256497175141703e+03
3.231668926553672918e+03
3.228959322033898843e+03
3.226228248587571215e+03
3.223555932203390057e+03
3.221022598870057209e+03
3.218707344632769036e+03
3.216674576271187107e+03
3.214977401129944155e+03
3.213595480225989377e+03
3.212500564971751373e+03
3.211604519774011806e+03
3.210836158192091261e+03
3.210141242937853804e+03
3.209447457627119547e+03
3.208777401129944337e+03
3.208093785310735257e+03
3.207485875706215211e+03
3.207033898305085131e+03
3.206874576271186925e+03
3.207128813559322225e+03
3.207901694915254666e+03
3.209272316384181522e+03
3.211283615819209444e+03
3.213944632768361771e+03
3.217209039548022702e+03
3.220774011299435188e+03
3.223398870056497799e+03
3.225206779661017208e+03
3.226397740112995052e+03
3.227110734463277367e+03
3.227474576271186834e+03
3.227517514124294394e+03
3.227220338983051079e+03
3.226570621468927129e+03
3.225552542372881362e+03
3.224184180790960454e+03
3.222471186440678139e+03
3.220386440677966675e+03
3.217875706214689671e+03
3.214891525423729036e+03
3.211377401129943792e+03
3.207288135593220431e+03
3.202633898305085040e+03
3.197929943502825154e+03
3.193202259887006221e+03
3.188524293785310874e+03
3.183972881355932259e+03
3.179610169491525994e+03
3.175491525423729399e+03
3.171642937853107924e+03
3.168109604519774621e+03
3.164929943502825154e+03
3.162184180790960454e+03
3.159877966101695165e+03
3.158076836158192236e+03
3.156811299435028559e+03
3.156131073446327719e+03
3.156056497175141885e+03
3.156610169491525994e+03
3.157755932203390330e+03
3.159461016949153418e+03
3.161605649717515007e+03
3.164090395480226562e+03
3.166801129943503383e+03
3.169632768361582748e+03
3.172559322033898752e+03
3.175527683615819569e+03
3.178531073446328264e+03
3.181666666666666970e+03
3.185068926553672554e+03
3.188833898305085313e+03
3.192995480225989013e+03
3.197558192090396005e+03
3.202474576271186834e+03
3.207764971751412759e+03
3.213362711864407174e+03
3.218767231638418707e+03
3.223635028248588242e+03
3.227914124293785790e+03
3.231537853107345200e+03
3.234441807909604904e+03
3.236503954802260068e+03
3.237633898305085040e+03
3.237743502824859206e+03
3.236815819209040001e+03
3.234880225988700658e+03
3.232560451977401044e+03
3.230571751412429876e+03
3.228811299435028559e+03
3.227155932203389966e+03
3.225479096045198276e+03
3.223681355932203587e+03
3.221731073446328537e+03
3.219584180790961000e+03
3.217229378531074417e+03
3.214733333333334031e+03
3.212146892655367537e+03
3.209597740112994870e+03
3.207134463276836414e+03
3.204825988700565631e+03
3.202804519774012078e+03
3.201093785310734802e+03
3.199716384180791465e+03
3.198635028248588242e+03
3.197806779661017572e+03
3.197142372881356096e+03
3.196579661016950013e+03
3.196084745762712373e+03
3.195598870056497617e+03
3.195097175141243497e+03
3.194655367231639048e+03
3.194315254237288627e+03
3.194205649717514916e+03
3.194450847457627788e+03
3.195166101694916051e+03
3.196447457627119093e+03
3.198354802259887492e+03
3.200894915254237731e+03
3.204065536723164314e+03
3.207831638418079365e+03
3.210853107344633372e+03
3.212993220338983519e+03
3.214428248587571034e+03
3.215331073446328446e+03
3.215828248587571579e+03
3.216001129943503656e+03
3.215821468926554189e+03
3.215300564971752010e+03
3.214428248587571034e+03
3.213206779661017208e+03
3.211644067796611125e+03
3.209726553672317095e+03
3.207420338983051352e+03
3.204672316384181158e+03
3.201407909604520682e+03
3.197587570621469240e+03
3.193203389830508968e+03
3.188392090395480864e+03
3.183569491525424382e+03
3.178793220338983701e+03
3.174119774011300251e+03
3.169635028248588242e+03
3.165368361581921818e+03
3.161351412429378797e+03
3.157651977401130353e+03
3.154312994350282679e+03
3.151345762711865063e+03
3.148823728813559683e+03
3.146776271186441591e+03
3.145264406779661840e+03
3.144308474576271692e+03
3.143967231638418525e+03
3.144250847457627970e+03
3.145148022598870739e+03
3.146644067796610670e+03
3.148635028248588242e+03
3.151016949152542566e+03
3.153676836158192600e+03
3.156526553672316368e+03
3.159472316384181340e+03
3.162466666666667152e+03
3.165472316384181340e+03
3.168567231638418434e+03
3.171867796610169535e+03
3.175490395480226653e+03
3.179485875706215211e+03
3.183873446327684178e+03
3.188628248587571306e+03
3.193776271186441591e+03
3.199245197740113326e+03
3.204793220338983701e+03
3.209861016949153054e+03
3.214360451977401681e+03
3.218250847457627515e+03
3.221468926553672645e+03
3.223908474576271146e+03
3.225439548022598956e+03
3.225981920903955142e+03
3.225489265536723451e+03
3.223978531073446902e+03
3.221491525423729399e+03
3.219253107344632554e+03
3.217289265536723178e+03
3.215481355932203769e+03
3.213692655367231964e+03
3.211854237288135664e+03
3.209884745762712100e+03
3.207729943502825336e+03
3.205367231638418161e+03
3.202829378531073417e+03
3.200188700564971896e+03
3.197519774011299887e+03
3.194892655367231782e+03
3.192396610169491396e+03
3.190122033898304835e+03
3.188152542372881271e+03
3.186519774011298978e+03
3.185219209039547877e+03
3.184215819209039182e+03
3.183424858757061884e+03
3.182759322033898115e+03
3.182199999999999818e+03
3.181677966101694892e+03
3.181158192090395005e+03
3.180642937853107014e+03
3.180202259887005312e+03
3.179936723163841634e+03
3.179949152542372758e+03
3.180377401129943337e+03
3.181319774011299160e+03
3.182853107344632917e+03
3.185001129943502747e+03
3.187784180790960363e+03
3.191184180790960454e+03
3.194624858757061702e+03
3.197112994350282406e+03
3.198811299435028104e+03
3.199900564971751010e+03
3.200517514124293484e+03
3.200774011299434278e+03
3.200685875706214574e+03
3.200237288135593190e+03
3.199440677966101703e+03
3.198309604519774439e+03
3.196849717514124677e+03
3.195037288135593371e+03
3.192872316384180522e+03
3.190296045197740114e+03
3.187239548022598683e+03
3.183648587570621203e+03
3.179506214689265562e+03
3.174837288135593553e+03
3.170159322033898206e+03
3.165524293785310874e+03
3.160946892655367265e+03
3.156505084745763270e+03
3.152255367231638502e+03
3.148240677966101885e+03
3.144505084745762815e+03
3.141079096045197730e+03
3.138029378531073235e+03
3.135386440677966220e+03
3.133180790960452214e+03
3.131488135593220250e+03
3.130337853107344927e+03
3.129752542372881635e+03
3.129811299435028559e+03
3.130507344632768309e+03
3.131803389830508422e+03
3.133656497175141794e+03
3.135950282485875505e+03
3.138590960451977480e+03
3.141484745762712009e+03
3.144514124293785699e+03
3.147627118644068105e+03
3.150746892655367446e+03
3.153917514124294030e+03
3.157249717514124313e+03
3.160874576271186925e+03
3.164848587570621476e+03
3.169201129943502565e+03
3.173929943502825154e+03
3.179041807909604358e+03
3.184528813559321861e+03
3.190343502824858660e+03
3.195716384180791010e+03
3.200595480225988922e+03
3.204891525423729036e+03
3.208571751412429876e+03
3.211520903954802179e+03
3.213637288135593280e+03
3.214816949152542293e+03
3.214975141242937752e+03
3.214107344632768218e+03
3.212247457627118820e+03
3.209597740112994870e+03
3.207267796610169171e+03
3.205175141242937570e+03
3.203186440677966402e+03
3.201195480225988831e+03
3.199120903954802088e+03
3.196891525423729036e+03
3.194472316384180886e+03
3.191874576271186470e+03
3.189157062146892713e+03
3.186366101694914960e+03
3.183587570621468785e+03
3.180883615819208899e+03
3.178379661016949285e+03
3.176154802259887219e+03
3.174266666666666879e+03
3.172710734463276822e+03
3.171465536723163950e+03
3.170476836158192327e+03
3.169693785310734256e+03
3.169020338983051261e+03
3.168416949152542202e+03
3.167838418079095845e+03
3.167249717514124313e+03
3.166699435028248445e+03
3.166266666666666424e+03
3.166048587570621748e+03
3.166170621468926583e+03
3.166741242937852803e+03
3.167877966101694255e+03
3.169615819209039273e+03
3.171985310734462928e+03
3.174955932203389693e+03
3.178497175141242678e+03
3.181649717514123950e+03
3.183950282485875505e+03
3.185538983050847492e+03
3.186610169491525539e+03
3.187274576271186561e+03
3.187559322033898752e+03
3.187481355932203314e+03
3.187065536723163859e+03
3.186302824858757049e+03
3.185195480225988831e+03
3.183755932203389420e+03
3.181962711864406629e+03
3.179785310734463110e+03
3.177137853107344654e+03
3.173970621468926311e+03
3.170257627118643995e+03
3.165966101694915324e+03
3.161255367231638502e+03
3.156540112994350238e+03
3.151862146892655346e+03
3.147289265536723178e+03
3.142863276836157638e+03
3.138637288135592826e+03
3.134655367231638593e+03
3.130979661016948739e+03
3.127628248587570397e+03
3.124657627118644086e+03
3.122109604519774166e+03
3.120050847457627242e+03
3.118507344632768309e+03
3.117519774011299887e+03
3.117128813559322225e+03
3.117383050847457525e+03
3.118272316384180613e+03
3.119736723163841816e+03
3.121714124293785062e+03
3.124084745762711918e+03
3.126785310734463110e+03
3.129654237288135391e+03
3.132625988700564449e+03
3.135629378531073598e+03
3.138638418079096027e+03
3.141772881355931986e+03
3.145137853107344654e+03
3.148810169491525357e+03
3.152821468926554189e+03
3.157197740112994325e+03
3.161958192090395642e+03
3.167093785310734347e+03
3.172606779661017299e+03
3.178357062146892531e+03
3.183627118644067650e+03
3.188366101694915415e+03
3.192511864406779750e+03
3.195988700564971623e+03
3.198672316384180704e+03
3.200448587570621385e+03
3.201229378531073962e+03
3.200977401129943701e+03
3.199700564971751191e+03
3.197463276836158002e+03
3.195145762711864336e+03
3.193118644067796595e+03
3.191256497175141703e+03
3.189449717514124131e+03
3.187601129943503111e+03
3.185605649717514098e+03
3.183446327683615891e+03
3.181098305084745334e+03
3.178601129943503111e+03
3.175984180790960636e+03
3.173333333333333030e+03
3.170717514124293757e+03
3.168227118644068014e+03
3.165974011299435006e+03
3.164015819209039364e+03
3.162404519774011533e+03
3.161116384180791101e+03
3.160109604519774166e+03
3.159326553672316550e+03
3.158717514124293757e+03
3.158198870056497071e+03
3.157729943502824881e+03
3.157246327683616073e+03
3.156778531073446175e+03
3.156361581920903973e+03
3.156134463276836414e+03
3.156163841807910103e+03
3.156598870056497617e+03
3.157541242937853440e+03
3.159062146892655619e+03
3.161192090395480591e+03
3.163957062146892895e+03
3.167305084745762542e+03
3.171205649717514461e+03
3.174280225988700295e+03
3.176563841807909739e+03
3.178228248587570761e+03
3.179418079096045403e+03
3.180198870056497071e+03
3.180590960451977480e+03
3.180602259887005857e+03
3.180244067796610125e+03
3.179522033898305381e+03
3.178479096045197366e+03
3.177071186440678048e+03
3.175285875706214938e+03
3.173054237288135937e+03
3.170305084745762542e+03
3.167022598870056754e+03
3.163176271186440772e+03
3.158725423728813439e+03
3.153752542372881635e+03
3.148807909604520319e+03
3.143941242937853076e+03
3.139190960451977844e+03
3.134619209039547968e+03
3.130262146892655437e+03
3.126164971751412850e+03
3.122386440677966220e+03
3.118968361581921272e+03
3.115945762711864518e+03
3.113375141242937843e+03
3.111317514124293666e+03
3.109803389830508422e+03
3.108875706214689671e+03
3.108570621468926674e+03
3.108926553672316459e+03
3.109902824858757413e+03
3.111418079096045403e+03
3.113398870056496889e+03
3.115759322033898570e+03
3.118385310734463019e+03
3.121136723163841452e+03
3.123943502824859024e+03
3.126781920903954870e+03
3.129715254237288264e+03
3.132820338983050988e+03
3.136231638418079456e+03
3.139946892655367265e+03
3.144023728813559501e+03
3.148481355932203769e+03
3.153335593220338978e+03
3.158598870056497617e+03
3.164209039548022702e+03
3.169780790960452578e+03
3.174872316384181431e+03
3.179387570621468967e+03
3.183301694915254302e+03
3.186491525423729399e+03
3.188816949152542293e+03
3.190175141242938480e+03
3.190532203389830556e+03
3.189867796610169535e+03
3.188213559322033689e+03
3.185627118644068105e+03
3.183306214689265744e+03
3.181192090395480591e+03
3.179202259887006221e+03
3.177193220338983338e+03
3.175090395480226107e+03
3.172806779661017572e+03
3.170350282485876050e+03
3.167716384180791465e+03
3.164935593220338887e+03
3.162072316384180795e+03
3.159184180790960454e+03
3.156366101694915415e+03
3.153734463276836323e+03
3.151384180790960727e+03
3.149348022598870557e+03
3.147633898305085040e+03
3.146248587570621567e+03
3.145126553672316732e+03
3.144203389830508968e+03
3.143420338983050897e+03
3.142705084745763088e+03
3.142023728813559501e+03
3.141333333333333485e+03
3.140681355932203587e+03
3.140152542372881726e+03
3.139840677966101794e+03
3.139855367231638866e+03
3.140336723163842180e+03
3.141344632768362317e+03
3.142972881355932714e+03
3.145233898305085404e+03
3.148090395480226562e+03
3.151523163841808127e+03
3.154801129943502929e+03
3.157231638418079456e+03
3.158967231638418070e+03
3.160160451977401408e+03
3.160915254237288536e+03
3.161270056497175574e+03
3.161255367231638502e+03
3.160859887005649853e+03
3.160132203389830920e+03
3.159073446327683996e+03
3.157700564971751646e+03
3.155971751412429512e+03
3.153833898305085313e+03
3.151240677966102339e+03
3.148127683615819478e+03
3.144470056497175392e+03
3.140241807909605086e+03
3.135422598870056845e+03
3.130551412429378615e+03
3.125731073446328082e+03
3.120995480225989013e+03
3.116411299435028468e+03
3.112021468926553553e+03
3.107864406779661294e+03
3.103987570621468876e+03
3.100447457627118638e+03
3.097293785310734620e+03
3.094563841807909739e+03
3.092307344632768491e+03
3.090555932203390057e+03
3.089375141242938298e+03
3.088807909604519864e+03
3.088887005649718049e+03
3.089616949152542475e+03
3.090903954802260159e+03
3.092719774011299705e+03
3.094960451977401135e+03
3.097514124293786153e+03
3.100253107344633463e+03
3.103061016949152872e+03
3.105900564971751919e+03
3.108819209039548241e+03
3.111857627118644359e+03
3.115141242937853349e+03
3.118700564971752101e+03
3.122594350282486175e+03
3.126844067796610943e+03
3.131492655367232146e+03
3.136548022598870830e+03
3.141972881355932714e+03
3.147729943502825336e+03
3.153280225988701204e+03
3.158318644067797322e+03
3.162783050847458071e+03
3.166585310734463746e+03
3.169605649717514098e+03
3.171716384180791465e+03
3.172829378531073871e+03
3.172943502824859024e+03
3.172079096045198185e+03
3.170249717514125223e+03
3.167733333333333576e+03
3.165482485875706516e+03
3.163405649717514734e+03
3.161378531073446538e+03
3.159297175141243315e+03
3.157070056497175756e+03
3.154676836158192600e+03
3.152082485875706425e+03
3.149340112994350875e+03
3.146453107344633281e+03
3.143507344632768763e+03
3.140579661016949558e+03
3.137802259887006585e+03
3.135225988700565722e+03
3.132957062146892895e+03
3.131022598870057209e+03
3.129390960451977662e+03
3.128054237288136392e+03
3.126957062146893350e+03
3.126035028248587878e+03
3.125209039548023611e+03
3.124415819209039910e+03
3.123636158192090988e+03
3.122887005649718049e+03
3.122189830508475097e+03
3.121655367231638593e+03
3.121403389830509241e+03
3.121528813559322316e+03
3.122159322033898661e+03
3.123372881355932805e+03
3.125179661016949467e+03
3.127615819209039728e+03
3.130648587570621658e+03
3.134228248587571215e+03
3.137581920903955506e+03
3.140189830508475097e+03
3.142216949152542838e+03
3.143779661016949376e+03
3.144949152542373213e+03
3.145736723163842271e+03
3.146175141242938480e+03
3.146257627118644905e+03
3.146030508474576891e+03
3.145508474576271965e+03
3.144656497175141794e+03
3.143429378531073780e+03
3.141771751412430149e+03
3.139647457627119365e+03
3.136971751412430422e+03
3.133729943502825336e+03
3.129900564971751919e+03
3.125515254237288900e+03
3.120641807909605177e+03
3.115822598870056936e+03
3.111118644067797050e+03
3.106564971751413395e+03
3.102216949152542838e+03
3.098129943502825427e+03
3.094341242937854076e+03
3.090893785310734984e+03
3.087851977401130625e+03
3.085233898305085404e+03
3.083100564971751737e+03
3.081506214689266017e+03
3.080499435028249536e+03
3.080131073446328173e+03
3.080407909604520228e+03
3.081287005649718139e+03
3.082689265536723724e+03
3.084587570621469240e+03
3.086864406779661294e+03
3.089387570621469422e+03
3.092004519774011442e+03
3.094671186440678412e+03
3.097387570621469422e+03
3.100200000000000728e+03
3.103209039548023156e+03
3.106471186440678593e+03
3.110002259887006403e+03
3.113897175141243679e+03
3.118183050847458617e+03
3.122844067796610943e+03
3.127931073446328355e+03
3.133354802259887492e+03
3.139058757062147379e+03
3.144568361581921181e+03
3.149607909604520501e+03
3.154054237288135937e+03
3.157802259887006130e+03
3.160711864406780478e+03
3.162674576271187107e+03
3.163668926553673373e+03
3.163689265536723724e+03
3.162740112994350966e+03
3.160862146892655801e+03
3.158567231638418434e+03
3.156491525423729399e+03
3.154535593220339251e+03
3.152568361581921636e+03
3.150484745762712009e+03
3.148253107344633008e+03
3.145835028248588060e+03
3.143227118644068469e+03
3.140475706214689581e+03
3.137598870056497617e+03
3.134716384180791465e+03
3.131903954802260159e+03
3.129263276836159093e+03
3.126906214689266108e+03
3.124856497175141612e+03
3.123125423728813985e+03
3.121694915254237458e+03
3.120562711864406992e+03
3.119637288135593735e+03
3.118855367231638866e+03
3.118137853107345109e+03
3.117457627118644723e+03
3.116770621468926947e+03
3.116129943502824972e+03
3.115586440677966493e+03
3.115268926553672827e+03
3.115287005649717685e+03
3.115724293785311602e+03
3.116701694915254848e+03
3.118268926553672827e+03
3.120446327683615891e+03
3.123230508474576709e+03
3.126596610169492124e+03
3.130144632768361589e+03
3.132889265536723542e+03
3.134972881355932714e+03
3.136524293785310874e+03
3.137633898305085040e+03
3.138334463276836686e+03
3.138681355932204497e+03
3.138668926553673373e+03
3.138315254237289082e+03
3.137676836158192600e+03
3.136719774011299705e+03
3.135405649717514279e+03
3.133691525423729217e+03
3.131524293785310874e+03
3.128858757062147561e+03
3.125624858757062611e+03
3.121795480225989195e+03
3.117384180790961182e+03
3.112473446327684087e+03
3.107536723163841998e+03
3.102670056497175665e+03
3.097933333333333849e+03
3.093358192090396187e+03
3.089015819209040274e+03
3.084920903954803180e+03
3.081150282485876232e+03
3.077743502824859206e+03
3.074733333333334031e+03
3.072203389830508968e+03
3.070153672316384473e+03
3.068675706214689853e+03
3.067805649717514825e+03
3.067590960451977935e+03
3.067961581920904791e+03
3.068918644067796777e+03
3.070388700564972169e+03
3.072309604519774439e+03
3.074538983050847946e+03
3.076933333333333394e+03
3.079404519774011533e+03
3.081929943502825154e+03
3.084524293785310874e+03
3.087285875706214938e+03
3.090249717514124768e+03
3.093493785310734893e+03
3.097041807909605268e+03
3.100958192090396096e+03
3.105289265536723178e+03
3.110028248587571397e+03
3.115158192090395914e+03
3.120628248587570852e+03
3.126328813559322498e+03
3.131564971751412941e+03
3.136261016949152690e+03
3.140290395480225925e+03
3.143511864406779750e+03
3.145820338983050988e+03
3.147169491525423837e+03
3.147537853107344745e+03
3.146910734463277095e+03
3.145306214689266199e+03
3.142853107344633372e+03
3.140671186440678412e+03
3.138655367231639048e+03
3.136671186440678412e+03
3.134614689265536981e+03
3.132427118644068287e+03
3.130073446327683996e+03
3.127527683615820024e+03
3.124793220338983701e+03
3.121899435028249172e+03
3.118923163841808218e+03
3.115962711864407538e+03
3.113114124293785608e+03
3.110483615819209263e+03
3.108110734463276913e+03
3.106057627118644177e+03
3.104314124293785426e+03
3.102844067796610943e+03
3.101618079096045676e+03
3.100546892655367628e+03
3.099586440677966493e+03
3.098649717514124859e+03
3.097692655367231964e+03
3.096763841807909557e+03
3.095875706214689217e+03
3.095112994350282861e+03
3.094605649717514552e+03
3.094455367231638775e+03
3.094769491525424201e+03
3.095650847457627606e+03
3.097102824858757231e+03
3.099149152542373486e+03
3.101763841807910012e+03
3.104923163841808218e+03
3.108378531073446538e+03
3.111102824858757231e+03
3.113232768361582202e+03
3.114874576271186470e+03
3.116089265536723360e+03
3.116909604519773893e+03
3.117360451977401681e+03
3.117480225988701022e+03
3.117296045197740568e+03
3.116804519774012078e+03
3.115972881355932714e+03
3.114776271186441136e+03
3.113179661016949467e+03
3.111076836158192236e+03
3.108442937853107196e+03
3.105244067796610580e+03
3.101449717514124131e+03
3.097118644067796595e+03
3.092492655367231237e+03
3.087910734463276640e+03
3.083411299435028468e+03
3.079047457627119002e+03
3.074855367231639320e+03
3.070892655367231782e+03
3.067207909604519955e+03
3.063861016949153054e+03
3.060859887005650307e+03
3.058270056497175574e+03
3.056153672316384473e+03
3.054566101694915687e+03
3.053562711864406992e+03
3.053178531073446720e+03
3.053400000000000546e+03
3.054220338983051079e+03
3.055598870056497617e+03
3.057471186440678593e+03
3.059715254237288718e+03
3.062183050847458162e+03
3.064740112994350966e+03
3.067335593220339433e+03
3.070019209039548514e+03
3.072786440677966311e+03
3.075727683615819842e+03
3.078906214689265653e+03
3.082374011299435551e+03
3.086176271186441227e+03
3.090348022598870557e+03
3.094922033898305472e+03
3.099885875706215302e+03
3.105214689265537345e+03
3.110842937853107742e+03
3.116285875706214938e+03
3.121249717514124768e+03
3.125651977401130353e+03
3.129352542372881544e+03
3.132233898305084949e+03
3.134209039548022702e+03
3.135238418079096846e+03
3.135333333333333940e+03
3.134453107344633281e+03
3.132659887005650489e+03
3.130402259887006039e+03
3.128377401129943792e+03
3.126470056497175392e+03
3.124549152542373122e+03
3.122538983050847492e+03
3.120378531073446538e+03
3.118031638418079638e+03
3.115510734463277004e+03
3.112811299435028559e+03
3.109995480225989013e+03
3.107138983050847855e+03
3.104364971751412668e+03
3.101749152542372940e+03
3.099372881355932350e+03
3.097279096045198003e+03
3.095494915254237640e+03
3.094027118644067741e+03
3.092827118644067923e+03
3.091828248587570670e+03
3.090967231638418525e+03
3.090158192090395914e+03
3.089359322033898934e+03
3.088568361581921636e+03
3.087807909604519864e+03
3.087133333333333667e+03
3.086646327683615709e+03
3.086468926553672645e+03
3.086697175141243406e+03
3.087433898305085222e+03
3.088742372881356459e+03
3.090649717514124859e+03
3.093131073446327719e+03
3.096168361581921090e+03
3.099698305084746153e+03
3.102425988700565540e+03
3.104523163841808127e+03
3.106098305084746244e+03
3.107232768361582202e+03
3.107958192090395642e+03
3.108315254237288173e+03
3.108349152542373304e+03
3.108079096045197730e+03
3.107537853107344745e+03
3.106709604519774530e+03
3.105552542372881817e+03
3.104023728813559501e+03
3.102076836158192236e+03
3.099653107344633099e+03
3.096676836158192600e+03
3.093150282485876232e+03
3.089071186440678503e+03
3.084499435028248627e+03
3.079711864406780023e+03
3.075002259887005948e+03
3.070410169491525721e+03
3.065976271186440954e+03
3.061738983050847764e+03
3.057754802259887583e+03
3.054076836158192236e+03
3.050746892655367446e+03
3.047778531073447084e+03
3.045277966101694801e+03
3.043259887005649944e+03
3.041830508474576163e+03
3.040995480225989013e+03
3.040770621468926947e+03
3.041142372881356096e+03
3.042128813559322225e+03
3.043653107344633099e+03
3.045607909604520046e+03
3.047837288135593553e+03
3.050222598870057027e+03
3.052673446327683905e+03
3.055177401129943974e+03
3.057752542372881635e+03
3.060483615819209263e+03
3.063404519774011533e+03
3.066578531073446811e+03
3.070040677966102066e+03
3.073855367231638411e+03
3.078044067796610307e+03
3.082630508474576345e+03
3.087597740112994870e+03
3.092899435028248718e+03
3.098423728813559592e+03
3.103555932203390057e+03
3.108183050847457707e+03
3.112154802259887219e+03
3.115355932203389784e+03
3.117694915254237458e+03
3.119131073446327719e+03
3.119624858757062611e+03
3.119143502824858842e+03
3.117732203389830829e+03
3.115473446327683632e+03
3.113525423728813621e+03
3.111733333333333576e+03
3.109995480225989013e+03
3.108218079096045585e+03
3.106323163841808309e+03
3.104247457627118820e+03
3.101984180790960636e+03
3.099536723163841998e+03
3.096920903954802725e+03
3.094219209039548332e+03
3.091523163841808127e+03
3.088967231638418525e+03
3.086593220338983429e+03
3.084476836158192327e+03
3.082676836158192600e+03
3.081174011299435278e+03
3.079966101694915778e+03
3.078988700564972078e+03
3.078198870056497526e+03
3.077489265536723906e+03
3.076821468926554189e+03
3.076160451977401863e+03
3.075509604519774712e+03
3.074897175141243224e+03
3.074430508474576527e+03
3.074213559322034143e+03
3.074351412429378797e+03
3.074946892655367265e+03
3.076082485875706880e+03
3.077790960451977753e+03
3.080089265536723360e+03
3.082938983050847582e+03
3.086305084745762997e+03
3.089601129943503111e+03
3.092187570621469149e+03
3.094184180790960909e+03
3.095680225988700840e+03
3.096734463276836777e+03
3.097380790960452032e+03
3.097685875706215029e+03
3.097668926553672463e+03
3.097368361581920908e+03
3.096762711864407265e+03
3.095865536723164041e+03
3.094590960451977480e+03
3.092915254237288536e+03
3.090787570621469058e+03
3.088084745762712373e+03
3.084821468926553734e+03
3.080990960451978026e+03
3.076647457627118911e+03
3.071925423728813257e+03
3.067273446327683814e+03
3.062742372881356459e+03
3.058320903954802816e+03
3.054089265536723360e+03
3.050088135593220613e+03
3.046357062146892986e+03
3.042963841807909830e+03
3.039923163841808218e+03
3.037274576271186561e+03
3.035117514124294303e+03
3.033516384180791192e+03
3.032494915254237640e+03
3.032098305084746244e+03
3.032305084745762542e+03
3.033124293785310783e+03
3.034517514124293939e+03
3.036419209039548150e+03
3.038653107344632645e+03
3.041088135593220613e+03
3.043653107344633099e+03
3.046265536723163677e+03
3.048958192090395642e+03
3.051753672316384382e+03
3.054717514124294212e+03
3.057897175141242769e+03
3.061332203389830283e+03
3.065110734463277367e+03
3.069235028248587696e+03
3.073759322033898570e+03
3.078675706214689853e+03
3.083966101694915324e+03
3.089532203389831011e+03
3.095138983050847855e+03
3.100279096045197548e+03
3.104802259887005675e+03
3.108625988700565358e+03
3.111610169491525994e+03
3.113711864406779569e+03
3.114870056497175028e+03
3.115053107344632735e+03
3.114273446327683814e+03
3.112574011299435369e+03
3.110282485875706698e+03
3.108223728813559319e+03
3.106273446327683814e+03
3.104329943502824790e+03
3.102303954802259796e+03
3.100146892655367083e+03
3.097806779661017117e+03
3.095272316384181067e+03
3.092557062146892804e+03
3.089709604519774075e+03
3.086839548022599047e+03
3.084037288135593371e+03
3.081384180790960272e+03
3.078972881355932259e+03
3.076863276836158548e+03
3.075058757062147379e+03
3.073557062146892804e+03
3.072343502824858660e+03
3.071336723163842180e+03
3.070470056497175392e+03
3.069677966101695347e+03
3.068903954802260159e+03
3.068149152542373031e+03
3.067428248587571034e+03
3.066785310734463565e+03
3.066349152542372849e+03
3.066198870056497071e+03
3.066457627118644268e+03
3.067210169491525448e+03
3.068536723163841998e+03
3.070433898305084767e+03
3.072882485875706152e+03
3.075872316384180976e+03
3.079387570621468967e+03
3.082244067796610580e+03
3.084467796610169898e+03
3.086134463276835959e+03
3.087324293785310601e+03
3.088096045197740295e+03
3.088493785310734893e+03
3.088584180790960090e+03
3.088355932203389784e+03
3.087865536723164041e+03
3.087062146892654710e+03
3.085937853107344381e+03
3.084461016949152508e+03
3.082549152542372667e+03
3.080132203389830465e+03
3.077166101694914687e+03
3.073628248587570397e+03
3.069557062146892349e+03
3.064974011299435006e+03
3.060315254237288173e+03
3.055741242937852803e+03
3.051248587570621567e+03
3.046906214689265198e+03
3.042779661016948921e+03
3.038902824858756958e+03
3.035316384180790919e+03
3.032055367231638229e+03
3.029158192090395460e+03
3.026715254237287809e+03
3.024789830508474552e+03
3.023421468926553644e+03
3.022664406779661476e+03
3.022511864406779750e+03
3.022977401129943246e+03
3.024055367231638684e+03
3.025696045197740204e+03
3.027748022598869738e+03
3.030070056497174846e+03
3.032551412429378615e+03
3.035123163841807582e+03
3.037755932203389875e+03
3.040482485875706061e+03
3.043357062146892531e+03
3.046407909604519773e+03
3.049694915254237458e+03
3.053287005649717685e+03
3.057203389830508513e+03
3.061492655367232146e+03
3.066188700564972351e+03
3.071287005649717685e+03
3.076727683615818933e+03
3.082355932203389784e+03
3.087555932203389602e+03
3.092211299435028195e+03
3.096214689265536435e+03
3.099473446327683632e+03
3.101887005649717139e+03
3.103383050847457525e+03
3.103925423728813712e+03
3.103523163841808127e+03
3.102178531073446720e+03
3.099948022598870011e+03
3.097770621468926493e+03
3.095760451977401317e+03
3.093811299435028559e+03
3.091841807909604540e+03
3.089751412429378433e+03
3.087492655367231691e+03
3.085063276836158366e+03
3.082422598870056390e+03
3.079632768361581839e+03
3.076774011299435188e+03
3.073903954802260159e+03
3.071159322033898206e+03
3.068594350282485721e+03
3.066284745762711736e+03
3.064281355932203951e+03
3.062592090395480227e+03
3.061209039548022702e+03
3.060066666666666606e+03
3.059088135593220613e+03
3.058225988700565267e+03
3.057383050847457525e+03
3.056562711864406992e+03
3.055762711864406810e+03
3.055009039548022884e+03
3.054387570621469422e+03
3.053992090395480773e+03
3.053941242937853531e+03
3.054326553672316550e+03
3.055237288135593190e+03
3.056693785310734711e+03
3.058723163841807946e+03
3.061288135593220431e+03
3.064369491525423655e+03
3.067838418079096300e+03
3.070601129943503111e+03
3.072754802259887128e+03
3.074369491525423655e+03
3.075533333333333758e+03
3.076280225988700295e+03
3.076680225988700386e+03
3.076766101694915051e+03
3.076537853107344745e+03
3.076007909604519682e+03
3.075187570621468694e+03
3.074011299435028377e+03
3.072444067796610398e+03
3.070370621468926402e+03
3.067772881355931986e+03
3.064614689265536981e+03
3.060901694915253756e+03
3.056680225988700386e+03
3.052039548022598865e+03
3.047445197740113144e+03
3.042928813559321497e+03
3.038524293785310874e+03
3.034272316384181067e+03
3.030263276836158184e+03
3.026505084745762815e+03
3.023040677966101612e+03
3.019911864406779387e+03
3.017194350282485630e+03
3.014958192090395642e+03
3.013259887005649489e+03
3.012133333333332757e+03
3.011601129943503111e+03
3.011709604519773620e+03
3.012459887005649762e+03
3.013805649717513916e+03
3.015631638418079092e+03
3.017814689265536799e+03
3.020197740112994325e+03
3.022701694915253938e+03
3.025285875706214483e+03
3.027962711864406629e+03
3.030734463276836323e+03
3.033674576271186197e+03
3.036829378531073417e+03
3.040253107344632554e+03
3.043980790960452396e+03
3.048067796610169353e+03
3.052557062146892349e+03
3.057451977401130080e+03
3.062706214689265380e+03
3.068246327683615618e+03
3.073847457627118274e+03
3.078959322033898388e+03
3.083468926553671736e+03
3.087276836158192054e+03
3.090285875706214483e+03
3.092402259887005130e+03
3.093571751412428966e+03
3.093781920903954415e+03
3.093046327683615800e+03
3.091389830508474915e+03
3.089072316384180340e+03
3.086980790960451486e+03
3.085020338983050806e+03
3.083080225988700477e+03
3.081092655367231600e+03
3.078969491525423109e+03
3.076677966101694437e+03
3.074199999999999818e+03
3.071535593220338797e+03
3.068762711864406810e+03
3.065940112994349874e+03
3.063188700564971441e+03
3.060599999999999909e+03
3.058220338983051079e+03
3.056162711864406447e+03
3.054416949152542657e+03
3.052997740112994052e+03
3.051862146892654891e+03
3.050954802259886947e+03
3.050204519774011260e+03
3.049522033898304471e+03
3.048890395480226289e+03
3.048257627118643995e+03
3.047675706214688944e+03
3.047172881355932077e+03
3.046859887005649853e+03
3.046850847457626514e+03
3.047231638418079001e+03
3.048111864406779659e+03
3.049552542372881362e+03
3.051549152542372667e+03
3.054089265536723360e+03
3.057179661016949467e+03
3.060793220338982792e+03
3.064099435028248536e+03
3.066725423728813439e+03
3.068766101694915051e+03
3.070294915254237367e+03
3.071387570621468967e+03
3.072100564971751282e+03
3.072471186440678139e+03
3.072505084745762815e+03
3.072221468926553825e+03
3.071641807909604267e+03
3.070719774011299251e+03
3.069421468926553644e+03
3.067672316384180704e+03
3.065385310734463019e+03
3.062535593220338797e+03
3.059116384180790646e+03
3.055133333333333212e+03
3.050630508474576345e+03
3.045628248587570397e+03
3.040684745762711827e+03
3.035841807909604086e+03
3.031138983050846946e+03
3.026644067796609761e+03
3.022405649717513825e+03
3.018437288135593008e+03
3.014783050847457616e+03
3.011529943502824608e+03
3.008724293785310692e+03
3.006442937853107196e+03
3.004724293785310692e+03
3.003605649717514098e+03
3.003115254237287900e+03
3.003305084745762542e+03
3.004134463276835959e+03
3.005506214689265107e+03
3.007318644067796413e+03
3.009421468926553189e+03
3.011706214689264925e+03
3.014080225988700477e+03
3.016544632768361225e+03
3.019127683615819024e+03
3.021849717514124222e+03
3.024777401129943428e+03
3.027926553672316004e+03
3.031375141242937389e+03
3.035161581920903700e+03
3.039352542372881089e+03
3.043945762711864063e+03
3.048941242937852621e+03
3.054259887005649489e+03
3.059833898305084404e+03
3.065499435028248172e+03
3.070623728813558955e+03
3.075087005649716957e+03
3.078807909604519409e+03
3.081684745762711373e+03
3.083647457627118456e+03
3.084666666666666970e+03
3.084709604519774075e+03
3.083825988700564722e+03
3.082051977401129989e+03
3.079809039548022156e+03
3.077723163841807491e+03
3.075694915254237003e+03
3.073647457627118456e+03
3.071514124293785244e+03
3.069220338983051079e+03
3.066729943502824881e+03
3.064037288135593371e+03
3.061187570621468694e+03
3.058248587570621112e+03
3.055326553672316095e+03
3.052500564971751373e+03
3.049851977401130171e+03
3.047465536723163495e+03
3.045395480225988649e+03
3.043635028248587332e+03
3.042175141242937570e+03
3.040968361581920817e+03
3.039954802259886947e+03
3.039073446327683996e+03
3.038246327683616073e+03
3.037419209039548150e+03
3.036621468926553462e+03
3.035883615819208899e+03
3.035281355932203041e+03
3.034924293785310965e+03
3.034894915254237276e+03
3.035323163841808309e+03
3.036293785310734620e+03
3.037803389830508422e+03
3.039840677966101794e+03
3.042422598870056390e+03
3.045549152542373122e+03
3.049204519774011715e+03
3.052204519774011715e+03
3.054593220338982974e+03
3.056424858757062339e+03
3.057804519774011169e+03
3.058781920903954870e+03
3.059414689265536708e+03
3.059718644067796959e+03
3.059732203389830829e+03
3.059457627118644268e+03
3.058882485875706152e+03
3.057967231638418525e+03
3.056638418079096027e+03
3.054835028248588060e+03
3.052473446327683632e+03
3.049581920903955051e+03
3.046134463276835959e+03
3.042153672316384473e+03
3.037675706214689399e+03
3.032897175141243679e+03
3.028192090395480591e+03
3.023622598870056663e+03
3.019220338983051079e+03
3.015047457627119002e+03
3.011122033898305290e+03
3.007488135593220704e+03
3.004188700564971896e+03
3.001323163841808309e+03
2.998936723163842544e+03
2.997102824858757231e+03
2.995820338983051442e+03
2.995157062146892713e+03
2.995163841807910103e+03
2.995832768361582566e+03
2.997110734463277367e+03
2.998868926553672736e+03
3.000983050847457889e+03
3.003312994350282679e+03
3.005786440677966311e+03
3.008363841807909921e+03
3.011029378531073689e+03
3.013830508474576618e+03
3.016789830508474552e+03
3.019951412429378252e+03
3.023366101694915415e+03
3.027089265536723360e+03
3.031202259887006221e+03
3.035716384180791465e+03
3.040656497175141340e+03
3.045951412429378252e+03
3.051554802259887310e+03
3.057359322033898479e+03
3.062771751412429694e+03
3.067606779661016844e+03
3.071762711864406810e+03
3.075132203389830465e+03
3.077640677966101975e+03
3.079220338983051079e+03
3.079861016949153054e+03
3.079572881355932623e+03
3.078378531073446084e+03
3.076299435028248809e+03
3.073887005649718049e+03
3.071579661016950013e+03
3.069294915254237822e+03
3.066951412429379161e+03
3.064489265536723451e+03
3.061830508474576618e+03
3.058963841807909830e+03
3.055909604519774348e+03
3.052723163841808400e+03
3.049498305084746335e+03
3.046326553672316550e+03
3.043296045197740568e+03
3.040487005649718412e+03
3.037951412429378706e+03
3.035754802259887128e+03
3.033876836158192418e+03
3.032272316384181067e+03
3.030893785310734529e+03
3.029700564971751646e+03
3.028569491525423928e+03
3.027481355932203769e+03
3.026414689265537163e+03
3.025404519774011533e+03
3.024474576271186379e+03
3.023731073446328082e+03
3.023287005649717685e+03
3.023254237288136210e+03
3.023717514124294212e+03
3.024724293785310692e+03
3.026273446327683814e+03
3.028348022598870102e+03
3.030960451977401135e+03
3.034137853107344199e+03
3.037615819209039728e+03
3.040441807909604449e+03
3.042676836158192145e+03
3.044410169491525266e+03
3.045732203389830829e+03
3.046676836158192600e+03
3.047289265536723178e+03
3.047607909604520501e+03
3.047635028248587787e+03
3.047384180790960272e+03
3.046831638418078910e+03
3.045898305084745971e+03
3.044503954802260068e+03
3.042613559322034234e+03
3.040171751412429330e+03
3.037169491525423837e+03
3.033645197740112962e+03
3.029595480225988922e+03
3.025025988700564994e+03
3.020240677966102339e+03
3.015536723163841998e+03
3.010955932203390148e+03
3.006584180790961000e+03
3.002390960451977662e+03
2.998441807909604449e+03
2.994795480225989195e+03
2.991534463276836505e+03
2.988710734463277277e+03
2.986376271186441045e+03
2.984563841807909739e+03
2.983340112994350420e+03
2.982744632768361953e+03
2.982816949152542293e+03
2.983512994350282497e+03
2.984738983050847764e+03
2.986376271186441045e+03
2.988300564971751555e+03
2.990378531073446993e+03
2.992560451977401499e+03
2.994840677966102248e+03
2.997232768361582202e+03
2.999755932203390330e+03
3.002438418079096664e+03
3.005340112994350420e+03
3.008528813559321861e+03
3.012055367231639138e+03
3.015964971751412577e+03
3.020283615819209444e+03
3.024989830508474824e+03
3.030045197740113508e+03
3.035349152542373304e+03
3.040801129943502929e+03
3.046237288135593190e+03
3.051046327683615800e+03
3.055131073446328173e+03
3.058381920903955688e+03
3.060716384180791465e+03
3.062106214689265926e+03
3.062559322033898752e+03
3.062088135593220613e+03
3.060701694915254848e+03
3.058577401129943610e+03
3.056613559322034234e+03
3.054736723163841816e+03
3.052846327683616437e+03
3.050848587570621930e+03
3.048672316384181158e+03
3.046300564971751555e+03
3.043727683615819387e+03
3.040976271186440954e+03
3.038140112994350602e+03
3.035283615819208990e+03
3.032525423728813621e+03
3.029912994350282588e+03
3.027550282485875869e+03
3.025473446327683632e+03
3.023719774011299705e+03
3.022262146892655437e+03
3.021070056497174846e+03
3.020045197740113508e+03
3.019129943502824972e+03
3.018274576271186561e+03
3.017437288135593917e+03
3.016613559322034234e+03
3.015837288135593099e+03
3.015198870056497071e+03
3.014767231638418252e+03
3.014675706214689399e+03
3.015019209039548514e+03
3.015870056497175938e+03
3.017233898305084949e+03
3.019125423728813985e+03
3.021534463276836505e+03
3.024502824858757322e+03
3.028011299435028377e+03
3.031538983050847492e+03
3.034438418079096209e+03
3.036801129943502929e+03
3.038708474576271328e+03
3.040231638418079456e+03
3.041386440677966675e+03
3.042213559322034598e+03
3.042760451977401317e+03
3.043016949152543020e+03
3.042984180790960636e+03
3.042601129943503111e+03
3.041797740112994688e+03
3.040505084745763270e+03
3.038655367231639048e+03
3.036262146892655892e+03
3.033328813559322498e+03
3.029847457627119184e+03
3.025821468926554189e+03
3.021272316384181522e+03
3.016487005649717958e+03
3.011814689265536799e+03
3.007300564971751555e+03
3.002967231638418525e+03
2.998837288135593553e+03
2.995000000000000455e+03
2.991497175141243133e+03
2.988390960451977662e+03
2.985769491525423746e+03
2.983636158192090079e+03
2.982065536723163859e+03
2.981111864406779659e+03
2.980836158192090807e+03
2.981204519774011715e+03
2.982170621468926583e+03
2.983609039548022793e+03
2.985402259887006039e+03
2.987421468926554098e+03
2.989571751412429421e+03
2.991849717514124677e+03
2.994198870056497071e+03
2.996692655367231964e+03
2.999334463276836232e+03
3.002186440677965948e+03
3.005256497175141703e+03
3.008662146892655528e+03
3.012440677966102157e+03
3.016629378531073598e+03
3.021221468926553825e+03
3.026197740112994325e+03
3.031481355932203314e+03
3.036990960451977116e+03
3.042567231638417979e+03
3.047639548022599229e+03
3.052083615819208717e+03
3.055737853107344563e+03
3.058540112994350238e+03
3.060421468926553644e+03
3.061371751412429148e+03
3.061411299435028013e+03
3.060566101694915233e+03
3.058849717514123768e+03
3.056583050847457343e+03
3.054467796610169898e+03
3.052372881355932350e+03
3.050215819209040092e+03
3.047902824858756958e+03
3.045419209039548150e+03
3.042711864406779569e+03
3.039813559322033598e+03
3.036787570621469058e+03
3.033687005649717321e+03
3.030605649717514098e+03
3.027649717514123950e+03
3.024887005649717139e+03
3.022395480225988649e+03
3.020197740112994325e+03
3.018307344632768036e+03
3.016697175141242951e+03
3.015315254237287718e+03
3.014092655367231600e+03
3.012918644067796777e+03
3.011785310734463110e+03
3.010670056497175210e+03
3.009585310734463292e+03
3.008585310734463292e+03
3.007743502824859206e+03
3.007181920903954961e+03
3.007014689265536617e+03
3.007327683615819296e+03
3.008122033898304835e+03
3.009440677966101703e+03
3.011288135593220431e+03
3.013662146892655073e+03
3.016611299435028286e+03
3.020015819209039364e+03
3.022752542372881180e+03
3.024897175141242769e+03
3.026549152542372667e+03
3.027784180790960363e+03
3.028627118644068105e+03
3.029127683615819478e+03
3.029341242937853167e+03
3.029288135593220431e+03
3.028971751412429512e+03
3.028342372881355914e+03
3.027351412429378797e+03
3.025914124293784880e+03
3.023995480225989013e+03
3.021567231638417979e+03
3.018607909604519591e+03
3.015126553672315822e+03
3.011124293785310329e+03
3.006610169491525085e+03
3.001873446327683723e+03
2.997205649717514007e+03
2.992689265536722814e+03
2.988325423728813803e+03
2.984119774011299342e+03
2.980150282485875323e+03
2.976493785310734438e+03
2.973210169491525448e+03
2.970334463276836232e+03
2.967934463276836141e+03
2.966045197740112599e+03
2.964774011299435188e+03
2.964133333333333212e+03
2.964163841807909193e+03
2.964804519774011169e+03
2.965995480225988558e+03
2.967581920903954597e+03
2.969453107344632826e+03
2.971511864406779750e+03
2.973675706214688944e+03
2.975959322033898388e+03
2.978345762711864154e+03
2.980855367231638411e+03
2.983532203389830556e+03
2.986429378531073326e+03
2.989598870056497162e+03
2.993103954802259977e+03
2.996979661016948739e+03
3.001275706214689308e+03
3.005975141242937752e+03
3.011006779661016935e+03
3.016315254237288173e+03
3.021768361581920544e+03
3.027044067796609852e+03
3.031736723163841816e+03
3.035712994350282315e+03
3.038882485875706152e+03
3.041190960451977389e+03
3.042586440677965584e+03
3.043090395480226107e+03
3.042706214689264925e+03
3.041463276836158002e+03
3.039336723163841270e+03
3.037310734463276731e+03
3.035367231638418161e+03
3.033412429378530760e+03
3.031372881355931895e+03
3.029166101694915142e+03
3.026755932203389420e+03
3.024135593220338706e+03
3.021355932203389330e+03
3.018458757062146560e+03
3.015519774011298978e+03
3.012662146892655073e+03
3.009980790960451941e+03
3.007510734463276549e+03
3.005341242937852712e+03
3.003482485875706061e+03
3.001916384180790374e+03
3.000593220338982974e+03
2.999450847457626878e+03
2.998422598870056390e+03
2.997451977401129625e+03
2.996492655367231237e+03
2.995557062146892349e+03
2.994648587570621203e+03
2.993849717514123768e+03
2.993279096045197548e+03
2.993041807909604358e+03
2.993224858757062066e+03
2.993871186440678230e+03
2.995010169491525630e+03
2.996670056497175210e+03
2.998846327683615982e+03
3.001581920903955051e+03
3.004874576271186470e+03
3.008250847457627515e+03
3.011020338983051261e+03
3.013256497175141249e+03
3.015059887005649671e+03
3.016462146892655255e+03
3.017510734463277004e+03
3.018268926553672827e+03
3.018757062146893077e+03
3.019015819209039364e+03
3.018998870056497253e+03
3.018649717514124404e+03
3.017896045197740023e+03
3.016672316384180704e+03
3.014974011299435006e+03
3.012755932203389875e+03
3.010029378531073235e+03
3.006763841807909557e+03
3.002953672316383745e+03
2.998637288135593280e+03
2.993961581920903882e+03
2.989409039548021610e+03
2.984979661016948739e+03
2.980709604519773620e+03
2.976632768361581384e+03
2.972832768361581657e+03
2.969370621468926402e+03
2.966282485875705788e+03
2.963642937853107014e+03
2.961508474576270601e+03
2.959934463276836141e+03
2.958992090395479863e+03
2.958724293785310692e+03
2.959101694915254484e+03
2.960068926553672100e+03
2.961517514124293484e+03
2.963309604519773529e+03
2.965317514124293666e+03
2.967475706214689126e+03
2.969746892655366992e+03
2.972144632768361589e+03
2.974640677966101975e+03
2.977289265536723178e+03
2.980105084745762724e+03
2.983158192090395460e+03
2.986499435028248627e+03
2.990212429378530942e+03
2.994309604519773529e+03
2.998801129943502929e+03
3.003694915254237003e+03
3.008865536723163586e+03
3.014256497175141249e+03
3.019728813559321679e+03
3.024931073446327900e+03
3.029481355932203314e+03
3.033292655367231418e+03
3.036274576271186561e+03
3.038369491525423655e+03
3.039576271186440408e+03
3.039924293785310510e+03
3.039392090395479954e+03
3.038013559322033416e+03
3.035892655367231782e+03
3.033929943502825154e+03
3.031993220338982610e+03
3.029994350282485357e+03
3.027876836158191963e+03
3.025569491525423473e+03
3.023037288135592917e+03
3.020318644067796413e+03
3.017454237288135118e+03
3.014541242937852985e+03
3.011631638418079092e+03
3.008839548022598592e+03
3.006233898305084040e+03
3.003893785310733620e+03
3.001845197740112781e+03
3.000110734463276458e+03
2.998651977401129443e+03
2.997414689265536254e+03
2.996323163841807400e+03
2.995337853107344472e+03
2.994393220338982701e+03
2.993471186440677229e+03
2.992563841807909739e+03
2.991726553672316186e+03
2.991066666666666606e+03
2.990689265536722814e+03
2.990712994350282315e+03
2.991178531073445811e+03
2.992119774011299342e+03
2.993535593220339251e+03
2.995487005649717503e+03
2.997990960451977116e+03
3.001051977401129989e+03
3.004554802259886856e+03
3.007386440677966220e+03
3.009653107344633099e+03
3.011428248587570124e+03
3.012750282485875687e+03
3.013702824858756685e+03
3.014334463276835777e+03
3.014676836158192145e+03
3.014771751412428785e+03
3.014611299435028286e+03
3.014153672316384473e+03
3.013322033898305108e+03
3.012024858757062248e+03
3.010262146892655437e+03
3.008001129943502747e+03
3.005225988700564812e+03
3.001924293785310510e+03
2.998076836158192236e+03
2.993702824858756685e+03
2.988987570621468876e+03
2.984369491525423655e+03
2.979875706214689217e+03
2.975488135593220250e+03
2.971297175141242860e+03
2.967343502824858660e+03
2.963711864406779569e+03
2.960427118644067832e+03
2.957542372881355732e+03
2.955117514124293848e+03
2.953210169491525448e+03
2.951924293785310510e+03
2.951284745762712191e+03
2.951310734463277186e+03
2.951963841807909830e+03
2.953160451977400953e+03
2.954754802259887128e+03
2.956623728813559410e+03
2.958673446327683450e+03
2.960847457627118729e+03
2.963150282485875323e+03
2.965541242937852985e+03
2.968051977401129989e+03
2.970707344632768582e+03
2.973571751412429421e+03
2.976679096045197639e+03
2.980131073446327719e+03
2.983952542372880998e+03
2.988166101694915596e+03
2.992795480225988285e+03
2.997755932203389875e+03
3.002987570621468876e+03
3.008355932203389784e+03
3.013633898305084585e+03
3.018305084745762542e+03
3.022253107344632554e+03
3.025390960451976753e+03
3.027647457627118001e+03
3.029011299435027922e+03
3.029477966101694619e+03
3.029068926553672100e+03
3.027787570621468603e+03
3.025613559322033325e+03
3.023614689265536072e+03
3.021696045197740204e+03
3.019783050847457162e+03
3.017776271186440226e+03
3.015593220338982974e+03
3.013224858757062066e+03
3.010655367231638593e+03
3.007896045197740023e+03
3.005029378531073235e+03
3.002141242937853349e+03
2.999299435028248354e+03
2.996604519774011351e+03
2.994133333333333212e+03
2.991974011299435006e+03
2.990111864406779659e+03
2.988525423728813621e+03
2.987222598870056572e+03
2.986083615819209172e+03
2.985074576271186743e+03
2.984133333333333212e+03
2.983215819209040092e+03
2.982302824858757049e+03
2.981432768361582021e+03
2.980687005649717321e+03
2.980152542372881271e+03
2.979967231638417616e+03
2.980169491525423837e+03
2.980818079096045039e+03
2.981926553672316459e+03
2.983537853107344745e+03
2.985688135593220068e+03
2.988380790960452032e+03
2.991609039548022793e+03
2.995042937853107105e+03
2.997827118644067923e+03
3.000071186440678048e+03
3.001816949152542293e+03
3.003136723163841452e+03
3.004088135593220159e+03
3.004732203389830374e+03
3.005109604519774166e+03
3.005225988700564812e+03
3.005055367231638684e+03
3.004542372881355732e+03
3.003594350282485721e+03
3.002202259887005312e+03
3.000306214689265289e+03
2.997907344632768400e+03
2.994986440677966129e+03
2.991526553672316368e+03
2.987503954802259614e+03
2.982964971751412122e+03
2.978461016949152508e+03
2.974045197740112599e+03
2.969736723163841816e+03
2.965581920903954597e+03
2.961620338983050715e+03
2.957940112994349874e+03
2.954585310734462837e+03
2.951607909604519591e+03
2.949038418079096118e+03
2.946960451977400680e+03
2.945435028248587514e+03
2.944585310734462837e+03
2.944388700564971259e+03
2.944844067796610034e+03
2.945891525423728581e+03
2.947389830508474461e+03
2.949224858757062066e+03
2.951311864406779478e+03
2.953568361581920726e+03
2.955937853107344381e+03
2.958414689265536254e+03
2.960977401129943246e+03
2.963701694915253938e+03
2.966579661016949103e+03
2.969701694915253938e+03
2.973120903954802088e+03
2.976868926553672281e+03
2.981018079096044858e+03
2.985566101694915233e+03
2.990489265536722996e+03
2.995729943502824426e+03
3.001171751412429330e+03
3.006701694915253938e+03
3.011833898305084404e+03
3.016314124293785426e+03
3.020059887005650126e+03
3.022960451977401135e+03
3.024992090395480318e+03
3.026148022598869829e+03
3.026440677966101703e+03
3.025855367231638411e+03
3.024396610169491396e+03
3.022184180790960454e+03
3.020125423728813985e+03
3.018122033898305290e+03
3.016080225988700931e+03
3.013909604519774348e+03
3.011552542372881362e+03
3.009005649717514189e+03
3.006251977401129807e+03
3.003376271186440590e+03
3.000410169491525266e+03
2.997471186440678139e+03
2.994621468926553462e+03
2.991961581920903882e+03
2.989577401129943610e+03
2.987490395480225743e+03
2.985715254237287809e+03
2.984213559322033689e+03
2.982929943502824699e+03
2.981818079096045039e+03
2.980820338983050533e+03
2.979861016949152145e+03
2.978905084745762906e+03
2.977944632768361316e+03
2.977076836158192236e+03
2.976399999999999636e+03
2.976006779661017390e+03
2.975975141242937752e+03
2.976352542372881544e+03
2.977175141242937570e+03
2.978472316384180886e+03
2.980307344632768036e+03
2.982682485875706334e+03
2.985603389830508604e+03
2.989046327683616255e+03
2.992059887005649671e+03
2.994474576271186379e+03
2.996364971751412668e+03
2.997827118644067468e+03
2.998890395480225834e+03
2.999644067796610216e+03
3.000111864406779205e+03
3.000351412429378342e+03
3.000333333333333030e+03
2.999994350282485811e+03
2.999288135593220431e+03
2.998138983050847855e+03
2.996544632768361680e+03
2.994474576271186379e+03
2.991902824858757413e+03
2.988797740112994234e+03
2.985122033898304835e+03
2.980905084745762906e+03
2.976237288135593190e+03
2.971562711864406992e+03
2.966986440677966129e+03
2.962511864406779750e+03
2.958212429378530942e+03
2.954168361581921090e+03
2.950404519774011533e+03
2.946986440677966129e+03
2.943952542372881453e+03
2.941396610169491396e+03
2.939374011299435097e+03
2.937985310734463383e+03
2.937256497175141249e+03
2.937215819209039182e+03
2.937805649717513916e+03
2.938929943502824244e+03
2.940482485875706061e+03
2.942322033898304653e+03
2.944387570621468967e+03
2.946604519774010896e+03
2.948942372881355368e+03
2.951404519774011078e+03
2.953978531073445993e+03
2.956712994350282315e+03
2.959663276836157820e+03
2.962865536723163586e+03
2.966396610169491396e+03
2.970288135593219522e+03
2.974603389830508604e+03
2.979301694915253847e+03
2.984351412429378342e+03
2.989659887005649580e+03
2.995114124293784698e+03
3.000546892655367174e+03
3.005389830508474006e+03
3.009543502824858479e+03
3.012897175141242769e+03
3.015392090395479954e+03
3.017019209039547604e+03
3.017793220338982792e+03
3.017707344632768127e+03
3.016740112994350056e+03
3.014853107344632463e+03
3.012745762711864245e+03
3.010740112994350056e+03
3.008752542372881180e+03
3.006674576271186197e+03
3.004453107344632372e+03
3.002028248587570488e+03
2.999413559322033507e+03
2.996637288135593280e+03
2.993738983050847310e+03
2.990810169491525357e+03
2.987920903954802270e+03
2.985201129943502565e+03
2.982701694915253938e+03
2.980508474576270601e+03
2.978613559322033325e+03
2.977023728813559046e+03
2.975687005649717321e+03
2.974564971751412486e+03
2.973588700564971987e+03
2.972706214689265380e+03
2.971844067796610034e+03
2.970987570621468876e+03
2.970192090395479681e+03
2.969535593220338797e+03
2.969132203389830011e+03
2.969042937853107105e+03
2.969345762711864154e+03
2.970070056497174846e+03
2.971274576271185651e+03
2.972993220338982610e+03
2.975255367231638047e+03
2.978072316384180340e+03
2.981424858757061429e+03
2.985068926553671645e+03
2.988059887005649216e+03
2.990473446327682723e+03
2.992383050847457071e+03
2.993853107344632008e+03
2.994962711864406174e+03
2.995753672316383472e+03
2.996281355932203041e+03
2.996543502824858479e+03
2.996494915254236730e+03
2.996082485875705970e+03
2.995242937853106923e+03
2.993955932203389239e+03
2.992194350282485175e+03
2.989914124293784880e+03
2.987077966101694074e+03
2.983657627118643177e+03
2.979649717514123495e+03
2.975119774011299342e+03
2.970181920903954506e+03
2.965333333333333030e+03
2.960575141242937207e+03
2.955980790960451486e+03
2.951595480225988467e+03
2.947507344632767854e+03
2.943710734463276367e+03
2.940283615819208535e+03
2.937282485875705788e+03
2.934789830508474097e+03
2.932873446327683268e+03
2.931627118644067650e+03
2.931056497175140976e+03
2.931161581920903700e+03
2.931864406779660840e+03
2.933049717514124040e+03
2.934596610169491214e+03
2.936409039548022520e+03
2.938419209039547241e+03
2.940576271186439953e+03
2.942849717514123768e+03
2.945238418079095936e+03
2.947764971751412304e+03
2.950479096045197366e+03
2.953446327683615891e+03
2.956709604519774075e+03
2.960333333333333030e+03
2.964340112994350420e+03
2.968768361581920544e+03
2.973578531073445902e+03
2.978711864406779569e+03
2.984072316384180340e+03
2.989559322033898752e+03
2.995059887005649216e+03
2.999908474576271146e+03
3.004004519774010987e+03
3.007268926553671918e+03
3.009671186440677957e+03
3.011192090395479681e+03
3.011887005649717139e+03
3.011685875706214574e+03
3.010559322033897843e+03
3.008481355932202860e+03
3.006267796610169171e+03
3.004114124293785153e+03
3.001897175141242769e+03
2.999563841807908830e+03
2.997046327683615345e+03
2.994314124293785426e+03
2.991396610169491396e+03
2.988314124293784971e+03
2.985153672316384018e+03
2.981984180790959726e+03
2.978922033898304562e+03
2.976045197740112599e+03
2.973438418079095754e+03
2.971131073446326809e+03
2.969122033898304380e+03
2.967395480225987740e+03
2.965906214689265198e+03
2.964602259887004948e+03
2.963409039548022065e+03
2.962279096045197548e+03
2.961138983050846946e+03
2.960039548022598410e+03
2.959049717514124040e+03
2.958241807909604177e+03
2.957714124293785062e+03
2.957540112994350238e+03
2.957767231638417798e+03
2.958425988700564631e+03
2.959580790960451850e+03
2.961277966101694346e+03
2.963526553672315913e+03
2.966310734463276276e+03
2.969613559322033325e+03
2.972988700564971623e+03
2.975763841807909102e+03
2.978005649717513734e+03
2.979786440677965402e+03
2.981177401129943064e+03
2.982224858757061611e+03
2.982996610169490850e+03
2.983512994350282497e+03
2.983761581920903609e+03
2.983683615819208626e+03
2.983197740112993870e+03
2.982291525423728672e+03
2.980929943502824244e+03
2.979088135593219704e+03
2.976703954802259432e+03
2.973760451977400862e+03
2.970230508474575799e+03
2.966164971751411940e+03
2.961590960451976571e+03
2.956897175141242769e+03
2.952272316384180158e+03
2.947805649717513461e+03
2.943514124293784789e+03
2.939445197740112235e+03
2.935646327683615709e+03
2.932189830508474188e+03
2.929120903954801634e+03
2.926484745762711100e+03
2.924385310734463019e+03
2.922915254237287627e+03
2.922129943502824062e+03
2.922028248587570488e+03
2.922548022598869920e+03
2.923613559322033780e+03
2.925079096045197730e+03
2.926870056497175028e+03
2.928891525423728581e+03
2.931075706214688580e+03
2.933390960451977207e+03
2.935816949152542293e+03
2.938361581920903518e+03
2.941053107344632735e+03
2.943957062146891985e+03
2.947110734463276458e+03
2.950595480225988467e+03
2.954464406779660749e+03
2.958737853107344563e+03
2.963418079096044949e+03
2.968435028248587514e+03
2.973736723163841361e+03
2.979233898305084040e+03
2.984794350282485539e+03
2.990116384180790192e+03
2.994750282485875232e+03
2.998584180790960090e+03
3.001576271186439953e+03
3.003717514124293302e+03
3.005027118644067286e+03
3.005450847457626878e+03
3.004998870056496798e+03
3.003576271186439953e+03
3.001235028248587241e+03
2.998995480225988103e+03
2.996776271186440226e+03
2.994463276836158002e+03
2.992000000000000000e+03
2.989334463276835777e+03
2.986472316384180431e+03
2.983427118644067377e+03
2.980259887005649034e+03
2.977053107344631826e+03
2.973876836158191509e+03
2.970832768361581657e+03
2.968032768361581475e+03
2.965503954802259159e+03
2.963284745762711282e+03
2.961354802259886128e+03
2.959685875706214119e+03
2.958232768361581293e+03
2.956918644067795867e+03
2.955687005649716866e+03
2.954461016949152054e+03
2.953263276836157729e+03
2.952129943502824972e+03
2.951145762711864336e+03
2.950390960451977207e+03
2.949967231638417616e+03
2.949892655367230873e+03
2.950240677966101430e+03
2.951042937853107105e+03
2.952367231638417707e+03
2.954238418079095482e+03
2.956663276836157820e+03
2.959621468926553462e+03
2.963081355932203223e+03
2.966482485875705606e+03
2.969327683615818842e+03
2.971675706214688944e+03
2.973603389830508149e+03
2.975172881355932077e+03
2.976465536723163495e+03
2.977510734463276094e+03
2.978294915254236912e+03
2.978797740112994234e+03
2.978942372881355823e+03
2.978677966101694437e+03
2.977993220338982610e+03
2.976858757062146651e+03
2.975221468926553371e+03
2.973010169491524721e+03
2.970216949152541929e+03
2.966864406779660385e+03
2.962989830508474370e+03
2.958642937853107014e+03
2.953936723163841634e+03
2.949298305084745152e+03
2.944810169491524903e+03
2.940505084745762360e+03
2.936455367231637865e+03
2.932692655367231055e+03
2.929248587570621112e+03
2.926214689265536435e+03
2.923672316384180249e+03
2.921696045197739750e+03
2.920380790960452032e+03
2.919760451977400862e+03
2.919785310734463110e+03
2.920387570621468512e+03
2.921442937853107196e+03
2.922868926553672281e+03
2.924577401129943155e+03
2.926480225988700113e+03
2.928505084745762360e+03
2.930668926553672009e+03
2.932940112994350329e+03
2.935343502824858206e+03
2.937899435028248263e+03
2.940693785310734256e+03
2.943769491525423746e+03
2.947204519774010805e+03
2.951022598870056299e+03
2.955246327683615164e+03
2.959857627118643904e+03
2.964783050847457162e+03
2.969928813559321952e+03
2.975216949152541929e+03
2.980529943502824608e+03
2.985477966101694619e+03
2.989687005649717321e+03
2.993093785310734347e+03
2.995656497175140885e+03
2.997409039548022520e+03
2.998327683615819296e+03
2.998348022598869647e+03
2.997433898305084767e+03
2.995557062146892349e+03
2.993465536723163495e+03
2.991440677966101248e+03
2.989370621468926402e+03
2.987179661016949012e+03
2.984794350282485539e+03
2.982204519774011260e+03
2.979424858757061884e+03
2.976473446327683632e+03
2.973412429378530760e+03
2.970348022598869647e+03
2.967368361581920908e+03
2.964566101694915233e+03
2.962005649717513734e+03
2.959735593220339069e+03
2.957758192090395369e+03
2.956066666666666606e+03
2.954594350282485721e+03
2.953332203389830283e+03
2.952160451977400953e+03
2.951029378531073235e+03
2.949914124293785335e+03
2.948838418079096300e+03
2.947875706214689217e+03
2.947096045197739841e+03
2.946595480225988467e+03
2.946413559322033507e+03
2.946615819209039728e+03
2.947266666666666424e+03
2.948403389830508331e+03
2.950065536723163859e+03
2.952272316384181067e+03
2.955031638418079183e+03
2.958317514124293666e+03
2.961945762711864518e+03
2.964967231638418070e+03
2.967433898305084767e+03
2.969431638418079274e+03
2.971040677966101612e+03
2.972329943502824790e+03
2.973341242937853167e+03
2.974090395480226107e+03
2.974567231638417979e+03
2.974679096045197184e+03
2.974418079096044949e+03
2.973745762711864245e+03
2.972651977401129898e+03
2.971065536723163859e+03
2.968941242937853076e+03
2.966224858757062066e+03
2.962918644067796777e+03
2.959044067796609852e+03
2.954685875706214574e+03
2.949898305084745516e+03
2.945020338983050351e+03
2.940255367231638047e+03
2.935658757062146833e+03
2.931282485875705788e+03
2.927162711864406447e+03
2.923338983050847219e+03
2.919879096045197457e+03
2.916854237288135209e+03
2.914371751412429148e+03
2.912524293785310874e+03
2.911338983050847219e+03
2.910854237288135664e+03
2.910976271186440499e+03
2.911631638418079092e+03
2.912710734463276822e+03
2.914120903954802088e+03
2.915776271186440226e+03
2.917603389830508149e+03
2.919553672316383654e+03
2.921632768361581384e+03
2.923838418079095391e+03
2.926203389830508058e+03
2.928764971751411849e+03
2.931599999999999454e+03
2.934755932203389420e+03
2.938301694915253847e+03
2.942250847457626605e+03
2.946607909604519136e+03
2.951319774011299160e+03
2.956323163841807400e+03
2.961528813559320952e+03
2.966844067796609579e+03
2.972134463276835504e+03
2.977021468926553098e+03
2.981144632768361134e+03
2.984441807909603995e+03
2.986924293785310510e+03
2.988603389830508149e+03
2.989394350282485902e+03
2.989282485875705788e+03
2.988212429378530487e+03
2.986176271186440317e+03
2.984062146892655164e+03
2.981954802259886492e+03
2.979769491525423291e+03
2.977419209039547695e+03
2.974873446327683268e+03
2.972123163841807582e+03
2.969175141242937570e+03
2.966084745762711464e+03
2.962917514124293120e+03
2.959779661016948467e+03
2.956767231638417798e+03
2.953985310734462473e+03
2.951449717514124131e+03
2.949192090395479681e+03
2.947199999999999818e+03
2.945492655367231237e+03
2.943985310734463383e+03
2.942612429378530578e+03
2.941296045197739659e+03
2.939994350282485357e+03
2.938714124293785062e+03
2.937511864406779750e+03
2.936450847457626878e+03
2.935605649717514098e+03
2.935050847457627242e+03
2.934806779661016662e+03
2.934976271186440499e+03
2.935586440677965584e+03
2.936699435028248445e+03
2.938363841807909466e+03
2.940568361581920726e+03
2.943290395480225925e+03
2.946499435028248172e+03
2.949836158192089897e+03
2.952589830508474279e+03
2.954847457627118274e+03
2.956681355932202678e+03
2.958197740112994325e+03
2.959435028248587059e+03
2.960451977401129625e+03
2.961201129943502565e+03
2.961654237288134937e+03
2.961778531073445720e+03
2.961552542372880453e+03
2.960920903954801361e+03
2.959866666666665878e+03
2.958318644067795958e+03
2.956225988700563903e+03
2.953584180790960090e+03
2.950361581920903063e+03
2.946639548022598319e+03
2.942459887005649307e+03
2.937945762711864063e+03
2.933353672316383381e+03
2.928914124293784880e+03
2.924651977401129443e+03
2.920595480225988467e+03
2.916818079096045039e+03
2.913371751412429148e+03
2.910296045197739659e+03
2.907705084745762178e+03
2.905728813559321679e+03
2.904403389830507876e+03
2.903741242937852348e+03
2.903736723163841361e+03
2.904300564971750646e+03
2.905345762711863699e+03
2.906751412429378433e+03
2.908450847457626878e+03
2.910362711864406265e+03
2.912404519774010623e+03
2.914579661016948648e+03
2.916882485875705697e+03
2.919315254237287718e+03
2.921899435028248263e+03
2.924720903954801543e+03
2.927839548022598137e+03
2.931293785310733711e+03
2.935149152542372576e+03
2.939387570621468512e+03
2.943997740112994052e+03
2.948931073446326991e+03
2.954117514124293393e+03
2.959470056497174483e+03
2.964854237288135664e+03
2.969879096045197457e+03
2.974201129943502565e+03
2.977754802259886674e+03
2.980554802259886856e+03
2.982589830508474279e+03
2.983793220338982792e+03
2.984125423728813075e+03
2.983534463276836050e+03
2.982040677966101612e+03
2.979861016949152599e+03
2.977779661016949376e+03
2.975627118644067195e+03
2.973389830508474915e+03
2.970970621468926765e+03
2.968351412429378797e+03
2.965510734463277004e+03
2.962505084745762360e+03
2.959383050847457525e+03
2.956213559322033689e+03
2.953133333333333212e+03
2.950215819209039637e+03
2.947529943502824608e+03
2.945112994350282861e+03
2.942968361581921272e+03
2.941090395480226107e+03
2.939471186440678139e+03
2.938023728813559501e+03
2.936667796610169717e+03
2.935346892655367355e+03
2.934018079096045312e+03
2.932745762711864700e+03
2.931580790960451850e+03
2.930592090395480227e+03
2.929842937853107287e+03
2.929393220338983156e+03
2.929316384180790919e+03
2.929658757062146833e+03
2.930482485875706061e+03
2.931806779661016662e+03
2.933677966101694892e+03
2.936076836158192236e+03
2.938985310734463383e+03
2.942375141242937843e+03
2.945245197740112872e+03
2.947595480225988467e+03
2.949477966101694619e+03
2.950983050847457889e+03
2.952213559322034143e+03
2.953195480225988831e+03
2.953928813559322407e+03
2.954375141242937389e+03
2.954506214689265562e+03
2.954307344632768036e+03
2.953746892655367446e+03
2.952759322033898570e+03
2.951317514124293666e+03
2.949358192090395733e+03
2.946832768361582112e+03
2.943752542372881180e+03
2.940110734463276913e+03
2.935996610169491760e+03
2.931467796610169444e+03
2.926792090395480045e+03
2.922253107344632554e+03
2.917847457627118729e+03
2.913654237288135391e+03
2.909687005649717321e+03
2.905998870056497253e+03
2.902644067796610216e+03
2.899719774011299251e+03
2.897340112994349965e+03
2.895581920903954597e+03
2.894483615819208808e+03
2.894051977401129989e+03
2.894238418079095936e+03
2.894915254237288082e+03
2.896033898305084676e+03
2.897476836158192327e+03
2.899164971751412395e+03
2.900997740112994506e+03
2.902970621468926765e+03
2.905047457627119002e+03
2.907233898305084949e+03
2.909575141242938116e+03
2.912081355932203223e+03
2.914844067796610034e+03
2.917915254237288536e+03
2.921345762711864609e+03
2.925164971751412850e+03
2.929357062146892531e+03
2.933901694915254666e+03
2.938720903954802452e+03
2.943762711864406810e+03
2.948905084745762906e+03
2.954018079096045312e+03
2.958870056497175028e+03
2.962971751412429512e+03
2.966336723163842180e+03
2.968916384180791283e+03
2.970688135593220522e+03
2.971589830508474734e+03
2.971575141242937661e+03
2.970641807909604722e+03
2.968769491525424201e+03
2.966851977401130171e+03
2.964977401129943701e+03
2.963015819209039819e+03
2.960898305084745516e+03
2.958604519774011351e+03
2.956089265536723360e+03
2.953368361581920908e+03
2.950496045197740386e+03
2.947550282485875869e+03
2.944627118644068105e+03
2.941836158192090352e+03
2.939240677966102339e+03
2.936885875706215302e+03
2.934796610169491942e+03
2.933011299435028377e+03
2.931499435028248627e+03
2.930216949152542838e+03
2.929046327683616255e+03
2.927932203389830647e+03
2.926839548022599047e+03
2.925762711864406810e+03
2.924783050847458071e+03
2.923955932203390148e+03
2.923316384180790919e+03
2.922945762711864518e+03
2.922914124293785790e+03
2.923245197740113326e+03
2.924028248587570943e+03
2.925299435028248809e+03
2.927105084745762724e+03
2.929403389830508786e+03
2.932231638418079456e+03
2.935543502824859388e+03
2.939167231638418343e+03
2.942202259887006221e+03
2.944720903954802452e+03
2.946829378531073417e+03
2.948596610169491669e+03
2.950105084745762724e+03
2.951370621468926856e+03
2.952341242937853167e+03
2.953002259887005948e+03
2.953322033898305563e+03
2.953288135593220431e+03
2.952846327683615982e+03
2.951969491525424019e+03
2.950593220338983429e+03
2.948654237288135846e+03
2.946138983050847855e+03
2.943038418079096573e+03
2.939413559322034416e+03
2.935319774011299614e+03
2.930838418079096300e+03
2.926282485875706698e+03
2.921863276836158548e+03
2.917620338983051624e+03
2.913590960451977935e+03
2.909813559322034052e+03
2.906337853107344927e+03
2.903236158192090443e+03
2.900638418079096482e+03
2.898621468926553916e+03
2.897276836158192964e+03
2.896584180790961000e+03
2.896543502824858933e+03
2.897064406779661567e+03
2.898073446327683996e+03
2.899458757062147015e+03
2.901133333333334122e+03
2.902997740112994506e+03
2.905029378531074144e+03
2.907181920903955415e+03
2.909447457627119093e+03
2.911862146892655801e+03
2.914402259887006039e+03
2.917186440677966857e+03
2.920237288135593190e+03
2.923637288135593735e+03
2.927414689265536708e+03
2.931571751412429421e+03
2.936089265536723360e+03
2.940931073446327900e+03
2.946048587570621748e+03
2.951316384180791374e+03
2.956614689265536981e+03
2.961657627118644541e+03
2.966013559322034325e+03
2.969623728813559410e+03
2.972492655367232146e+03
2.974567231638417979e+03
2.975806779661017572e+03
2.976124293785311238e+03
2.975540112994350238e+03
2.974022598870056754e+03
2.971891525423729036e+03
2.969842937853107287e+03
2.967742372881355550e+03
2.965561581920904246e+03
2.963198870056497071e+03
2.960650847457627151e+03
2.957884745762712100e+03
2.954935593220338887e+03
2.951885875706215302e+03
2.948804519774011624e+03
2.945810169491525812e+03
2.942953672316384655e+03
2.940326553672316550e+03
2.937975141242938207e+03
2.935911864406780296e+03
2.934131073446327719e+03
2.932609039548023247e+03
2.931249717514124313e+03
2.929987570621468876e+03
2.928749152542372940e+03
2.927549152542373122e+03
2.926419209039548150e+03
2.925392090395480409e+03
2.924541242937853440e+03
2.923922033898305472e+03
2.923600000000000364e+03
2.923612429378531488e+03
2.924040677966102521e+03
2.924951412429379161e+03
2.926379661016949740e+03
2.928322033898305563e+03
2.930762711864407720e+03
2.933697175141243861e+03
2.937136723163842362e+03
2.939941242937853531e+03
2.942202259887006221e+03
2.943988700564972532e+03
2.945413559322034416e+03
2.946537853107345654e+03
2.947389830508475370e+03
2.947968361581921272e+03
2.948266666666667334e+03
2.948259887005650398e+03
2.947911864406780296e+03
2.947211299435029105e+03
2.946106214689266380e+03
2.944558192090396005e+03
2.942457627118645178e+03
2.939804519774012078e+03
2.936603389830509514e+03
2.932846327683616437e+03
2.928604519774012260e+03
2.923962711864407538e+03
2.919214689265537345e+03
2.914590960451977935e+03
2.910129943502825427e+03
2.905856497175142067e+03
2.901787570621469058e+03
2.898004519774011897e+03
2.894554802259887765e+03
2.891532203389831011e+03
2.889075706214689944e+03
2.887262146892655892e+03
2.886112994350283316e+03
2.885637288135593735e+03
2.885766101694915960e+03
2.886428248587571034e+03
2.887536723163841998e+03
2.888986440677966584e+03
2.890683615819209535e+03
2.892588700564972441e+03
2.894638418079096482e+03
2.896804519774012078e+03
2.899098305084746244e+03
2.901528813559322771e+03
2.904154802259888129e+03
2.907036158192091534e+03
2.910233898305085404e+03
2.913796610169491942e+03
2.917734463276836777e+03
2.922053107344633645e+03
2.926728813559322589e+03
2.931703954802260796e+03
2.936885875706215302e+03
2.942180790960452669e+03
2.947461016949153418e+03
2.952123163841808491e+03
2.956082485875706880e+03
2.959305084745763452e+03
2.961755932203390785e+03
2.963403389830509695e+03
2.964188700564972351e+03
2.964062146892656074e+03
2.963011299435028832e+03
2.961013559322034325e+03
2.958927683615819660e+03
2.956873446327684178e+03
2.954738983050848219e+03
2.952493785310734893e+03
2.950059887005650126e+03
2.947416949152543111e+03
2.944588700564972896e+03
2.941590960451978390e+03
2.938520903954803089e+03
2.935481355932204224e+03
2.932563841807910649e+03
2.929818079096045949e+03
2.927318644067797322e+03
2.925084745762712373e+03
2.923168361581921999e+03
2.921518644067797595e+03
2.920072316384181704e+03
2.918761581920904973e+03
2.917506214689266471e+03
2.916276836158192964e+03
2.915102824858758140e+03
2.914031638418079638e+03
2.913085875706215575e+03
2.912337853107345381e+03
2.911849717514125132e+03
2.911672316384181613e+03
2.911861016949153054e+03
2.912503954802260523e+03
2.913635028248588242e+03
2.915270056497175574e+03
2.917407909604520682e+03
2.920072316384181249e+03
2.923236158192090898e+03
2.926723163841808855e+03
2.929607909604520501e+03
2.931986440677967039e+03
2.933943502824859024e+03
2.935579661016950013e+03
2.936948022598870921e+03
2.938029378531073689e+03
2.938832768361582566e+03
2.939333333333333485e+03
2.939536723163841998e+03
2.939387570621469422e+03
2.938859887005650307e+03
2.937906214689266108e+03
2.936459887005650216e+03
2.934453107344633281e+03
2.931859887005649853e+03
2.928706214689265835e+03
2.925039548022599320e+03
2.920891525423729036e+03
2.916379661016949285e+03
2.911728813559322589e+03
2.907218079096045585e+03
2.902902824858757413e+03
2.898772881355932441e+03
2.894866666666666788e+03
2.891271186440678321e+03
2.888074576271186743e+03
2.885387570621469422e+03
2.883294915254237822e+03
2.881874576271186925e+03
2.881142372881356550e+03
2.881046327683616710e+03
2.881533333333334213e+03
2.882496045197741296e+03
2.883861016949153054e+03
2.885548022598870375e+03
2.887479096045198276e+03
2.889544632768362135e+03
2.891771751412429694e+03
2.894099435028248990e+03
2.896561581920904246e+03
2.899186440677966402e+03
2.902035028248587878e+03
2.905166101694915596e+03
2.908635028248588242e+03
2.912477966101695529e+03
2.916681355932203587e+03
2.921251977401130262e+03
2.926152542372881726e+03
2.931340112994350875e+03
2.936673446327683905e+03
2.942074576271186743e+03
2.947380790960452487e+03
2.952093785310734802e+03
2.956107344632769127e+03
2.959404519774011987e+03
2.961889265536723997e+03
2.963534463276836959e+03
2.964309604519774439e+03
2.964175141242938480e+03
2.963091525423729308e+03
2.961057627118644632e+03
2.958905084745762906e+03
2.956741242937853713e+03
2.954487005649717958e+03
2.952092655367232055e+03
2.949494915254238094e+03
2.946691525423729672e+03
2.943703954802260796e+03
2.940618079096046131e+03
2.937511864406780205e+03
2.934477966101695529e+03
2.931593220338983883e+03
2.928905084745763361e+03
2.926505084745763270e+03
2.924411299435028923e+03
2.922616949152542929e+03
2.921070056497175756e+03
2.919687005649718230e+03
2.918425988700565540e+03
2.917212429378531397e+03
2.916053107344633190e+03
2.914968361581921272e+03
2.914015819209040274e+03
2.913236158192090898e+03
2.912679096045199003e+03
2.912411299435028923e+03
2.912475706214690035e+03
2.912972881355933168e+03
2.913952542372881908e+03
2.915433898305085677e+03
2.917413559322034416e+03
2.919894915254238185e+03
2.922887005649718049e+03
2.926394350282486812e+03
2.929693785310735166e+03
2.932424858757062793e+03
2.934702824858757594e+03
2.936610169491525994e+03
2.938205649717514916e+03
2.939528813559322771e+03
2.940550282485876323e+03
2.941276836158192964e+03
2.941689265536723724e+03
2.941770621468927402e+03
2.941496045197740841e+03
2.940795480225989195e+03
2.939630508474577255e+03
2.937917514124294485e+03
2.935630508474577255e+03
2.932746892655368356e+03
2.929303954802260705e+03
2.925332203389831193e+03
2.920936723163842544e+03
2.916200000000000728e+03
2.911374011299435551e+03
2.906708474576272238e+03
2.902209039548023611e+03
2.897910734463277549e+03
2.893866666666667697e+03
2.890176271186441227e+03
2.886926553672316913e+03
2.884253107344633463e+03
2.882207909604520410e+03
2.880827118644068378e+03
2.880124293785311238e+03
2.880055367231639138e+03
2.880526553672317277e+03
2.881435028248588424e+03
2.882699435028249354e+03
2.884263276836159093e+03
2.886024858757063157e+03
2.887948022598870921e+03
2.890010169491526540e+03
2.892193220338984247e+03
2.894516384180791647e+03
2.897033898305085586e+03
2.899821468926554189e+03
2.902942372881357187e+03
2.906412429378531669e+03
2.910257627118644905e+03
2.914487005649718412e+03
2.919074576271187198e+03
2.924001129943503656e+03
2.929155932203390876e+03
2.934462146892656165e+03
2.939757062146893531e+03
2.944890395480226744e+03
2.949324293785311511e+03
2.953033898305085131e+03
2.955966101694916233e+03
2.958080225988701386e+03
2.959314124293786335e+03
2.959662146892655983e+03
2.959044067796610761e+03
2.957473446327684542e+03
2.955237288135594099e+03
2.953051977401130898e+03
2.950803389830509332e+03
2.948454237288136483e+03
2.945905084745763361e+03
2.943152542372882181e+03
2.940186440677966857e+03
2.937074576271187198e+03
2.933897175141243679e+03
2.930738983050848219e+03
2.927662146892655983e+03
2.924753672316385291e+03
2.922083615819210536e+03
2.919728813559323498e+03
2.917685875706215484e+03
2.915907344632769309e+03
2.914319774011300524e+03
2.912856497175142067e+03
2.911480225988701932e+03
2.910149152542373940e+03
2.908885875706216211e+03
2.907718644067797868e+03
2.906697175141243861e+03
2.905872316384181886e+03
2.905276836158192964e+03
2.904992090395480773e+03
2.905088135593221068e+03
2.905614689265537436e+03
2.906632768361582748e+03
2.908140112994350602e+03
2.910117514124294303e+03
2.912630508474576800e+03
2.915654237288135846e+03
2.919194350282486084e+03
2.922407909604520228e+03
2.925101694915254484e+03
2.927387570621469422e+03
2.929343502824859570e+03
2.930987570621469786e+03
2.932344632768362317e+03
2.933406779661017936e+03
2.934157062146893622e+03
2.934597740112995325e+03
2.934696045197741114e+03
2.934388700564972623e+03
2.933650847457628515e+03
2.932380790960452941e+03
2.930548022598871285e+03
2.928131073446328628e+03
2.925127683615819478e+03
2.921571751412429876e+03
2.917519774011300342e+03
2.913090395480227016e+03
2.908410169491526176e+03
2.903859887005650307e+03
2.899456497175142431e+03
2.895225988700565722e+03
2.891215819209040092e+03
2.887502824858757776e+03
2.884178531073447175e+03
2.881362711864407629e+03
2.879145762711865245e+03
2.877585310734464201e+03
2.876673446327684360e+03
2.876410169491526176e+03
2.876733333333334031e+03
2.877557062146893259e+03
2.878778531073447084e+03
2.880315254237289082e+03
2.882089265536723360e+03
2.884047457627119002e+03
2.886128813559322680e+03
2.888344632768362317e+03
2.890688135593220977e+03
2.893200000000000728e+03
2.895952542372881908e+03
2.898976271186441409e+03
2.902352542372881999e+03
2.906088135593221068e+03
2.910218079096045585e+03
2.914717514124294212e+03
2.919578531073446811e+03
2.924728813559322589e+03
2.930058757062147379e+03
2.935464406779661203e+03
2.940819209039548696e+03
2.945697175141243406e+03
2.949898305084746426e+03
2.953346892655367810e+03
2.955997740112994961e+03
2.957836158192090807e+03
2.958784180790960818e+03
2.958792090395480955e+03
2.957863276836158548e+03
2.956001129943503656e+03
2.953637288135593735e+03
2.951258757062147652e+03
2.948796610169492396e+03
2.946186440677966857e+03
2.943363841807910376e+03
2.940315254237289082e+03
2.937087005649718321e+03
2.933737853107345472e+03
2.930351412429379707e+03
2.927024858757063157e+03
2.923790960451978208e+03
2.920787570621469968e+03
2.918039548022599774e+03
2.915613559322034689e+03
2.913484745762712464e+03
2.911588700564972441e+03
2.909841807909605450e+03
2.908213559322034598e+03
2.906641807909605177e+03
2.905144632768362499e+03
2.903720903954802452e+03
2.902428248587571488e+03
2.901293785310735075e+03
2.900375141242938298e+03
2.899738983050848219e+03
2.899431638418079729e+03
2.899555932203390512e+03
2.900155932203389966e+03
2.901235028248587696e+03
2.902798870056497435e+03
2.904887005649718049e+03
2.907499435028249081e+03
2.910663276836158730e+03
2.914315254237288627e+03
2.917410169491526176e+03
2.920059887005650126e+03
2.922351412429379252e+03
2.924324293785311056e+03
2.926029378531074144e+03
2.927418079096045403e+03
2.928542372881356641e+03
2.929381920903955688e+03
2.929897175141243679e+03
2.930064406779661567e+03
2.929842937853108197e+03
2.929126553672316732e+03
2.927876836158192418e+03
2.926050847457627697e+03
2.923639548022599229e+03
2.920645197740112962e+03
2.917138983050847855e+03
2.913192090395480591e+03
2.908911864406780296e+03
2.904393220338983156e+03
2.899681355932204042e+03
2.895100564971751737e+03
2.890701694915254848e+03
2.886529943502825517e+03
2.882697175141243861e+03
2.879311864406779932e+03
2.876463276836158457e+03
2.874233898305084949e+03
2.872674576271187107e+03
2.871758192090395823e+03
2.871448587570622294e+03
2.871685875706215029e+03
2.872362711864407174e+03
2.873393220338983156e+03
2.874705084745763088e+03
2.876237288135593190e+03
2.877931073446327900e+03
2.879741242937853258e+03
2.881674576271186652e+03
2.883758192090395823e+03
2.886063276836158821e+03
2.888604519774011351e+03
2.891474576271186379e+03
2.894688135593220977e+03
2.898282485875706698e+03
2.902251977401130262e+03
2.906604519774011351e+03
2.911289265536723178e+03
2.916222598870056572e+03
2.921306214689265744e+03
2.926403389830508786e+03
2.931384180790961182e+03
2.936153672316384473e+03
2.940247457627118820e+03
2.943564971751412486e+03
2.946099435028248990e+03
2.947769491525424201e+03
2.948541242937853440e+03
2.948394350282485902e+03
2.947291525423728672e+03
2.945219209039548332e+03
2.943099435028248990e+03
2.940932203389830647e+03
2.938656497175141794e+03
2.936189830508474643e+03
2.933496045197740386e+03
2.930603389830508604e+03
2.927546892655367628e+03
2.924419209039548150e+03
2.921287005649717685e+03
2.918224858757062066e+03
2.915310734463276731e+03
2.912631638418079547e+03
2.910246327683616073e+03
2.908181920903954961e+03
2.906359322033898025e+03
2.904719774011299705e+03
2.903214689265536890e+03
2.901810169491525812e+03
2.900463276836158002e+03
2.899176271186440772e+03
2.898003389830508240e+03
2.896977401129943701e+03
2.896127683615819478e+03
2.895522033898305381e+03
2.895204519774011715e+03
2.895281355932203951e+03
2.895811299435028559e+03
2.896804519774011169e+03
2.898276836158192054e+03
2.900240677966101885e+03
2.902729943502825336e+03
2.905752542372881635e+03
2.909319774011299614e+03
2.912676836158192600e+03
2.915533333333333758e+03
2.918002259887005948e+03
2.920129943502824972e+03
2.921966101694915324e+03
2.923519774011299432e+03
2.924786440677966311e+03
2.925785310734463565e+03
2.926479096045197821e+03
2.926856497175141158e+03
2.926853107344632917e+03
2.926418079096045403e+03
2.925472316384180431e+03
2.923974011299435006e+03
2.921909604519773893e+03
2.919246327683616073e+03
2.916037288135593371e+03
2.912312994350282224e+03
2.908240677966101430e+03
2.903872316384180522e+03
2.899265536723163677e+03
2.894493785310734438e+03
2.889876836158191963e+03
2.885480225988701022e+03
2.881363841807909921e+03
2.877654237288135391e+03
2.874433898305084767e+03
2.871801129943502929e+03
2.869827118644067923e+03
2.868531073446328264e+03
2.867875706214689671e+03
2.867804519774011169e+03
2.868246327683616073e+03
2.869073446327683996e+03
2.870258757062147197e+03
2.871701694915254393e+03
2.873323163841807855e+03
2.875085875706214665e+03
2.876980790960451941e+03
2.879041807909604358e+03
2.881273446327683814e+03
2.883736723163841816e+03
2.886501694915254120e+03
2.889606779661016844e+03
2.893070056497174846e+03
2.896926553672316459e+03
2.901175141242938025e+03
2.905763841807909557e+03
2.910666666666666970e+03
2.915777401129943428e+03
2.920996610169491760e+03
2.926167231638418343e+03
2.931181920903954961e+03
2.935688135593220522e+03
2.939476836158191873e+03
2.942501694915254575e+03
2.944693785310734711e+03
2.946016949152543020e+03
2.946427118644068287e+03
2.945910734463277095e+03
2.944450847457626878e+03
2.942180790960452214e+03
2.939896045197740023e+03
2.937546892655367628e+03
2.935005649717514643e+03
2.932256497175141249e+03
2.929276836158192054e+03
2.926124293785310783e+03
2.922858757062146651e+03
2.919520903954802634e+03
2.916175141242937570e+03
2.912942372881355823e+03
2.909892655367231782e+03
2.907105084745762724e+03
2.904611299435028741e+03
2.902383050847457525e+03
2.900355932203390239e+03
2.898483615819209263e+03
2.896693785310734711e+03
2.894985310734463383e+03
2.893328813559322043e+03
2.891752542372881180e+03
2.890306214689265289e+03
2.888998870056497253e+03
2.887870056497175028e+03
2.887020338983051261e+03
2.886508474576271055e+03
2.886396610169491396e+03
2.886728813559321679e+03
2.887538983050847492e+03
2.888801129943502929e+03
2.890575141242938116e+03
2.892873446327683723e+03
2.895714124293785062e+03
2.899077966101694983e+03
2.902092655367231600e+03
2.904659887005649580e+03
2.906880225988700658e+03
2.908781920903954415e+03
2.910383050847457525e+03
2.911716384180790556e+03
2.912785310734462655e+03
2.913553672316384109e+03
2.914048587570621294e+03
2.914215819209039182e+03
2.913967231638418070e+03
2.913257627118643995e+03
2.912028248587570488e+03
2.910247457627118365e+03
2.907902824858756958e+03
2.904968361581920362e+03
2.901518644067796686e+03
2.897667796610169262e+03
2.893499435028248627e+03
2.889083615819208717e+03
2.884555932203389602e+03
2.880153672316384473e+03
2.875896045197740023e+03
2.871879096045197912e+03
2.868172881355932077e+03
2.864916384180790828e+03
2.862188700564971441e+03
2.860084745762711918e+03
2.858644067796610216e+03
2.857845197740112781e+03
2.857637288135592826e+03
2.857952542372880998e+03
2.858741242937852803e+03
2.859882485875706152e+03
2.861318644067796413e+03
2.862967231638417616e+03
2.864785310734462655e+03
2.866706214689264925e+03
2.868760451977400862e+03
2.870951412429378252e+03
2.873337853107344927e+03
2.875969491525423109e+03
2.878907344632768400e+03
2.882174011299434824e+03
2.885818079096045039e+03
2.889829378531073417e+03
2.894202259887005312e+03
2.898911864406779841e+03
2.903867796610169535e+03
2.908978531073446447e+03
2.914103954802259977e+03
2.919141242937853349e+03
2.923938983050847128e+03
2.928239548022598683e+03
2.931795480225988285e+03
2.934570621468926674e+03
2.936526553672316368e+03
2.937604519774010896e+03
2.937758192090394914e+03
2.936987570621468876e+03
2.935264406779660931e+03
2.933152542372881271e+03
2.931002259887005494e+03
2.928733333333333121e+03
2.926280225988700295e+03
2.923603389830508604e+03
2.920742372881355550e+03
2.917740112994350056e+03
2.914615819209039728e+03
2.911458757062146560e+03
2.908364971751412213e+03
2.905431638418078819e+03
2.902716384180791010e+03
2.900281355932203496e+03
2.898133333333333212e+03
2.896212429378530942e+03
2.894487005649717503e+03
2.892871186440678230e+03
2.891341242937853167e+03
2.889873446327683268e+03
2.888476836158191873e+03
2.887183050847457707e+03
2.886001129943502747e+03
2.884983050847457889e+03
2.884163841807909648e+03
2.883673446327683905e+03
2.883551412429378615e+03
2.883839548022599047e+03
2.884553672316384109e+03
2.885723163841807946e+03
2.887384180790960272e+03
2.889564971751412486e+03
2.892270056497175574e+03
2.895493785310734438e+03
2.898988700564971623e+03
2.901976271186440954e+03
2.904605649717514098e+03
2.906892655367231782e+03
2.908901694915253756e+03
2.910619209039547968e+03
2.912091525423728854e+03
2.913310734463277186e+03
2.914262146892655437e+03
2.914922033898305017e+03
2.915237288135593190e+03
2.915119774011299342e+03
2.914526553672316368e+03
2.913411299435028013e+03
2.911722033898305199e+03
2.909454237288135573e+03
2.906632768361581839e+03
2.903358192090395278e+03
2.899734463276836323e+03
2.895836158192090807e+03
2.891684745762712282e+03
2.887263276836158184e+03
2.882824858757062430e+03
2.878587570621469240e+03
2.874628248587570852e+03
2.871039548022598865e+03
2.867909604519773893e+03
2.865394350282485902e+03
2.863498305084745880e+03
2.862261016949152690e+03
2.861653107344633099e+03
2.861614689265536981e+03
2.862062146892655619e+03
2.862942372881356278e+03
2.864133333333333212e+03
2.865574011299435369e+03
2.867212429378531397e+03
2.868974011299435460e+03
2.870835028248588060e+03
2.872833898305084858e+03
2.875007909604520137e+03
2.877410169491525721e+03
2.880099435028248990e+03
2.883092655367232055e+03
2.886436158192090716e+03
2.890167231638418343e+03
2.894251977401129807e+03
2.898689265536723724e+03
2.903437288135593008e+03
2.908375141242938298e+03
2.913428248587570579e+03
2.918431638418079274e+03
2.923297175141243315e+03
2.927720903954802452e+03
2.931445197740113144e+03
2.934421468926553644e+03
2.936597740112994870e+03
2.937924293785310965e+03
2.938352542372881544e+03
2.937881355932203405e+03
2.936458757062147015e+03
2.934361581920904428e+03
2.932297175141243315e+03
2.930131073446327719e+03
2.927812429378531306e+03
2.925280225988700749e+03
2.922563841807909739e+03
2.919654237288135846e+03
2.916614689265536981e+03
2.913475706214689581e+03
2.910359322033898479e+03
2.907338983050847673e+03
2.904523163841807673e+03
2.901970621468926765e+03
2.899680225988700840e+03
2.897662146892655073e+03
2.895835028248588060e+03
2.894172881355932532e+03
2.892614689265536981e+03
2.891120903954802088e+03
2.889707344632768582e+03
2.888383050847457980e+03
2.887162711864406901e+03
2.886068926553672100e+03
2.885162711864406901e+03
2.884512994350282497e+03
2.884227118644068014e+03
2.884322033898305563e+03
2.884812429378531306e+03
2.885750282485876141e+03
2.887170621468926583e+03
2.889085875706215120e+03
2.891526553672316822e+03
2.894491525423729399e+03
2.897950282485876414e+03
2.901036158192090625e+03
2.903654237288135846e+03
2.905905084745762906e+03
2.907815819209039546e+03
2.909418079096045403e+03
2.910732203389830829e+03
2.911783050847458071e+03
2.912558192090396005e+03
2.913035028248587878e+03
2.913169491525423837e+03
2.912891525423729036e+03
2.912160451977401863e+03
2.910911864406780296e+03
2.909093785310735257e+03
2.906654237288135846e+03
2.903624858757062611e+03
2.900075706214689490e+03
2.896126553672316732e+03
2.891848587570621930e+03
2.887301694915254757e+03
2.882600000000000364e+03
2.878006779661017390e+03
2.873543502824859388e+03
2.869324293785311056e+03
2.865421468926554098e+03
2.861940112994350784e+03
2.858990960451978026e+03
2.856655367231638593e+03
2.854985310734463383e+03
2.853944632768361771e+03
2.853518644067797140e+03
2.853612429378531488e+03
2.854167231638418343e+03
2.855109604519774621e+03
2.856351412429378797e+03
2.857810169491525812e+03
2.859428248587571034e+03
2.861158192090396369e+03
2.863030508474576891e+03
2.865053107344633645e+03
2.867283615819209444e+03
2.869764971751412759e+03
2.872528813559322771e+03
2.875627118644068105e+03
2.879116384180791101e+03
2.882981920903955142e+03
2.887203389830508968e+03
2.891770621468926947e+03
2.896586440677966493e+03
2.901579661016949558e+03
2.906606779661017299e+03
2.911554802259887310e+03
2.916300564971751555e+03
2.920541242937852985e+03
2.924045197740113053e+03
2.926771751412429694e+03
2.928654237288135846e+03
2.929663276836158730e+03
2.929749152542372940e+03
2.928882485875706152e+03
2.927050847457627242e+03
2.924972881355932714e+03
2.922851977401130171e+03
2.920611299435028741e+03
2.918179661016949467e+03
2.915563841807909739e+03
2.912745762711864700e+03
2.909762711864406810e+03
2.906646327683615709e+03
2.903511864406779750e+03
2.900422598870056390e+03
2.897490395480225743e+03
2.894779661016949831e+03
2.892341242937853622e+03
2.890193220338983338e+03
2.888254237288136210e+03
2.886510734463277004e+03
2.884879096045197912e+03
2.883355932203390239e+03
2.881896045197740477e+03
2.880546892655367628e+03
2.879283615819209444e+03
2.878120903954802543e+03
2.877116384180791101e+03
2.876368361581921363e+03
2.875922033898305472e+03
2.875830508474576618e+03
2.876128813559322225e+03
2.876850847457627879e+03
2.878016949152543020e+03
2.879676836158192600e+03
2.881862146892655801e+03
2.884546892655367628e+03
2.887766101694915960e+03
2.891187570621469604e+03
2.894125423728814440e+03
2.896665536723164223e+03
2.898830508474577073e+03
2.900697175141243406e+03
2.902276836158192509e+03
2.903594350282486630e+03
2.904674576271187107e+03
2.905476836158192782e+03
2.905977401129944155e+03
2.906122033898305745e+03
2.905874576271186925e+03
2.905155932203389966e+03
2.903890395480226289e+03
2.902040677966102521e+03
2.899605649717514552e+03
2.896638418079096482e+03
2.893239548022599593e+03
2.889479096045198276e+03
2.885455367231638775e+03
2.881152542372881726e+03
2.876566101694915687e+03
2.872081355932204133e+03
2.867771751412429694e+03
2.863745762711864700e+03
2.860103954802259977e+03
2.856959322033898388e+03
2.854409039548023429e+03
2.852501694915254575e+03
2.851248587570622021e+03
2.850625988700565358e+03
2.850594350282486630e+03
2.851080225988700931e+03
2.851983050847457889e+03
2.853255367231638957e+03
2.854778531073446629e+03
2.856496045197740386e+03
2.858344632768361862e+03
2.860343502824858660e+03
2.862490395480226198e+03
2.864816949152542747e+03
2.867357062146892531e+03
2.870179661016949467e+03
2.873322033898305563e+03
2.876804519774011624e+03
2.880665536723163768e+03
2.884896045197740023e+03
2.889505084745762815e+03
2.894412429378531215e+03
2.899534463276836050e+03
2.904750282485875687e+03
2.909962711864407083e+03
2.915037288135593371e+03
2.919656497175141340e+03
2.923578531073446356e+03
2.926772881355932441e+03
2.929169491525423837e+03
2.930751412429378433e+03
2.931433898305085222e+03
2.931196610169491578e+03
2.930027118644067741e+03
2.927923163841807764e+03
2.925630508474576345e+03
2.923262146892655437e+03
2.920743502824859206e+03
2.918050847457627242e+03
2.915168361581921090e+03
2.912088135593220613e+03
2.908867796610169989e+03
2.905561581920904246e+03
2.902258757062147197e+03
2.899062146892655619e+03
2.896064406779661113e+03
2.893329943502824790e+03
2.890855367231638866e+03
2.888648587570621203e+03
2.886639548022599229e+03
2.884769491525423746e+03
2.883018079096045312e+03
2.881368361581920908e+03
2.879801129943502929e+03
2.878315254237288173e+03
2.876940112994350329e+03
2.875698305084745698e+03
2.874653107344632645e+03
2.873880225988700658e+03
2.873431638418079274e+03
2.873345762711864609e+03
2.873671186440677957e+03
2.874440677966101703e+03
2.875689265536723269e+03
2.877430508474576072e+03
2.879685875706214574e+03
2.882465536723163495e+03
2.885794350282485539e+03
2.888820338983050533e+03
2.891406779661017026e+03
2.893609039548022338e+03
2.895479096045197821e+03
2.897041807909604813e+03
2.898337853107344472e+03
2.899384180790960272e+03
2.900203389830508058e+03
2.900728813559322134e+03
2.900933333333333394e+03
2.900763841807909557e+03
2.900183050847457707e+03
2.899079096045197730e+03
2.897418079096045403e+03
2.895151412429378979e+03
2.892303954802259796e+03
2.888980790960452396e+03
2.885268926553672827e+03
2.881232768361582202e+03
2.876908474576271146e+03
2.872299435028248809e+03
2.867668926553672463e+03
2.863198870056497071e+03
2.858958192090395642e+03
2.855038418079096118e+03
2.851559322033898297e+03
2.848621468926553462e+03
2.846309604519773984e+03
2.844655367231638593e+03
2.843648587570621658e+03
2.843264406779660931e+03
2.843413559322034416e+03
2.844053107344632735e+03
2.845090395480226107e+03
2.846429378531073780e+03
2.847988700564971623e+03
2.849716384180790556e+03
2.851589830508474734e+03
2.853594350282485721e+03
2.855778531073446175e+03
2.858157062146892713e+03
2.860772881355932441e+03
2.863682485875706334e+03
2.866915254237288536e+03
2.870520903954802179e+03
2.874498305084745880e+03
2.878842937853107287e+03
2.883519774011299432e+03
2.888476836158191873e+03
2.893598870056497617e+03
2.898754802259887128e+03
2.903849717514124222e+03
2.908750282485875687e+03
2.913218079096044676e+03
2.916961581920903882e+03
2.919924293785310510e+03
2.922063276836157911e+03
2.923323163841807400e+03
2.923650847457627151e+03
2.923005649717513734e+03
2.921403389830508331e+03
2.919198870056497071e+03
2.916967231638417616e+03
2.914610169491525085e+03
2.912110734463276458e+03
2.909414689265536708e+03
2.906554802259886856e+03
2.903520903954802179e+03
2.900371751412429603e+03
2.897177401129943064e+03
2.894038418079096118e+03
2.891056497175140976e+03
2.888318644067796413e+03
2.885855367231638411e+03
2.883649717514123950e+03
2.881675706214688944e+03
2.879879096045197912e+03
2.878224858757062066e+03
2.876687005649717321e+03
2.875264406779660931e+03
2.873922033898305017e+03
2.872668926553672463e+03
2.871514124293785244e+03
2.870554802259886856e+03
2.869827118644067468e+03
2.869425988700565085e+03
2.869352542372881544e+03
2.869654237288135846e+03
2.870379661016949285e+03
2.871584180790960545e+03
2.873257627118643995e+03
2.875415819209039910e+03
2.878109604519774166e+03
2.881338983050847673e+03
2.885118644067796595e+03
2.888588700564971987e+03
2.891636158192090079e+03
2.894307344632768491e+03
2.896641807909604722e+03
2.898661016949152327e+03
2.900419209039548150e+03
2.901901694915254211e+03
2.903094915254237094e+03
2.903964971751412122e+03
2.904453107344632372e+03
2.904546892655367174e+03
2.904129943502824972e+03
2.903142372881356096e+03
2.901520903954802634e+03
2.899288135593220431e+03
2.896501694915254120e+03
2.893257627118644450e+03
2.889615819209039728e+03
2.885641807909604722e+03
2.881355932203389784e+03
2.876737853107344563e+03
2.871987570621468876e+03
2.867410169491525266e+03
2.863114124293785153e+03
2.859201129943502565e+03
2.855788700564971805e+03
2.852958192090395642e+03
2.850763841807910012e+03
2.849241807909604631e+03
2.848349152542372394e+03
2.848044067796610307e+03
2.848282485875706243e+03
2.848962711864407083e+03
2.849987570621468876e+03
2.851303954802259796e+03
2.852809039548022611e+03
2.854472316384180886e+03
2.856272316384180613e+03
2.858223728813559319e+03
2.860363841807909012e+03
2.862729943502824426e+03
2.865375141242937389e+03
2.868338983050847219e+03
2.871657627118644086e+03
2.875357062146892531e+03
2.879451977401129625e+03
2.883908474576271146e+03
2.888687005649717321e+03
2.893688135593220068e+03
2.898822598870056026e+03
2.903971751412429057e+03
2.909007909604519682e+03
2.913809039548022611e+03
2.918135593220338706e+03
2.921716384180791010e+03
2.924505084745762360e+03
2.926438418079096209e+03
2.927467796610169444e+03
2.927544632768361680e+03
2.926663276836157820e+03
2.924836158192090807e+03
2.922496045197739932e+03
2.920092655367231600e+03
2.917536723163841998e+03
2.914801129943502929e+03
2.911876836158191963e+03
2.908768361581920544e+03
2.905518644067796231e+03
2.902160451977401408e+03
2.898812429378531306e+03
2.895560451977401044e+03
2.892490395480226198e+03
2.889680225988700840e+03
2.887140112994350147e+03
2.884859887005649398e+03
2.882762711864406810e+03
2.880807909604519409e+03
2.879002259887005494e+03
2.877298305084746062e+03
2.875700564971751191e+03
2.874163841807909193e+03
2.872727683615818933e+03
2.871435028248587514e+03
2.870350282485876050e+03
2.869531073446327355e+03
2.869005649717514643e+03
2.868851977401130171e+03
2.869094915254237549e+03
2.869781920903955324e+03
2.870933333333333394e+03
2.872563841807909739e+03
2.874700564971751191e+03
2.877384180790960727e+03
2.880607909604520046e+03
2.884089265536723360e+03
2.887088135593220613e+03
2.889682485875706334e+03
2.891918644067796777e+03
2.893835028248587605e+03
2.895461016949152508e+03
2.896832768361581657e+03
2.897927683615819660e+03
2.898732203389830829e+03
2.899214689265536890e+03
2.899333333333333485e+03
2.899000000000000455e+03
2.898118644067797050e+03
2.896649717514124404e+03
2.894570621468927129e+03
2.891902824858757413e+03
2.888766101694915051e+03
2.885220338983051079e+03
2.881334463276836686e+03
2.877119774011299342e+03
2.872611299435028286e+03
2.867822598870056481e+03
2.863161581920903700e+03
2.858709604519774075e+03
2.854571751412428966e+03
2.850863276836158093e+03
2.847690395480225561e+03
2.845135593220338706e+03
2.843224858757062066e+03
2.841950282485875505e+03
2.841302824858757049e+03
2.841206779661017208e+03
2.841596610169491214e+03
2.842397740112994143e+03
2.843511864406779296e+03
2.844871186440677775e+03
2.846395480225988649e+03
2.848068926553672554e+03
2.849896045197740023e+03
2.851876836158192418e+03
2.854072316384180795e+03
2.856534463276836505e+03
2.859268926553672372e+03
2.862353672316384291e+03
2.865821468926553734e+03
2.869680225988700386e+03
2.873937853107344381e+03
2.878549152542372667e+03
2.883456497175141521e+03
2.888541242937852985e+03
2.893715254237288264e+03
2.898863276836158548e+03
2.903842937853107287e+03
2.908516384180791192e+03
2.912498305084745880e+03
2.915738983050847310e+03
2.918150282485875778e+03
2.919693785310734711e+03
2.920293785310734620e+03
2.919970621468926765e+03
2.918712994350282315e+03
2.916529943502824608e+03
2.914049717514124040e+03
2.911475706214689126e+03
2.908734463276836323e+03
2.905801129943502929e+03
2.902670056497175210e+03
2.899363841807909921e+03
2.895927683615819205e+03
2.892451977401129625e+03
2.889010169491525176e+03
2.885714124293785062e+03
2.882659887005649580e+03
2.879864406779661294e+03
2.877324293785311056e+03
2.874977401129943246e+03
2.872821468926553734e+03
2.870804519774011169e+03
2.868917514124294030e+03
2.867115254237288354e+03
2.865405649717514279e+03
2.863778531073446175e+03
2.862268926553672827e+03
2.860955932203390148e+03
2.859871186440677775e+03
2.859067796610169353e+03
2.858595480225988922e+03
2.858503954802259614e+03
2.858818079096045039e+03
2.859616949152542475e+03
2.860874576271186925e+03
2.862646327683616164e+03
2.864945762711864518e+03
2.867809039548022611e+03
2.871224858757062066e+03
2.874727683615819387e+03
2.877809039548023065e+03
2.880523163841808127e+03
2.882902824858757413e+03
2.885016949152542566e+03
2.886872316384180522e+03
2.888500564971751373e+03
2.889840677966101794e+03
2.890901694915254666e+03
2.891631638418079092e+03
2.891981920903955142e+03
2.891816949152542293e+03
2.891102824858757231e+03
2.889777401129943883e+03
2.887845197740113690e+03
2.885400000000000546e+03
2.882514124293785699e+03
2.879228248587571215e+03
2.875611299435028741e+03
2.871654237288135846e+03
2.867385310734463928e+03
2.862796610169491942e+03
2.858091525423728854e+03
2.853633898305085495e+03
2.849542372881356641e+03
2.845942372881356278e+03
2.842910734463277095e+03
2.840493785310734893e+03
2.838726553672317095e+03
2.837598870056497617e+03
2.837067796610169353e+03
2.837054237288135482e+03
2.837494915254237640e+03
2.838291525423729126e+03
2.839362711864407174e+03
2.840633898305085040e+03
2.842067796610169808e+03
2.843648587570621658e+03
2.845375141242938298e+03
2.847299435028248809e+03
2.849448587570621385e+03
2.851855367231638411e+03
2.854575141242938116e+03
2.857651977401130353e+03
2.861091525423728854e+03
2.864960451977401135e+03
2.869197740112994325e+03
2.873751412429378888e+03
2.878538983050847492e+03
2.883497175141243133e+03
2.888475706214689581e+03
2.893369491525423655e+03
2.898056497175141430e+03
2.902413559322034416e+03
2.906377401129943792e+03
2.909569491525424382e+03
2.911929943502825154e+03
2.913383050847457980e+03
2.913901694915254666e+03
2.913483615819209263e+03
2.912134463276836414e+03
2.909882485875706152e+03
2.907525423728813621e+03
2.905044067796610307e+03
2.902378531073446538e+03
2.899510734463277004e+03
2.896442937853107651e+03
2.893211299435028195e+03
2.889887005649717594e+03
2.886538983050847946e+03
2.883267796610169626e+03
2.880202259887006221e+03
2.877362711864407174e+03
2.874784180790960818e+03
2.872409039548022520e+03
2.870230508474576709e+03
2.868214689265536890e+03
2.866334463276836232e+03
2.864552542372881362e+03
2.862855367231638866e+03
2.861227118644068014e+03
2.859696045197740204e+03
2.858334463276836686e+03
2.857168361581921545e+03
2.856259887005649944e+03
2.855662146892655528e+03
2.855416949152542657e+03
2.855558192090396005e+03
2.856143502824859297e+03
2.857184180790960909e+03
2.858712994350283225e+03
2.860757062146893077e+03
2.863352542372881544e+03
2.866519774011299887e+03
2.870248587570621567e+03
2.873601129943503111e+03
2.876562711864407447e+03
2.879172881355932532e+03
2.881480225988701022e+03
2.883520903954802634e+03
2.885326553672316550e+03
2.886875706214689671e+03
2.888127683615819478e+03
2.889101694915254484e+03
2.889732203389830829e+03
2.889901694915254666e+03
2.889541242937853440e+03
2.888578531073446811e+03
2.887004519774011897e+03
2.884884745762712100e+03
2.882287005649718594e+03
2.879255367231638957e+03
2.875851977401131080e+03
2.872103954802260432e+03
2.868013559322034325e+03
2.863598870056497617e+03
2.858877966101695165e+03
2.854198870056497981e+03
2.849823728813559683e+03
2.845896045197740477e+03
2.842488135593220704e+03
2.839658757062146833e+03
2.837474576271186834e+03
2.835919774011299523e+03
2.835005649717514643e+03
2.834647457627119365e+03
2.834790960451977753e+03
2.835327683615819296e+03
2.836172881355932986e+03
2.837266666666667334e+03
2.838524293785310874e+03
2.839955932203390148e+03
2.841532203389830556e+03
2.843290395480225925e+03
2.845246327683616073e+03
2.847431638418079274e+03
2.849928813559322407e+03
2.852755932203389875e+03
2.855962711864407083e+03
2.859554802259886856e+03
2.863548022598870375e+03
2.867892655367231782e+03
2.872519774011299887e+03
2.877368361581920908e+03
2.882319774011300069e+03
2.887262146892655437e+03
2.892041807909604358e+03
2.896578531073446811e+03
2.900777401129943428e+03
2.904553672316384109e+03
2.907508474576271510e+03
2.909567231638418434e+03
2.910720903954802452e+03
2.910942372881356278e+03
2.910228248587571215e+03
2.908583050847457798e+03
2.906231638418079456e+03
2.903768361581921454e+03
2.901142372881356096e+03
2.898324293785311056e+03
2.895288135593220431e+03
2.892097175141243497e+03
2.888703954802260341e+03
2.885251977401130262e+03
2.881844067796610943e+03
2.878579661016949558e+03
2.875505084745763270e+03
2.872654237288135846e+03
2.870041807909604813e+03
2.867625988700565358e+03
2.865370621468926856e+03
2.863256497175141703e+03
2.861258757062147197e+03
2.859337853107344927e+03
2.857476836158192782e+03
2.855716384180791465e+03
2.854080225988700931e+03
2.852601129943503111e+03
2.851348022598870557e+03
2.850352542372881999e+03
2.849676836158192600e+03
2.849372881355932805e+03
2.849470056497175392e+03
2.850000000000000000e+03
2.850987570621469331e+03
2.852466666666667152e+03
2.854482485875706516e+03
2.857062146892655619e+03
2.860195480225988831e+03
2.863720903954802452e+03
2.866828248587571125e+03
2.869554802259887310e+03
2.871988700564972532e+03
2.874135593220339615e+03
2.876044067796610761e+03
2.877696045197740204e+03
2.879089265536723360e+03
2.880240677966102339e+03
2.881100564971751737e+03
2.881568361581921181e+03
2.881535593220339251e+03
2.880969491525424019e+03
2.879806779661017572e+03
2.878071186440678503e+03
2.875849717514124677e+03
2.873186440677966402e+03
2.870160451977401408e+03
2.866764971751412759e+03
2.863044067796610761e+03
2.859016949152543020e+03
2.854676836158192600e+03
2.850092655367231600e+03
2.845744632768361953e+03
2.841752542372881180e+03
2.838240677966101885e+03
2.835298305084746062e+03
2.832961581920903882e+03
2.831238418079096391e+03
2.830159322033898661e+03
2.829683615819209081e+03
2.829731073446328082e+03
2.830219209039548332e+03
2.831072316384181249e+03
2.832195480225988831e+03
2.833538983050847946e+03
2.835016949152543020e+03
2.836649717514124859e+03
2.838428248587571034e+03
2.840403389830508786e+03
2.842568361581920726e+03
2.845011299435028377e+03
2.847742372881356005e+03
2.850816949152542747e+03
2.854289265536723178e+03
2.858143502824858842e+03
2.862372881355932350e+03
2.866907344632768400e+03
2.871685875706214574e+03
2.876633898305084585e+03
2.881622598870056663e+03
2.886515254237287991e+03
2.891205649717514461e+03
2.895612429378531488e+03
2.899531073446327810e+03
2.902687005649717776e+03
2.905027118644068196e+03
2.906475706214689581e+03
2.907028248587570943e+03
2.906666666666666970e+03
2.905395480225988649e+03
2.903202259887005312e+03
2.900863276836158548e+03
2.898389830508474915e+03
2.895750282485875687e+03
2.892917514124294030e+03
2.889874576271186470e+03
2.886656497175141340e+03
2.883315254237288173e+03
2.879958192090395642e+03
2.876688135593220977e+03
2.873597740112994870e+03
2.870702824858756685e+03
2.868045197740113053e+03
2.865587570621469240e+03
2.863314124293785426e+03
2.861209039548022702e+03
2.859219209039548332e+03
2.857311864406779932e+03
2.855483615819209263e+03
2.853725423728813439e+03
2.852057627118644632e+03
2.850535593220339251e+03
2.849204519774011715e+03
2.848114124293785608e+03
2.847305084745762997e+03
2.846837288135593553e+03
2.846729943502825336e+03
2.847044067796610307e+03
2.847788700564972260e+03
2.849013559322033871e+03
2.850740112994350056e+03
2.853021468926554007e+03
2.855854237288135664e+03
2.859270056497175574e+03
2.862644067796610216e+03
2.865604519774011351e+03
2.868229378531073962e+03
2.870560451977401499e+03
2.872637288135593735e+03
2.874441807909604904e+03
2.876021468926554007e+03
2.877352542372881544e+03
2.878414689265536708e+03
2.879141242937853349e+03
2.879394350282485902e+03
2.879125423728813985e+03
2.878272316384181067e+03
2.876837288135593553e+03
2.874874576271186925e+03
2.872415819209039910e+03
2.869579661016950013e+03
2.866353672316384291e+03
2.862780790960451668e+03
2.858865536723164041e+03
2.854625988700564903e+03
2.850111864406780114e+03
2.845490395480225743e+03
2.841189830508474643e+03
2.837282485875706243e+03
2.833874576271186470e+03
2.831061016949152872e+03
2.828846327683615982e+03
2.827271186440678321e+03
2.826325423728813803e+03
2.825922033898305472e+03
2.826002259887005948e+03
2.826500564971751828e+03
2.827310734463277186e+03
2.828351412429378797e+03
2.829569491525423473e+03
2.830936723163841634e+03
2.832432768361582021e+03
2.834103954802259977e+03
2.835961581920903882e+03
2.838046327683615345e+03
2.840401129943502383e+03
2.843092655367231600e+03
2.846146892655367083e+03
2.849588700564971532e+03
2.853411299435028013e+03
2.857574011299434460e+03
2.862039548022598865e+03
2.866715254237287809e+03
2.871505084745762360e+03
2.876273446327683814e+03
2.880909604519773893e+03
2.885292655367231418e+03
2.889378531073446538e+03
2.893118644067796595e+03
2.896213559322033689e+03
2.898445197740113144e+03
2.899797740112994688e+03
2.900229378531073053e+03
2.899768361581920544e+03
2.898352542372881089e+03
2.896177401129943519e+03
2.893934463276836141e+03
2.891515254237287991e+03
2.888915254237288536e+03
2.886110734463276913e+03
2.883103954802259977e+03
2.879951412429378252e+03
2.876724293785310692e+03
2.873544632768361680e+03
2.870510734463277004e+03
2.867676836158192145e+03
2.865056497175141430e+03
2.862648587570621203e+03
2.860438418079095754e+03
2.858401129943502838e+03
2.856528813559321861e+03
2.854754802259886674e+03
2.853061016949152872e+03
2.851444067796610398e+03
2.849924293785310510e+03
2.848531073446327810e+03
2.847308474576271237e+03
2.846297175141243315e+03
2.845542372881356187e+03
2.845100564971751737e+03
2.845022598870056754e+03
2.845328813559322498e+03
2.846048587570621748e+03
2.847209039548022702e+03
2.848875706214689671e+03
2.851073446327683996e+03
2.853798870056497435e+03
2.857094915254237094e+03
2.860676836158192145e+03
2.863798870056497435e+03
2.866564971751412486e+03
2.869000000000000455e+03
2.871166101694915596e+03
2.873070056497175301e+03
2.874732203389830829e+03
2.876163841807909648e+03
2.877359322033898479e+03
2.878263276836158639e+03
2.878768361581920999e+03
2.878790960451977298e+03
2.878258757062147197e+03
2.877140112994350602e+03
2.875455367231638775e+03
2.873292655367231873e+03
2.870693785310735166e+03
2.867697175141243406e+03
2.864345762711865063e+03
2.860642937853107469e+03
2.856616949152542475e+03
2.852290395480226380e+03
2.847699435028248899e+03
2.843137853107345109e+03
2.838936723163842544e+03
2.835185310734463201e+03
2.831989830508474370e+03
2.829401129943502838e+03
2.827459887005649762e+03
2.826128813559322225e+03
2.825419209039548150e+03
2.825240677966102339e+03
2.825516384180791192e+03
2.826185310734463656e+03
2.827124293785311238e+03
2.828272316384181067e+03
2.829596610169492124e+03
2.831085875706215120e+03
2.832731073446328082e+03
2.834563841807910194e+03
2.836601129943503111e+03
2.838908474576271601e+03
2.841519774011299887e+03
2.844485875706214756e+03
2.847839548022599047e+03
2.851580790960452759e+03
2.855699435028248899e+03
2.860151412429378979e+03
2.864883615819209808e+03
2.869787570621469513e+03
2.874745762711864700e+03
2.879623728813559410e+03
2.884326553672317004e+03
2.888769491525424201e+03
2.892763841807909557e+03
2.895993220338983519e+03
2.898403389830508786e+03
2.899936723163841634e+03
2.900574011299435369e+03
2.900305084745762542e+03
2.899120903954802088e+03
2.897005649717514189e+03
2.894603389830508604e+03
2.892096045197740295e+03
2.889420338983050897e+03
2.886559322033898297e+03
2.883471186440678139e+03
2.880198870056497071e+03
2.876815819209039546e+03
2.873429378531073326e+03
2.870140112994350147e+03
2.867027118644067741e+03
2.864094915254237094e+03
2.861364971751412668e+03
2.858850847457627424e+03
2.856538983050847492e+03
2.854394350282485902e+03
2.852376271186440590e+03
2.850428248587571034e+03
2.848557062146892804e+03
2.846783050847457616e+03
2.845106214689265471e+03
2.843578531073446356e+03
2.842225988700565267e+03
2.841089265536723360e+03
2.840250847457627060e+03
2.839742372881356459e+03
2.839590960451977480e+03
2.839831638418079820e+03
2.840498305084745880e+03
2.841646327683616164e+03
2.843282485875706698e+03
2.845475706214690035e+03
2.848232768361582657e+03
2.851541242937853895e+03
2.854691525423729217e+03
2.857430508474576527e+03
2.859814689265536799e+03
2.861899435028249172e+03
2.863700564971751646e+03
2.865244067796610580e+03
2.866589830508475188e+03
2.867709604519774530e+03
2.868536723163842453e+03
2.869040677966102521e+03
2.869085875706215120e+03
2.868620338983051624e+03
2.867566101694915687e+03
2.865960451977401590e+03
2.863838418079096300e+03
2.861247457627118820e+03
2.858254237288136210e+03
2.854868926553672736e+03
2.851136723163842362e+03
2.847047457627119002e+03
2.842668926553672463e+03
2.838001129943502747e+03
2.833462146892655710e+03
2.829218079096045585e+03
2.825376271186441045e+03
2.822037288135593371e+03
2.819271186440678321e+03
2.817137853107344654e+03
2.815653107344633099e+03
2.814774011299435188e+03
2.814472316384180886e+03
2.814673446327683450e+03
2.815281355932203496e+03
2.816222598870056572e+03
2.817389830508474461e+03
2.818758192090395823e+03
2.820293785310734165e+03
2.821987570621468876e+03
2.823824858757062430e+03
2.825850847457626969e+03
2.828090395480226107e+03
2.830607909604519591e+03
2.833455367231638320e+03
2.836671186440677957e+03
2.840249717514124313e+03
2.844186440677966402e+03
2.848479096045197821e+03
2.853084745762711918e+03
2.857906214689265653e+03
2.862844067796610034e+03
2.867749152542372940e+03
2.872545762711864427e+03
2.877107344632768218e+03
2.881387570621468967e+03
2.885309604519773529e+03
2.888468926553672190e+03
2.890796610169491487e+03
2.892241807909604177e+03
2.892772881355932441e+03
2.892386440677966675e+03
2.891062146892655619e+03
2.888804519774011169e+03
2.886410169491525266e+03
2.883890395480226289e+03
2.881187570621468694e+03
2.878264406779660931e+03
2.875142372881356096e+03
2.871857627118644359e+03
2.868524293785310874e+03
2.865238418079095936e+03
2.862075706214689490e+03
2.859075706214689490e+03
2.856265536723163677e+03
2.853681355932203587e+03
2.851305084745762997e+03
2.849102824858757231e+03
2.847047457627119002e+03
2.845094915254238003e+03
2.843230508474576709e+03
2.841442937853107651e+03
2.839751412429379343e+03
2.838184180790960454e+03
2.836766101694915506e+03
2.835564971751412486e+03
2.834609039548023247e+03
2.833975141242938207e+03
2.833684745762712282e+03
2.833768361581921454e+03
2.834254237288136210e+03
2.835197740112994779e+03
2.836614689265536981e+03
2.838557062146892804e+03
2.841066666666666606e+03
2.844144632768361589e+03
2.847770621468926947e+03
2.851162711864407356e+03
2.854183050847457707e+03
2.856880225988701113e+03
2.859281355932203951e+03
2.861422598870057300e+03
2.863352542372881999e+03
2.865083615819209626e+03
2.866587570621469240e+03
2.867793220338983701e+03
2.868590960451977935e+03
2.868901694915254666e+03
2.868659887005650489e+03
2.867865536723164496e+03
2.866519774011299887e+03
2.864697175141243861e+03
2.862446327683616346e+03
2.859777401129943883e+03
2.856717514124294212e+03
2.853310734463277186e+03
2.849578531073446811e+03
2.845527683615819569e+03
2.841190960451978299e+03
2.836710734463277731e+03
2.832584180790961000e+03
2.828916384180791283e+03
2.825800000000000182e+03
2.823292655367231873e+03
2.821416949152542657e+03
2.820176271186441227e+03
2.819551412429379070e+03
2.819461016949152963e+03
2.819865536723164041e+03
2.820635028248588242e+03
2.821681355932203587e+03
2.822959322033898843e+03
2.824420338983050897e+03
2.826054237288135937e+03
2.827845197740112781e+03
2.829796610169491942e+03
2.831952542372881908e+03
2.834353672316384291e+03
2.837041807909604813e+03
2.840094915254238003e+03
2.843505084745763270e+03
2.847272316384181067e+03
2.851433898305085222e+03
2.855926553672316913e+03
2.860689265536723724e+03
2.865649717514124859e+03
2.870640677966101975e+03
2.875574011299435369e+03
2.880341242937853167e+03
2.884870056497175938e+03
2.889072316384181249e+03
2.892625988700565358e+03
2.895366101694915415e+03
2.897249717514124768e+03
2.898232768361582202e+03
2.898302824858757049e+03
2.897432768361582021e+03
2.895600000000000364e+03
2.893143502824858842e+03
2.890604519774011351e+03
2.887914124293785335e+03
2.885003389830509150e+03
2.881880225988700658e+03
2.878577401129943610e+03
2.875183050847457707e+03
2.871803389830508877e+03
2.868500564971752283e+03
2.865337853107344927e+03
2.862395480225989559e+03
2.859655367231638593e+03
2.857128813559322225e+03
2.854819209039548696e+03
2.852666666666666970e+03
2.850645197740113417e+03
2.848726553672317095e+03
2.846893785310734984e+03
2.845151412429378979e+03
2.843540112994350238e+03
2.842061016949152872e+03
2.840769491525424201e+03
2.839720903954802452e+03
2.838971751412429512e+03
2.838548022598870375e+03
2.838480225988700568e+03
2.838802259887005675e+03
2.839542372881356187e+03
2.840742372881356459e+03
2.842462146892655255e+03
2.844752542372881635e+03
2.847633898305084585e+03
2.851059887005650126e+03
2.854684745762711827e+03
2.857879096045197912e+03
2.860684745762712282e+03
2.863150282485875778e+03
2.865331073446328446e+03
2.867238418079096846e+03
2.868919774011299523e+03
2.870354802259887038e+03
2.871516384180790737e+03
2.872310734463277186e+03
2.872627118644067650e+03
2.872393220338983156e+03
2.871576271186440863e+03
2.870184180790960454e+03
2.868280225988700749e+03
2.865887005649718049e+03
2.863031638418079638e+03
2.859761581920904064e+03
2.856091525423728854e+03
2.852077966101694983e+03
2.847723163841807946e+03
2.843075706214689490e+03
2.838108474576271419e+03
2.833422598870056390e+03
2.829114124293785608e+03
2.825320903954802361e+03
2.822098305084746244e+03
2.819482485875706516e+03
2.817502824858756867e+03
2.816167231638418343e+03
2.815415819209039910e+03
2.815172881355932986e+03
2.815361581920904428e+03
2.815885875706215302e+03
2.816679096045198094e+03
2.817682485875706334e+03
2.818861016949153054e+03
2.820192090395480591e+03
2.821717514124294212e+03
2.823439548022599411e+03
2.825385310734463474e+03
2.827613559322034234e+03
2.830174011299435733e+03
2.833120903954802543e+03
2.836424858757062793e+03
2.840150282485876232e+03
2.844246327683616528e+03
2.848682485875706789e+03
2.853352542372881544e+03
2.858159322033899116e+03
2.862981920903955142e+03
2.867725423728814349e+03
2.872279096045198457e+03
2.876552542372881362e+03
2.880506214689266017e+03
2.883918644067796777e+03
2.886483615819209263e+03
2.888153672316384473e+03
2.888914124293785790e+03
2.888720903954802452e+03
2.887567231638418434e+03
2.885455367231638775e+03
2.882960451977401590e+03
2.880351412429378797e+03
2.877554802259887310e+03
2.874516384180791647e+03
2.871277966101695256e+03
2.867906214689265653e+03
2.864455367231638320e+03
2.861067796610169808e+03
2.857785310734463565e+03
2.854671186440678412e+03
2.851757062146893077e+03
2.849054237288135937e+03
2.846571751412429876e+03
2.844256497175141703e+03
2.842091525423728854e+03
2.840030508474576891e+03
2.838053107344632735e+03
2.836162711864407356e+03
2.834375141242938298e+03
2.832694915254237458e+03
2.831193220338983338e+03
2.829887005649718049e+03
2.828833898305084858e+03
2.828084745762712373e+03
2.827666666666666970e+03
2.827603389830508604e+03
2.827938983050847582e+03
2.828729943502825336e+03
2.829993220338983519e+03
2.831787570621469513e+03
2.834180790960452214e+03
2.837142372881356096e+03
2.840639548022599229e+03
2.844214689265537345e+03
2.847389830508474915e+03
2.850212429378531397e+03
2.852718644067796959e+03
2.854976271186440499e+03
2.856996610169491760e+03
2.858806779661017117e+03
2.860378531073446538e+03
2.861644067796610216e+03
2.862494915254237640e+03
2.862840677966101794e+03
2.862620338983051624e+03
2.861847457627119184e+03
2.860528813559321861e+03
2.858732203389830829e+03
2.856477966101694619e+03
2.853780790960451668e+03
2.850683615819209081e+03
2.847220338983051079e+03
2.843445197740113144e+03
2.839340112994350420e+03
2.834912994350282588e+03
2.830183050847457707e+03
2.825772881355932441e+03
2.821819209039548696e+03
2.818396610169491851e+03
2.815571751412429876e+03
2.813378531073446538e+03
2.811832768361582566e+03
2.810915254237288536e+03
2.810529943502825063e+03
2.810633898305084585e+03
2.811137853107344654e+03
2.811942372881356278e+03
2.812993220338983065e+03
2.814244067796610125e+03
2.815682485875706334e+03
2.817288135593220431e+03
2.819075706214689490e+03
2.821065536723164314e+03
2.823349152542373304e+03
2.825925423728813712e+03
2.828851977401130171e+03
2.832160451977401408e+03
2.835877966101695165e+03
2.840001129943503656e+03
2.844474576271186834e+03
2.849240677966101885e+03
2.854207909604520410e+03
2.859257627118644450e+03
2.864279096045198003e+03
2.869166101694915596e+03
2.873849717514124677e+03
2.878219209039548332e+03
2.882210169491525448e+03
2.885411299435028468e+03
2.887772881355932441e+03
2.889270056497175119e+03
2.889854237288135664e+03
2.889485875706214756e+03
2.888171751412429330e+03
2.885929943502825154e+03
2.883155932203389966e+03
2.880222598870056572e+03
2.877040677966101612e+03
2.873646327683616164e+03
2.870065536723163859e+03
2.866397740112994597e+03
2.862709604519774075e+03
2.859112994350282861e+03
2.855639548022599229e+03
2.852337853107344927e+03
2.849263276836158184e+03
2.846396610169491396e+03
2.843711864406779569e+03
2.841195480225988831e+03
2.838803389830508877e+03
2.836516384180791192e+03
2.834307344632768945e+03
2.832190960451977844e+03
2.830174011299435278e+03
2.828297175141243315e+03
2.826622598870057118e+03
2.825180790960452214e+03
2.824014689265537072e+03
2.823179661016949467e+03
2.822675706214689399e+03
2.822562711864406992e+03
2.822853107344632917e+03
2.823625988700565358e+03
2.824907344632768400e+03
2.826789830508475006e+03
2.829247457627118820e+03
2.832256497175141249e+03
2.835787570621469058e+03
2.839166101694915596e+03
2.842180790960452214e+03
2.844876836158192418e+03
2.847309604519774439e+03
2.849532203389830556e+03
2.851552542372881362e+03
2.853379661016949740e+03
2.854945762711864973e+03
2.856155932203389966e+03
2.856919774011299523e+03
2.857142372881356096e+03
2.856832768361582112e+03
2.855990960451977571e+03
2.854636158192090988e+03
2.852818079096045949e+03
2.850542372881356641e+03
2.847854237288135664e+03
2.844793220338983701e+03
2.841371751412430058e+03
2.837618079096045676e+03
2.833544632768362135e+03
2.829158192090396369e+03
2.824481355932203769e+03
2.820186440677966857e+03
2.816371751412430058e+03
2.813112994350282861e+03
2.810484745762712464e+03
2.808457627118644723e+03
2.807051977401130898e+03
2.806238418079096391e+03
2.805944632768362226e+03
2.806063276836158821e+03
2.806522033898305381e+03
2.807237288135593190e+03
2.808183050847457707e+03
2.809292655367231873e+03
2.810570621468927129e+03
2.811994350282486266e+03
2.813614689265536981e+03
2.815444067796610398e+03
2.817572881355932623e+03
2.820022598870056754e+03
2.822812429378531306e+03
2.825987570621469331e+03
2.829559322033898752e+03
2.833518644067797140e+03
2.837793220338983701e+03
2.842310734463277186e+03
2.846970621468927220e+03
2.851663276836158730e+03
2.856279096045198003e+03
2.860729943502825336e+03
2.864936723163842544e+03
2.868805649717514825e+03
2.872334463276836686e+03
2.875319774011299614e+03
2.877451977401130534e+03
2.878684745762712282e+03
2.878976271186441409e+03
2.878288135593221341e+03
2.876645197740113417e+03
2.874266666666667334e+03
2.871724293785311602e+03
2.868966101694915778e+03
2.865988700564972532e+03
2.862792090395480500e+03
2.859458757062147470e+03
2.856067796610170262e+03
2.852702824858757594e+03
2.849414689265537163e+03
2.846291525423729581e+03
2.843353672316384745e+03
2.840625988700565358e+03
2.838094915254238003e+03
2.835724293785311602e+03
2.833496045197740386e+03
2.831359322033898934e+03
2.829340112994350875e+03
2.827368361581921818e+03
2.825510734463277004e+03
2.823766101694915960e+03
2.822209039548023611e+03
2.820833898305085313e+03
2.819720903954802907e+03
2.818894915254237731e+03
2.818389830508474915e+03
2.818257627118644450e+03
2.818506214689266017e+03
2.819184180790961364e+03
2.820353672316385200e+03
2.822081355932204133e+03
2.824385310734463928e+03
2.827263276836159093e+03
2.830681355932204042e+03
2.834576271186441772e+03
2.838089265536724270e+03
2.841256497175142158e+03
2.844129943502825427e+03
2.846752542372882090e+03
2.849180790960452669e+03
2.851422598870057300e+03
2.853418079096045858e+03
2.855109604519774621e+03
2.856394350282486357e+03
2.857171751412430240e+03
2.857411299435028923e+03
2.857100564971752192e+03
2.856277966101695711e+03
2.854942372881356732e+03
2.853098305084746244e+03
2.850832768361582566e+03
2.848158192090396369e+03
2.845096045197740750e+03
2.841671186440678866e+03
2.837920903954803180e+03
2.833816949152543202e+03
2.829401129943503292e+03
2.824794350282486448e+03
2.820612429378531942e+03
2.816957062146893350e+03
2.813900564971751919e+03
2.811472316384181795e+03
2.809673446327684360e+03
2.808479096045198276e+03
2.807853107344633827e+03
2.807691525423729217e+03
2.807916384180791738e+03
2.808451977401130534e+03
2.809255367231638957e+03
2.810248587570622021e+03
2.811400000000000546e+03
2.812728813559322589e+03
2.814225988700565722e+03
2.815934463276837050e+03
2.817893785310734984e+03
2.820157062146893168e+03
2.822745762711864700e+03
2.825693785310734711e+03
2.829061016949152872e+03
2.832830508474577073e+03
2.836955932203390148e+03
2.841368361581921363e+03
2.845977401129944155e+03
2.850681355932203587e+03
2.855389830508474915e+03
2.859984180790960636e+03
2.864360451977401681e+03
2.868465536723164405e+03
2.872229378531073962e+03
2.875637288135593735e+03
2.878384180790960727e+03
2.880247457627118820e+03
2.881183050847457707e+03
2.881146892655367992e+03
2.880154802259887219e+03
2.878228248587571215e+03
2.875690395480226471e+03
2.872943502824859479e+03
2.869977401129944155e+03
2.866770621468926947e+03
2.863384180790961182e+03
2.859882485875707061e+03
2.856358192090396187e+03
2.852877966101695165e+03
2.849493785310734893e+03
2.846283615819209444e+03
2.843263276836158639e+03
2.840428248587571034e+03
2.837763841807910012e+03
2.835224858757062975e+03
2.832802259887006130e+03
2.830462146892655710e+03
2.828212429378531851e+03
2.826035028248587878e+03
2.823957062146892895e+03
2.821998870056497708e+03
2.820221468926553825e+03
2.818655367231638593e+03
2.817350282485876050e+03
2.816361581920904428e+03
2.815684745762711827e+03
2.815392090395480409e+03
2.815470056497175392e+03
2.816021468926554007e+03
2.817101694915254484e+03
2.818737853107344563e+03
2.820962711864406629e+03
2.823734463276836323e+03
2.827020338983051261e+03
2.830552542372881817e+03
2.833702824858757594e+03
2.836537853107344745e+03
2.839110734463277367e+03
2.841467796610169898e+03
2.843622598870057118e+03
2.845637288135593735e+03
2.847371751412430058e+03
2.848759322033898570e+03
2.849677966101695347e+03
2.850111864406780114e+03
2.850010169491525630e+03
2.849400000000000546e+03
2.848285875706214938e+03
2.846700564971751646e+03
2.844674576271187107e+03
2.842244067796610580e+03
2.839431638418079274e+03
2.836272316384181067e+03
2.832784180790960818e+03
2.828962711864407083e+03
2.824865536723164041e+03
2.820445197740113144e+03
2.816158192090395914e+03
2.812342372881355914e+03
2.809048587570621748e+03
2.806353672316384291e+03
2.804282485875706698e+03
2.802836158192090807e+03
2.801968361581921272e+03
2.801605649717514552e+03
2.801656497175141340e+03
2.802041807909604358e+03
2.802707344632768582e+03
2.803589830508474734e+03
2.804636158192090988e+03
2.805831638418078910e+03
2.807193220338983338e+03
2.808738983050847310e+03
2.810510734463277004e+03
2.812552542372881362e+03
2.814876836158192418e+03
2.817545762711864882e+03
2.820620338983050715e+03
2.824101694915254484e+03
2.827935593220338887e+03
2.832098305084745789e+03
2.836520903954802634e+03
2.841089265536723360e+03
2.845710734463276822e+03
2.850266666666666879e+03
2.854684745762712282e+03
2.858864406779661294e+03
2.862729943502824881e+03
2.866235028248588151e+03
2.869369491525423655e+03
2.871691525423729217e+03
2.873119774011299342e+03
2.873614689265536981e+03
2.873152542372881726e+03
2.871758192090395823e+03
2.869519774011299887e+03
2.866967231638418525e+03
2.864192090395480591e+03
2.861180790960452214e+03
2.857958192090395642e+03
2.854587570621469240e+03
2.851154802259887219e+03
2.847698305084745698e+03
2.844331073446327537e+03
2.841107344632768218e+03
2.838057627118643722e+03
2.835185310734463201e+03
2.832501694915254120e+03
2.829981920903954688e+03
2.827599999999999909e+03
2.825300564971751555e+03
2.823077966101694983e+03
2.820925423728814167e+03
2.818868926553672281e+03
2.816927683615819205e+03
2.815143502824858842e+03
2.813553672316384109e+03
2.812197740112994325e+03
2.811125423728813530e+03
2.810362711864406720e+03
2.809924293785310510e+03
2.809853107344632917e+03
2.810216949152542384e+03
2.811083615819208717e+03
2.812483615819208808e+03
2.814454237288135118e+03
2.816990960451977116e+03
2.820056497175140976e+03
2.823622598870056208e+03
2.826851977401129261e+03
2.829757062146893077e+03
2.832376271186440590e+03
2.834755932203390330e+03
2.836979661016949194e+03
2.839049717514124495e+03
2.840897175141242769e+03
2.842444067796610398e+03
2.843594350282485721e+03
2.844282485875706243e+03
2.844470056497174937e+03
2.844141242937853349e+03
2.843360451977400771e+03
2.842063276836158366e+03
2.840303954802259796e+03
2.838142372881356096e+03
2.835603389830508604e+03
2.832687005649717321e+03
2.829440677966101248e+03
2.825880225988700658e+03
2.822003389830508240e+03
2.817839548022599047e+03
2.813375141242937389e+03
2.809128813559322225e+03
2.805394350282485902e+03
2.802218079096045130e+03
2.799674576271186197e+03
2.797753672316383927e+03
2.796440677966101703e+03
2.795683615819209081e+03
2.795374011299435097e+03
2.795481355932203769e+03
2.795871186440677775e+03
2.796524293785310874e+03
2.797395480225988649e+03
2.798416949152542202e+03
2.799599999999999909e+03
2.800970621468926765e+03
2.802541242937852985e+03
2.804346892655367355e+03
2.806438418079095754e+03
2.808854237288135664e+03
2.811647457627118456e+03
2.814848587570621476e+03
2.818436158192090261e+03
2.822383050847457525e+03
2.826629378531073598e+03
2.831088135593220613e+03
2.835665536723163768e+03
2.840236158192090443e+03
2.844716384180790556e+03
2.849006779661016935e+03
2.853032768361581930e+03
2.856728813559322134e+03
2.860056497175140976e+03
2.862865536723164041e+03
2.864836158192090352e+03
2.865875706214689217e+03
2.865974011299435006e+03
2.865108474576270964e+03
2.863353672316384291e+03
2.860907344632768400e+03
2.858268926553671918e+03
2.855415819209039455e+03
2.852353672316384291e+03
2.849096045197740295e+03
2.845734463276836323e+03
2.842336723163842180e+03
2.838972881355932259e+03
2.835714124293785062e+03
2.832627118644067650e+03
2.829738983050847310e+03
2.827022598870056299e+03
2.824483615819208808e+03
2.822093785310734347e+03
2.819801129943502929e+03
2.817595480225988467e+03
2.815474576271186379e+03
2.813438418079095754e+03
2.811489265536722996e+03
2.809676836158191691e+03
2.808027118644067741e+03
2.806609039548022338e+03
2.805435028248587514e+03
2.804531073446327810e+03
2.803932203389829738e+03
2.803673446327683450e+03
2.803795480225988285e+03
2.804379661016948830e+03
2.805476836158191873e+03
2.807109604519773711e+03
2.809320903954801906e+03
2.812067796610168898e+03
2.815332203389830283e+03
2.818900564971751010e+03
2.822065536723163405e+03
2.824933333333333394e+03
2.827536723163841998e+03
2.829923163841807764e+03
2.832153672316383563e+03
2.834195480225988376e+03
2.835968361581920817e+03
2.837363841807909466e+03
2.838318644067796413e+03
2.838790960451977298e+03
2.838750282485875687e+03
2.838202259887005312e+03
2.837126553672315822e+03
2.835586440677965584e+03
2.833586440677965584e+03
2.831186440677965948e+03
2.828377401129942882e+03
2.825209039548022702e+03
2.821692655367231509e+03
2.817850847457626969e+03
2.813696045197740204e+03
2.809231638418078546e+03
2.804850847457626969e+03
2.800918644067796777e+03
2.797526553672316368e+03
2.794719774011299251e+03
2.792559322033898297e+03
2.791016949152542111e+03
2.790051977401129534e+03
2.789601129943502656e+03
2.789588700564971532e+03
2.789948022598870011e+03
2.790576271186440408e+03
2.791440677966101248e+03
2.792490395480225743e+03
2.793703954802259886e+03
2.795077966101694983e+03
2.796653107344632190e+03
2.798438418079095754e+03
2.800475706214689126e+03
2.802813559322034052e+03
2.805503954802259614e+03
2.808563841807909284e+03
2.812014689265536617e+03
2.815835028248587150e+03
2.819984180790960636e+03
2.824396610169491396e+03
2.828964971751412122e+03
2.833592090395480227e+03
2.838172881355932077e+03
2.842621468926553462e+03
2.846831638418078910e+03
2.850734463276836323e+03
2.854282485875705788e+03
2.857488135593220250e+03
2.860080225988700477e+03
2.861785310734462655e+03
2.862542372881355732e+03
2.862342372881355459e+03
2.861207909604519955e+03
2.859174011299434824e+03
2.856672316384180704e+03
2.853938983050847128e+03
2.850981920903954233e+03
2.847839548022598137e+03
2.844532203389830102e+03
2.841154802259886310e+03
2.837771751412428785e+03
2.834475706214688671e+03
2.831293785310734165e+03
2.828291525423728672e+03
2.825489265536722542e+03
2.822866666666666333e+03
2.820377401129942882e+03
2.818028248587570488e+03
2.815781920903954415e+03
2.813618079096044767e+03
2.811531073446327810e+03
2.809527683615819114e+03
2.807653107344632645e+03
2.805926553672316459e+03
2.804385310734463019e+03
2.803068926553672100e+03
2.802037288135592917e+03
2.801293785310734165e+03
2.800833898305085313e+03
2.800752542372881180e+03
2.801102824858757231e+03
2.801935593220339342e+03
2.803312994350282679e+03
2.805238418079095936e+03
2.807714124293785517e+03
2.810732203389830829e+03
2.814254237288135755e+03
2.817579661016949103e+03
2.820555932203389602e+03
2.823233898305084494e+03
2.825700564971751191e+03
2.828018079096044858e+03
2.830170621468926583e+03
2.832090395480226107e+03
2.833696045197740204e+03
2.834932203389830647e+03
2.835717514124293302e+03
2.836019209039547604e+03
2.835822598870056026e+03
2.835127683615818569e+03
2.833949152542372758e+03
2.832324293785310147e+03
2.830285875706214938e+03
2.827854237288135664e+03
2.825061016949152418e+03
2.821923163841807764e+03
2.818456497175140612e+03
2.814691525423728308e+03
2.810625988700564449e+03
2.806281355932203041e+03
2.802124293785310329e+03
2.798470056497174937e+03
2.795395480225988649e+03
2.792946892655367265e+03
2.791161581920904155e+03
2.789963841807909375e+03
2.789326553672316550e+03
2.789160451977401408e+03
2.789420338983050897e+03
2.790006779661016935e+03
2.790854237288135664e+03
2.791889265536723542e+03
2.793101694915254484e+03
2.794490395480226653e+03
2.796049717514124495e+03
2.797815819209039546e+03
2.799787570621469513e+03
2.802053107344632735e+03
2.804647457627118911e+03
2.807595480225988922e+03
2.810932203389830647e+03
2.814654237288135846e+03
2.818720903954802452e+03
2.823081355932204133e+03
2.827665536723164223e+03
2.832367231638418616e+03
2.837068926553673009e+03
2.841698305084746153e+03
2.846141242937853804e+03
2.850316384180790919e+03
2.854148022598870284e+03
2.857635028248588242e+03
2.860412429378531669e+03
2.862323163841808309e+03
2.863326553672316550e+03
2.863370621468926402e+03
2.862468926553672645e+03
2.860631638418080001e+03
2.858031638418079638e+03
2.855264406779661840e+03
2.852271186440678321e+03
2.849082485875706880e+03
2.845718644067796959e+03
2.842213559322034598e+03
2.838698305084746607e+03
2.835201129943503474e+03
2.831806779661017117e+03
2.828555932203390512e+03
2.825500564971751828e+03
2.822623728813559865e+03
2.819919774011299523e+03
2.817355932203389784e+03
2.814914124293785790e+03
2.812546892655367628e+03
2.810279096045198003e+03
2.808100564971751737e+03
2.806005649717514643e+03
2.804048587570621748e+03
2.802268926553672372e+03
2.800702824858757140e+03
2.799388700564972169e+03
2.798350282485875596e+03
2.797595480225988467e+03
2.797161581920903700e+03
2.797138983050847401e+03
2.797568361581921636e+03
2.798523163841808127e+03
2.800021468926554007e+03
2.802068926553672554e+03
2.804679096045198094e+03
2.807796610169491942e+03
2.811386440677965766e+03
2.814625988700564903e+03
2.817534463276836050e+03
2.820190960451977844e+03
2.822672316384181158e+03
2.824987570621469331e+03
2.827116384180791101e+03
2.828950282485875505e+03
2.830419209039548150e+03
2.831468926553672190e+03
2.832059887005649671e+03
2.832155932203389966e+03
2.831734463276836323e+03
2.830798870056497435e+03
2.829393220338983156e+03
2.827532203389830556e+03
2.825242937853106923e+03
2.822563841807909739e+03
2.819500564971751373e+03
2.816081355932203223e+03
2.812334463276835777e+03
2.808289265536723178e+03
2.803933333333333394e+03
2.799506214689265562e+03
2.795501694915254120e+03
2.792039548022598865e+03
2.789178531073445811e+03
2.786945762711864063e+03
2.785323163841807400e+03
2.784281355932203041e+03
2.783758192090394914e+03
2.783679096045197639e+03
2.783993220338983065e+03
2.784563841807909739e+03
2.785358192090395278e+03
2.786352542372881544e+03
2.787507344632768309e+03
2.788839548022598592e+03
2.790349152542372849e+03
2.792071186440678048e+03
2.794033898305084222e+03
2.796281355932203041e+03
2.798884745762711646e+03
2.801866666666666788e+03
2.805241807909604177e+03
2.808980790960451941e+03
2.813046327683615800e+03
2.817371751412429148e+03
2.821865536723164041e+03
2.826433898305084767e+03
2.830990960451977116e+03
2.835416949152541747e+03
2.839622598870056208e+03
2.843520903954802179e+03
2.847081355932203223e+03
2.850340112994350420e+03
2.853150282485875323e+03
2.855063276836158366e+03
2.856014689265536617e+03
2.855992090395480318e+03
2.855013559322033871e+03
2.853133333333333212e+03
2.850546892655367174e+03
2.847770621468926038e+03
2.844784180790959908e+03
2.841578531073446356e+03
2.838248587570621112e+03
2.834832768361581657e+03
2.831415819209039455e+03
2.828050847457627242e+03
2.824807909604519409e+03
2.821736723163841816e+03
2.818867796610169080e+03
2.816183050847457253e+03
2.813642937853107014e+03
2.811255367231638047e+03
2.808946892655367265e+03
2.806759322033898115e+03
2.804648587570621203e+03
2.802633898305084585e+03
2.800738983050847310e+03
2.799013559322033871e+03
2.797479096045197366e+03
2.796190960451976935e+03
2.795172881355932077e+03
2.794419209039548150e+03
2.793971751412429057e+03
2.793891525423729036e+03
2.794244067796609670e+03
2.795093785310734347e+03
2.796472316384180431e+03
2.798404519774011078e+03
2.800893785310734529e+03
2.803943502824858570e+03
2.807489265536722996e+03
2.811177401129943519e+03
2.814491525423728490e+03
2.817506214689265562e+03
2.820332203389830283e+03
2.822980790960451486e+03
2.825440677966102157e+03
2.827647457627118456e+03
2.829529943502824608e+03
2.831028248587570488e+03
2.832077966101694983e+03
2.832607909604519591e+03
2.832637288135592826e+03
2.832153672316384018e+03
2.831174011299434824e+03
2.829724293785310692e+03
2.827839548022599047e+03
2.825526553672316368e+03
2.822828248587570215e+03
2.819759322033898570e+03
2.816336723163841270e+03
2.812613559322033780e+03
2.808583050847457343e+03
2.804224858757062066e+03
2.799595480225988467e+03
2.795465536723163495e+03
2.791910734463276640e+03
2.788978531073445993e+03
2.786691525423728763e+03
2.785012429378530214e+03
2.783907344632767945e+03
2.783275706214688853e+03
2.783079096045197730e+03
2.783223728813559319e+03
2.783651977401129443e+03
2.784296045197739659e+03
2.785137853107344199e+03
2.786169491525423382e+03
2.787396610169491396e+03
2.788828248587570215e+03
2.790497175141242224e+03
2.792465536723163495e+03
2.794753672316383927e+03
2.797427118644067377e+03
2.800508474576270601e+03
2.803989830508474370e+03
2.807837288135593099e+03
2.812013559322033871e+03
2.816406779661016571e+03
2.820955932203389693e+03
2.825563841807909284e+03
2.830134463276835959e+03
2.834528813559321861e+03
2.838673446327683450e+03
2.842525423728813621e+03
2.846054237288135482e+03
2.849282485875705788e+03
2.851667796610169262e+03
2.853145762711864336e+03
2.853636158192090079e+03
2.853170621468926583e+03
2.851803389830508422e+03
2.849581920903954597e+03
2.846741242937852803e+03
2.843710734463276822e+03
2.840437288135593008e+03
2.836999999999999545e+03
2.833433898305084767e+03
2.829818079096045039e+03
2.826218079096044676e+03
2.822708474576270874e+03
2.819351412429377888e+03
2.816167231638417434e+03
2.813144632768360680e+03
2.810299435028248354e+03
2.807602259887004948e+03
2.805021468926553553e+03
2.802523163841807673e+03
2.800108474576270964e+03
2.797784180790959908e+03
2.795535593220338342e+03
2.793432768361581566e+03
2.791519774011298978e+03
2.789816949152542293e+03
2.788348022598869647e+03
2.787128813559321770e+03
2.786184180790959999e+03
2.785577401129943155e+03
2.785357062146892531e+03
2.785576271186439953e+03
2.786332203389830283e+03
2.787628248587569942e+03
2.789461016949152054e+03
2.791859887005649398e+03
2.794784180790959908e+03
2.798211299435028195e+03
2.801494915254236730e+03
2.804448587570620930e+03
2.807169491525422927e+03
2.809709604519773166e+03
2.812075706214688580e+03
2.814209039548022247e+03
2.816090395480225197e+03
2.817589830508473824e+03
2.818682485875705424e+03
2.819308474576270328e+03
2.819436158192090261e+03
2.819056497175140521e+03
2.818163841807909193e+03
2.816816949152541383e+03
2.814999999999999091e+03
2.812762711864405901e+03
2.810132203389829556e+03
2.807111864406779205e+03
2.803738983050846400e+03
2.800065536723162950e+03
2.796083615819208262e+03
2.791780790960451213e+03
2.787143502824857933e+03
2.782934463276835231e+03
2.779262146892654528e+03
2.776196610169490668e+03
2.773760451977400407e+03
2.771932203389829738e+03
2.770697175141242042e+03
2.770001129943501837e+03
2.769759322033897661e+03
2.769902824858756503e+03
2.770333333333333030e+03
2.771011299435027468e+03
2.771903954802259250e+03
2.772977401129942791e+03
2.774230508474575799e+03
2.775656497175140430e+03
2.777326553672315640e+03
2.779242937853106923e+03
2.781466666666666242e+03
2.784037288135592462e+03
2.787004519774010987e+03
2.790363841807909012e+03
2.794118644067796595e+03
2.798193220338982428e+03
2.802553672316384109e+03
2.807107344632768218e+03
2.811771751412428785e+03
2.816438418079095754e+03
2.820995480225988103e+03
2.825348022598869647e+03
2.829413559322033507e+03
2.833179661016948558e+03
2.836654237288135391e+03
2.839838418079095391e+03
2.842171751412429330e+03
2.843540112994350238e+03
2.843948022598869557e+03
2.843413559322033507e+03
2.841984180790960181e+03
2.839738983050847310e+03
2.836777401129942973e+03
2.833581920903954597e+03
2.830185310734463201e+03
2.826621468926553462e+03
2.822952542372880998e+03
2.819274576271185651e+03
2.815663276836157820e+03
2.812158192090395460e+03
2.808820338983050533e+03
2.805638418079095572e+03
2.802648587570621203e+03
2.799778531073446175e+03
2.797051977401129989e+03
2.794432768361581566e+03
2.791896045197740023e+03
2.789437288135593008e+03
2.787061016949151963e+03
2.784822598870056026e+03
2.782732203389829920e+03
2.780840677966101339e+03
2.779176271186440317e+03
2.777751412429378433e+03
2.776578531073445902e+03
2.775716384180790556e+03
2.775207909604519045e+03
2.775132203389830465e+03
2.775538983050847037e+03
2.776485875706214301e+03
2.777988700564971168e+03
2.780061016949151963e+03
2.782684745762711827e+03
2.785824858757061520e+03
2.789430508474575618e+03
2.793137853107344199e+03
2.796579661016948648e+03
2.799864406779660385e+03
2.802995480225988103e+03
2.805953672316383745e+03
2.808675706214688944e+03
2.811092655367231146e+03
2.813136723163841452e+03
2.814760451977401317e+03
2.815915254237287627e+03
2.816563841807908830e+03
2.816719774011299251e+03
2.816397740112993688e+03
2.815603389830508149e+03
2.814374011299434642e+03
2.812710734463276367e+03
2.810646327683615709e+03
2.808211299435027740e+03
2.805442937853106741e+03
2.802348022598869647e+03
2.798906214689264743e+03
2.795119774011299342e+03
2.790976271186440044e+03
2.786862146892654891e+03
2.783322033898304653e+03
2.780381920903954324e+03
2.778070056497174392e+03
2.776358192090395278e+03
2.775216949152541929e+03
2.774567231638417979e+03
2.774327683615818842e+03
2.774428248587570124e+03
2.774806779661016662e+03
2.775410169491524812e+03
2.776211299435027740e+03
2.777185310734462291e+03
2.778340112994349511e+03
2.779679096045197184e+03
2.781270056497174664e+03
2.783126553672315822e+03
2.785305084745762088e+03
2.787858757062146651e+03
2.790793220338982792e+03
2.794134463276835504e+03
2.797828248587570215e+03
2.801825988700564267e+03
2.806076836158191327e+03
2.810488135593219795e+03
2.814966101694914869e+03
2.819394350282484993e+03
2.823659887005649580e+03
2.827690395480225561e+03
2.831428248587570124e+03
2.834879096045197002e+03
2.838038418079096118e+03
2.840916384180790374e+03
2.842906214689264743e+03
2.843916384180790374e+03
2.843967231638417616e+03
2.843088135593220159e+03
2.841368361581920908e+03
2.838896045197740023e+03
2.835927683615818751e+03
2.832733333333332666e+03
2.829358192090395278e+03
2.825848587570621021e+03
2.822279096045197548e+03
2.818708474576271328e+03
2.815238418079095936e+03
2.811891525423729036e+03
2.808696045197739295e+03
2.805672316384180704e+03
2.802806779661016662e+03
2.800074576271186288e+03
2.797448587570621385e+03
2.794916384180791283e+03
2.792474576271186379e+03
2.790111864406780114e+03
2.787841807909604540e+03
2.785725423728813439e+03
2.783804519774011169e+03
2.782083615819208717e+03
2.780602259887005857e+03
2.779360451977401681e+03
2.778378531073446538e+03
2.777733333333333576e+03
2.777502824858756867e+03
2.777710734463276822e+03
2.778415819209039455e+03
2.779671186440677957e+03
2.781485875706214756e+03
2.783848587570621476e+03
2.786766101694915051e+03
2.790197740112994325e+03
2.793891525423728581e+03
2.797294915254236912e+03
2.800487005649717503e+03
2.803489265536722996e+03
2.806346892655366901e+03
2.808958192090395642e+03
2.811315254237288173e+03
2.813322033898304653e+03
2.814941242937852621e+03
2.816090395480226107e+03
2.816737853107344563e+03
2.816894915254237276e+03
2.816537853107344745e+03
2.815710734463276822e+03
2.814413559322033507e+03
2.812681355932203587e+03
2.810527683615819114e+03
2.807989830508474370e+03
2.805088135593220613e+03
2.801853107344632917e+03
2.798276836158192054e+03
2.794353672316384291e+03
2.790064406779661113e+03
2.785525423728813621e+03
2.781510734463277004e+03
2.778073446327683541e+03
2.775250847457627060e+03
2.773033898305085131e+03
2.771406779661017026e+03
2.770310734463277186e+03
2.769655367231639048e+03
2.769387570621469422e+03
2.769423728813559137e+03
2.769693785310734711e+03
2.770185310734463201e+03
2.770854237288135664e+03
2.771690395480226471e+03
2.772718644067796504e+03
2.773959322033898388e+03
2.775433898305084767e+03
2.777227118644067559e+03
2.779363841807909466e+03
2.781898305084745516e+03
2.784801129943502929e+03
2.788103954802259977e+03
2.791733333333333576e+03
2.795637288135593280e+03
2.799771751412429694e+03
2.804053107344632735e+03
2.808327683615819296e+03
2.812507344632768763e+03
2.816501694915254120e+03
2.820259887005649944e+03
2.823727683615818933e+03
2.826924293785310965e+03
2.829844067796610034e+03
2.832383050847457525e+03
2.833990960451977571e+03
2.834618079096045221e+03
2.834287005649717685e+03
2.833073446327683541e+03
2.831038418079096118e+03
2.828297175141243315e+03
2.825235028248587696e+03
2.821968361581920817e+03
2.818503954802260068e+03
2.814927683615819205e+03
2.811299435028248809e+03
2.807710734463276822e+03
2.804220338983051079e+03
2.800845197740113235e+03
2.797627118644068105e+03
2.794552542372881362e+03
2.791599999999999909e+03
2.788772881355932441e+03
2.786024858757062248e+03
2.783379661016949285e+03
2.780780790960451668e+03
2.778257627118643995e+03
2.775861016949152145e+03
2.773624858757062611e+03
2.771578531073446356e+03
2.769733333333333576e+03
2.768096045197739841e+03
2.766698305084745698e+03
2.765616949152542475e+03
2.764897175141242769e+03
2.764575141242938116e+03
2.764710734463276822e+03
2.765368361581920908e+03
2.766586440677966493e+03
2.768351412429378797e+03
2.770672316384181158e+03
2.773506214689265562e+03
2.776804519774011169e+03
2.780274576271186561e+03
2.783493785310734893e+03
2.786527683615819114e+03
2.789411299435028923e+03
2.792114124293785608e+03
2.794588700564971987e+03
2.796779661016949376e+03
2.798622598870057118e+03
2.800054237288135937e+03
2.801020338983051261e+03
2.801500564971751373e+03
2.801517514124294394e+03
2.801071186440678503e+03
2.800188700564971896e+03
2.798851977401130171e+03
2.797125423728813985e+03
2.795003389830508695e+03
2.792534463276836505e+03
2.789742372881356459e+03
2.786651977401130353e+03
2.783223728813559774e+03
2.779457627118644268e+03
2.775333333333333485e+03
2.771200000000000273e+03
2.767614689265536981e+03
2.764603389830508604e+03
2.762207909604519955e+03
2.760406779661017026e+03
2.759166101694915596e+03
2.758428248587570579e+03
2.758088135593220613e+03
2.758094915254237094e+03
2.758375141242938298e+03
2.758890395480226289e+03
2.759605649717514552e+03
2.760485875706214756e+03
2.761536723163841998e+03
2.762790960451977753e+03
2.764280225988700749e+03
2.766014689265537072e+03
2.768075706214689490e+03
2.770509604519774257e+03
2.773332203389831193e+03
2.776538983050847946e+03
2.780093785310734802e+03
2.783961581920904791e+03
2.788087005649717867e+03
2.792386440677966675e+03
2.796763841807910012e+03
2.801093785310735257e+03
2.805270056497175574e+03
2.809222598870057027e+03
2.812914124293785790e+03
2.816320903954802816e+03
2.819430508474576982e+03
2.822291525423729581e+03
2.824494915254237640e+03
2.825759322033898570e+03
2.826090395480226562e+03
2.825531073446328264e+03
2.824126553672316732e+03
2.821984180790961091e+03
2.819181920903954961e+03
2.816030508474576891e+03
2.812675706214689399e+03
2.809185310734463201e+03
2.805638418079096027e+03
2.802074576271186288e+03
2.798585310734463292e+03
2.795210169491525903e+03
2.791969491525424019e+03
2.788882485875706607e+03
2.785934463276836595e+03
2.783109604519774166e+03
2.780387570621468967e+03
2.777751412429378888e+03
2.775161581920904155e+03
2.772645197740113417e+03
2.770244067796610580e+03
2.767971751412429512e+03
2.765882485875706152e+03
2.763971751412429512e+03
2.762263276836158639e+03
2.760766101694915506e+03
2.759531073446327810e+03
2.758598870056497617e+03
2.758033898305085131e+03
2.757915254237288536e+03
2.758275706214689308e+03
2.759172881355932532e+03
2.760603389830508604e+03
2.762594350282486175e+03
2.765108474576271419e+03
2.768122033898304835e+03
2.771549152542373122e+03
2.774856497175141612e+03
2.777963841807909830e+03
2.780915254237288536e+03
2.783733333333333576e+03
2.786350282485876050e+03
2.788728813559322134e+03
2.790810169491525812e+03
2.792525423728813621e+03
2.793798870056497435e+03
2.794630508474576345e+03
2.794994350282486266e+03
2.794906214689265653e+03
2.794358192090395733e+03
2.793366101694915415e+03
2.791961581920904337e+03
2.790169491525423837e+03
2.788028248587570943e+03
2.785543502824859388e+03
2.782750282485876141e+03
2.779631638418079547e+03
2.776169491525423837e+03
2.772353672316384291e+03
2.768195480225988831e+03
2.764275706214689308e+03
2.760919774011299523e+03
2.758170621468926583e+03
2.756029378531073689e+03
2.754459887005649762e+03
2.753432768361582021e+03
2.752857627118644359e+03
2.752653107344633099e+03
2.752764971751412759e+03
2.753116384180791101e+03
2.753705084745763088e+03
2.754466666666667152e+03
2.755395480225988649e+03
2.756510734463277004e+03
2.757815819209039546e+03
2.759346892655367810e+03
2.761183050847457707e+03
2.763368361581921363e+03
2.765920903954802270e+03
2.768859887005650307e+03
2.772166101694915596e+03
2.775814689265536799e+03
2.779709604519774075e+03
2.783857627118643904e+03
2.788124293785311238e+03
2.792395480225989104e+03
2.796560451977401499e+03
2.800552542372881362e+03
2.804314124293785426e+03
2.807783050847458071e+03
2.810981920903955142e+03
2.813891525423729036e+03
2.816537853107344745e+03
2.818455367231638320e+03
2.819419209039548150e+03
2.819479096045198276e+03
2.818647457627118911e+03
2.817039548022598865e+03
2.814706214689265835e+03
2.811771751412429694e+03
2.808638418079096027e+03
2.805331073446327991e+03
2.801919774011299523e+03
2.798456497175141521e+03
2.795033898305085131e+03
2.791709604519774075e+03
2.788509604519774257e+03
2.785436158192090261e+03
2.782517514124294394e+03
2.779734463276836323e+03
2.777075706214689490e+03
2.774496045197740386e+03
2.771986440677966584e+03
2.769536723163841998e+03
2.767184180790960454e+03
2.764964971751412577e+03
2.762898305084745516e+03
2.761004519774011442e+03
2.759288135593220431e+03
2.757774011299435188e+03
2.756500564971751373e+03
2.755514124293785244e+03
2.754851977401130171e+03
2.754584180790961000e+03
2.754770621468926947e+03
2.755471186440678139e+03
2.756688135593220522e+03
2.758463276836158457e+03
2.760774011299435188e+03
2.763607909604519591e+03
2.766916384180791283e+03
2.770457627118644268e+03
2.773762711864406810e+03
2.776875706214689217e+03
2.779825988700565176e+03
2.782612429378531033e+03
2.785170621468926583e+03
2.787449717514124131e+03
2.789393220338983156e+03
2.790934463276836141e+03
2.792006779661016481e+03
2.792636158192090079e+03
2.792792090395480045e+03
2.792477966101695074e+03
2.791698305084745698e+03
2.790498305084745880e+03
2.788873446327683268e+03
2.786855367231638411e+03
2.784482485875706516e+03
2.781811299435028559e+03
2.778793220338982792e+03
2.775459887005649762e+03
2.771742372881356005e+03
2.767672316384180704e+03
2.763394350282485902e+03
2.759670056497175210e+03
2.756520903954802634e+03
2.753993220338983065e+03
2.752066666666667061e+03
2.750708474576271328e+03
2.749855367231638411e+03
2.749420338983050897e+03
2.749344632768361407e+03
2.749560451977401044e+03
2.750021468926554007e+03
2.750683615819209081e+03
2.751522033898304926e+03
2.752534463276836050e+03
2.753758192090395823e+03
2.755183050847457707e+03
2.756868926553672281e+03
2.758879096045197912e+03
2.761247457627118820e+03
2.764011299435028377e+03
2.767127683615819478e+03
2.770602259887005857e+03
2.774394350282485902e+03
2.778475706214689126e+03
2.782724293785310692e+03
2.787040677966101612e+03
2.791297175141242860e+03
2.795436158192090716e+03
2.799370621468926402e+03
2.803039548022598865e+03
2.806427118644067832e+03
2.809532203389830556e+03
2.812364971751412668e+03
2.814570621468926674e+03
2.815832768361581657e+03
2.816136723163841907e+03
2.815524293785310874e+03
2.814081355932203678e+03
2.811883615819208899e+03
2.809024858757062248e+03
2.805911864406779387e+03
2.802620338983050715e+03
2.799174011299435278e+03
2.795664406779661476e+03
2.792134463276836414e+03
2.788662146892655073e+03
2.785303954802259796e+03
2.782065536723163859e+03
2.778962711864407083e+03
2.776013559322034325e+03
2.773183050847457707e+03
2.770456497175141521e+03
2.767794350282486448e+03
2.765207909604519955e+03
2.762694915254237458e+03
2.760289265536723178e+03
2.758040677966102066e+03
2.755955932203390148e+03
2.754039548022598865e+03
2.752315254237288173e+03
2.750804519774011169e+03
2.749545762711864427e+03
2.748596610169491669e+03
2.748002259887005494e+03
2.747840677966101794e+03
2.748150282485875778e+03
2.748977401129943701e+03
2.750328813559322043e+03
2.752251977401129807e+03
2.754697175141242951e+03
2.757624858757062611e+03
2.761014689265536617e+03
2.764448587570621385e+03
2.767672316384180704e+03
2.770731073446327628e+03
2.773612429378531033e+03
2.776300564971751101e+03
2.778745762711864700e+03
2.780884745762711646e+03
2.782633898305084585e+03
2.783975141242937752e+03
2.784862146892654891e+03
2.785265536723163677e+03
2.785204519774011260e+03
2.784705084745762633e+03
2.783748022598870193e+03
2.782340112994350420e+03
2.780535593220339251e+03
2.778369491525423655e+03
2.775873446327683723e+03
2.773044067796609852e+03
2.769877966101695165e+03
2.766359322033898025e+03
2.762494915254237185e+03
2.758270056497174664e+03
2.754310734463276276e+03
2.750929943502824244e+03
2.748144632768361134e+03
2.745963841807909375e+03
2.744379661016949285e+03
2.743316384180790919e+03
2.742729943502824426e+03
2.742541242937852985e+03
2.742666666666666060e+03
2.743035028248586968e+03
2.743636158192090079e+03
2.744412429378530760e+03
2.745363841807909466e+03
2.746480225988700568e+03
2.747784180790960818e+03
2.749320903954802361e+03
2.751153672316384473e+03
2.753334463276836232e+03
2.755851977401130171e+03
2.758743502824858297e+03
2.761995480225988558e+03
2.765588700564971987e+03
2.769476836158191873e+03
2.773584180790960090e+03
2.777816949152542293e+03
2.782053107344632735e+03
2.786198870056497071e+03
2.790194350282486084e+03
2.793948022598870011e+03
2.797454237288135118e+03
2.800668926553672009e+03
2.803612429378530578e+03
2.806296045197739659e+03
2.808272316384180613e+03
2.809305084745762542e+03
2.809407909604519773e+03
2.808640677966101066e+03
2.807063276836157911e+03
2.804798870056496526e+03
2.801882485875706152e+03
2.798685875706214119e+03
2.795307344632768036e+03
2.791821468926553280e+03
2.788285875706214028e+03
2.784799999999999727e+03
2.781374011299434642e+03
2.778036158192090170e+03
2.774847457627118274e+03
2.771811299435027649e+03
2.768912994350282133e+03
2.766100564971750828e+03
2.763376271186440135e+03
2.760711864406779114e+03
2.758119774011298887e+03
2.755632768361581384e+03
2.753281355932202587e+03
2.751089265536722451e+03
2.749050847457626332e+03
2.747192090395479681e+03
2.745560451977400589e+03
2.744152542372880816e+03
2.743019209039547604e+03
2.742221468926552916e+03
2.741824858757061520e+03
2.741873446327683268e+03
2.742430508474575618e+03
2.743514124293784789e+03
2.745153672316383563e+03
2.747334463276835777e+03
2.750044067796609852e+03
2.753239548022598228e+03
2.756771751412428785e+03
2.760049717514124040e+03
2.763149152542372576e+03
2.766085875706214210e+03
2.768848587570621021e+03
2.771427118644067377e+03
2.773702824858756685e+03
2.775654237288134937e+03
2.777218079096044676e+03
2.778366101694914960e+03
2.779058757062146469e+03
2.779298305084745152e+03
2.779071186440677593e+03
2.778403389830507876e+03
2.777274576271185651e+03
2.775753672316383927e+03
2.773832768361581202e+03
2.771593220338982519e+03
2.769054237288135482e+03
2.766166101694914687e+03
2.762929943502824244e+03
2.759338983050846764e+03
2.755412429378529851e+03
2.751134463276835504e+03
2.747303954802259796e+03
2.744076836158191782e+03
2.741451977401129625e+03
2.739427118644067377e+03
2.737966101694914869e+03
2.737024858757062248e+03
2.736509604519773347e+03
2.736346892655366901e+03
2.736494915254236730e+03
2.736875706214688762e+03
2.737475706214689126e+03
2.738281355932203041e+03
2.739218079096044676e+03
2.740341242937852257e+03
2.741691525423728308e+03
2.743301694915253847e+03
2.745244067796609670e+03
2.747540112994350238e+03
2.750204519774010805e+03
2.753233898305084494e+03
2.756613559322033325e+03
2.760346892655366901e+03
2.764358192090395278e+03
2.768533333333332848e+03
2.772799999999999272e+03
2.777051977401129534e+03
2.781175141242937570e+03
2.785120903954802088e+03
2.788836158192089897e+03
2.792288135593219977e+03
2.795462146892655255e+03
2.798363841807909012e+03
2.800788700564970895e+03
2.802276836158191600e+03
2.802795480225988285e+03
2.802411299435028013e+03
2.801192090395479681e+03
2.799210169491525448e+03
2.796554802259886856e+03
2.793389830508474006e+03
2.790020338983050351e+03
2.786494915254237185e+03
2.782907344632768400e+03
2.779320903954801906e+03
2.775780790960451668e+03
2.772342372881355459e+03
2.769025988700564540e+03
2.765861016949152145e+03
2.762850847457626514e+03
2.759961581920903427e+03
2.757176271186440317e+03
2.754450847457626878e+03
2.751812429378530396e+03
2.749274576271185651e+03
2.746863276836157638e+03
2.744592090395479772e+03
2.742508474576270601e+03
2.740597740112993961e+03
2.738874576271186015e+03
2.737375141242937389e+03
2.736129943502824062e+03
2.735174011299433914e+03
2.734597740112993506e+03
2.734441807909603995e+03
2.734732203389829920e+03
2.735552542372880453e+03
2.736908474576270237e+03
2.738829378531072507e+03
2.741280225988700295e+03
2.744253107344632099e+03
2.747667796610168807e+03
2.751336723163841270e+03
2.754759322033897661e+03
2.758012429378530669e+03
2.761089265536722451e+03
2.763927683615818751e+03
2.766538983050847492e+03
2.768806779661016662e+03
2.770718644067796049e+03
2.772186440677965038e+03
2.773223728813558864e+03
2.773769491525423291e+03
2.773835028248587150e+03
2.773435028248586605e+03
2.772569491525423473e+03
2.771242937853106923e+03
2.769502824858756867e+03
2.767403389830507876e+03
2.764962711864406629e+03
2.762169491525422927e+03
2.759010169491524721e+03
2.755474576271185924e+03
2.751563841807908830e+03
2.747301694915253847e+03
2.743001129943501837e+03
2.739273446327682905e+03
2.736157062146891803e+03
2.733641807909603813e+03
2.731719774011298796e+03
2.730335593220338524e+03
2.729433898305084767e+03
2.728942372881355368e+03
2.728778531073445720e+03
2.728906214689265198e+03
2.729277966101694801e+03
2.729829378531073417e+03
2.730571751412428966e+03
2.731490395480225743e+03
2.732601129943502201e+03
2.733981920903954233e+03
2.735670056497174301e+03
2.737693785310734256e+03
2.740074576271186288e+03
2.742825988700564722e+03
2.745964971751412122e+03
2.749456497175140612e+03
2.753275706214688853e+03
2.757320903954801906e+03
2.761501694915253665e+03
2.765720903954801543e+03
2.769882485875705697e+03
2.773891525423728581e+03
2.777712994350282315e+03
2.781293785310734165e+03
2.784568361581920271e+03
2.787569491525423473e+03
2.790332203389830283e+03
2.792821468926553280e+03
2.794354802259886128e+03
2.794943502824858115e+03
2.794655367231637683e+03
2.793569491525423018e+03
2.791758192090394914e+03
2.789256497175140794e+03
2.786122033898304835e+03
2.782710734463276822e+03
2.779197740112994325e+03
2.775615819209039273e+03
2.772059887005649671e+03
2.768570621468926220e+03
2.765190960451977389e+03
2.761935593220338887e+03
2.758824858757061975e+03
2.755855367231637956e+03
2.752960451977400680e+03
2.750140112994350147e+03
2.747403389830507876e+03
2.744734463276835868e+03
2.742174011299434369e+03
2.739738983050846855e+03
2.737448587570620475e+03
2.735312994350281770e+03
2.733366101694914505e+03
2.731618079096044312e+03
2.730079096045196820e+03
2.728818079096044585e+03
2.727882485875706152e+03
2.727329943502824335e+03
2.727203389830508058e+03
2.727581920903954597e+03
2.728476836158191873e+03
2.729900564971751010e+03
2.731903954802259250e+03
2.734449717514124131e+03
2.737450847457626878e+03
2.740865536723163132e+03
2.744466666666666242e+03
2.747865536723163132e+03
2.751125423728813075e+03
2.754211299435027740e+03
2.757072316384180340e+03
2.759679096045197184e+03
2.761959322033898388e+03
2.763867796610169080e+03
2.765350282485875141e+03
2.766401129943502383e+03
2.766997740112994052e+03
2.767144632768361134e+03
2.766813559322033598e+03
2.766042937853107105e+03
2.764865536723163132e+03
2.763331073446327082e+03
2.761439548022598501e+03
2.759228248587570306e+03
2.756677966101694437e+03
2.753748022598869738e+03
2.750477966101694619e+03
2.746849717514123768e+03
2.742915254237287627e+03
2.738902824858756503e+03
2.735456497175140612e+03
2.732645197740112962e+03
2.730437288135593008e+03
2.728801129943502474e+03
2.727676836158191691e+03
2.727011299435027922e+03
2.726727683615818933e+03
2.726759322033897661e+03
2.727044067796609852e+03
2.727567231638417525e+03
2.728279096045197548e+03
2.729162711864406447e+03
2.730242937853106923e+03
2.731555932203389602e+03
2.733158192090395460e+03
2.735077966101694983e+03
2.737349152542372394e+03
2.739989830508474370e+03
2.743003389830508240e+03
2.746396610169491396e+03
2.750148022598869829e+03
2.754185310734462746e+03
2.758407909604518863e+03
2.762717514124293302e+03
2.767023728813558591e+03
2.771231638418078546e+03
2.775277966101694346e+03
2.779109604519773711e+03
2.782679096045197639e+03
2.785967231638417616e+03
2.788993220338982610e+03
2.791804519774011169e+03
2.793682485875706334e+03
2.794615819209039728e+03
2.794655367231638593e+03
2.793857627118643904e+03
2.792319774011299160e+03
2.790088135593220613e+03
2.787197740112994325e+03
2.783668926553672009e+03
2.779980790960451941e+03
2.776222598870056572e+03
2.772422598870056390e+03
2.768656497175141340e+03
2.764974011299435006e+03
2.761393220338983156e+03
2.757945762711864063e+03
2.754620338983050715e+03
2.751402259887005130e+03
2.748257627118643995e+03
2.745166101694915142e+03
2.742152542372880816e+03
2.739236158192090443e+03
2.736438418079095754e+03
2.733797740112994688e+03
2.731291525423728672e+03
2.728953672316384200e+03
2.726810169491525357e+03
2.724865536723163586e+03
2.723172881355932077e+03
2.721761581920903609e+03
2.720719774011299705e+03
2.720096045197739841e+03
2.719941242937852621e+03
2.720300564971751101e+03
2.721190960451976935e+03
2.722648587570621203e+03
2.724656497175141340e+03
2.727206779661016753e+03
2.730185310734463201e+03
2.733558192090395096e+03
2.737228248587570306e+03
2.740755932203389875e+03
2.744114124293784698e+03
2.747289265536723178e+03
2.750239548022598683e+03
2.752875706214689217e+03
2.755159322033898206e+03
2.757025988700564540e+03
2.758464406779660749e+03
2.759473446327683632e+03
2.760001129943502747e+03
2.760062146892655619e+03
2.759647457627118456e+03
2.758792090395480045e+03
2.757534463276836050e+03
2.755898305084745516e+03
2.753931073446327900e+03
2.751587570621469240e+03
2.748868926553672736e+03
2.745778531073446629e+03
2.742311864406779932e+03
2.738479096045197821e+03
2.734328813559322043e+03
2.730471186440678139e+03
2.727215819209040092e+03
2.724550282485875869e+03
2.722467796610169898e+03
2.720903954802260159e+03
2.719811299435028559e+03
2.719114124293785608e+03
2.718764971751412304e+03
2.718688135593220522e+03
2.718831638418078910e+03
2.719159322033898661e+03
2.719642937853107469e+03
2.720290395480225925e+03
2.721135593220338706e+03
2.722227118644068469e+03
2.723613559322034234e+03
2.725329943502825245e+03
2.727387570621468967e+03
2.729810169491525812e+03
2.732597740112994416e+03
2.735763841807909557e+03
2.739239548022599593e+03
2.742950282485875960e+03
2.746810169491525812e+03
2.750696045197740204e+03
2.754536723163841998e+03
2.758261016949152690e+03
2.761805649717514825e+03
2.765109604519774621e+03
2.768154802259887219e+03
2.770927683615819660e+03
2.773474576271186379e+03
2.775824858757062430e+03
2.777661016949152327e+03
2.778586440677966493e+03
2.778641807909604722e+03
2.777903954802260159e+03
2.776411299435028013e+03
2.774223728813559319e+03
2.771352542372881544e+03
2.768042937853108015e+03
2.764610169491525994e+03
2.761097175141243497e+03
2.757584180790961000e+03
2.754107344632769127e+03
2.750735593220339524e+03
2.747471186440678139e+03
2.744344632768362317e+03
2.741298305084746062e+03
2.738338983050847673e+03
2.735440677966102157e+03
2.732605649717515007e+03
2.729877966101695620e+03
2.727232768361582202e+03
2.724722033898305199e+03
2.722353672316384745e+03
2.720157062146893168e+03
2.718111864406780114e+03
2.716277966101695711e+03
2.714654237288136301e+03
2.713309604519774439e+03
2.712279096045198457e+03
2.711629378531074508e+03
2.711416949152542657e+03
2.711687005649718230e+03
2.712483615819209717e+03
2.713815819209040001e+03
2.715711864406780478e+03
2.718152542372881726e+03
2.721090395480226562e+03
2.724439548022599411e+03
2.728128813559322680e+03
2.731898305084746426e+03
2.735524293785310874e+03
2.738967231638418525e+03
2.742197740112995234e+03
2.745180790960452214e+03
2.747851977401130171e+03
2.750133333333333667e+03
2.752007909604520137e+03
2.753474576271186834e+03
2.754468926553672645e+03
2.755003389830508695e+03
2.755047457627119002e+03
2.754647457627119365e+03
2.753850847457627424e+03
2.752649717514124404e+03
2.751107344632768672e+03
2.749210169491525903e+03
2.746929943502825608e+03
2.744262146892656347e+03
2.741220338983051988e+03
2.737823728813559683e+03
2.734097175141243497e+03
2.730044067796610761e+03
2.726257627118644905e+03
2.723071186440678957e+03
2.720477966101695529e+03
2.718461016949153418e+03
2.716950282485876414e+03
2.715871186440678684e+03
2.715194350282486994e+03
2.714830508474577073e+03
2.714719774011300160e+03
2.714844067796610943e+03
2.715151412429378979e+03
2.715607909604520501e+03
2.716273446327684269e+03
2.717150282485876232e+03
2.718349152542373758e+03
2.719838418079096300e+03
2.721659887005650489e+03
2.723862146892655801e+03
2.726444067796610852e+03
2.729423728813560047e+03
2.732762711864407265e+03
2.736385310734463928e+03
2.740197740112994779e+03
2.744125423728813985e+03
2.748079096045198185e+03
2.751949152542373213e+03
2.755684745762712282e+03
2.759210169491525903e+03
2.762514124293785699e+03
2.765536723163841998e+03
2.768332203389831193e+03
2.770922033898305926e+03
2.773263276836158639e+03
2.774668926553672463e+03
2.775197740112994325e+03
2.774912994350283043e+03
2.773879096045197912e+03
2.772124293785311238e+03
2.769696045197740204e+03
2.766656497175141794e+03
2.763090395480226562e+03
2.759402259887006039e+03
2.755675706214689853e+03
2.751959322033899298e+03
2.748296045197740568e+03
2.744735593220339524e+03
2.741294915254237822e+03
2.737953672316384655e+03
2.734698305084746607e+03
2.731493785310734893e+03
2.728332203389831193e+03
2.725240677966102339e+03
2.722249717514124313e+03
2.719353672316384291e+03
2.716606779661017754e+03
2.714001129943503656e+03
2.711554802259887765e+03
2.709265536723164587e+03
2.707193220338983338e+03
2.705361581920904428e+03
2.703807909604520319e+03
2.702587570621470149e+03
2.701777401129944337e+03
2.701403389830509241e+03
2.701527683615820024e+03
2.702185310734464110e+03
2.703396610169492305e+03
2.705162711864407356e+03
2.707428248587571034e+03
2.710145762711864791e+03
2.713241807909605086e+03
2.716651977401130353e+03
2.719975141242938662e+03
2.723134463276836868e+03
2.726143502824859297e+03
2.728922033898305926e+03
2.731432768361582475e+03
2.733604519774011806e+03
2.735422598870057300e+03
2.736848587570622385e+03
2.737865536723164496e+03
2.738422598870057300e+03
2.738535593220339251e+03
2.738219209039548332e+03
2.737494915254237640e+03
2.736369491525424564e+03
2.734917514124294030e+03
2.733118644067797050e+03
2.730977401129944155e+03
2.728484745762712464e+03
2.725641807909605177e+03
2.722459887005649762e+03
2.718952542372881908e+03
2.715134463276836868e+03
2.711314124293785881e+03
2.708061016949152872e+03
2.705430508474576527e+03
2.703374011299435551e+03
2.701827118644067923e+03
2.700759322033898570e+03
2.700099435028248990e+03
2.699789830508475006e+03
2.699776271186441136e+03
2.699994350282486266e+03
2.700397740112995052e+03
2.700964971751413032e+03
2.701708474576271783e+03
2.702647457627119365e+03
2.703840677966102248e+03
2.705319774011300069e+03
2.707107344632768672e+03
2.709229378531073962e+03
2.711717514124294212e+03
2.714592090395480682e+03
2.717830508474576618e+03
2.721379661016949740e+03
2.725162711864407356e+03
2.729076836158192691e+03
2.733048587570622203e+03
2.736968361581921272e+03
2.740790960451978208e+03
2.744427118644068742e+03
2.747835028248588060e+03
2.750954802259887401e+03
2.753824858757063339e+03
2.756464406779661658e+03
2.758914124293785790e+03
2.760911864406780296e+03
2.762030508474576891e+03
2.762335593220339433e+03
2.761841807909604995e+03
2.760629378531074508e+03
2.758720903954802907e+03
2.756149152542373486e+03
2.752976271186441409e+03
2.749487005649718412e+03
2.745924293785311420e+03
2.742337853107345381e+03
2.738786440677966766e+03
2.735310734463277186e+03
2.731959322033898843e+03
2.728705084745763088e+03
2.725528813559322771e+03
2.722425988700565540e+03
2.719378531073446538e+03
2.716375141242938298e+03
2.713466666666667152e+03
2.710650847457627606e+03
2.707950282485876414e+03
2.705390960451977662e+03
2.702974011299435915e+03
2.700723163841807946e+03
2.698627118644068105e+03
2.696744632768361953e+03
2.695120903954802998e+03
2.693809039548023065e+03
2.692857627118644814e+03
2.692327683615819296e+03
2.692251977401130262e+03
2.692687005649718230e+03
2.693661016949153236e+03
2.695177401129943974e+03
2.697236158192090898e+03
2.699758192090395823e+03
2.702709604519774530e+03
2.705990960451978026e+03
2.709545762711864882e+03
2.713092655367231600e+03
2.716487005649717503e+03
2.719708474576271328e+03
2.722674576271187107e+03
2.725358192090395733e+03
2.727710734463277277e+03
2.729700564971751646e+03
2.731301694915254757e+03
2.732468926553672645e+03
2.733187570621469604e+03
2.733457627118644268e+03
2.733324293785311056e+03
2.732812429378531306e+03
2.731953672316384655e+03
2.730740112994350966e+03
2.729185310734463656e+03
2.727265536723164132e+03
2.724980790960452396e+03
2.722344632768362317e+03
2.719375141242938298e+03
2.716092655367232510e+03
2.712491525423729399e+03
2.708800000000000182e+03
2.705709604519774530e+03
2.703190960451977844e+03
2.701229378531073962e+03
2.699763841807910012e+03
2.698757062146893077e+03
2.698137853107345109e+03
2.697841807909604995e+03
2.697812429378531306e+03
2.698001129943503656e+03
2.698358192090395733e+03
2.698894915254237731e+03
2.699628248587570852e+03
2.700578531073446811e+03
2.701793220338983701e+03
2.703289265536723633e+03
2.705122033898305745e+03
2.707301694915254757e+03
2.709876836158192418e+03
2.712832768361582566e+03
2.716107344632768672e+03
2.719671186440678412e+03
2.723418079096045403e+03
2.727262146892655892e+03
2.731135593220339615e+03
2.734932203389831102e+03
2.738584180790961000e+03
2.742030508474576891e+03
2.745231638418079456e+03
2.748157062146893622e+03
2.750836158192090807e+03
2.753306214689266199e+03
2.755620338983051624e+03
2.757283615819209444e+03
2.758103954802260432e+03
2.758120903954802998e+03
2.757345762711865063e+03
2.755867796610169989e+03
2.753688135593220977e+03
2.750870056497175938e+03
2.747527683615820024e+03
2.744091525423729763e+03
2.740606779661017754e+03
2.737116384180791556e+03
2.733690395480226471e+03
2.730370621468927311e+03
2.727159322033899116e+03
2.724021468926554007e+03
2.720959322033898388e+03
2.717950282485876414e+03
2.714997740112994506e+03
2.712106214689265926e+03
2.709297175141243315e+03
2.706595480225989377e+03
2.704011299435028377e+03
2.701585310734463746e+03
2.699280225988701204e+03
2.697144632768361589e+03
2.695194350282486084e+03
2.693475706214689581e+03
2.692010169491525630e+03
2.690874576271186925e+03
2.690127683615819478e+03
2.689784180790960818e+03
2.689932203389830647e+03
2.690600000000000364e+03
2.691806779661017572e+03
2.693562711864406992e+03
2.695815819209040001e+03
2.698510734463277004e+03
2.701577401129943610e+03
2.704958192090395642e+03
2.708549152542373122e+03
2.711984180790960636e+03
2.715235028248587696e+03
2.718279096045198003e+03
2.721056497175141885e+03
2.723498305084745880e+03
2.725580790960451850e+03
2.727290395480225925e+03
2.728577401129944064e+03
2.729412429378531215e+03
2.729785310734463565e+03
2.729732203389830829e+03
2.729264406779660931e+03
2.728402259887006039e+03
2.727214689265537345e+03
2.725665536723164223e+03
2.723735593220339069e+03
2.721439548022599411e+03
2.718785310734463565e+03
2.715779661016949376e+03
2.712446327683615891e+03
2.708783050847458071e+03
2.704784180790960818e+03
2.701359322033898934e+03
2.698527683615819569e+03
2.696273446327683814e+03
2.694538983050847492e+03
2.693292655367231873e+03
2.692470056497175392e+03
2.692007909604520137e+03
2.691841807909604995e+03
2.691898305084745971e+03
2.692155932203389966e+03
2.692566101694915233e+03
2.693168361581921090e+03
2.693969491525424019e+03
2.695001129943502747e+03
2.696297175141242860e+03
2.697897175141242769e+03
2.699825988700565176e+03
2.702116384180791101e+03
2.704816949152542293e+03
2.707845197740113235e+03
2.711186440677965948e+03
2.714749152542372940e+03
2.718464406779660749e+03
2.722236158192090443e+03
2.725976271186440954e+03
2.729616949152542475e+03
2.733080225988700477e+03
2.736305084745762542e+03
2.739273446327683814e+03
2.741966101694915324e+03
2.744441807909604904e+03
2.746722033898305199e+03
2.748770621468926947e+03
2.749920903954802270e+03
2.750255367231638957e+03
2.749793220338983247e+03
2.748584180790960545e+03
2.746657627118644086e+03
2.744070056497174846e+03
2.740881355932203405e+03
2.737554802259887310e+03
2.734122033898305290e+03
2.730656497175141340e+03
2.727225988700565267e+03
2.723872316384180976e+03
2.720604519774011351e+03
2.717423728813560047e+03
2.714312994350282679e+03
2.711270056497175574e+03
2.708263276836158184e+03
2.705334463276836686e+03
2.702448587570621385e+03
2.699665536723164223e+03
2.697005649717514189e+03
2.694464406779661658e+03
2.692053107344632735e+03
2.689790960451977753e+03
2.687702824858757140e+03
2.685830508474576163e+03
2.684187570621468694e+03
2.682842937853107287e+03
2.681862146892655346e+03
2.681276836158192054e+03
2.681125423728813530e+03
2.681482485875706516e+03
2.682388700564972169e+03
2.683832768361582112e+03
2.685805649717513916e+03
2.688264406779660931e+03
2.691120903954802543e+03
2.694336723163842180e+03
2.697805649717514370e+03
2.701144632768361589e+03
2.704324293785311056e+03
2.707296045197740568e+03
2.710014689265537072e+03
2.712458757062147015e+03
2.714584180790960545e+03
2.716337853107344927e+03
2.717699435028248445e+03
2.718623728813559865e+03
2.719092655367232055e+03
2.719125423728813985e+03
2.718750282485875687e+03
2.717997740112994506e+03
2.716897175141242769e+03
2.715451977401130080e+03
2.713654237288135846e+03
2.711480225988700568e+03
2.708949152542373213e+03
2.706084745762711918e+03
2.702898305084745516e+03
2.699401129943502838e+03
2.695588700564971987e+03
2.691856497175141158e+03
2.688711864406779569e+03
2.686144632768361589e+03
2.684120903954802088e+03
2.682601129943503111e+03
2.681560451977401044e+03
2.680901694915254211e+03
2.680579661016949103e+03
2.680537853107344745e+03
2.680680225988700840e+03
2.680988700564971623e+03
2.681483615819209263e+03
2.682177401129943519e+03
2.683087005649717867e+03
2.684249717514124313e+03
2.685680225988700386e+03
2.687429378531073780e+03
2.689535593220339251e+03
2.692023728813559501e+03
2.694890395480225834e+03
2.698089265536723360e+03
2.701568361581920726e+03
2.705250847457627060e+03
2.709027118644067741e+03
2.712851977401129716e+03
2.716611299435027831e+03
2.720247457627118820e+03
2.723687005649717321e+03
2.726892655367231782e+03
2.729830508474576163e+03
2.732536723163841998e+03
2.735031638418079638e+03
2.737377401129943792e+03
2.739087005649717867e+03
2.739936723163842089e+03
2.739979661016949194e+03
2.739253107344633008e+03
2.737798870056497435e+03
2.735653107344633099e+03
2.732880225988700658e+03
2.729523163841808127e+03
2.725967231638418525e+03
2.722346892655367810e+03
2.718714124293785517e+03
2.715154802259887219e+03
2.711688135593220977e+03
2.708302824858757504e+03
2.705009039548022884e+03
2.701774011299435642e+03
2.698594350282486175e+03
2.695466666666667152e+03
2.692412429378531669e+03
2.689438418079096664e+03
2.686571751412429876e+03
2.683847457627119184e+03
2.681246327683616073e+03
2.678796610169491942e+03
2.676502824858757322e+03
2.674420338983050897e+03
2.672570621468926674e+03
2.670971751412429512e+03
2.669706214689265835e+03
2.668796610169491942e+03
2.668329943502825245e+03
2.668323163841808309e+03
2.668848587570621930e+03
2.669917514124294030e+03
2.671525423728813621e+03
2.673644067796610216e+03
2.676209039548022702e+03
2.679145762711864791e+03
2.682384180790960727e+03
2.685891525423729036e+03
2.689323163841808309e+03
2.692568361581920726e+03
2.695605649717514098e+03
2.698393220338983156e+03
2.700881355932203405e+03
2.703049717514124495e+03
2.704849717514124677e+03
2.706235028248587696e+03
2.707169491525423837e+03
2.707653107344633099e+03
2.707728813559322134e+03
2.707411299435028468e+03
2.706728813559322134e+03
2.705710734463276822e+03
2.704317514124294121e+03
2.702574011299435369e+03
2.700436158192090261e+03
2.697964971751412577e+03
2.695154802259887219e+03
2.692006779661016935e+03
2.688538983050847492e+03
2.684753672316384382e+03
2.681326553672316550e+03
2.678487005649717503e+03
2.676224858757062066e+03
2.674475706214689126e+03
2.673219209039548332e+03
2.672400000000000091e+03
2.671959322033898388e+03
2.671814689265536799e+03
2.671905084745762906e+03
2.672172881355932532e+03
2.672627118644068105e+03
2.673285875706214938e+03
2.674141242937853349e+03
2.675232768361582202e+03
2.676566101694915233e+03
2.678224858757062066e+03
2.680221468926553825e+03
2.682580790960451850e+03
2.685319774011299614e+03
2.688415819209039910e+03
2.691838418079096300e+03
2.695507344632768763e+03
2.699323163841808309e+03
2.703231638418079456e+03
2.707118644067796595e+03
2.710936723163841634e+03
2.714580790960452305e+03
2.717996610169491760e+03
2.721164971751412850e+03
2.724068926553672554e+03
2.726746892655367446e+03
2.729239548022599138e+03
2.731624858757062611e+03
2.733224858757062520e+03
2.733980790960451486e+03
2.733949152542372758e+03
2.733163841807909648e+03
2.731638418079096027e+03
2.729424858757061884e+03
2.726595480225988467e+03
2.723185310734463201e+03
2.719612429378531033e+03
2.716027118644067741e+03
2.712473446327683632e+03
2.708974011299435006e+03
2.705609039548022338e+03
2.702319774011299160e+03
2.699112994350282861e+03
2.695966101694915324e+03
2.692884745762711646e+03
2.689871186440677775e+03
2.686936723163841634e+03
2.684116384180791101e+03
2.681422598870056390e+03
2.678837288135593553e+03
2.676413559322034416e+03
2.674150282485876232e+03
2.672049717514124495e+03
2.670159322033898206e+03
2.668519774011299432e+03
2.667166101694915142e+03
2.666176271186440772e+03
2.665572881355932623e+03
2.665416949152542657e+03
2.665761581920904064e+03
2.666646327683615709e+03
2.668077966101694983e+03
2.670054237288135937e+03
2.672500564971751828e+03
2.675357062146892986e+03
2.678579661016950013e+03
2.682080225988701386e+03
2.685723163841807946e+03
2.689205649717514461e+03
2.692480225988701022e+03
2.695519774011299887e+03
2.698275706214689308e+03
2.700729943502825336e+03
2.702820338983051442e+03
2.704510734463277458e+03
2.705766101694915960e+03
2.706562711864406992e+03
2.706918644067796777e+03
2.706858757062147561e+03
2.706427118644068287e+03
2.705629378531074508e+03
2.704445197740113144e+03
2.702902824858757413e+03
2.700992090395480773e+03
2.698696045197740204e+03
2.696040677966102066e+03
2.693054237288136392e+03
2.689734463276836323e+03
2.686088135593220613e+03
2.682135593220339615e+03
2.678595480225988922e+03
2.675650847457627606e+03
2.673255367231638957e+03
2.671377401129943792e+03
2.669989830508474824e+03
2.669009039548022884e+03
2.668400000000000546e+03
2.668042937853107560e+03
2.667923163841808218e+03
2.668009039548022884e+03
2.668288135593220431e+03
2.668778531073446175e+03
2.669490395480226198e+03
2.670479096045197821e+03
2.671727683615818933e+03
2.673340112994350420e+03
2.675311864406779932e+03
2.677679096045198094e+03
2.680410169491525721e+03
2.683503954802260068e+03
2.686875706214689671e+03
2.690472316384181340e+03
2.694194350282486084e+03
2.697974011299435006e+03
2.701703954802259886e+03
2.705329943502824790e+03
2.708759322033898115e+03
2.711962711864406629e+03
2.714917514124294030e+03
2.717615819209039728e+03
2.720122033898304835e+03
2.722463276836158457e+03
2.724447457627118638e+03
2.725570621468926674e+03
2.725854237288135664e+03
2.725364971751412668e+03
2.724100564971751737e+03
2.722116384180791101e+03
2.719473446327683632e+03
2.716213559322033689e+03
2.712683615819209081e+03
2.709077966101694983e+03
2.705467796610169444e+03
2.701928813559322407e+03
2.698438418079096209e+03
2.695025988700564994e+03
2.691694915254237458e+03
2.688403389830508786e+03
2.685158192090395460e+03
2.681962711864406629e+03
2.678824858757062430e+03
2.675772881355932441e+03
2.672828248587570670e+03
2.669990960451977116e+03
2.667281355932203496e+03
2.664703954802260341e+03
2.662287005649717685e+03
2.660046327683616255e+03
2.658018079096045312e+03
2.656248587570621567e+03
2.654783050847457616e+03
2.653672316384181158e+03
2.652997740112994052e+03
2.652790960451977298e+03
2.653089265536723360e+03
2.653941242937853076e+03
2.655326553672316550e+03
2.657242937853107833e+03
2.659594350282485721e+03
2.662314124293785426e+03
2.665362711864407174e+03
2.668710734463276822e+03
2.672303954802259796e+03
2.675792090395480045e+03
2.679062146892655619e+03
2.682081355932203223e+03
2.684811299435028559e+03
2.687222598870056572e+03
2.689242937853107378e+03
2.690830508474576163e+03
2.691968361581921272e+03
2.692666666666666970e+03
2.692943502824859024e+03
2.692823728813559683e+03
2.692322033898305563e+03
2.691455367231638775e+03
2.690207909604519955e+03
2.688597740112994416e+03
2.686590960451977480e+03
2.684245197740113326e+03
2.681535593220339251e+03
2.678480225988701022e+03
2.675091525423728854e+03
2.671383050847457525e+03
2.667746892655367446e+03
2.664692655367231964e+03
2.662198870056497071e+03
2.660256497175141249e+03
2.658821468926554189e+03
2.657832768361582112e+03
2.657225988700565267e+03
2.656905084745762906e+03
2.656832768361582112e+03
2.656975141242937752e+03
2.657311864406779932e+03
2.657847457627118729e+03
2.658587570621469240e+03
2.659549152542373122e+03
2.660778531073447084e+03
2.662299435028248809e+03
2.664163841807910103e+03
2.666404519774011533e+03
2.669019209039548514e+03
2.671992090395480773e+03
2.675276836158192054e+03
2.678810169491525812e+03
2.682526553672316822e+03
2.686319774011299614e+03
2.690124293785311238e+03
2.693842937853107287e+03
2.697411299435028468e+03
2.700774011299435188e+03
2.703879096045197912e+03
2.706736723163841816e+03
2.709348022598870557e+03
2.711797740112994688e+03
2.714112994350282861e+03
2.716175141242938025e+03
2.717428248587571034e+03
2.717851977401130171e+03
2.717509604519774257e+03
2.716404519774011533e+03
2.714620338983051624e+03
2.712209039548022702e+03
2.709194350282486084e+03
2.705647457627119365e+03
2.701967231638418525e+03
2.698318644067796868e+03
2.694740112994350966e+03
2.691215819209040092e+03
2.687753672316384836e+03
2.684346892655367810e+03
2.680981920903955142e+03
2.677649717514124859e+03
2.674368361581921363e+03
2.671168361581921090e+03
2.668066666666667061e+03
2.665070056497175756e+03
2.662188700564971896e+03
2.659427118644068287e+03
2.656805649717514370e+03
2.654369491525423655e+03
2.652134463276836868e+03
2.650127683615819933e+03
2.648397740112995052e+03
2.647011299435028377e+03
2.646015819209039819e+03
2.645450847457626878e+03
2.645410169491525266e+03
2.645900564971751464e+03
2.646942372881356278e+03
2.648532203389830556e+03
2.650592090395480227e+03
2.653097175141243497e+03
2.655934463276836141e+03
2.659099435028248990e+03
2.662545762711864427e+03
2.666249717514124313e+03
2.669780790960452123e+03
2.673102824858757231e+03
2.676196610169491578e+03
2.678986440677966584e+03
2.681462146892655255e+03
2.683559322033898752e+03
2.685228248587570761e+03
2.686466666666666697e+03
2.687296045197740568e+03
2.687736723163841816e+03
2.687800000000000182e+03
2.687511864406779750e+03
2.686853107344632917e+03
2.685812429378531306e+03
2.684400000000000546e+03
2.682638418079096482e+03
2.680507344632768763e+03
2.678027118644067741e+03
2.675233898305084949e+03
2.672119774011299796e+03
2.668673446327683905e+03
2.665023728813559501e+03
2.661936723163842089e+03
2.659385310734463928e+03
2.657368361581920908e+03
2.655830508474576618e+03
2.654714124293785517e+03
2.653919774011299523e+03
2.653374011299435551e+03
2.653074576271186743e+03
2.652959322033898388e+03
2.653041807909604813e+03
2.653337853107344927e+03
2.653831638418078910e+03
2.654574011299435369e+03
2.655589830508474734e+03
2.656929943502825154e+03
2.658631638418079092e+03
2.660726553672316641e+03
2.663187570621469149e+03
2.665994350282486266e+03
2.669108474576271874e+03
2.672430508474576527e+03
2.675909604519774348e+03
2.679449717514125041e+03
2.682951412429379161e+03
2.686371751412430058e+03
2.689602259887005857e+03
2.692623728813559865e+03
2.695418079096045403e+03
2.697951412429379161e+03
2.700303954802260250e+03
2.702522033898305835e+03
2.704673446327684360e+03
2.706215819209040092e+03
2.706955932203390603e+03
2.706891525423729036e+03
2.706075706214689944e+03
2.704553672316385018e+03
2.702366101694915415e+03
2.699578531073446811e+03
2.696223728813559774e+03
2.692630508474576800e+03
2.689019209039548514e+03
2.685450847457627788e+03
2.681937853107344836e+03
2.678473446327683632e+03
2.675066666666667516e+03
2.671691525423729217e+03
2.668355932203390694e+03
2.665061016949153327e+03
2.661839548022599502e+03
2.658691525423729217e+03
2.655658757062147743e+03
2.652724293785311602e+03
2.649912994350283043e+03
2.647229378531073962e+03
2.644698305084746153e+03
2.642354802259887492e+03
2.640230508474576709e+03
2.638369491525424564e+03
2.636809039548023065e+03
2.635613559322034234e+03
2.634804519774012078e+03
2.634496045197740386e+03
2.634689265536723724e+03
2.635451977401130534e+03
2.636759322033898570e+03
2.638558192090396005e+03
2.640810169491525812e+03
2.643414689265537163e+03
2.646384180790960727e+03
2.649637288135593735e+03
2.653189830508475097e+03
2.656805649717514825e+03
2.660220338983051079e+03
2.663407909604519773e+03
2.666331073446328446e+03
2.668923163841808673e+03
2.671151412429378979e+03
2.672963841807909830e+03
2.674336723163842180e+03
2.675281355932203951e+03
2.675816949152542747e+03
2.675960451977401590e+03
2.675740112994350966e+03
2.675122033898305745e+03
2.674125423728813985e+03
2.672748022598870648e+03
2.670986440677966584e+03
2.668842937853107742e+03
2.666334463276836686e+03
2.663482485875706516e+03
2.660308474576271692e+03
2.656801129943502929e+03
2.652934463276837050e+03
2.649545762711864882e+03
2.646716384180791465e+03
2.644416949152542657e+03
2.642623728813559865e+03
2.641280225988701204e+03
2.640314124293785881e+03
2.639650847457627606e+03
2.639209039548023156e+03
2.638985310734463837e+03
2.638960451977401590e+03
2.639141242937853349e+03
2.639512994350282952e+03
2.640107344632769127e+03
2.640969491525424019e+03
2.642122033898305745e+03
2.643607909604520501e+03
2.645480225988701022e+03
2.647718644067796959e+03
2.650325423728813803e+03
2.653249717514124313e+03
2.656432768361582021e+03
2.659809039548023065e+03
2.663297175141243315e+03
2.666792090395480500e+03
2.670242937853107833e+03
2.673550282485875869e+03
2.676667796610169717e+03
2.679564971751412486e+03
2.682219209039548332e+03
2.684658757062147288e+03
2.686917514124294030e+03
2.689073446327683996e+03
2.691228248587571215e+03
2.692835028248588060e+03
2.693628248587570852e+03
2.693648587570622112e+03
2.692928813559322407e+03
2.691524293785311329e+03
2.689479096045198276e+03
2.686836158192090807e+03
2.683639548022599229e+03
2.680006779661016935e+03
2.676362711864407174e+03
2.672755932203389875e+03
2.669204519774011715e+03
2.665685875706214574e+03
2.662219209039548332e+03
2.658751412429378888e+03
2.655334463276836686e+03
2.651969491525424019e+03
2.648650847457627606e+03
2.645430508474576527e+03
2.642301694915254302e+03
2.639271186440678321e+03
2.636361581920904428e+03
2.633607909604520046e+03
2.631009039548022884e+03
2.628579661016949558e+03
2.626380790960452032e+03
2.624458757062147015e+03
2.622861016949152599e+03
2.621613559322034234e+03
2.620818079096045039e+03
2.620500564971751828e+03
2.620705084745763088e+03
2.621476836158192327e+03
2.622755932203390330e+03
2.624499435028248627e+03
2.626655367231638593e+03
2.629177401129943974e+03
2.632005649717514643e+03
2.635135593220339615e+03
2.638522033898305381e+03
2.642102824858757231e+03
2.645496045197740386e+03
2.648684745762712737e+03
2.651603389830509059e+03
2.654207909604520410e+03
2.656456497175141521e+03
2.658292655367232328e+03
2.659749152542373395e+03
2.660805649717514370e+03
2.661510734463277004e+03
2.661872316384181431e+03
2.661866666666666788e+03
2.661517514124294394e+03
2.660821468926554189e+03
2.659752542372881635e+03
2.658338983050847673e+03
2.656570621468927129e+03
2.654493785310734893e+03
2.652099435028248990e+03
2.649394350282485902e+03
2.646374011299435551e+03
2.642990960451977571e+03
2.639942372881356278e+03
2.637444067796610398e+03
2.635464406779661658e+03
2.633974011299435460e+03
2.632883615819209354e+03
2.632119774011299796e+03
2.631640677966101975e+03
2.631374011299435551e+03
2.631329943502825245e+03
2.631467796610169898e+03
2.631811299435028559e+03
2.632364971751412668e+03
2.633135593220339615e+03
2.634198870056497981e+03
2.635581920903955506e+03
2.637332203389831193e+03
2.639429378531073780e+03
2.641909604519774803e+03
2.644712994350283225e+03
2.647811299435028559e+03
2.651143502824858842e+03
2.654610169491525994e+03
2.658160451977401863e+03
2.661696045197740659e+03
2.665118644067797504e+03
2.668377401129943792e+03
2.671420338983051352e+03
2.674221468926554280e+03
2.676774011299435188e+03
2.679111864406780114e+03
2.681318644067797322e+03
2.683465536723164405e+03
2.685315254237289082e+03
2.686368361581921363e+03
2.686628248587571306e+03
2.686152542372881726e+03
2.684981920903955142e+03
2.683157062146893168e+03
2.680728813559322589e+03
2.677737853107345018e+03
2.674242937853107833e+03
2.670663276836158730e+03
2.667092655367231600e+03
2.663559322033898752e+03
2.660071186440678503e+03
2.656623728813559410e+03
2.653203389830508513e+03
2.649806779661017117e+03
2.646429378531073326e+03
2.643112994350282861e+03
2.639880225988700658e+03
2.636703954802260341e+03
2.633630508474576345e+03
2.630675706214689399e+03
2.627825988700565176e+03
2.625122033898305290e+03
2.622596610169492124e+03
2.620268926553672827e+03
2.618157062146892713e+03
2.616341242937853167e+03
2.614846327683615982e+03
2.613769491525424201e+03
2.613133333333333212e+03
2.613010169491525630e+03
2.613435028248587514e+03
2.614385310734463474e+03
2.615823728813559683e+03
2.617680225988700840e+03
2.619937853107345290e+03
2.622527683615819114e+03
2.625423728813559592e+03
2.628609039548022793e+03
2.632059887005650126e+03
2.635516384180791192e+03
2.638777401129943428e+03
2.641802259887005675e+03
2.644548022598870375e+03
2.646961581920904337e+03
2.648964971751413032e+03
2.650583050847458253e+03
2.651810169491525812e+03
2.652661016949153236e+03
2.653159322033899116e+03
2.653299435028248809e+03
2.653064406779661113e+03
2.652480225988701022e+03
2.651529943502825063e+03
2.650206779661017208e+03
2.648514124293785244e+03
2.646490395480226653e+03
2.644167231638418343e+03
2.641510734463277458e+03
2.638543502824859388e+03
2.635224858757062066e+03
2.631818079096045494e+03
2.628962711864407083e+03
2.626650847457627606e+03
2.624829378531073871e+03
2.623453107344633281e+03
2.622442937853107651e+03
2.621728813559322589e+03
2.621283615819209444e+03
2.621041807909604813e+03
2.621006779661017390e+03
2.621160451977401408e+03
2.621503954802260523e+03
2.622050847457627242e+03
2.622842937853107742e+03
2.623918644067796777e+03
2.625336723163842180e+03
2.627111864406780114e+03
2.629249717514124313e+03
2.631729943502825336e+03
2.634508474576271510e+03
2.637551412429378615e+03
2.640776271186441136e+03
2.644094915254237549e+03
2.647430508474576527e+03
2.650691525423729217e+03
2.653835028248588060e+03
2.656758192090395823e+03
2.659466666666667152e+03
2.661914124293785790e+03
2.664129943502824972e+03
2.666145762711864336e+03
2.668056497175141430e+03
2.669944632768361771e+03
2.671661016949152781e+03
2.672558192090396005e+03
2.672680225988700840e+03
2.672082485875706880e+03
2.670777401129943883e+03
2.668824858757062430e+03
2.666259887005649944e+03
2.663154802259887674e+03
2.659845197740113690e+03
2.656518644067797140e+03
2.653219209039548787e+03
2.649951412429379161e+03
2.646708474576271783e+03
2.643493785310734893e+03
2.640281355932203951e+03
2.637120903954802998e+03
2.633969491525424019e+03
2.630891525423729036e+03
2.627865536723164041e+03
2.624924293785310965e+03
2.622079096045198185e+03
2.619335593220339433e+03
2.616725423728813894e+03
2.614255367231638957e+03
2.611951412429379161e+03
2.609862146892655801e+03
2.608009039548022884e+03
2.606461016949152963e+03
2.605261016949152690e+03
2.604481355932203769e+03
2.604178531073446720e+03
2.604416949152542657e+03
2.605162711864407356e+03
2.606446327683615891e+03
2.608162711864407356e+03
2.610297175141243315e+03
2.612804519774011624e+03
2.615620338983051170e+03
2.618736723163841816e+03
2.622133333333333212e+03
2.625720903954802452e+03
2.629099435028248990e+03
2.632270056497175574e+03
2.635183050847458162e+03
2.637761581920904064e+03
2.639971751412429512e+03
2.641775141242937934e+03
2.643203389830508968e+03
2.644244067796610580e+03
2.644919774011299523e+03
2.645216949152542384e+03
2.645169491525423837e+03
2.644755932203390330e+03
2.643975141242938207e+03
2.642823728813559683e+03
2.641293785310735075e+03
2.639427118644068287e+03
2.637237288135593644e+03
2.634749152542372940e+03
2.631929943502825154e+03
2.628803389830508422e+03
2.625287005649717685e+03
2.622066666666666606e+03
2.619407909604519773e+03
2.617270056497175119e+03
2.615620338983050715e+03
2.614385310734463474e+03
2.613475706214689126e+03
2.612840677966101794e+03
2.612463276836158002e+03
2.612285875706214938e+03
2.612294915254237367e+03
2.612498305084745880e+03
2.612908474576271146e+03
2.613546892655367174e+03
2.614445197740113144e+03
2.615666666666666970e+03
2.617237288135593190e+03
2.619168361581921090e+03
2.621448587570621385e+03
2.624068926553672554e+03
2.626957062146892895e+03
2.630083615819208717e+03
2.633358192090395733e+03
2.636706214689265835e+03
2.640044067796610307e+03
2.643280225988700749e+03
2.646361581920904428e+03
2.649229378531073507e+03
2.651866666666666788e+03
2.654256497175141703e+03
2.656441807909604904e+03
2.658488135593220250e+03
2.660473446327683632e+03
2.662483615819209263e+03
2.663696045197740204e+03
2.664117514124293848e+03
2.663796610169491487e+03
2.662757062146893077e+03
2.661066666666666606e+03
2.658745762711864700e+03
2.655882485875706152e+03
2.652488135593220250e+03
2.649030508474576436e+03
2.645561581920904246e+03
2.642144632768361589e+03
2.638742372881356005e+03
2.635371751412429148e+03
2.632006779661017390e+03
2.628673446327683450e+03
2.625363841807909921e+03
2.622110734463277367e+03
2.618917514124294030e+03
2.615790960451977298e+03
2.612760451977401317e+03
2.609820338983050533e+03
2.607020338983050806e+03
2.604353672316384291e+03
2.601819209039547786e+03
2.599499435028248627e+03
2.597410169491525266e+03
2.595585310734463292e+03
2.594084745762711918e+03
2.592980790960451941e+03
2.592320903954802361e+03
2.592154802259887219e+03
2.592548022598870375e+03
2.593449717514124131e+03
2.594837288135593553e+03
2.596647457627118456e+03
2.598844067796610034e+03
2.601381920903954779e+03
2.604231638418079001e+03
2.607367231638418161e+03
2.610760451977401317e+03
2.613964971751412122e+03
2.617006779661017390e+03
2.619832768361581657e+03
2.622362711864407174e+03
2.624545762711864427e+03
2.626379661016949285e+03
2.627820338983050533e+03
2.628896045197740023e+03
2.629596610169491214e+03
2.629966101694914869e+03
2.629969491525424019e+03
2.629642937853107469e+03
2.628959322033898388e+03
2.627907344632768400e+03
2.626515254237287991e+03
2.624763841807909557e+03
2.622705084745762633e+03
2.620337853107344927e+03
2.617666666666666970e+03
2.614705084745762633e+03
2.611404519774011533e+03
2.608033898305084676e+03
2.605221468926553825e+03
2.602960451977401135e+03
2.601198870056497526e+03
2.599868926553672281e+03
2.598918644067796777e+03
2.598275706214689308e+03
2.597885875706215302e+03
2.597740112994350511e+03
2.597777401129943428e+03
2.598007909604520137e+03
2.598419209039548150e+03
2.599028248587570488e+03
2.599884745762711646e+03
2.601036158192090625e+03
2.602514124293785244e+03
2.604343502824858660e+03
2.606538983050847492e+03
2.609075706214689035e+03
2.611926553672316459e+03
2.615037288135593371e+03
2.618349152542372849e+03
2.621759322033898570e+03
2.625209039548022702e+03
2.628602259887005857e+03
2.631874576271186470e+03
2.634963841807909375e+03
2.637833898305084858e+03
2.640442937853107196e+03
2.642819209039548241e+03
2.645009039548022884e+03
2.647100564971751737e+03
2.649172881355932077e+03
2.650900564971751464e+03
2.651835028248587605e+03
2.652020338983051261e+03
2.651471186440678139e+03
2.650258757062147197e+03
2.648385310734463474e+03
2.645935593220338887e+03
2.642945762711864518e+03
2.639490395480226198e+03
2.635989830508474824e+03
2.632527683615819114e+03
2.629081355932203223e+03
2.625651977401130353e+03
2.622240677966101430e+03
2.618842937853107287e+03
2.615481355932203769e+03
2.612158192090395460e+03
2.608898305084745971e+03
2.605698305084745698e+03
2.602590960451977480e+03
2.599586440677966493e+03
2.596689265536722814e+03
2.593898305084745516e+03
2.591270056497175119e+03
2.588818079096045039e+03
2.586578531073446356e+03
2.584567231638417979e+03
2.582849717514124222e+03
2.581481355932203314e+03
2.580534463276836050e+03
2.580075706214689490e+03
2.580137853107344654e+03
2.580727683615819387e+03
2.581789830508474552e+03
2.583335593220338978e+03
2.585285875706214483e+03
2.587610169491525085e+03
2.590250847457627060e+03
2.593197740112994325e+03
2.596400000000000091e+03
2.599861016949152599e+03
2.603242937853107378e+03
2.606431638418079274e+03
2.609372881355931895e+03
2.611995480225988558e+03
2.614268926553672372e+03
2.616167231638418343e+03
2.617701694915253938e+03
2.618875706214689217e+03
2.619682485875705879e+03
2.620149152542372576e+03
2.620253107344632554e+03
2.620019209039548059e+03
2.619412429378530760e+03
2.618433898305084767e+03
2.617099435028248081e+03
2.615413559322033962e+03
2.613422598870056390e+03
2.611117514124293848e+03
2.608497175141243133e+03
2.605548022598869920e+03
2.602237288135593190e+03
2.599039548022598865e+03
2.596380790960452032e+03
2.594254237288135300e+03
2.592594350282485721e+03
2.591346892655366901e+03
2.590442937853107196e+03
2.589822598870056481e+03
2.589447457627118638e+03
2.589291525423728672e+03
2.589323163841807855e+03
2.589548022598869920e+03
2.589964971751412122e+03
2.590618079096045221e+03
2.591533333333333758e+03
2.592768361581921454e+03
2.594351412429378797e+03
2.596285875706214938e+03
2.598594350282485721e+03
2.601218079096045585e+03
2.604153672316384473e+03
2.607322033898305108e+03
2.610658757062146833e+03
2.614067796610169353e+03
2.617487005649717503e+03
2.620818079096045039e+03
2.624007909604520137e+03
2.626986440677966129e+03
2.629742372881356459e+03
2.632244067796610125e+03
2.634527683615819114e+03
2.636676836158192145e+03
2.638757062146893077e+03
2.640848587570621930e+03
2.642342372881355914e+03
2.643032768361581930e+03
2.642958192090395642e+03
2.642152542372881726e+03
2.640671186440677957e+03
2.638552542372881362e+03
2.635846327683615982e+03
2.632611299435028741e+03
2.629136723163841907e+03
2.625665536723164223e+03
2.622239548022598683e+03
2.618823728813559683e+03
2.615420338983050897e+03
2.612042937853107560e+03
2.608693785310734711e+03
2.605380790960452032e+03
2.602118644067796595e+03
2.598926553672316459e+03
2.595812429378531306e+03
2.592796610169491487e+03
2.589866666666666788e+03
2.587051977401129989e+03
2.584375141242937389e+03
2.581865536723163586e+03
2.579546892655367628e+03
2.577444067796610398e+03
2.575584180790960090e+03
2.574062146892655619e+03
2.572923163841807764e+03
2.572255367231638502e+03
2.572077966101694983e+03
2.572418079096044949e+03
2.573292655367231418e+03
2.574648587570621203e+03
2.576427118644067377e+03
2.578606779661016844e+03
2.581145762711864336e+03
2.583993220338982610e+03
2.587143502824858388e+03
2.590581920903954597e+03
2.594298305084745607e+03
2.597877966101694710e+03
2.601227118644067559e+03
2.604285875706214938e+03
2.606993220338983065e+03
2.609315254237288173e+03
2.611274576271186561e+03
2.612844067796610034e+03
2.614030508474576436e+03
2.614837288135593099e+03
2.615293785310734165e+03
2.615380790960452032e+03
2.615080225988700477e+03
2.614405649717514279e+03
2.613345762711864609e+03
2.611914124293785335e+03
2.610141242937853349e+03
2.608055367231638684e+03
2.605654237288135846e+03
2.602922033898305017e+03
2.599821468926554189e+03
2.596297175141243315e+03
2.593119774011299796e+03
2.590488135593220250e+03
2.588358192090395733e+03
2.586674576271186197e+03
2.585385310734463019e+03
2.584412429378530760e+03
2.583716384180790556e+03
2.583266666666666424e+03
2.583035028248587423e+03
2.582986440677966129e+03
2.583134463276835959e+03
2.583497175141243133e+03
2.584115254237287900e+03
2.585030508474575981e+03
2.586303954802259796e+03
2.587906214689265198e+03
2.589879096045197002e+03
2.592207909604519500e+03
2.594864406779660840e+03
2.597777401129943428e+03
2.600894915254237276e+03
2.604142372881356096e+03
2.607442937853107196e+03
2.610700564971751191e+03
2.613851977401130171e+03
2.616815819209039546e+03
2.619566101694915233e+03
2.622059887005649671e+03
2.624338983050847673e+03
2.626438418079095754e+03
2.628420338983050897e+03
2.630380790960451577e+03
2.632387570621468512e+03
2.633749152542372940e+03
2.634316384180790919e+03
2.634151412429378070e+03
2.633265536723163677e+03
2.631711864406779569e+03
2.629543502824858479e+03
2.626807909604519409e+03
2.623572881355931713e+03
2.620158192090395460e+03
2.616733333333333121e+03
2.613328813559322043e+03
2.609928813559321952e+03
2.606527683615819114e+03
2.603124293785310329e+03
2.599758192090395369e+03
2.596392090395479954e+03
2.593072316384180340e+03
2.589827118644067923e+03
2.586659887005649580e+03
2.583557062146892349e+03
2.580569491525423473e+03
2.577668926553672463e+03
2.574926553672316004e+03
2.572358192090395278e+03
2.569969491525424019e+03
2.567794350282485539e+03
2.565894915254237276e+03
2.564354802259887038e+03
2.563220338983051079e+03
2.562592090395480227e+03
2.562459887005649762e+03
2.562853107344632917e+03
2.563745762711864700e+03
2.565102824858757231e+03
2.566887005649717594e+03
2.569020338983051261e+03
2.571524293785310874e+03
2.574346892655367355e+03
2.577471186440678139e+03
2.580858757062147561e+03
2.584229378531073962e+03
2.587411299435028468e+03
2.590331073446327991e+03
2.592936723163841634e+03
2.595212429378531397e+03
2.597116384180791101e+03
2.598657627118644086e+03
2.599844067796610489e+03
2.600672316384180704e+03
2.601163841807909648e+03
2.601316384180790919e+03
2.601115254237288354e+03
2.600533333333333758e+03
2.599593220338983429e+03
2.598281355932203951e+03
2.596640677966101975e+03
2.594696045197740204e+03
2.592442937853107651e+03
2.589884745762712555e+03
2.587003389830508240e+03
2.583728813559321679e+03
2.580276836158192054e+03
2.577370621468926402e+03
2.574986440677966129e+03
2.573087005649717412e+03
2.571595480225988467e+03
2.570461016949152508e+03
2.569628248587570852e+03
2.569061016949152872e+03
2.568723163841807946e+03
2.568585310734463292e+03
2.568625988700564903e+03
2.568884745762712100e+03
2.569376271186441045e+03
2.570158192090395460e+03
2.571250847457627060e+03
2.572682485875706334e+03
2.574466666666667152e+03
2.576609039548022793e+03
2.579103954802259977e+03
2.581910734463276640e+03
2.584946892655367265e+03
2.588148022598869829e+03
2.591456497175141067e+03
2.594784180790960363e+03
2.598041807909604358e+03
2.601159322033898206e+03
2.604077966101694983e+03
2.606788700564971805e+03
2.609235028248587696e+03
2.611497175141243133e+03
2.613623728813559410e+03
2.615710734463276822e+03
2.617797740112994234e+03
2.619555932203389602e+03
2.620514124293785244e+03
2.620734463276836323e+03
2.620205649717514007e+03
2.618977401129943246e+03
2.617120903954802088e+03
2.614680225988700840e+03
2.611737853107344563e+03
2.608287005649717685e+03
2.604664406779661476e+03
2.601029378531073689e+03
2.597392090395480409e+03
2.593750282485875687e+03
2.590099435028248990e+03
2.586454237288136028e+03
2.582829378531073417e+03
2.579239548022599138e+03
2.575698305084745698e+03
2.572225988700564812e+03
2.568820338983051442e+03
2.565511864406779750e+03
2.562288135593220431e+03
2.559202259887005312e+03
2.556292655367231418e+03
2.553540112994350238e+03
2.551004519774011442e+03
2.548709604519774075e+03
2.546734463276836323e+03
2.545142372881356096e+03
2.544019209039548059e+03
2.543404519774011533e+03
2.543301694915254302e+03
2.543719774011299705e+03
2.544637288135593280e+03
2.545981920903954688e+03
2.547742372881356005e+03
2.549876836158192418e+03
2.552349152542373304e+03
2.555141242937853349e+03
2.558211299435028195e+03
2.561576271186440863e+03
2.565207909604519955e+03
2.568705084745762633e+03
2.571916384180791283e+03
2.574780790960452123e+03
2.577324293785310601e+03
2.579508474576271055e+03
2.581331073446327537e+03
2.582803389830508422e+03
2.583919774011299523e+03
2.584697175141242951e+03
2.585090395480226107e+03
2.585124293785310329e+03
2.584783050847457162e+03
2.584062146892655164e+03
2.582990960451977116e+03
2.581592090395480227e+03
2.579867796610169535e+03
2.577830508474576163e+03
2.575458757062147015e+03
2.572700564971751191e+03
2.569536723163841998e+03
2.566340112994350420e+03
2.563683615819209081e+03
2.561503954802259614e+03
2.559761581920904064e+03
2.558405649717514279e+03
2.557364971751412668e+03
2.556613559322034234e+03
2.556075706214689490e+03
2.555755932203389875e+03
2.555605649717514098e+03
2.555638418079096027e+03
2.555889265536723542e+03
2.556393220338982701e+03
2.557184180790960454e+03
2.558297175141243315e+03
2.559764971751412304e+03
2.561558192090395551e+03
2.563717514124293302e+03
2.566199999999999818e+03
2.568948022598870011e+03
2.571896045197740023e+03
2.574979661016949194e+03
2.578143502824858842e+03
2.581270056497175574e+03
2.584303954802259796e+03
2.587175141242938025e+03
2.589818079096045494e+03
2.592230508474576254e+03
2.594441807909604449e+03
2.596476836158192327e+03
2.598405649717514279e+03
2.600305084745762542e+03
2.602262146892655437e+03
2.604167231638418343e+03
2.605303954802259796e+03
2.605705084745763088e+03
2.605366101694915415e+03
2.604372881355931895e+03
2.602772881355932441e+03
2.600619209039548423e+03
2.597954802259887401e+03
2.594795480225988740e+03
2.591363841807909921e+03
2.587922033898305017e+03
2.584459887005649762e+03
2.581004519774010987e+03
2.577541242937852985e+03
2.574101694915254029e+03
2.570696045197739750e+03
2.567319774011299160e+03
2.564022598870056299e+03
2.560790960451977298e+03
2.557638418079095572e+03
2.554566101694915233e+03
2.551623728813559410e+03
2.548818079096045039e+03
2.546167231638418343e+03
2.543725423728813439e+03
2.541471186440678139e+03
2.539522033898305381e+03
2.537898305084745516e+03
2.536702824858757140e+03
2.536002259887005494e+03
2.535787570621468603e+03
2.536114124293785153e+03
2.536918644067796777e+03
2.538188700564971441e+03
2.539861016949152145e+03
2.541937853107344381e+03
2.544357062146892531e+03
2.547106214689265471e+03
2.550160451977400953e+03
2.553489265536722996e+03
2.557092655367231600e+03
2.560684745762711827e+03
2.564040677966101612e+03
2.567092655367231600e+03
2.569828248587570670e+03
2.572239548022598683e+03
2.574285875706214938e+03
2.576010169491525176e+03
2.577388700564971714e+03
2.578429378531073326e+03
2.579117514124293848e+03
2.579449717514124131e+03
2.579390960451977662e+03
2.578976271186440499e+03
2.578190960451977389e+03
2.577087005649716957e+03
2.575677966101694437e+03
2.573951412429378252e+03
2.571912994350282133e+03
2.569500564971750919e+03
2.566692655367231055e+03
2.563472316384180431e+03
2.560298305084745152e+03
2.557621468926553462e+03
2.555418079096044949e+03
2.553614689265536526e+03
2.552162711864406447e+03
2.551015819209039364e+03
2.550125423728813530e+03
2.549477966101694619e+03
2.549004519774010987e+03
2.548731073446327173e+03
2.548648587570621203e+03
2.548819209039547786e+03
2.549256497175140794e+03
2.550000000000000000e+03
2.551074576271185833e+03
2.552527683615819114e+03
2.554345762711864154e+03
2.556505084745762360e+03
2.558968361581920817e+03
2.561687005649717321e+03
2.564596610169491214e+03
2.567613559322033325e+03
2.570670056497175210e+03
2.573680225988699931e+03
2.576555932203389602e+03
2.579249717514124313e+03
2.581735593220338615e+03
2.584002259887005494e+03
2.586089265536722451e+03
2.588037288135592917e+03
2.589934463276836141e+03
2.591857627118643904e+03
2.593863276836157638e+03
2.595167231638417434e+03
2.595699435028248445e+03
2.595514124293784789e+03
2.594628248587569942e+03
2.593115254237287445e+03
2.591035028248586968e+03
2.588409039548022520e+03
2.585296045197739659e+03
2.581780790960451668e+03
2.578240677966100975e+03
2.574672316384179794e+03
2.571088135593219704e+03
2.567487005649717048e+03
2.563863276836157638e+03
2.560256497175140794e+03
2.556679096045197184e+03
2.553138983050846946e+03
2.549656497175140885e+03
2.546219209039547422e+03
2.542859887005649398e+03
2.539576271186439953e+03
2.536436158192090261e+03
2.533421468926553189e+03
2.530566101694914778e+03
2.527892655367231328e+03
2.525438418079095754e+03
2.523284745762711282e+03
2.521500564971750919e+03
2.520174011299434824e+03
2.519305084745762088e+03
2.518949152542372303e+03
2.519106214689265016e+03
2.519726553672316186e+03
2.520783050847457162e+03
2.522227118644067559e+03
2.524040677966101612e+03
2.526184180790959545e+03
2.528637288135592826e+03
2.531395480225988194e+03
2.534439548022598501e+03
2.537761581920903609e+03
2.541240677966101430e+03
2.544485875706214301e+03
2.547413559322033507e+03
2.550037288135592917e+03
2.552332203389830283e+03
2.554277966101694801e+03
2.555899435028248263e+03
2.557189830508474188e+03
2.558151412429378070e+03
2.558758192090394914e+03
2.558998870056496798e+03
2.558877966101694255e+03
2.558389830508474006e+03
2.557572881355931713e+03
2.556424858757061884e+03
2.554975141242937298e+03
2.553244067796609670e+03
2.551153672316383563e+03
2.548684745762711373e+03
2.545814689265536799e+03
2.542616949152542020e+03
2.539948022598870011e+03
2.537760451977400862e+03
2.536012429378530214e+03
2.534613559322033325e+03
2.533564971751411576e+03
2.532779661016948921e+03
2.532218079096044676e+03
2.531856497175141158e+03
2.531681355932203132e+03
2.531677966101694437e+03
2.531883615819208899e+03
2.532329943502824790e+03
2.533061016949151963e+03
2.534093785310733892e+03
2.535468926553671736e+03
2.537186440677965493e+03
2.539235028248586787e+03
2.541609039548022338e+03
2.544231638418078546e+03
2.547061016949151963e+03
2.550016949152541656e+03
2.553037288135592462e+03
2.556058757062146469e+03
2.558961581920903427e+03
2.561697175141242496e+03
2.564198870056497071e+03
2.566472316384179976e+03
2.568532203389830102e+03
2.570418079096044494e+03
2.572183050847456798e+03
2.573916384180790374e+03
2.575688135593220068e+03
2.577584180790960090e+03
2.578923163841807764e+03
2.579519774011298978e+03
2.579412429378530760e+03
2.578647457627118001e+03
2.577298305084745152e+03
2.575394350282484993e+03
2.572961581920903427e+03
2.570054237288135027e+03
2.566748022598869284e+03
2.563416949152541747e+03
2.560071186440677593e+03
2.556701694915253938e+03
2.553305084745762088e+03
2.549907344632767490e+03
2.546503954802259159e+03
2.543127683615818569e+03
2.539799999999999272e+03
2.536515254237287536e+03
2.533280225988700295e+03
2.530123163841807582e+03
2.527082485875705970e+03
2.524152542372880816e+03
2.521340112994349511e+03
2.518676836158191691e+03
2.516228248587569851e+03
2.514032768361581475e+03
2.512157062146892258e+03
2.510689265536722360e+03
2.509670056497174755e+03
2.509138983050846946e+03
2.509108474576270510e+03
2.509554802259886401e+03
2.510444067796609488e+03
2.511758192090394914e+03
2.513450847457626423e+03
2.515505084745762360e+03
2.517876836158191509e+03
2.520567231638417525e+03
2.523555932203389602e+03
2.526831638418078910e+03
2.530363841807909012e+03
2.533731073446327173e+03
2.536853107344632008e+03
2.539680225988699931e+03
2.542204519774010805e+03
2.544405649717513370e+03
2.546274576271185651e+03
2.547853107344632008e+03
2.549116384180790192e+03
2.550055367231637319e+03
2.550638418079095572e+03
2.550888135593219431e+03
2.550779661016948012e+03
2.550323163841807400e+03
2.549571751412428966e+03
2.548527683615818660e+03
2.547179661016948558e+03
2.545524293785309965e+03
2.543516384180790283e+03
2.541132203389829556e+03
2.538353672316383381e+03
2.535194350282485175e+03
2.532524293785309965e+03
2.530309604519773529e+03
2.528503954802259159e+03
2.527065536723162950e+03
2.525906214689264743e+03
2.525025988700564085e+03
2.524345762711863699e+03
2.523851977401129261e+03
2.523546892655366719e+03
2.523427118644067377e+03
2.523527683615818660e+03
2.523890395480225379e+03
2.524549152542372212e+03
2.525533333333332848e+03
2.526846327683615073e+03
2.528517514124293484e+03
2.530522033898304471e+03
2.532813559322033143e+03
2.535359322033898025e+03
2.538071186440677138e+03
2.540893785310734074e+03
2.543751412429377524e+03
2.546551412429377706e+03
2.549216949152541474e+03
2.551701694915253938e+03
2.553957062146891985e+03
2.556002259887005039e+03
2.557846327683615527e+03
2.559543502824858479e+03
2.561181920903954051e+03
2.562822598870056026e+03
2.564535593220338342e+03
2.566101694915253574e+03
2.566905084745761997e+03
2.566980790960451486e+03
2.566383050847456616e+03
2.565161581920902790e+03
2.563386440677965766e+03
2.561079096045196820e+03
2.558248587570620657e+03
2.555016949152542111e+03
2.551723163841807491e+03
2.548404519774011078e+03
2.545039548022598865e+03
2.541662146892655073e+03
2.538241807909604177e+03
2.534844067796610034e+03
2.531455367231637865e+03
2.528087005649716957e+03
2.524752542372881180e+03
2.521449717514124131e+03
2.518224858757061611e+03
2.515077966101694528e+03
2.512037288135592462e+03
2.509141242937852894e+03
2.506360451977400771e+03
2.503745762711863790e+03
2.501344632768361407e+03
2.499245197740112872e+03
2.497482485875706061e+03
2.496157062146892258e+03
2.495309604519773529e+03
2.494971751412429057e+03
2.495114124293784698e+03
2.495711864406779569e+03
2.496734463276835413e+03
2.498158192090395005e+03
2.499974011299434551e+03
2.502103954802259523e+03
2.504567231638417979e+03
2.507334463276835777e+03
2.510418079096044949e+03
2.513762711864406356e+03
2.517051977401129534e+03
2.520094915254237094e+03
2.522859887005649398e+03
2.525314124293784516e+03
2.527444067796609488e+03
2.529250847457627060e+03
2.530745762711863790e+03
2.531915254237287627e+03
2.532767231638417798e+03
2.533267796610169171e+03
2.533414689265536254e+03
2.533192090395479681e+03
2.532627118644067195e+03
2.531732203389830374e+03
2.530534463276835595e+03
2.529054237288135027e+03
2.527256497175140794e+03
2.525117514124293393e+03
2.522624858757061702e+03
2.519734463276835868e+03
2.516450847457626878e+03
2.513636158192090079e+03
2.511310734463276276e+03
2.509404519774010623e+03
2.507900564971751010e+03
2.506711864406779569e+03
2.505833898305084858e+03
2.505170621468926583e+03
2.504719774011299705e+03
2.504454237288135118e+03
2.504378531073446084e+03
2.504511864406779750e+03
2.504882485875706152e+03
2.505532203389830102e+03
2.506479096045197366e+03
2.507746892655366992e+03
2.509366101694915415e+03
2.511314124293784971e+03
2.513577401129943155e+03
2.516099435028248081e+03
2.518831638418078910e+03
2.521710734463276822e+03
2.524663276836157820e+03
2.527594350282485721e+03
2.530436158192090261e+03
2.533098305084745789e+03
2.535566101694915233e+03
2.537802259887005675e+03
2.539823728813559683e+03
2.541671186440677957e+03
2.543392090395480409e+03
2.545091525423728854e+03
2.546806779661016662e+03
2.548645197740112962e+03
2.549955932203389693e+03
2.550524293785310874e+03
2.550387570621468512e+03
2.549588700564971987e+03
2.548205649717514007e+03
2.546272316384180613e+03
2.543823728813559228e+03
2.540854237288135664e+03
2.537597740112994416e+03
2.534311864406779932e+03
2.530995480225989013e+03
2.527624858757062611e+03
2.524247457627118820e+03
2.520847457627119184e+03
2.517454237288136028e+03
2.514090395480226107e+03
2.510763841807909557e+03
2.507472316384180886e+03
2.504221468926553825e+03
2.501079096045197730e+03
2.498019209039548514e+03
2.495067796610169353e+03
2.492244067796610580e+03
2.489553672316384564e+03
2.487061016949152872e+03
2.484819209039548241e+03
2.482902824858757413e+03
2.481374011299435097e+03
2.480285875706214938e+03
2.479690395480226471e+03
2.479570621468926674e+03
2.479942372881356278e+03
2.480761581920904064e+03
2.481988700564971623e+03
2.483611299435028286e+03
2.485569491525423928e+03
2.487879096045197912e+03
2.490480225988700568e+03
2.493394350282485902e+03
2.496569491525423473e+03
2.500018079096045312e+03
2.503279096045197548e+03
2.506298305084746062e+03
2.509024858757062248e+03
2.511453107344632826e+03
2.513579661016949103e+03
2.515394350282485902e+03
2.516914124293785335e+03
2.518134463276836414e+03
2.519024858757062248e+03
2.519577401129943610e+03
2.519780790960451668e+03
2.519632768361581839e+03
2.519180790960452214e+03
2.518401129943503292e+03
2.517357062146892531e+03
2.516033898305085131e+03
2.514383050847457525e+03
2.512386440677966675e+03
2.510032768361582384e+03
2.507296045197740568e+03
2.504238418079096391e+03
2.501694915254237458e+03
2.499606779661016844e+03
2.497927683615819205e+03
2.496595480225988467e+03
2.495596610169491669e+03
2.494837288135593553e+03
2.494290395480226380e+03
2.493940112994350329e+03
2.493762711864406810e+03
2.493790960451977753e+03
2.494037288135593371e+03
2.494549152542373122e+03
2.495322033898305563e+03
2.496429378531073780e+03
2.497876836158191963e+03
2.499658757062146833e+03
2.501764971751412304e+03
2.504175141242938025e+03
2.506821468926553734e+03
2.509657627118644086e+03
2.512610169491525085e+03
2.515610169491525539e+03
2.518549152542373122e+03
2.521370621468926402e+03
2.524006779661017390e+03
2.526422598870056390e+03
2.528636158192090988e+03
2.530653107344633099e+03
2.532517514124293484e+03
2.534316384180790919e+03
2.536108474576271874e+03
2.537976271186440954e+03
2.539659887005649580e+03
2.540592090395480682e+03
2.540829378531073417e+03
2.540389830508474915e+03
2.539352542372881544e+03
2.537741242937853713e+03
2.535604519774011351e+03
2.532963841807909830e+03
2.529828248587570670e+03
2.526446327683615891e+03
2.523020338983051261e+03
2.519571751412429421e+03
2.516087005649717867e+03
2.512604519774011351e+03
2.509122033898305290e+03
2.505655367231638593e+03
2.502205649717514461e+03
2.498778531073446175e+03
2.495409039548022520e+03
2.492120903954802543e+03
2.488928813559321952e+03
2.485846327683615982e+03
2.482875706214689217e+03
2.480006779661016935e+03
2.477314124293785426e+03
2.474839548022599047e+03
2.472641807909604722e+03
2.470813559322034052e+03
2.469414689265536708e+03
2.468479096045197821e+03
2.468024858757062248e+03
2.468051977401129989e+03
2.468529943502824608e+03
2.469445197740113144e+03
2.470763841807909557e+03
2.472437288135593008e+03
2.474468926553672190e+03
2.476806779661017117e+03
2.479465536723163950e+03
2.482415819209039910e+03
2.485639548022599229e+03
2.489082485875705970e+03
2.492337853107344927e+03
2.495302824858757049e+03
2.497987570621468876e+03
2.500371751412429148e+03
2.502462146892655255e+03
2.504249717514124313e+03
2.505728813559321679e+03
2.506900564971751464e+03
2.507719774011299251e+03
2.508196610169491578e+03
2.508300564971751555e+03
2.508075706214689490e+03
2.507533333333333303e+03
2.506698305084745698e+03
2.505571751412428966e+03
2.504131073446327719e+03
2.502343502824858660e+03
2.500199999999999818e+03
2.497668926553672463e+03
2.494742372881355550e+03
2.491896045197740023e+03
2.489518644067796686e+03
2.487576271186440408e+03
2.486028248587570488e+03
2.484820338983050533e+03
2.483881355932203405e+03
2.483180790960451759e+03
2.482674576271186197e+03
2.482351412429378342e+03
2.482224858757062066e+03
2.482316384180790919e+03
2.482647457627118456e+03
2.483224858757062066e+03
2.484131073446327719e+03
2.485367231638418161e+03
2.486937853107344381e+03
2.488854237288135664e+03
2.491080225988700477e+03
2.493568361581920726e+03
2.496284745762712191e+03
2.499174011299435278e+03
2.502131073446327719e+03
2.505101694915254029e+03
2.507954802259886947e+03
2.510667796610169262e+03
2.513171751412428875e+03
2.515465536723163495e+03
2.517540112994350238e+03
2.519441807909603995e+03
2.521207909604519500e+03
2.522927683615818751e+03
2.524658757062146833e+03
2.526499435028248627e+03
2.528009039548021974e+03
2.528752542372881180e+03
2.528798870056496980e+03
2.528171751412429330e+03
2.526935593220338887e+03
2.525118644067796595e+03
2.522763841807909557e+03
2.519896045197740023e+03
2.516693785310734256e+03
2.513474576271186379e+03
2.510187570621468694e+03
2.506882485875706152e+03
2.503558192090395551e+03
2.500239548022598683e+03
2.496907344632768400e+03
2.493593220338982974e+03
2.490305084745762542e+03
2.487042937853107105e+03
2.483856497175141158e+03
2.480741242937852803e+03
2.477726553672316186e+03
2.474800000000000182e+03
2.471985310734462928e+03
2.469303954802259796e+03
2.466798870056497435e+03
2.464541242937852985e+03
2.462597740112993961e+03
2.461031638418078728e+03
2.459906214689265653e+03
2.459280225988700295e+03
2.459110734463276458e+03
2.459420338983050897e+03
2.460185310734463201e+03
2.461338983050847673e+03
2.462890395480225834e+03
2.464806779661016662e+03
2.467070056497174846e+03
2.469650847457626696e+03
2.472554802259886856e+03
2.475757062146892167e+03
2.479218079096045130e+03
2.482672316384180704e+03
2.485855367231638411e+03
2.488737853107344563e+03
2.491311864406779932e+03
2.493570621468926220e+03
2.495526553672316368e+03
2.497174011299434824e+03
2.498493785310734893e+03
2.499465536723163950e+03
2.500075706214689490e+03
2.500305084745762542e+03
2.500180790960452214e+03
2.499724293785310692e+03
2.498970621468926765e+03
2.497902824858757413e+03
2.496507344632768309e+03
2.494769491525423291e+03
2.492672316384180704e+03
2.490214689265536435e+03
2.487352542372881544e+03
2.484074576271186288e+03
2.481133333333333212e+03
2.478664406779660567e+03
2.476619209039547968e+03
2.474929943502824699e+03
2.473558192090395551e+03
2.472449717514124131e+03
2.471559322033897843e+03
2.470864406779660840e+03
2.470381920903954779e+03
2.470107344632768218e+03
2.470049717514124040e+03
2.470235028248587696e+03
2.470733333333332666e+03
2.471552542372881362e+03
2.472708474576270874e+03
2.474214689265536435e+03
2.476056497175140976e+03
2.478184180790960454e+03
2.480559322033897843e+03
2.483144632768361589e+03
2.485877966101695165e+03
2.488628248587570852e+03
2.491362711864406720e+03
2.493970621468926765e+03
2.496390960451977207e+03
2.498623728813558955e+03
2.500639548022599229e+03
2.502462146892655255e+03
2.504140112994350147e+03
2.505731073446327173e+03
2.507309604519773529e+03
2.508966101694915324e+03
2.510777401129943428e+03
2.512035028248587878e+03
2.512559322033898297e+03
2.512385310734463474e+03
2.511601129943503111e+03
2.510194350282486084e+03
2.508225988700564812e+03
2.505740112994350056e+03
2.502746892655367446e+03
2.499479096045197821e+03
2.496167231638418343e+03
2.492792090395480045e+03
2.489372881355932350e+03
2.485932203389830647e+03
2.482475706214689126e+03
2.478979661016949649e+03
2.475505084745762815e+03
2.472029378531073235e+03
2.468592090395480227e+03
2.465225988700564812e+03
2.461933333333333394e+03
2.458726553672316186e+03
2.455616949152542475e+03
2.452603389830508149e+03
2.449737853107344563e+03
2.447081355932203223e+03
2.444714124293785062e+03
2.442679096045197639e+03
2.441072316384180795e+03
2.439923163841807764e+03
2.439242937853107378e+03
2.439048587570621748e+03
2.439315254237288173e+03
2.440020338983050351e+03
2.441122033898304835e+03
2.442609039548022338e+03
2.444450847457626878e+03
2.446654237288135391e+03
2.449155932203389511e+03
2.451988700564971623e+03
2.455099435028248536e+03
2.458471186440677684e+03
2.461755932203389420e+03
2.464793220338982792e+03
2.467537853107344745e+03
2.469988700564971623e+03
2.472151412429378070e+03
2.474045197740112599e+03
2.475623728813558955e+03
2.476898305084745516e+03
2.477823728813559228e+03
2.478384180790960272e+03
2.478593220338982974e+03
2.478498305084745880e+03
2.478084745762711918e+03
2.477402259887005584e+03
2.476406779661017026e+03
2.475088135593220159e+03
2.473449717514124131e+03
2.471451977401129625e+03
2.469075706214689035e+03
2.466296045197739659e+03
2.463348022598870102e+03
2.460870056497175028e+03
2.458847457627118729e+03
2.457219209039548332e+03
2.455948022598870011e+03
2.454957062146892895e+03
2.454202259887005312e+03
2.453664406779661022e+03
2.453305084745762542e+03
2.453172881355932532e+03
2.453212429378530942e+03
2.453523163841808127e+03
2.454091525423728854e+03
2.454970621468926765e+03
2.456181920903954961e+03
2.457728813559322134e+03
2.459604519774011351e+03
2.461803389830508422e+03
2.464271186440678321e+03
2.466979661016949649e+03
2.469858757062147106e+03
2.472815819209039546e+03
2.475779661016949376e+03
2.478663276836158275e+03
2.481411299435028468e+03
2.483951412429378706e+03
2.486297175141242860e+03
2.488442937853107651e+03
2.490410169491525721e+03
2.492257627118644450e+03
2.494065536723163859e+03
2.495903954802260159e+03
2.497854237288135664e+03
2.499763841807909557e+03
2.500959322033898388e+03
2.501453107344633281e+03
2.501297175141242860e+03
2.500543502824858933e+03
2.499216949152542384e+03
2.497325423728813803e+03
2.494937853107344381e+03
2.492074576271186743e+03
2.488758192090395823e+03
2.485189830508475097e+03
2.481584180790961000e+03
2.477948022598870011e+03
2.474283615819208990e+03
2.470593220338982974e+03
2.466908474576271146e+03
2.463229378531073962e+03
2.459587570621469240e+03
2.455995480225989013e+03
2.452476836158191873e+03
2.449041807909604813e+03
2.445715254237288718e+03
2.442491525423728945e+03
2.439370621468926402e+03
2.436448587570621839e+03
2.433767231638418252e+03
2.431416949152542657e+03
2.429438418079096209e+03
2.427924293785310510e+03
2.426865536723164041e+03
2.426305084745762997e+03
2.426202259887005766e+03
2.426563841807909739e+03
2.427357062146892531e+03
2.428541242937852985e+03
2.430091525423728854e+03
2.432006779661017390e+03
2.434289265536723178e+03
2.436883615819208899e+03
2.439772881355932441e+03
2.442936723163842089e+03
2.446353672316384291e+03
2.449689265536723269e+03
2.452769491525424201e+03
2.455588700564971987e+03
2.458136723163841452e+03
2.460409039548022520e+03
2.462398870056496889e+03
2.464094915254237094e+03
2.465468926553672645e+03
2.466484745762712009e+03
2.467162711864406901e+03
2.467512994350282952e+03
2.467549152542373122e+03
2.467298305084746062e+03
2.466749152542372940e+03
2.465864406779661294e+03
2.464668926553672463e+03
2.463128813559322225e+03
2.461198870056497071e+03
2.458875706214689671e+03
2.456150282485876232e+03
2.453185310734463656e+03
2.450674576271186652e+03
2.448579661016949103e+03
2.446841807909604540e+03
2.445400000000000091e+03
2.444227118644067559e+03
2.443264406779660931e+03
2.442482485875706516e+03
2.441906214689265653e+03
2.441515254237288445e+03
2.441349152542373304e+03
2.441418079096045403e+03
2.441785310734463565e+03
2.442483615819209263e+03
2.443506214689266017e+03
2.444856497175141612e+03
2.446520903954802634e+03
2.448511864406779750e+03
2.450774011299435188e+03
2.453230508474576709e+03
2.455838418079096300e+03
2.458493785310734893e+03
2.461143502824858842e+03
2.463664406779661022e+03
2.466015819209039819e+03
2.468187570621469149e+03
2.470159322033898206e+03
2.471946892655367265e+03
2.473598870056496708e+03
2.475153672316384473e+03
2.476701694915253938e+03
2.478343502824858660e+03
2.480134463276835959e+03
2.481724293785310692e+03
2.482613559322034234e+03
2.482821468926553734e+03
2.482398870056497344e+03
2.481369491525423655e+03
2.479762711864406810e+03
2.477616949152542475e+03
2.474957062146892895e+03
2.471829378531073417e+03
2.468487005649717503e+03
2.465094915254237094e+03
2.461673446327683450e+03
2.458207909604519955e+03
2.454718644067796959e+03
2.451203389830508513e+03
2.447683615819209081e+03
2.444192090395480591e+03
2.440737853107344563e+03
2.437342372881355914e+03
2.434013559322033871e+03
2.430771751412429694e+03
2.427616949152542475e+03
2.424551412429378615e+03
2.421637288135592826e+03
2.418925423728813257e+03
2.416493785310733983e+03
2.414407909604519773e+03
2.412719774011299251e+03
2.411464406779660749e+03
2.410688135593220068e+03
2.410396610169491396e+03
2.410553672316384109e+03
2.411144632768361589e+03
2.412142372881356096e+03
2.413506214689265562e+03
2.415237288135593190e+03
2.417346892655367355e+03
2.419778531073446175e+03
2.422510734463277004e+03
2.425540112994350238e+03
2.428821468926553280e+03
2.432354802259887038e+03
2.435896045197740023e+03
2.439162711864406901e+03
2.442161581920904155e+03
2.444888135593220341e+03
2.447325423728813348e+03
2.449463276836158002e+03
2.451268926553672372e+03
2.452727683615818933e+03
2.453796610169491487e+03
2.454523163841807673e+03
2.454926553672316004e+03
2.455013559322033871e+03
2.454794350282485539e+03
2.454261016949152690e+03
2.453390960451977207e+03
2.452169491525423837e+03
2.450571751412429421e+03
2.448570621468926220e+03
2.446171751412429330e+03
2.443337853107344472e+03
2.440524293785310874e+03
2.438153672316384018e+03
2.436160451977400953e+03
2.434510734463277004e+03
2.433137853107344654e+03
2.432022598870056754e+03
2.431106214689265471e+03
2.430374011299435097e+03
2.429812429378530396e+03
2.429474576271186379e+03
2.429370621468926402e+03
2.429533333333332848e+03
2.429987570621468876e+03
2.430786440677966311e+03
2.431925423728813257e+03
2.433387570621468967e+03
2.435157062146892713e+03
2.437233898305084949e+03
2.439537853107344745e+03
2.442003389830508240e+03
2.444576271186440863e+03
2.447166101694915142e+03
2.449700564971751191e+03
2.452107344632768218e+03
2.454322033898305108e+03
2.456336723163841270e+03
2.458154802259887219e+03
2.459795480225988285e+03
2.461323163841807400e+03
2.462794350282485539e+03
2.464314124293784971e+03
2.465952542372881453e+03
2.467769491525423746e+03
2.469368361581920908e+03
2.470284745762711282e+03
2.470538983050847037e+03
2.470189830508474188e+03
2.469251977401129807e+03
2.467764971751412304e+03
2.465764971751412304e+03
2.463296045197739659e+03
2.460385310734463019e+03
2.457058757062146469e+03
2.453681355932202678e+03
2.450247457627118365e+03
2.446771751412428785e+03
2.443275706214688853e+03
2.439745762711863790e+03
2.436207909604519500e+03
2.432684745762711827e+03
2.429211299435028195e+03
2.425785310734462655e+03
2.422422598870056390e+03
2.419118644067796595e+03
2.415907344632768400e+03
2.412775141242937934e+03
2.409810169491524903e+03
2.407070056497174846e+03
2.404621468926553462e+03
2.402527683615819114e+03
2.400842937853107287e+03
2.399610169491525085e+03
2.398839548022598592e+03
2.398528813559321861e+03
2.398636158192090079e+03
2.399154802259886765e+03
2.400067796610169353e+03
2.401357062146892531e+03
2.403000000000000000e+03
2.404986440677966129e+03
2.407294915254236912e+03
2.409893785310734529e+03
2.412766101694915051e+03
2.415890395480225834e+03
2.419162711864406447e+03
2.422209039548022702e+03
2.425003389830508240e+03
2.427543502824858479e+03
2.429846327683615982e+03
2.431891525423729036e+03
2.433641807909604722e+03
2.435084745762711918e+03
2.436184180790960454e+03
2.436959322033898388e+03
2.437428248587570579e+03
2.437607909604519591e+03
2.437529943502824608e+03
2.437152542372880816e+03
2.436483615819208808e+03
2.435506214689265562e+03
2.434203389830508513e+03
2.432550282485875869e+03
2.430505084745762360e+03
2.428093785310734347e+03
2.425270056497175119e+03
2.422795480225988285e+03
2.420706214689265380e+03
2.418954802259886492e+03
2.417519774011298978e+03
2.416331073446327537e+03
2.415360451977400771e+03
2.414569491525423473e+03
2.413958192090395642e+03
2.413533333333333303e+03
2.413318644067796413e+03
2.413333333333333030e+03
2.413616949152542020e+03
2.414224858757062066e+03
2.415150282485875778e+03
2.416405649717514279e+03
2.417959322033898388e+03
2.419814689265536799e+03
2.421931073446327900e+03
2.424255367231638502e+03
2.426715254237288264e+03
2.429221468926553825e+03
2.431710734463276822e+03
2.434092655367231600e+03
2.436306214689265289e+03
2.438319774011299160e+03
2.440127683615819024e+03
2.441754802259886674e+03
2.443222598870056572e+03
2.444590960451977480e+03
2.445951412429378252e+03
2.447394350282485902e+03
2.448997740112994052e+03
2.450715254237287809e+03
2.451735593220339069e+03
2.452096045197740295e+03
2.451837288135593099e+03
2.450984180790960181e+03
2.449553672316384564e+03
2.447619209039547968e+03
2.445202259887005766e+03
2.442334463276836686e+03
2.439112994350282861e+03
2.435830508474576618e+03
2.432482485875706516e+03
2.429080225988700931e+03
2.425623728813559410e+03
2.422115254237288354e+03
2.418592090395480227e+03
2.415068926553672100e+03
2.411569491525423928e+03
2.408105084745762724e+03
2.404680225988700386e+03
2.401320903954801906e+03
2.398011299435028377e+03
2.394772881355931986e+03
2.391656497175141340e+03
2.388725423728813439e+03
2.386042937853107105e+03
2.383691525423728763e+03
2.381714124293785062e+03
2.380151412429378524e+03
2.379044067796609852e+03
2.378398870056496889e+03
2.378188700564971441e+03
2.378397740112994597e+03
2.378998870056497253e+03
2.379998870056497253e+03
2.381358192090395733e+03
2.383067796610169353e+03
2.385103954802259977e+03
2.387463276836158002e+03
2.390112994350282406e+03
2.393053107344632735e+03
2.396227118644067559e+03
2.399526553672316368e+03
2.402598870056497162e+03
2.405405649717514279e+03
2.407981920903955142e+03
2.410320903954802361e+03
2.412386440677966220e+03
2.414150282485875778e+03
2.415587570621469240e+03
2.416689265536723269e+03
2.417480225988701022e+03
2.417989830508474824e+03
2.418196610169491578e+03
2.418108474576271419e+03
2.417726553672316186e+03
2.417053107344632735e+03
2.416050847457627242e+03
2.414691525423729217e+03
2.412959322033898843e+03
2.410829378531073871e+03
2.408300564971751555e+03
2.405601129943503111e+03
2.403348022598870557e+03
2.401466666666667152e+03
2.399929943502825154e+03
2.398676836158192600e+03
2.397642937853107469e+03
2.396819209039548696e+03
2.396179661016949467e+03
2.395720903954802452e+03
2.395442937853107651e+03
2.395398870056497799e+03
2.395620338983050715e+03
2.396122033898305290e+03
2.396951412429379161e+03
2.398076836158192236e+03
2.399531073446327810e+03
2.401270056497175574e+03
2.403291525423729126e+03
2.405566101694915687e+03
2.407980790960452396e+03
2.410494915254237640e+03
2.413016949152542566e+03
2.415466666666667152e+03
2.417787570621469058e+03
2.419909604519774348e+03
2.421822598870056936e+03
2.423535593220339251e+03
2.425063276836158366e+03
2.426462146892655255e+03
2.427800000000000182e+03
2.429161581920904609e+03
2.430628248587570852e+03
2.432275706214689762e+03
2.434105084745762724e+03
2.435272316384181067e+03
2.435797740112994688e+03
2.435703954802260341e+03
2.435015819209039819e+03
2.433793220338983247e+03
2.432036158192090625e+03
2.429830508474576618e+03
2.427196610169492033e+03
2.424112994350282861e+03
2.420914124293785790e+03
2.417658757062146833e+03
2.414350282485876050e+03
2.410985310734463383e+03
2.407594350282486630e+03
2.404196610169492033e+03
2.400803389830508877e+03
2.397444067796610398e+03
2.394125423728813985e+03
2.390842937853107742e+03
2.387620338983051624e+03
2.384462146892656165e+03
2.381389830508474915e+03
2.378471186440678139e+03
2.375771751412429694e+03
2.373338983050847673e+03
2.371273446327684269e+03
2.369600000000000364e+03
2.368369491525424110e+03
2.367585310734463746e+03
2.367253107344633008e+03
2.367344632768361862e+03
2.367846327683615982e+03
2.368729943502825336e+03
2.370018079096045767e+03
2.371668926553672463e+03
2.373659887005650489e+03
2.375969491525424019e+03
2.378570621468927129e+03
2.381463276836158911e+03
2.384618079096045676e+03
2.387933333333333394e+03
2.391057627118644632e+03
2.393929943502825154e+03
2.396598870056497617e+03
2.399027118644068196e+03
2.401224858757062066e+03
2.403110734463277367e+03
2.404699435028248899e+03
2.405958192090395642e+03
2.406911864406780296e+03
2.407579661016949103e+03
2.407949152542372758e+03
2.408059887005650126e+03
2.407884745762712555e+03
2.407407909604520228e+03
2.406633898305084585e+03
2.405551412429378615e+03
2.404101694915254484e+03
2.402287005649717685e+03
2.400108474576271874e+03
2.397527683615820024e+03
2.394959322033898843e+03
2.392820338983051442e+03
2.391035028248587878e+03
2.389558192090396005e+03
2.388342372881356368e+03
2.387346892655367810e+03
2.386527683615819569e+03
2.385905084745762906e+03
2.385450847457627788e+03
2.385202259887005766e+03
2.385194350282486084e+03
2.385456497175141521e+03
2.386003389830508695e+03
2.386857627118644359e+03
2.388021468926554007e+03
2.389510734463277004e+03
2.391293785310734620e+03
2.393334463276836686e+03
2.395586440677966493e+03
2.397963841807910285e+03
2.400402259887006039e+03
2.402811299435028559e+03
2.405124293785311238e+03
2.407281355932203951e+03
2.409266666666667334e+03
2.411040677966101612e+03
2.412622598870056663e+03
2.414028248587570943e+03
2.415362711864407174e+03
2.416687005649717321e+03
2.418059887005650126e+03
2.419601129943503111e+03
2.421336723163842180e+03
2.422444067796610398e+03
2.422885875706214392e+03
2.422705084745763088e+03
2.421929943502825154e+03
2.420579661016949103e+03
2.418706214689265835e+03
2.416369491525423655e+03
2.413588700564971987e+03
2.410416949152542657e+03
2.407179661016949467e+03
2.403887005649718049e+03
2.400533333333333758e+03
2.397120903954802543e+03
2.393655367231638593e+03
2.390177401129943974e+03
2.386688135593220522e+03
2.383229378531073962e+03
2.379807909604520319e+03
2.376406779661017481e+03
2.373066666666667516e+03
2.369774011299435188e+03
2.366558192090396005e+03
2.363465536723164405e+03
2.360524293785310874e+03
2.357851977401130171e+03
2.355471186440678139e+03
2.353476836158192327e+03
2.351896045197740932e+03
2.350750282485876596e+03
2.350051977401130443e+03
2.349784180790960818e+03
2.349929943502825154e+03
2.350464406779661658e+03
2.351403389830508786e+03
2.352705084745763088e+03
2.354353672316384291e+03
2.356333333333333485e+03
2.358624858757062611e+03
2.361198870056497071e+03
2.364061016949152872e+03
2.367157062146892713e+03
2.370296045197740568e+03
2.373216949152542838e+03
2.375914124293785790e+03
2.378401129943503292e+03
2.380635028248588242e+03
2.382618079096045221e+03
2.384296045197740568e+03
2.385649717514124859e+03
2.386689265536723269e+03
2.387418079096045403e+03
2.387868926553672736e+03
2.388032768361582384e+03
2.387928813559321952e+03
2.387534463276836505e+03
2.386853107344632917e+03
2.385874576271186925e+03
2.384534463276836505e+03
2.382828248587570670e+03
2.380758192090395823e+03
2.378302824858757049e+03
2.375637288135593735e+03
2.373403389830508786e+03
2.371559322033898752e+03
2.370033898305085131e+03
2.368777401129943883e+03
2.367768361581921454e+03
2.366952542372881453e+03
2.366319774011299614e+03
2.365846327683615982e+03
2.365564971751412486e+03
2.365506214689266017e+03
2.365711864406780023e+03
2.366185310734463656e+03
2.366960451977402045e+03
2.368042937853108015e+03
2.369435028248588424e+03
2.371138983050847855e+03
2.373123163841808491e+03
2.375359322033898934e+03
2.377757062146893077e+03
2.380254237288136210e+03
2.382778531073447084e+03
2.385232768361582202e+03
2.387560451977401499e+03
2.389709604519774075e+03
2.391653107344633099e+03
2.393406779661017026e+03
2.394957062146892895e+03
2.396386440677966675e+03
2.397745762711864700e+03
2.399131073446327719e+03
2.400604519774011351e+03
2.402242937853107833e+03
2.404028248587571397e+03
2.405120903954802998e+03
2.405581920903955506e+03
2.405419209039548605e+03
2.404688135593220977e+03
2.403379661016949285e+03
2.401600000000000364e+03
2.399358192090395733e+03
2.396685875706214574e+03
2.393596610169492124e+03
2.390433898305085222e+03
2.387215819209039637e+03
2.383938983050847582e+03
2.380631638418079092e+03
2.377274576271186561e+03
2.373908474576271601e+03
2.370563841807909739e+03
2.367230508474576709e+03
2.363935593220339342e+03
2.360693785310734711e+03
2.357488135593220250e+03
2.354323163841808309e+03
2.351257627118644450e+03
2.348318644067796413e+03
2.345578531073446356e+03
2.343114124293785608e+03
2.340970621468926765e+03
2.339215819209040092e+03
2.337876836158192418e+03
2.336995480225989013e+03
2.336531073446328264e+03
2.336471186440678139e+03
2.336812429378531306e+03
2.337562711864406992e+03
2.338674576271187107e+03
2.340134463276836868e+03
2.341934463276836595e+03
2.344042937853107560e+03
2.346473446327683632e+03
2.349185310734463656e+03
2.352158192090395914e+03
2.355358192090395733e+03
2.358561581920904246e+03
2.361557062146893259e+03
2.364342372881356368e+03
2.366914124293785790e+03
2.369216949152542838e+03
2.371225988700565722e+03
2.372927683615819660e+03
2.374325423728813803e+03
2.375423728813559592e+03
2.376225988700565267e+03
2.376731073446328082e+03
2.376955932203390148e+03
2.376884745762712100e+03
2.376549152542373122e+03
2.375899435028249172e+03
2.374917514124294030e+03
2.373589830508474734e+03
2.371888135593220795e+03
2.369785310734463565e+03
2.367284745762712191e+03
2.364705084745763088e+03
2.362557062146893259e+03
2.360749152542373395e+03
2.359261016949152690e+03
2.358027118644068196e+03
2.357013559322033871e+03
2.356185310734463656e+03
2.355533333333333758e+03
2.355071186440678048e+03
2.354819209039548241e+03
2.354805649717514825e+03
2.355056497175141430e+03
2.355593220338983429e+03
2.356433898305085222e+03
2.357603389830508604e+03
2.359090395480226562e+03
2.360884745762712100e+03
2.362946892655367265e+03
2.365219209039548332e+03
2.367645197740112962e+03
2.370131073446328173e+03
2.372587570621469240e+03
2.374955932203390148e+03
2.377177401129943519e+03
2.379215819209040092e+03
2.381048587570621748e+03
2.382679096045198094e+03
2.384142372881356096e+03
2.385507344632768763e+03
2.386855367231638411e+03
2.388254237288135755e+03
2.389783050847458071e+03
2.391507344632768763e+03
2.392971751412429512e+03
2.393761581920904064e+03
2.393916384180791283e+03
2.393448587570621839e+03
2.392392090395480409e+03
2.390814689265536799e+03
2.388749152542372940e+03
2.386235028248587696e+03
2.383297175141243315e+03
2.380177401129943974e+03
2.376995480225989013e+03
2.373737853107345018e+03
2.370425988700565085e+03
2.367058757062147379e+03
2.363661016949153236e+03
2.360256497175141703e+03
2.356868926553672736e+03
2.353516384180791647e+03
2.350180790960452214e+03
2.346877966101695165e+03
2.343618079096045221e+03
2.340424858757062793e+03
2.337331073446327991e+03
2.334420338983051352e+03
2.331735593220339524e+03
2.329341242937853167e+03
2.327324293785311056e+03
2.325723163841807946e+03
2.324550282485875869e+03
2.323825988700565631e+03
2.323526553672316822e+03
2.323644067796610670e+03
2.324155932203389966e+03
2.325071186440678503e+03
2.326366101694915415e+03
2.328014689265537072e+03
2.330020338983051261e+03
2.332342372881356368e+03
2.334985310734463837e+03
2.337919774011299523e+03
2.341103954802260432e+03
2.344370621468926856e+03
2.347392090395480409e+03
2.350229378531073962e+03
2.352830508474576618e+03
2.355180790960452214e+03
2.357238418079095936e+03
2.359007909604520137e+03
2.360459887005649762e+03
2.361595480225988922e+03
2.362418079096045403e+03
2.362945762711864518e+03
2.363188700564971896e+03
2.363161581920904155e+03
2.362839548022599047e+03
2.362216949152542838e+03
2.361275706214689308e+03
2.359987570621468876e+03
2.358324293785311056e+03
2.356285875706214938e+03
2.353874576271186925e+03
2.351056497175141885e+03
2.348508474576271510e+03
2.346367231638418161e+03
2.344566101694915233e+03
2.343067796610169808e+03
2.341828248587570670e+03
2.340780790960452123e+03
2.339927683615819660e+03
2.339256497175141703e+03
2.338804519774011624e+03
2.338566101694915687e+03
2.338583050847457798e+03
2.338891525423729490e+03
2.339492655367232146e+03
2.340416949152542657e+03
2.341659887005650489e+03
2.343214689265537345e+03
2.345066666666667061e+03
2.347151412429378524e+03
2.349435028248587969e+03
2.351824858757062430e+03
2.354238418079095936e+03
2.356606779661016844e+03
2.358866666666666788e+03
2.360963841807909375e+03
2.362856497175141612e+03
2.364533333333333758e+03
2.366040677966102066e+03
2.367419209039548150e+03
2.368733333333333576e+03
2.370082485875705970e+03
2.371527683615819114e+03
2.373128813559322225e+03
2.374964971751413032e+03
2.376264406779660931e+03
2.376887005649718049e+03
2.376893785310734529e+03
2.376277966101695256e+03
2.375115254237288354e+03
2.373472316384180886e+03
2.371335593220339433e+03
2.368760451977401317e+03
2.365749152542372940e+03
2.362517514124293484e+03
2.359238418079096391e+03
2.355870056497175028e+03
2.352439548022598956e+03
2.348963841807910285e+03
2.345468926553672645e+03
2.341979661016949194e+03
2.338498305084745880e+03
2.335049717514124495e+03
2.331611299435028741e+03
2.328203389830508513e+03
2.324837288135593553e+03
2.321570621468926674e+03
2.318407909604519773e+03
2.315453107344632372e+03
2.312768361581920999e+03
2.310402259887006039e+03
2.308432768361582021e+03
2.306885875706214847e+03
2.305779661016948921e+03
2.305085875706215120e+03
2.304827118644067923e+03
2.304976271186440954e+03
2.305525423728813621e+03
2.306454237288135573e+03
2.307762711864406810e+03
2.309444067796610398e+03
2.311421468926553644e+03
2.313749152542372940e+03
2.316377401129943792e+03
2.319272316384181067e+03
2.322420338983051352e+03
2.325554802259886856e+03
2.328509604519774257e+03
2.331271186440677866e+03
2.333803389830508422e+03
2.336096045197739841e+03
2.338117514124293848e+03
2.339849717514124677e+03
2.341274576271186561e+03
2.342418079096045403e+03
2.343274576271186561e+03
2.343841807909604540e+03
2.344150282485876232e+03
2.344185310734463656e+03
2.343937853107344381e+03
2.343394350282485902e+03
2.342535593220338797e+03
2.341333333333333485e+03
2.339754802259886674e+03
2.337821468926553280e+03
2.335487005649717503e+03
2.332832768361582112e+03
2.330590960451977480e+03
2.328720903954802452e+03
2.327181920903954961e+03
2.325899435028248718e+03
2.324832768361581657e+03
2.323960451977401135e+03
2.323264406779660931e+03
2.322749152542372940e+03
2.322477966101694619e+03
2.322415819209039455e+03
2.322627118644067650e+03
2.323117514124293848e+03
2.323918644067796777e+03
2.325030508474575981e+03
2.326459887005649762e+03
2.328185310734463201e+03
2.330197740112994325e+03
2.332410169491525266e+03
2.334780790960451668e+03
2.337216949152541929e+03
2.339648587570621203e+03
2.342007909604519682e+03
2.344238418079095936e+03
2.346270056497175574e+03
2.348106214689265471e+03
2.349745762711864700e+03
2.351229378531073053e+03
2.352622598870056208e+03
2.353986440677966129e+03
2.355425988700564631e+03
2.357009039548022429e+03
2.358786440677966311e+03
2.360566101694915233e+03
2.361696045197740204e+03
2.362180790960452214e+03
2.362045197740113508e+03
2.361331073446327537e+03
2.360107344632768672e+03
2.358400000000000091e+03
2.356257627118643995e+03
2.353664406779661022e+03
2.350609039548022338e+03
2.347216949152542384e+03
2.343728813559322589e+03
2.340168361581921090e+03
2.336544632768361680e+03
2.332882485875706152e+03
2.329215819209039637e+03
2.325553672316384109e+03
2.321905084745762906e+03
2.318283615819209444e+03
2.314667796610169717e+03
2.311074576271186743e+03
2.307557062146892804e+03
2.304142372881356096e+03
2.300875706214689217e+03
2.297831638418078910e+03
2.295099435028248536e+03
2.292725423728813439e+03
2.290752542372881180e+03
2.289215819209039637e+03
2.288110734463276913e+03
2.287421468926554098e+03
2.287149152542373031e+03
2.287298305084746062e+03
2.287848587570621476e+03
2.288760451977401317e+03
2.290050847457627242e+03
2.291675706214689399e+03
2.293655367231638593e+03
2.295944632768361771e+03
2.298546892655367628e+03
2.301409039548022520e+03
2.304494915254237640e+03
2.307804519774011624e+03
2.311125423728813985e+03
2.314245197740113326e+03
2.317131073446327719e+03
2.319767231638418707e+03
2.322136723163841907e+03
2.324195480225988831e+03
2.325979661016949649e+03
2.327467796610169898e+03
2.328672316384181158e+03
2.329601129943503111e+03
2.330241807909604631e+03
2.330605649717514098e+03
2.330668926553672463e+03
2.330420338983050897e+03
2.329816949152542293e+03
2.328851977401130171e+03
2.327493785310734893e+03
2.325750282485875687e+03
2.323587570621469240e+03
2.321012429378531124e+03
2.318828248587570670e+03
2.316981920903955142e+03
2.315422598870056390e+03
2.314091525423728854e+03
2.312960451977401590e+03
2.312000000000000000e+03
2.311229378531073962e+03
2.310628248587570852e+03
2.310259887005649944e+03
2.310136723163842362e+03
2.310271186440678321e+03
2.310703954802260341e+03
2.311427118644068287e+03
2.312473446327684087e+03
2.313820338983051442e+03
2.315458757062147470e+03
2.317355932203390239e+03
2.319447457627119093e+03
2.321639548022599229e+03
2.323867796610170444e+03
2.326063276836158366e+03
2.328146892655367537e+03
2.330070056497175756e+03
2.331802259887006130e+03
2.333335593220339433e+03
2.334685875706215484e+03
2.335918644067796777e+03
2.337092655367232510e+03
2.338262146892655892e+03
2.339562711864406992e+03
2.341028248587570943e+03
2.342693785310734711e+03
2.344412429378531215e+03
2.345473446327684087e+03
2.345890395480226289e+03
2.345720903954802452e+03
2.345002259887006403e+03
2.343759322033898570e+03
2.342053107344633190e+03
2.339916384180791283e+03
2.337310734463277186e+03
2.334239548022599593e+03
2.331064406779661113e+03
2.327831638418079365e+03
2.324507344632768763e+03
2.321117514124294303e+03
2.317731073446328082e+03
2.314345762711865063e+03
2.310966101694915778e+03
2.307578531073446811e+03
2.304193220338983338e+03
2.300838418079096300e+03
2.297514124293786153e+03
2.294265536723164587e+03
2.291133333333333667e+03
2.288180790960453123e+03
2.285482485875706971e+03
2.283100564971751737e+03
2.281099435028248990e+03
2.279502824858757322e+03
2.278310734463277186e+03
2.277542372881356641e+03
2.277198870056497981e+03
2.277247457627118820e+03
2.277703954802260341e+03
2.278537853107345200e+03
2.279720903954802907e+03
2.281254237288136210e+03
2.283136723163842362e+03
2.285350282485876050e+03
2.287863276836158548e+03
2.290659887005650489e+03
2.293709604519774530e+03
2.296970621468927220e+03
2.300205649717514461e+03
2.303256497175141703e+03
2.306064406779661567e+03
2.308639548022599229e+03
2.310931073446327900e+03
2.312943502824859024e+03
2.314649717514124859e+03
2.316057627118644632e+03
2.317169491525424746e+03
2.318011299435028377e+03
2.318575141242938571e+03
2.318853107344633372e+03
2.318838418079096755e+03
2.318512994350283407e+03
2.317868926553673191e+03
2.316853107344633372e+03
2.315457627118644723e+03
2.313692655367231964e+03
2.311528813559322771e+03
2.308953672316384655e+03
2.306366101694915869e+03
2.304141242937853804e+03
2.302231638418079456e+03
2.300572881355932623e+03
2.299129943502824972e+03
2.297866666666667243e+03
2.296786440677966311e+03
2.295881355932203860e+03
2.295176271186441227e+03
2.294698305084746607e+03
2.294480225988701022e+03
2.294533333333333758e+03
2.294875706214689671e+03
2.295531073446328264e+03
2.296511864406780660e+03
2.297796610169492396e+03
2.299349152542373304e+03
2.301142372881356550e+03
2.303076836158192691e+03
2.305092655367232055e+03
2.307129943502825881e+03
2.309094915254238003e+03
2.310959322033899298e+03
2.312615819209040183e+03
2.314098305084746244e+03
2.315390960451977662e+03
2.316525423728814530e+03
2.317561581920904700e+03
2.318581920903955506e+03
2.319696045197740659e+03
2.320943502824859024e+03
2.322381920903955688e+03
2.324056497175141885e+03
2.325508474576271510e+03
2.326307344632768945e+03
2.326487005649718412e+03
2.326103954802260887e+03
2.325194350282486994e+03
2.323774011299436097e+03
2.321906214689266108e+03
2.319610169491525994e+03
2.316874576271186925e+03
2.313715254237288718e+03
2.310450847457627788e+03
2.307094915254238003e+03
2.303677966101695802e+03
2.300190960451978299e+03
2.296676836158192600e+03
2.293153672316384473e+03
2.289628248587570852e+03
2.286079096045198185e+03
2.282531073446328264e+03
2.278997740112994506e+03
2.275487005649717958e+03
2.272036158192090625e+03
2.268711864406780023e+03
2.265588700564971987e+03
2.262757062146893077e+03
2.260256497175141703e+03
2.258129943502825427e+03
2.256396610169491851e+03
2.255068926553672554e+03
2.254142372881356096e+03
2.253615819209039728e+03
2.253499435028248627e+03
2.253768361581921454e+03
2.254388700564972169e+03
2.255369491525424110e+03
2.256705084745763088e+03
2.258370621468926856e+03
2.260369491525424110e+03
2.262654237288135846e+03
2.265205649717514461e+03
2.267980790960452396e+03
2.270977401129943701e+03
2.274160451977401408e+03
2.277157062146892713e+03
2.279942372881356278e+03
2.282503954802260068e+03
2.284780790960452123e+03
2.286798870056497435e+03
2.288535593220339251e+03
2.289997740112994506e+03
2.291186440677965948e+03
2.292144632768361589e+03
2.292833898305084858e+03
2.293249717514124313e+03
2.293379661016949285e+03
2.293231638418079456e+03
2.292737853107345018e+03
2.291917514124294030e+03
2.290743502824859206e+03
2.289189830508475097e+03
2.287249717514124313e+03
2.284898305084745971e+03
2.282771751412429694e+03
2.280992090395480773e+03
2.279493785310734893e+03
2.278239548022598683e+03
2.277179661016949467e+03
2.276290395480226380e+03
2.275572881355932623e+03
2.275045197740113508e+03
2.274723163841808400e+03
2.274647457627118456e+03
2.274835028248588060e+03
2.275303954802260250e+03
2.276057627118644177e+03
2.277112994350282406e+03
2.278498305084745880e+03
2.280157062146892713e+03
2.282057627118644177e+03
2.284137853107344654e+03
2.286349152542372849e+03
2.288581920903955051e+03
2.290787570621469058e+03
2.292885875706214847e+03
2.294822598870056936e+03
2.296566101694915233e+03
2.298108474576271419e+03
2.299463276836158002e+03
2.300668926553672463e+03
2.301812429378531306e+03
2.302955932203390148e+03
2.304209039548022702e+03
2.305640677966101975e+03
2.307256497175141703e+03
2.309101694915254484e+03
2.310412429378531669e+03
2.311119774011299342e+03
2.311259887005649944e+03
2.310854237288135664e+03
2.309984180790960636e+03
2.308675706214689853e+03
2.306945762711864518e+03
2.304792090395480500e+03
2.302188700564971896e+03
2.299079096045197730e+03
2.295769491525424201e+03
2.292387570621469422e+03
2.288944632768361771e+03
2.285453107344632826e+03
2.281954802259886947e+03
2.278437288135593008e+03
2.274907344632768400e+03
2.271379661016949285e+03
2.267846327683615527e+03
2.264324293785310601e+03
2.260847457627118274e+03
2.257463276836158002e+03
2.254241807909604177e+03
2.251265536723164132e+03
2.248613559322034234e+03
2.246308474576271237e+03
2.244390960451977662e+03
2.242879096045197912e+03
2.241774011299435188e+03
2.241088135593220613e+03
2.240795480225989195e+03
2.240891525423729036e+03
2.241379661016949285e+03
2.242216949152542384e+03
2.243409039548022520e+03
2.244950282485875505e+03
2.246830508474576163e+03
2.249032768361581930e+03
2.251515254237287991e+03
2.254257627118644450e+03
2.257202259887005766e+03
2.260299435028248809e+03
2.263230508474576709e+03
2.265998870056497253e+03
2.268551412429378615e+03
2.270879096045197912e+03
2.272970621468926311e+03
2.274783050847457616e+03
2.276357062146892531e+03
2.277674576271186197e+03
2.278759322033898570e+03
2.279603389830508604e+03
2.280197740112994325e+03
2.280541242937852985e+03
2.280622598870056663e+03
2.280379661016949285e+03
2.279827118644067923e+03
2.278929943502825154e+03
2.277694915254237458e+03
2.276071186440678048e+03
2.274056497175140976e+03
2.271624858757062611e+03
2.269532203389830556e+03
2.267750282485875687e+03
2.266225988700565267e+03
2.264912994350283043e+03
2.263762711864406810e+03
2.262801129943502929e+03
2.262015819209039819e+03
2.261440677966101703e+03
2.261046327683616255e+03
2.260907344632768400e+03
2.261020338983050806e+03
2.261409039548022520e+03
2.262094915254237094e+03
2.263079096045197730e+03
2.264376271186441045e+03
2.265924293785310510e+03
2.267688135593220068e+03
2.269581920903954597e+03
2.271568361581920726e+03
2.273538983050847492e+03
2.275447457627118638e+03
2.277220338983050624e+03
2.278810169491525357e+03
2.280213559322033689e+03
2.281416949152542202e+03
2.282455367231638320e+03
2.283363841807909921e+03
2.284267796610169626e+03
2.285215819209039637e+03
2.286301694915254302e+03
2.287579661016949103e+03
2.289061016949152872e+03
2.290538983050847492e+03
2.291357062146892531e+03
2.291574011299434915e+03
2.291220338983050624e+03
2.290353672316383836e+03
2.289011299435027922e+03
2.287216949152542384e+03
2.284994350282485811e+03
2.282338983050847673e+03
2.279357062146892531e+03
2.276264406779660931e+03
2.273057627118643722e+03
2.269779661016948921e+03
2.266435028248587059e+03
2.263066666666666606e+03
2.259677966101694437e+03
2.256257627118643541e+03
2.252835028248587150e+03
2.249393220338982701e+03
2.245950282485875505e+03
2.242520903954801724e+03
2.239142372881355641e+03
2.235889265536723087e+03
2.232829378531073417e+03
2.230041807909604358e+03
2.227593220338982974e+03
2.225498305084745880e+03
2.223779661016948921e+03
2.222456497175141521e+03
2.221537853107344745e+03
2.221029378531073235e+03
2.220906214689265653e+03
2.221157062146892713e+03
2.221774011299435188e+03
2.222736723163841816e+03
2.224051977401129989e+03
2.225702824858756685e+03
2.227681355932203587e+03
2.229969491525423564e+03
2.232529943502824608e+03
2.235312994350282679e+03
2.238291525423728672e+03
2.241487005649717503e+03
2.244566101694915233e+03
2.247440677966101703e+03
2.250073446327683996e+03
2.252462146892655255e+03
2.254584180790960545e+03
2.256437288135593008e+03
2.258025988700564994e+03
2.259353672316384291e+03
2.260413559322033507e+03
2.261222598870056572e+03
2.261776271186440681e+03
2.262035028248587878e+03
2.261990960451977571e+03
2.261620338983050715e+03
2.260909604519773893e+03
2.259861016949152145e+03
2.258415819209039910e+03
2.256579661016949103e+03
2.254311864406779932e+03
2.252169491525423837e+03
2.250377401129943792e+03
2.248844067796610034e+03
2.247546892655367628e+03
2.246447457627118638e+03
2.245510734463276549e+03
2.244745762711864245e+03
2.244172881355932077e+03
2.243800000000000182e+03
2.243640677966101521e+03
2.243728813559322134e+03
2.244079096045197730e+03
2.244700564971751191e+03
2.245616949152542475e+03
2.246837288135593099e+03
2.248316384180790919e+03
2.250039548022598865e+03
2.251946892655367265e+03
2.253980790960452396e+03
2.256041807909604358e+03
2.258070056497174846e+03
2.260003389830508240e+03
2.261774011299435188e+03
2.263345762711864609e+03
2.264708474576271328e+03
2.265889265536723542e+03
2.266910734463276640e+03
2.267853107344632917e+03
2.268800000000000182e+03
2.269858757062147561e+03
2.271061016949152872e+03
2.272446327683615891e+03
2.274045197740113508e+03
2.275437288135593462e+03
2.276178531073446720e+03
2.276353672316384291e+03
2.275994350282486266e+03
2.275149152542373486e+03
2.273861016949153054e+03
2.272149152542373486e+03
2.270003389830508695e+03
2.267414689265537163e+03
2.264464406779661658e+03
2.261393220338983156e+03
2.258248587570621567e+03
2.255054237288135482e+03
2.251820338983050988e+03
2.248563841807909739e+03
2.245272316384180613e+03
2.241969491525424019e+03
2.238639548022598774e+03
2.235310734463276731e+03
2.231988700564971623e+03
2.228692655367231509e+03
2.225482485875706516e+03
2.222420338983050897e+03
2.219596610169491214e+03
2.217046327683615800e+03
2.214823728813559228e+03
2.212969491525424019e+03
2.211519774011299432e+03
2.210449717514124131e+03
2.209761581920904064e+03
2.209485875706214756e+03
2.209574011299435369e+03
2.210040677966101612e+03
2.210842937853107287e+03
2.212002259887005494e+03
2.213503954802260068e+03
2.215334463276836232e+03
2.217468926553672645e+03
2.219865536723164041e+03
2.222516384180791647e+03
2.225380790960452032e+03
2.228392090395480409e+03
2.231264406779660931e+03
2.233954802259887401e+03
2.236450847457627333e+03
2.238710734463276822e+03
2.240727683615819387e+03
2.242500564971751828e+03
2.244040677966102066e+03
2.245319774011299614e+03
2.246361581920903973e+03
2.247190960451977844e+03
2.247762711864406810e+03
2.248080225988700477e+03
2.248109604519773711e+03
2.247856497175141612e+03
2.247324293785311056e+03
2.246450847457627333e+03
2.245240677966101885e+03
2.243653107344633099e+03
2.241681355932203587e+03
2.239305084745762997e+03
2.237292655367232328e+03
2.235577401129943610e+03
2.234119774011299796e+03
2.232882485875706152e+03
2.231815819209039546e+03
2.230908474576271146e+03
2.230185310734463656e+03
2.229655367231638593e+03
2.229324293785311056e+03
2.229218079096045585e+03
2.229352542372881544e+03
2.229775141242937934e+03
2.230483615819209263e+03
2.231490395480226198e+03
2.232785310734463565e+03
2.234344632768361862e+03
2.236109604519774621e+03
2.238021468926554007e+03
2.240025988700564994e+03
2.242039548022598865e+03
2.243993220338983519e+03
2.245819209039548696e+03
2.247471186440678139e+03
2.248927683615819205e+03
2.250171751412429330e+03
2.251254237288135755e+03
2.252225988700564812e+03
2.253152542372881726e+03
2.254155932203389966e+03
2.255268926553672827e+03
2.256569491525424382e+03
2.258056497175141885e+03
2.259568361581921181e+03
2.260446327683615891e+03
2.260728813559322134e+03
2.260459887005649762e+03
2.259688135593220522e+03
2.258462146892655255e+03
2.256788700564971805e+03
2.254716384180791465e+03
2.252214689265536890e+03
2.249272316384181067e+03
2.246229378531073507e+03
2.243061016949152872e+03
2.239831638418078910e+03
2.236553672316384109e+03
2.233235028248587696e+03
2.229887005649717594e+03
2.226516384180791192e+03
2.223115254237288354e+03
2.219682485875706334e+03
2.216237288135593190e+03
2.212794350282485993e+03
2.209392090395480409e+03
2.206107344632768218e+03
2.203003389830508240e+03
2.200145762711864336e+03
2.197597740112994870e+03
2.195385310734463474e+03
2.193557062146892804e+03
2.192103954802259977e+03
2.191061016949152872e+03
2.190403389830508786e+03
2.190122033898305290e+03
2.190215819209039637e+03
2.190665536723163768e+03
2.191472316384180886e+03
2.192625988700564449e+03
2.194123163841807582e+03
2.195937853107344381e+03
2.198053107344632735e+03
2.200416949152542202e+03
2.203027118644067741e+03
2.205835028248587150e+03
2.208854237288135664e+03
2.211707344632768127e+03
2.214359322033898025e+03
2.216809039548022611e+03
2.218990960451977116e+03
2.220920903954802270e+03
2.222613559322033780e+03
2.224041807909604358e+03
2.225235028248587696e+03
2.226190960451977389e+03
2.226883615819208899e+03
2.227338983050847673e+03
2.227528813559321861e+03
2.227403389830508786e+03
2.227001129943502747e+03
2.226287005649717685e+03
2.225224858757062066e+03
2.223779661016948921e+03
2.221946892655367265e+03
2.219708474576271328e+03
2.217517514124293484e+03
2.215672316384180704e+03
2.214114124293785608e+03
2.212794350282485993e+03
2.211662146892655528e+03
2.210709604519774075e+03
2.209945762711864518e+03
2.209372881355932350e+03
2.209001129943502747e+03
2.208841807909604540e+03
2.208932203389830647e+03
2.209307344632768491e+03
2.209958192090395642e+03
2.210903954802259705e+03
2.212158192090395460e+03
2.213690395480225561e+03
2.215461016949152508e+03
2.217432768361582021e+03
2.219537853107344745e+03
2.221700564971751191e+03
2.223835028248588060e+03
2.225865536723164041e+03
2.227760451977401317e+03
2.229466666666666697e+03
2.230962711864407083e+03
2.232265536723164132e+03
2.233410169491525721e+03
2.234480225988701022e+03
2.235566101694915233e+03
2.236715254237288718e+03
2.238025988700564994e+03
2.239509604519774257e+03
2.241188700564972351e+03
2.242746892655367446e+03
2.243656497175141340e+03
2.243986440677966129e+03
2.243763841807909557e+03
2.243045197740113053e+03
2.241872316384180522e+03
2.240272316384181067e+03
2.238220338983051079e+03
2.235693785310734711e+03
2.232661016949152781e+03
2.229553672316384109e+03
2.226361581920903973e+03
2.223111864406779659e+03
2.219820338983050988e+03
2.216512994350282497e+03
2.213157062146892713e+03
2.209792090395480500e+03
2.206390960451977662e+03
2.202984180790960636e+03
2.199560451977401499e+03
2.196154802259887219e+03
2.192848587570621930e+03
2.189677966101695347e+03
2.186742372881356459e+03
2.184079096045197730e+03
2.181748022598870193e+03
2.179768361581921454e+03
2.178180790960452214e+03
2.176996610169491760e+03
2.176205649717514461e+03
2.175820338983050988e+03
2.175821468926554189e+03
2.176180790960452214e+03
2.176897175141242769e+03
2.177998870056497253e+03
2.179454237288135573e+03
2.181250847457627060e+03
2.183388700564971714e+03
2.185801129943502929e+03
2.188468926553672645e+03
2.191367231638418161e+03
2.194491525423728945e+03
2.197552542372881362e+03
2.200437288135593462e+03
2.203132203389830465e+03
2.205603389830508604e+03
2.207825988700565176e+03
2.209796610169491487e+03
2.211518644067796686e+03
2.212997740112994506e+03
2.214245197740113326e+03
2.215255367231638502e+03
2.216009039548022884e+03
2.216490395480225743e+03
2.216700564971751646e+03
2.216613559322033780e+03
2.216220338983051079e+03
2.215499435028248627e+03
2.214430508474576527e+03
2.212957062146892895e+03
2.211079096045197730e+03
2.208794350282485539e+03
2.206535593220339251e+03
2.204595480225988467e+03
2.202927683615819205e+03
2.201485875706214756e+03
2.200209039548022702e+03
2.199140112994350602e+03
2.198241807909604177e+03
2.197546892655367174e+03
2.197063276836158366e+03
2.196800000000000182e+03
2.196790960451977298e+03
2.197072316384181249e+03
2.197638418079096027e+03
2.198523163841808127e+03
2.199689265536723269e+03
2.201123163841807582e+03
2.202777401129943428e+03
2.204604519774011351e+03
2.206508474576271510e+03
2.208415819209039910e+03
2.210293785310734620e+03
2.212054237288135937e+03
2.213647457627118911e+03
2.215025988700564994e+03
2.216198870056497526e+03
2.217211299435028650e+03
2.218111864406780114e+03
2.218978531073446902e+03
2.219906214689265653e+03
2.220961581920904791e+03
2.222185310734463656e+03
2.223589830508474734e+03
2.225210169491525448e+03
2.226336723163842180e+03
2.226851977401130171e+03
2.226815819209040001e+03
2.226251977401130262e+03
2.225222598870056572e+03
2.223774011299435188e+03
2.221888135593220795e+03
2.219555932203390512e+03
2.216733333333333576e+03
2.213671186440678866e+03
2.210501694915255030e+03
2.207239548022599593e+03
2.203919774011300433e+03
2.200553672316385018e+03
2.197142372881356096e+03
2.193700564971752101e+03
2.190227118644068469e+03
2.186714124293785517e+03
2.183158192090395914e+03
2.179609039548022793e+03
2.176100564971751737e+03
2.172692655367231964e+03
2.169466666666667152e+03
2.166488135593220704e+03
2.163796610169491942e+03
2.161458757062147015e+03
2.159488135593221159e+03
2.157897175141243224e+03
2.156722033898305199e+03
2.155927683615819660e+03
2.155523163841808127e+03
2.155501694915254120e+03
2.155821468926554189e+03
2.156529943502825063e+03
2.157611299435028286e+03
2.159031638418079638e+03
2.160800000000000182e+03
2.162855367231638411e+03
2.165170621468926583e+03
2.167738983050847764e+03
2.170543502824859388e+03
2.173566101694915233e+03
2.176581920903955051e+03
2.179376271186441045e+03
2.181987570621469331e+03
2.184368361581921363e+03
2.186507344632768763e+03
2.188405649717514734e+03
2.190058757062147379e+03
2.191489265536723451e+03
2.192679096045198094e+03
2.193647457627119365e+03
2.194363841807909921e+03
2.194798870056497435e+03
2.194952542372881908e+03
2.194832768361582112e+03
2.194390960451977662e+03
2.193603389830508604e+03
2.192442937853107651e+03
2.190889265536723542e+03
2.188932203389830647e+03
2.186696045197740204e+03
2.184804519774011169e+03
2.183189830508474643e+03
2.181818079096045494e+03
2.180648587570621658e+03
2.179664406779661022e+03
2.178856497175141612e+03
2.178222598870056572e+03
2.177804519774011624e+03
2.177596610169491669e+03
2.177620338983051170e+03
2.177909604519774348e+03
2.178456497175141521e+03
2.179326553672316550e+03
2.180467796610169444e+03
2.181892655367231782e+03
2.183574011299434915e+03
2.185435028248587514e+03
2.187415819209039455e+03
2.189467796610169898e+03
2.191511864406779750e+03
2.193461016949152508e+03
2.195268926553672827e+03
2.196893785310734529e+03
2.198319774011299614e+03
2.199546892655367174e+03
2.200641807909604722e+03
2.201662146892655528e+03
2.202687005649717776e+03
2.203789830508474552e+03
2.205037288135593371e+03
2.206456497175141521e+03
2.208079096045197730e+03
2.209830508474576163e+03
2.210951412429379161e+03
2.211487005649717503e+03
2.211475706214689126e+03
2.210979661016949194e+03
2.210047457627119002e+03
2.208685875706214574e+03
2.206880225988700658e+03
2.204602259887005857e+03
2.201790960451977298e+03
2.198578531073446356e+03
2.195289265536723178e+03
2.191908474576271146e+03
2.188489265536722996e+03
2.185032768361582384e+03
2.181542372881356187e+03
2.178031638418079183e+03
2.174476836158192327e+03
2.170890395480226289e+03
2.167279096045198003e+03
2.163688135593220522e+03
2.160189830508475097e+03
2.156825988700565176e+03
2.153662146892655983e+03
2.150783050847458071e+03
2.148228248587570761e+03
2.146013559322033871e+03
2.144186440677965948e+03
2.142738983050847764e+03
2.141703954802260341e+03
2.141048587570621748e+03
2.140772881355932441e+03
2.140861016949153054e+03
2.141314124293785426e+03
2.142134463276836868e+03
2.143307344632768491e+03
2.144845197740113690e+03
2.146683615819209081e+03
2.148801129943502929e+03
2.151168361581921090e+03
2.153774011299435188e+03
2.156633898305085040e+03
2.159701694915254393e+03
2.162890395480226289e+03
2.165905084745762906e+03
2.168685875706214574e+03
2.171241807909605086e+03
2.173560451977401499e+03
2.175640677966101975e+03
2.177492655367232146e+03
2.179129943502824972e+03
2.180507344632768763e+03
2.181647457627118456e+03
2.182524293785310874e+03
2.183112994350282861e+03
2.183415819209039910e+03
2.183424858757062339e+03
2.183093785310734802e+03
2.182392090395480409e+03
2.181294915254237822e+03
2.179769491525424201e+03
2.177841807909604540e+03
2.175563841807909739e+03
2.173589830508474734e+03
2.171857627118644359e+03
2.170341242937853167e+03
2.169011299435028377e+03
2.167866666666667243e+03
2.166880225988701113e+03
2.166084745762712373e+03
2.165475706214690035e+03
2.165091525423729308e+03
2.164938983050848037e+03
2.165053107344632735e+03
2.165446327683616346e+03
2.166131073446328173e+03
2.167101694915254484e+03
2.168325423728813803e+03
2.169788700564971805e+03
2.171398870056497799e+03
2.173112994350282861e+03
2.174861016949153054e+03
2.176537853107345200e+03
2.178110734463277367e+03
2.179541242937853895e+03
2.180767231638418707e+03
2.181785310734463565e+03
2.182625988700565358e+03
2.183366101694915869e+03
2.184076836158192691e+03
2.184832768361582566e+03
2.185715254237288718e+03
2.186755932203390330e+03
2.187980790960452396e+03
2.189415819209039910e+03
2.191051977401130898e+03
2.192053107344633190e+03
2.192493785310734893e+03
2.192415819209040365e+03
2.191875706214689671e+03
2.190897175141243224e+03
2.189492655367232146e+03
2.187592090395480682e+03
2.185192090395480591e+03
2.182267796610170080e+03
2.179247457627119275e+03
2.176140112994350602e+03
2.172953672316384655e+03
2.169734463276836323e+03
2.166475706214689581e+03
2.163175141242938480e+03
2.159828248587570670e+03
2.156416949152542657e+03
2.152952542372881453e+03
2.149488135593220704e+03
2.146040677966102066e+03
2.142700564971751646e+03
2.139520903954802634e+03
2.136570621468927129e+03
2.133899435028249172e+03
2.131536723163841998e+03
2.129527683615819114e+03
2.127889265536723542e+03
2.126635028248587787e+03
2.125764971751412759e+03
2.125259887005649944e+03
2.125132203389830465e+03
2.125355932203389784e+03
2.125953672316384655e+03
2.126910734463277549e+03
2.128238418079095936e+03
2.129884745762712100e+03
2.131824858757062430e+03
2.134051977401130443e+03
2.136514124293785699e+03
2.139232768361582202e+03
2.142192090395480591e+03
2.145377401129943792e+03
2.148420338983050897e+03
2.151242937853107378e+03
2.153865536723164496e+03
2.156240677966101885e+03
2.158374011299435551e+03
2.160288135593220886e+03
2.161980790960452396e+03
2.163437288135593917e+03
2.164665536723164223e+03
2.165633898305085040e+03
2.166340112994350420e+03
2.166762711864406810e+03
2.166898305084745971e+03
2.166727683615819387e+03
2.166202259887005766e+03
2.165297175141243315e+03
2.163978531073446902e+03
2.162250847457627515e+03
2.160144632768361589e+03
2.157916384180791283e+03
2.155970621468926765e+03
2.154271186440678321e+03
2.152752542372881635e+03
2.151446327683615891e+03
2.150329943502825245e+03
2.149381920903955233e+03
2.148624858757062611e+03
2.148076836158192236e+03
2.147775141242937934e+03
2.147727683615818933e+03
2.147961581920903882e+03
2.148490395480225743e+03
2.149306214689265289e+03
2.150401129943502838e+03
2.151746892655367446e+03
2.153297175141243315e+03
2.154977401129944155e+03
2.156718644067796959e+03
2.158476836158191873e+03
2.160161581920903700e+03
2.161717514124293757e+03
2.163080225988700477e+03
2.164251977401130262e+03
2.165232768361582202e+03
2.166074576271186743e+03
2.166856497175141612e+03
2.167628248587570852e+03
2.168509604519774257e+03
2.169529943502824608e+03
2.170719774011299705e+03
2.172102824858757231e+03
2.173703954802259886e+03
2.175101694915254484e+03
2.175914124293785790e+03
2.176193220338983338e+03
2.176003389830508240e+03
2.175378531073446538e+03
2.174357062146892531e+03
2.172872316384181431e+03
2.170923163841808218e+03
2.168462146892655255e+03
2.165463276836158002e+03
2.162242937853107378e+03
2.158958192090395642e+03
2.155601129943503111e+03
2.152185310734463201e+03
2.148716384180791010e+03
2.145192090395480136e+03
2.141616949152542475e+03
2.137971751412429512e+03
2.134271186440678321e+03
2.130581920903954597e+03
2.126945762711864518e+03
2.123430508474576527e+03
2.120084745762711918e+03
2.117002259887005494e+03
2.114178531073446266e+03
2.111694915254237458e+03
2.109570621468926674e+03
2.107838418079096300e+03
2.106464406779661203e+03
2.105458757062147015e+03
2.104813559322034052e+03
2.104524293785310874e+03
2.104601129943503111e+03
2.105042937853107105e+03
2.105857627118643904e+03
2.106996610169491305e+03
2.108444067796610398e+03
2.110201129943502565e+03
2.112219209039548332e+03
2.114477966101695074e+03
2.116974011299435006e+03
2.119702824858757140e+03
2.122589830508474734e+03
2.125326553672316550e+03
2.127880225988700658e+03
2.130204519774011715e+03
2.132337853107344927e+03
2.134263276836158184e+03
2.135989830508474824e+03
2.137517514124293939e+03
2.138836158192090352e+03
2.139927683615819205e+03
2.140786440677966311e+03
2.141413559322033962e+03
2.141796610169491487e+03
2.141903954802259705e+03
2.141705084745763088e+03
2.141145762711864336e+03
2.140211299435028195e+03
2.138893785310734529e+03
2.137209039548022702e+03
2.135163841807909648e+03
2.133310734463277186e+03
2.131701694915254393e+03
2.130293785310734620e+03
2.129083615819209172e+03
2.128049717514124495e+03
2.127162711864407356e+03
2.126457627118643813e+03
2.125936723163841634e+03
2.125619209039547968e+03
2.125543502824858933e+03
2.125715254237288264e+03
2.126168361581921090e+03
2.126899435028248718e+03
2.127893785310734529e+03
2.129143502824858842e+03
2.130607909604519591e+03
2.132224858757062066e+03
2.133943502824859024e+03
2.135674576271186652e+03
2.137371751412429148e+03
2.138945762711864518e+03
2.140364971751412668e+03
2.141559322033898297e+03
2.142553672316384109e+03
2.143383050847457525e+03
2.144096045197739841e+03
2.144762711864406810e+03
2.145479096045197821e+03
2.146299435028248809e+03
2.147261016949152236e+03
2.148420338983050897e+03
2.149777401129943428e+03
2.151334463276836232e+03
2.152455367231638320e+03
2.153009039548022884e+03
2.153066666666666606e+03
2.152703954802259886e+03
2.151902824858757413e+03
2.150688135593220522e+03
2.149014689265536617e+03
2.146858757062147106e+03
2.144181920903954961e+03
2.141169491525423837e+03
2.138057627118644177e+03
2.134864406779661294e+03
2.131610169491525085e+03
2.128305084745762542e+03
2.124924293785310510e+03
2.121490395480225743e+03
2.117986440677966129e+03
2.114430508474576527e+03
2.110813559322034052e+03
2.107231638418079001e+03
2.103719774011299251e+03
2.100368361581920908e+03
2.097209039548022702e+03
2.094322033898305108e+03
2.091717514124293302e+03
2.089457627118643813e+03
2.087561581920903791e+03
2.086029378531073235e+03
2.084883615819208899e+03
2.084077966101694528e+03
2.083630508474576345e+03
2.083541242937852985e+03
2.083799999999999727e+03
2.084450847457626878e+03
2.085444067796610398e+03
2.086760451977401317e+03
2.088381920903954779e+03
2.090274576271186106e+03
2.092421468926553189e+03
2.094798870056496526e+03
2.097410169491525266e+03
2.100273446327682905e+03
2.103396610169491396e+03
2.106466666666666242e+03
2.109348022598869647e+03
2.112007909604519227e+03
2.114487005649717048e+03
2.116768361581920544e+03
2.118870056497175028e+03
2.120764971751412304e+03
2.122432768361581566e+03
2.123876836158191963e+03
2.125071186440677593e+03
2.126048587570621294e+03
2.126750282485875687e+03
2.127155932203389966e+03
2.127215819209039182e+03
2.126879096045197912e+03
2.126185310734463201e+03
2.125079096045197730e+03
2.123606779661016844e+03
2.121769491525423746e+03
2.120010169491525630e+03
2.118487005649717503e+03
2.117158192090395460e+03
2.116022598870056754e+03
2.115054237288135482e+03
2.114253107344632554e+03
2.113631638418079092e+03
2.113201129943502565e+03
2.112995480225988558e+03
2.113020338983050806e+03
2.113300564971751555e+03
2.113861016949152599e+03
2.114691525423729217e+03
2.115778531073446175e+03
2.117088135593220613e+03
2.118597740112994416e+03
2.120229378531073507e+03
2.121912994350282588e+03
2.123607909604519591e+03
2.125205649717514007e+03
2.126666666666666515e+03
2.127915254237287627e+03
2.128974011299435006e+03
2.129828248587570670e+03
2.130532203389830102e+03
2.131155932203389511e+03
2.131778531073446175e+03
2.132471186440677684e+03
2.133284745762711282e+03
2.134254237288135300e+03
2.135413559322033507e+03
2.136775141242937934e+03
2.138350282485875596e+03
2.139367231638418161e+03
2.139877966101695165e+03
2.139925423728813257e+03
2.139545762711864427e+03
2.138753672316383927e+03
2.137522033898304926e+03
2.135829378531073417e+03
2.133610169491525085e+03
2.130876836158192418e+03
2.127944632768361316e+03
2.124903954802259250e+03
2.121816949152542293e+03
2.118670056497175210e+03
2.115474576271186379e+03
2.112206779661017208e+03
2.108864406779661294e+03
2.105461016949152508e+03
2.102003389830508240e+03
2.098541242937852985e+03
2.095135593220338706e+03
2.091828248587570670e+03
2.088692655367231509e+03
2.085776271186440681e+03
2.083128813559322225e+03
2.080818079096045039e+03
2.078855367231638411e+03
2.077259887005649944e+03
2.076010169491525176e+03
2.075141242937853349e+03
2.074627118644067650e+03
2.074465536723163495e+03
2.074668926553672463e+03
2.075231638418079001e+03
2.076159322033898206e+03
2.077420338983050897e+03
2.078981920903954688e+03
2.080823728813558773e+03
2.082941242937853076e+03
2.085297175141242860e+03
2.087882485875706152e+03
2.090696045197740204e+03
2.093586440677965584e+03
2.096314124293785426e+03
2.098859887005649398e+03
2.101212429378530942e+03
2.103363841807909466e+03
2.105317514124293666e+03
2.107074576271186288e+03
2.108655367231638138e+03
2.110000000000000000e+03
2.111112994350282406e+03
2.112007909604519227e+03
2.112671186440677957e+03
2.113093785310734347e+03
2.113231638418079001e+03
2.113047457627118547e+03
2.112531073446327355e+03
2.111614689265536072e+03
2.110325423728813803e+03
2.108675706214689399e+03
2.106685875706214574e+03
2.104729943502824881e+03
2.103028248587570488e+03
2.101548022598870375e+03
2.100263276836158184e+03
2.099144632768361589e+03
2.098192090395479681e+03
2.097395480225988649e+03
2.096786440677965402e+03
2.096376271186440135e+03
2.096172881355931622e+03
2.096211299435028195e+03
2.096517514124293484e+03
2.097082485875705970e+03
2.097931073446327446e+03
2.099004519774010987e+03
2.100298305084745607e+03
2.101754802259886674e+03
2.103294915254236912e+03
2.104855367231638411e+03
2.106383050847457525e+03
2.107787570621468603e+03
2.109021468926553098e+03
2.110064406779660658e+03
2.110891525423728581e+03
2.111534463276835595e+03
2.112065536723163859e+03
2.112569491525423473e+03
2.113107344632768218e+03
2.113738983050847310e+03
2.114505084745762360e+03
2.115461016949152508e+03
2.116594350282485721e+03
2.117946892655367265e+03
2.118972881355932259e+03
2.119433898305084767e+03
2.119432768361582021e+03
2.118974011299435006e+03
2.118105084745762724e+03
2.116792090395480045e+03
2.115028248587570488e+03
2.112787570621469058e+03
2.110098305084745334e+03
2.107296045197739659e+03
2.104381920903954779e+03
2.101368361581920908e+03
2.098319774011299160e+03
2.095201129943502565e+03
2.092030508474575981e+03
2.088792090395480045e+03
2.085457627118643813e+03
2.082041807909604358e+03
2.078577401129943610e+03
2.075136723163841452e+03
2.071767231638417798e+03
2.068516384180790737e+03
2.065437288135593008e+03
2.062622598870056208e+03
2.060079096045197730e+03
2.057864406779661294e+03
2.055989830508474370e+03
2.054497175141243133e+03
2.053340112994350420e+03
2.052517514124293484e+03
2.052055367231638229e+03
2.051950282485875505e+03
2.052201129943502565e+03
2.052784180790960363e+03
2.053728813559321679e+03
2.054980790960451941e+03
2.056517514124293484e+03
2.058318644067796413e+03
2.060368361581920908e+03
2.062645197740112962e+03
2.065146892655367083e+03
2.067881355932203405e+03
2.070743502824858751e+03
2.073433898305084767e+03
2.075940112994349874e+03
2.078250847457627060e+03
2.080370621468926402e+03
2.082310734463277186e+03
2.084051977401129989e+03
2.085595480225988467e+03
2.086940112994349874e+03
2.088063276836158366e+03
2.088955932203390148e+03
2.089638418079096027e+03
2.090068926553672100e+03
2.090204519774011260e+03
2.090007909604519682e+03
2.089456497175141521e+03
2.088553672316384109e+03
2.087279096045197548e+03
2.085646327683615709e+03
2.083680225988700840e+03
2.082009039548022429e+03
2.080567231638417979e+03
2.079338983050847219e+03
2.078270056497174664e+03
2.077385310734463019e+03
2.076655367231638593e+03
2.076103954802259977e+03
2.075751412429378433e+03
2.075621468926553462e+03
2.075726553672316641e+03
2.076080225988700477e+03
2.076708474576271328e+03
2.077616949152542475e+03
2.078803389830508422e+03
2.080197740112994325e+03
2.081778531073446175e+03
2.083499435028248627e+03
2.085305084745762542e+03
2.087098305084745334e+03
2.088807909604519409e+03
2.090383050847457525e+03
2.091761581920904064e+03
2.092931073446327900e+03
2.093909604519773893e+03
2.094737853107345018e+03
2.095500564971751373e+03
2.096245197740113326e+03
2.097045197740113053e+03
2.097957062146892895e+03
2.099012429378531124e+03
2.100240677966101885e+03
2.101668926553672463e+03
2.103281355932203496e+03
2.104353672316384291e+03
2.104933333333333394e+03
2.105071186440678048e+03
2.104780790960452123e+03
2.104083615819209626e+03
2.102968361581921272e+03
2.101381920903954779e+03
2.099303954802259796e+03
2.096702824858757140e+03
2.093750282485875687e+03
2.090716384180791010e+03
2.087619209039547968e+03
2.084472316384180886e+03
2.081270056497175574e+03
2.077994350282485811e+03
2.074637288135593280e+03
2.071196610169491578e+03
2.067710734463276822e+03
2.064194350282485630e+03
2.060719774011299705e+03
2.057340112994350420e+03
2.054124293785310329e+03
2.051112994350282406e+03
2.048354802259887038e+03
2.045910734463276640e+03
2.043797740112994234e+03
2.042027118644067741e+03
2.040613559322034007e+03
2.039543502824858479e+03
2.038832768361582112e+03
2.038453107344632826e+03
2.038453107344632826e+03
2.038813559322034052e+03
2.039520903954802407e+03
2.040555932203390057e+03
2.041894915254237276e+03
2.043540112994350238e+03
2.045414689265536708e+03
2.047560451977401044e+03
2.049919774011299523e+03
2.052518644067796686e+03
2.055337853107344927e+03
2.058010169491525630e+03
2.060519774011299887e+03
2.062858757062147106e+03
2.065015819209039364e+03
2.067011299435028377e+03
2.068822598870056481e+03
2.070453107344632372e+03
2.071893785310734529e+03
2.073129943502824972e+03
2.074172881355932532e+03
2.075011299435028377e+03
2.075615819209039728e+03
2.075955932203390148e+03
2.075992090395480318e+03
2.075701694915254393e+03
2.075057627118644177e+03
2.074039548022598865e+03
2.072666666666666970e+03
2.070954802259887401e+03
2.069040677966102066e+03
2.067378531073446538e+03
2.065984180790960636e+03
2.064769491525423746e+03
2.063723163841807946e+03
2.062856497175141158e+03
2.062169491525423837e+03
2.061653107344633099e+03
2.061346892655367355e+03
2.061270056497175574e+03
2.061438418079095754e+03
2.061867796610169535e+03
2.062584180790960090e+03
2.063578531073446356e+03
2.064802259887005675e+03
2.066237288135593190e+03
2.067835028248587605e+03
2.069557062146892804e+03
2.071303954802259796e+03
2.073005649717514189e+03
2.074604519774011351e+03
2.076028248587570488e+03
2.077227118644068014e+03
2.078228248587570761e+03
2.079035028248587878e+03
2.079728813559321679e+03
2.080376271186441045e+03
2.081033898305084676e+03
2.081772881355932441e+03
2.082629378531073598e+03
2.083671186440677957e+03
2.084891525423728581e+03
2.086308474576270783e+03
2.087449717514124131e+03
2.088051977401129534e+03
2.088168361581920635e+03
2.087835028248587605e+03
2.087088135593219704e+03
2.085907344632768400e+03
2.084248587570621567e+03
2.082106214689265471e+03
2.079436158192090261e+03
2.076620338983050715e+03
2.073693785310734256e+03
2.070690395480226471e+03
2.067632768361581839e+03
2.064519774011299432e+03
2.061331073446327537e+03
2.058062146892655619e+03
2.054702824858757140e+03
2.051266666666666879e+03
2.047769491525423746e+03
2.044296045197740114e+03
2.040873446327683723e+03
2.037576271186440636e+03
2.034456497175141067e+03
2.031549152542372667e+03
2.028952542372881453e+03
2.026675706214689399e+03
2.024740112994350284e+03
2.023169491525423609e+03
2.021916384180790828e+03
2.021030508474576209e+03
2.020498305084745652e+03
2.020335593220338751e+03
2.020543502824858706e+03
2.021118644067796595e+03
2.022032768361581702e+03
2.023272316384180613e+03
2.024828248587570442e+03
2.026659887005649580e+03
2.028743502824858751e+03
2.031058757062146924e+03
2.033628248587570397e+03
2.036454237288135573e+03
2.039529943502824608e+03
2.042409039548022520e+03
2.045096045197739841e+03
2.047610169491525539e+03
2.049922033898305017e+03
2.052033898305084222e+03
2.053975141242937752e+03
2.055697175141242951e+03
2.057192090395480136e+03
2.058472316384180886e+03
2.059541242937852985e+03
2.060386440677966220e+03
2.060945762711864518e+03
2.061228248587570306e+03
2.061162711864406447e+03
2.060726553672316186e+03
2.059912994350282588e+03
2.058742372881356005e+03
2.057209039548022702e+03
2.055323163841807855e+03
2.053432768361582021e+03
2.051783050847457616e+03
2.050346892655367355e+03
2.049101694915254484e+03
2.048036158192090625e+03
2.047124293785310783e+03
2.046387570621468967e+03
2.045850847457627424e+03
2.045528813559322089e+03
2.045450847457627333e+03
2.045625988700565131e+03
2.046062146892655392e+03
2.046763841807909785e+03
2.047749152542372940e+03
2.048954802259887401e+03
2.050345762711864609e+03
2.051884745762712100e+03
2.053498305084745880e+03
2.055107344632768218e+03
2.056656497175141340e+03
2.058050847457627242e+03
2.059245197740112872e+03
2.060232768361582202e+03
2.061032768361581930e+03
2.061687005649717321e+03
2.062264406779660931e+03
2.062828248587570670e+03
2.063441807909604449e+03
2.064158192090395460e+03
2.065023728813559501e+03
2.066070056497175301e+03
2.067324293785310601e+03
2.068787570621469058e+03
2.070020338983050806e+03
2.070748022598870193e+03
2.071015819209039819e+03
2.070832768361582112e+03
2.070237288135593190e+03
2.069178531073446720e+03
2.067651977401129898e+03
2.065622598870056208e+03
2.063076836158192236e+03
2.060206779661016753e+03
2.057233898305084949e+03
2.054205649717514007e+03
2.051108474576270964e+03
2.047949152542373213e+03
2.044722033898305199e+03
2.041401129943502838e+03
2.038005649717514189e+03
2.034541242937853212e+03
2.031059887005649671e+03
2.027621468926553916e+03
2.024251977401130034e+03
2.021032768361581930e+03
2.018019209039548059e+03
2.015283615819209217e+03
2.012835028248587605e+03
2.010731073446327628e+03
2.008975141242937752e+03
2.007553672316384109e+03
2.006473446327683632e+03
2.005750282485875687e+03
2.005383050847457753e+03
2.005398870056497344e+03
2.005764971751412531e+03
2.006483615819209035e+03
2.007544632768361680e+03
2.008902824858757185e+03
2.010553672316384109e+03
2.012476836158192327e+03
2.014622598870056663e+03
2.017011299435028377e+03
2.019640677966101748e+03
2.022516384180791192e+03
2.025370621468926402e+03
2.028066666666666833e+03
2.030597740112994416e+03
2.032975141242937980e+03
2.035176271186440772e+03
2.037188700564972123e+03
2.039022598870056527e+03
2.040655367231638593e+03
2.042100564971751510e+03
2.043346892655367355e+03
2.044385310734463474e+03
2.045194350282486084e+03
2.045746892655367219e+03
2.045987570621468876e+03
2.045863276836158320e+03
2.045401129943502838e+03
2.044555932203390057e+03
2.043355932203390012e+03
2.041830508474576391e+03
2.039953672316384427e+03
2.038238418079096391e+03
2.036745762711864472e+03
2.035441807909604449e+03
2.034343502824858888e+03
2.033388700564971941e+03
2.032607909604520046e+03
2.032002259887005948e+03
2.031602259887005857e+03
2.031430508474576300e+03
2.031491525423729172e+03
2.031825988700565176e+03
2.032427118644067832e+03
2.033290395480226152e+03
2.034378531073446538e+03
2.035699435028248672e+03
2.037189830508474870e+03
2.038790960451977753e+03
2.040427118644067832e+03
2.042031638418079183e+03
2.043536723163841998e+03
2.044874576271186470e+03
2.046001129943502747e+03
2.046924293785310738e+03
2.047679096045197639e+03
2.048340112994350420e+03
2.048957062146892895e+03
2.049584180790960545e+03
2.050292655367232328e+03
2.051133333333333212e+03
2.052167231638418343e+03
2.053371751412429603e+03
2.054776271186441136e+03
2.056274576271186561e+03
2.057241807909605086e+03
2.057745762711864700e+03
2.057803389830508422e+03
2.057445197740113599e+03
2.056648587570622112e+03
2.055384180790961182e+03
2.053637288135593735e+03
2.051394350282486357e+03
2.048616949152542475e+03
2.045581920903955051e+03
2.042461016949152963e+03
2.039277966101695256e+03
2.036019209039548286e+03
2.032696045197740204e+03
2.029267796610169626e+03
2.025736723163841816e+03
2.022117514124293848e+03
2.018476836158192327e+03
2.014814689265536799e+03
2.011201129943503020e+03
2.007691525423728990e+03
2.004353672316384291e+03
2.001229378531073507e+03
1.998377401129943792e+03
1.995854237288135892e+03
1.993648587570621658e+03
1.991778531073446629e+03
1.990261016949152690e+03
1.989089265536723360e+03
1.988282485875706243e+03
1.987831638418079365e+03
1.987740112994350511e+03
1.988002259887005948e+03
1.988621468926553916e+03
1.989562711864406992e+03
1.990818079096045494e+03
1.992345762711864609e+03
1.994135593220339160e+03
1.996162711864406901e+03
1.998448587570621839e+03
2.000966101694915551e+03
2.003772881355932441e+03
2.006725423728813894e+03
2.009499435028248854e+03
2.012127683615819478e+03
2.014576271186440863e+03
2.016858757062147106e+03
2.018950282485875960e+03
2.020849717514124450e+03
2.022538983050847719e+03
2.024036158192090625e+03
2.025331073446327991e+03
2.026409039548022747e+03
2.027212429378531397e+03
2.027733333333333576e+03
2.027926553672316686e+03
2.027749152542373167e+03
2.027194350282486084e+03
2.026288135593220431e+03
2.025012429378531351e+03
2.023396610169491851e+03
2.021432768361582021e+03
2.019718644067796959e+03
2.018209039548022702e+03
2.016891525423729036e+03
2.015737853107344790e+03
2.014732203389830829e+03
2.013919774011299523e+03
2.013264406779661158e+03
2.012837288135593553e+03
2.012629378531073598e+03
2.012684745762712055e+03
2.013005649717514189e+03
2.013575141242938116e+03
2.014406779661017026e+03
2.015472316384181113e+03
2.016732203389830829e+03
2.018161581920904155e+03
2.019662146892655528e+03
2.021169491525423837e+03
2.022604519774011578e+03
2.023906214689265653e+03
2.025010169491525630e+03
2.025931073446327900e+03
2.026649717514124404e+03
2.027233898305084949e+03
2.027732203389830829e+03
2.028213559322034143e+03
2.028742372881356232e+03
2.029380790960452259e+03
2.030170621468926583e+03
2.031137853107344654e+03
2.032319774011299614e+03
2.033672316384181158e+03
2.035181920903954961e+03
2.036188700564971896e+03
2.036755932203389875e+03
2.036873446327683723e+03
2.036552542372881362e+03
2.035769491525423973e+03
2.034511864406779978e+03
2.032760451977401317e+03
2.030473446327683632e+03
2.027653107344632872e+03
2.024734463276836323e+03
2.021738983050847764e+03
2.018679096045198094e+03
2.015531073446327810e+03
2.012300564971751555e+03
2.008970621468926765e+03
2.005546892655367174e+03
2.002048587570621748e+03
1.998515254237288218e+03
1.995003389830508468e+03
1.991566101694915233e+03
1.988267796610169626e+03
1.985140112994350602e+03
1.982265536723164132e+03
1.979699435028248445e+03
1.977442937853107424e+03
1.975509604519774257e+03
1.973905084745762906e+03
1.972653107344632872e+03
1.971735593220339069e+03
1.971175141242938025e+03
1.970977401129943473e+03
1.971135593220338933e+03
1.971648587570621430e+03
1.972506214689265562e+03
1.973672316384180704e+03
1.975135593220338933e+03
1.976864406779661067e+03
1.978851977401129943e+03
1.981072316384180795e+03
1.983559322033898297e+03
1.986314124293785198e+03
1.989331073446327537e+03
1.992176271186440772e+03
1.994870056497175028e+03
1.997407909604519773e+03
1.999776271186440681e+03
2.001950282485875505e+03
2.003951412429378706e+03
2.005759322033898115e+03
2.007383050847457753e+03
2.008822598870056481e+03
2.010058757062146924e+03
2.011079096045197730e+03
2.011818079096045267e+03
2.012242937853107378e+03
2.012327683615819296e+03
2.012047457627118547e+03
2.011422598870056390e+03
2.010437288135593235e+03
2.009115254237288354e+03
2.007456497175141067e+03
2.005508474576271283e+03
2.003789830508474552e+03
2.002259887005649489e+03
2.000920903954802270e+03
1.999744632768361498e+03
1.998737853107344563e+03
1.997909604519774120e+03
1.997273446327683814e+03
1.996867796610169535e+03
1.996687005649717776e+03
1.996792090395480500e+03
1.997137853107344654e+03
1.997750282485875687e+03
1.998624858757062157e+03
1.999699435028248445e+03
2.000970621468926765e+03
2.002333333333333485e+03
2.003769491525423973e+03
2.005164971751412395e+03
2.006448587570621839e+03
2.007549152542373122e+03
2.008475706214689581e+03
2.009175141242938025e+03
2.009720903954802452e+03
2.010153672316384473e+03
2.010540112994350466e+03
2.010937853107344836e+03
2.011411299435028468e+03
2.012018079096045312e+03
2.012783050847457616e+03
2.013742372881356005e+03
2.014908474576271146e+03
2.016263276836158184e+03
2.017561581920904246e+03
2.018385310734463474e+03
2.018771751412429467e+03
2.018737853107344790e+03
2.018254237288135755e+03
2.017309604519774439e+03
2.015903954802260159e+03
2.014003389830508695e+03
2.011576271186440636e+03
2.008716384180791010e+03
2.005755932203389875e+03
2.002727683615819387e+03
1.999602259887005857e+03
1.996392090395480409e+03
1.993058757062146924e+03
1.989620338983051170e+03
1.986072316384180795e+03
1.982466666666666924e+03
1.978840677966101794e+03
1.975225988700565267e+03
1.971689265536723269e+03
1.968290395480226380e+03
1.965111864406779887e+03
1.962186440677966402e+03
1.959541242937853440e+03
1.957212429378531169e+03
1.955194350282486084e+03
1.953501694915254348e+03
1.952134463276836414e+03
1.951110734463276913e+03
1.950440677966101703e+03
1.950124293785311011e+03
1.950154802259887219e+03
1.950507344632768536e+03
1.951193220338983110e+03
1.952186440677966402e+03
1.953459887005649762e+03
1.954990960451977571e+03
1.956745762711864472e+03
1.958770621468926947e+03
1.961030508474576664e+03
1.963568361581921181e+03
1.966410169491525721e+03
1.969221468926553825e+03
1.971890395480226289e+03
1.974438418079096209e+03
1.976831638418079365e+03
1.979072316384181022e+03
1.981161581920904155e+03
1.983073446327683996e+03
1.984812429378531306e+03
1.986415819209039910e+03
1.987820338983050988e+03
1.988989830508474824e+03
1.989901694915254666e+03
1.990481355932203542e+03
1.990728813559322134e+03
1.990654237288135846e+03
1.990235028248587696e+03
1.989475706214689581e+03
1.988389830508474688e+03
1.986993220338983292e+03
1.985405649717514279e+03
1.984028248587570943e+03
1.982853107344632917e+03
1.981833898305084858e+03
1.980981920903955142e+03
1.980263276836158411e+03
1.979754802259887583e+03
1.979431638418079274e+03
1.979331073446327991e+03
1.979465536723164178e+03
1.979874576271186697e+03
1.980518644067797140e+03
1.981411299435028468e+03
1.982528813559322543e+03
1.983845197740113235e+03
1.985291525423729126e+03
1.986831638418079365e+03
1.988357062146893213e+03
1.989811299435028559e+03
1.991119774011299796e+03
1.992210169491525676e+03
1.993100564971751737e+03
1.993792090395480727e+03
1.994346892655367810e+03
1.994788700564972260e+03
1.995211299435028650e+03
1.995653107344633099e+03
1.996201129943503474e+03
1.996887005649718049e+03
1.997775141242938389e+03
1.998820338983051442e+03
2.000072316384181249e+03
2.001498305084746107e+03
2.002572881355932623e+03
2.003224858757062520e+03
2.003459887005649989e+03
2.003271186440678321e+03
2.002636158192090761e+03
2.001572881355932623e+03
2.000046327683616255e+03
1.998007909604520137e+03
1.995466666666667152e+03
1.992618079096045676e+03
1.989693785310734938e+03
1.986673446327683905e+03
1.983548022598870375e+03
1.980332203389830738e+03
1.976993220338983519e+03
1.973552542372881589e+03
1.970024858757062475e+03
1.966448587570621839e+03
1.962885875706214847e+03
1.959364971751412668e+03
1.955972881355932486e+03
1.952733333333333576e+03
1.949724293785311147e+03
1.946995480225989013e+03
1.944563841807909967e+03
1.942447457627119093e+03
1.940636158192090761e+03
1.939170621468927038e+03
1.938040677966102066e+03
1.937256497175141703e+03
1.936812429378531306e+03
1.936714124293785517e+03
1.936976271186440954e+03
1.937579661016949558e+03
1.938475706214689581e+03
1.939674576271186652e+03
1.941125423728813985e+03
1.942822598870056936e+03
1.944776271186441136e+03
1.946977401129943701e+03
1.949422598870056845e+03
1.952142372881356323e+03
1.954964971751412804e+03
1.957664406779661476e+03
1.960229378531073507e+03
1.962650847457627378e+03
1.964920903954802498e+03
1.967027118644068196e+03
1.968974011299435460e+03
1.970752542372881862e+03
1.972362711864406947e+03
1.973800000000000182e+03
1.975033898305085131e+03
1.976014689265537072e+03
1.976690395480226471e+03
1.977045197740113508e+03
1.977040677966102066e+03
1.976709604519774302e+03
1.976028248587570943e+03
1.975027118644068196e+03
1.973702824858757594e+03
1.972025988700565449e+03
1.970447457627119093e+03
1.969057627118644405e+03
1.967828248587570670e+03
1.966776271186440908e+03
1.965855367231638638e+03
1.965099435028248763e+03
1.964528813559322316e+03
1.964143502824859297e+03
1.963985310734463383e+03
1.964057627118644177e+03
1.964390960451977662e+03
1.964959322033898388e+03
1.965742372881356232e+03
1.966744632768361953e+03
1.967897175141243224e+03
1.969153672316384473e+03
1.970471186440678139e+03
1.971727683615819387e+03
1.972861016949152599e+03
1.973812429378531306e+03
1.974559322033898525e+03
1.975085875706215120e+03
1.975445197740113144e+03
1.975684745762712055e+03
1.975839548022599047e+03
1.975995480225989013e+03
1.976218079096045358e+03
1.976569491525423928e+03
1.977082485875706425e+03
1.977753672316384382e+03
1.978642937853107469e+03
1.979714124293785517e+03
1.980954802259886947e+03
1.981942372881356278e+03
1.982498305084745880e+03
1.982601129943503111e+03
1.982256497175141249e+03
1.981477966101695074e+03
1.980228248587570761e+03
1.978484745762712009e+03
1.976219209039548332e+03
1.973631638418079319e+03
1.970959322033898388e+03
1.968190960451977389e+03
1.965348022598870102e+03
1.962383050847457753e+03
1.959298305084745834e+03
1.956118644067796595e+03
1.952813559322034052e+03
1.949438418079096209e+03
1.946036158192090625e+03
1.942645197740113190e+03
1.939322033898305108e+03
1.936116384180790874e+03
1.933129943502824972e+03
1.930357062146892986e+03
1.927870056497175256e+03
1.925665536723163768e+03
1.923759322033898343e+03
1.922168361581921090e+03
1.920909604519774120e+03
1.919980790960451941e+03
1.919380790960452032e+03
1.919124293785310783e+03
1.919214689265536890e+03
1.919630508474576345e+03
1.920359322033898479e+03
1.921383050847457753e+03
1.922675706214689399e+03
1.924212429378531397e+03
1.925998870056497253e+03
1.928010169491525630e+03
1.930263276836158411e+03
1.932797740112994688e+03
1.935611299435028513e+03
1.938385310734463474e+03
1.941044067796610307e+03
1.943558192090395551e+03
1.945927683615819433e+03
1.948122033898305290e+03
1.950145762711864563e+03
1.952027118644068196e+03
1.953738983050847764e+03
1.955307344632768718e+03
1.956663276836158275e+03
1.957796610169491942e+03
1.958667796610169944e+03
1.959218079096045585e+03
1.959450847457627333e+03
1.959342372881356368e+03
1.958881355932203860e+03
1.958101694915254711e+03
1.957012429378531351e+03
1.955602259887005630e+03
1.953961581920904109e+03
1.952533333333333303e+03
1.951292655367231873e+03
1.950216949152542384e+03
1.949288135593220431e+03
1.948518644067796913e+03
1.947914124293785562e+03
1.947511864406779978e+03
1.947326553672316550e+03
1.947364971751412668e+03
1.947661016949152781e+03
1.948187570621469149e+03
1.948967231638418070e+03
1.949961581920903882e+03
1.951159322033898661e+03
1.952499435028248854e+03
1.953917514124294030e+03
1.955349152542373304e+03
1.956701694915254620e+03
1.957898305084745971e+03
1.958898305084745971e+03
1.959699435028248899e+03
1.960320903954802588e+03
1.960774011299435415e+03
1.961129943502825427e+03
1.961457627118644496e+03
1.961820338983051215e+03
1.962265536723164132e+03
1.962850847457627424e+03
1.963597740112994870e+03
1.964528813559322316e+03
1.965661016949152781e+03
1.966962711864407083e+03
1.968049717514124950e+03
1.968705084745763088e+03
1.968935593220339342e+03
1.968742372881356459e+03
1.968131073446328173e+03
1.967089265536723815e+03
1.965600000000000364e+03
1.963627118644068332e+03
1.961158192090395914e+03
1.958431638418079729e+03
1.955619209039548423e+03
1.952710734463277277e+03
1.949725423728813894e+03
1.946610169491525994e+03
1.943385310734463474e+03
1.940050847457627242e+03
1.936625988700565131e+03
1.933151412429378979e+03
1.929662146892655528e+03
1.926204519774011715e+03
1.922846327683615982e+03
1.919672316384180931e+03
1.916699435028248899e+03
1.913993220338983065e+03
1.911557062146892804e+03
1.909423728813559592e+03
1.907588700564971987e+03
1.906079096045197730e+03
1.904893785310734529e+03
1.904046327683616028e+03
1.903519774011299660e+03
1.903368361581921135e+03
1.903554802259887310e+03
1.904057627118644177e+03
1.904862146892655574e+03
1.905936723163842089e+03
1.907291525423729126e+03
1.908875706214689444e+03
1.910714124293785517e+03
1.912781920903954870e+03
1.915101694915254484e+03
1.917632768361582293e+03
1.920064406779661113e+03
1.922370621468926856e+03
1.924580790960452077e+03
1.926641807909604950e+03
1.928555932203390057e+03
1.930324293785311056e+03
1.931934463276836595e+03
1.933429378531073553e+03
1.934785310734463565e+03
1.935986440677966129e+03
1.936990960451977571e+03
1.937763841807909785e+03
1.938263276836158639e+03
1.938477966101695074e+03
1.938361581920904200e+03
1.937932203389830875e+03
1.937189830508475097e+03
1.936164971751412850e+03
1.934831638418079365e+03
1.933197740112994779e+03
1.931715254237288264e+03
1.930419209039548150e+03
1.929308474576271465e+03
1.928345762711864836e+03
1.927550282485876096e+03
1.926909604519774348e+03
1.926451977401130307e+03
1.926224858757062520e+03
1.926210169491525903e+03
1.926437288135593462e+03
1.926905084745762906e+03
1.927618079096045221e+03
1.928564971751412486e+03
1.929711864406780023e+03
1.931046327683616255e+03
1.932477966101695301e+03
1.933971751412429740e+03
1.935416949152542657e+03
1.936735593220339297e+03
1.937871186440678230e+03
1.938812429378531306e+03
1.939536723163841998e+03
1.940082485875706425e+03
1.940501694915254575e+03
1.940807909604519864e+03
1.941109604519774166e+03
1.941477966101695074e+03
1.941950282485875732e+03
1.942569491525423928e+03
1.943352542372881544e+03
1.944318644067796868e+03
1.945461016949152963e+03
1.946766101694915506e+03
1.947610169491525539e+03
1.948018079096045312e+03
1.948003389830508695e+03
1.947580790960452305e+03
1.946709604519774302e+03
1.945401129943503065e+03
1.943604519774011351e+03
1.941315254237288173e+03
1.938723163841808173e+03
1.936045197740113053e+03
1.933281355932203724e+03
1.930407909604520000e+03
1.927436158192090716e+03
1.924335593220339433e+03
1.921129943502824972e+03
1.917807909604520091e+03
1.914413559322034189e+03
1.910962711864407083e+03
1.907509604519774257e+03
1.904120903954802543e+03
1.900854237288135892e+03
1.897770621468926947e+03
1.894919774011299751e+03
1.892324293785311056e+03
1.890006779661017163e+03
1.887985310734463610e+03
1.886268926553672600e+03
1.884844067796610261e+03
1.883753672316384382e+03
1.883011299435028377e+03
1.882615819209039955e+03
1.882555932203390057e+03
1.882846327683616209e+03
1.883421468926554098e+03
1.884287005649717685e+03
1.885428248587570806e+03
1.886819209039548241e+03
1.888448587570621839e+03
1.890322033898305563e+03
1.892446327683616119e+03
1.894827118644068150e+03
1.897516384180791192e+03
1.900357062146892986e+03
1.903079096045197957e+03
1.905668926553672691e+03
1.908126553672316504e+03
1.910418079096045403e+03
1.912584180790960545e+03
1.914605649717514552e+03
1.916487005649717958e+03
1.918235028248587923e+03
1.919804519774011624e+03
1.921152542372881726e+03
1.922238418079096391e+03
1.923025988700565222e+03
1.923496045197740614e+03
1.923637288135593508e+03
1.923462146892655710e+03
1.922967231638418525e+03
1.922159322033898661e+03
1.921046327683616255e+03
1.919592090395480454e+03
1.918245197740113326e+03
1.917102824858757231e+03
1.916120903954802543e+03
1.915300564971751783e+03
1.914647457627118911e+03
1.914168361581921317e+03
1.913887005649717821e+03
1.913816949152542747e+03
1.914001129943502974e+03
1.914429378531073780e+03
1.915105084745763179e+03
1.916019209039548286e+03
1.917152542372881726e+03
1.918496045197740386e+03
1.919992090395480545e+03
1.921566101694915460e+03
1.923149152542373031e+03
1.924649717514124632e+03
1.925993220338983519e+03
1.927137853107345109e+03
1.928063276836158593e+03
1.928805649717514370e+03
1.929369491525424110e+03
1.929816949152542520e+03
1.930218079096045358e+03
1.930638418079096255e+03
1.931127683615819478e+03
1.931736723163842044e+03
1.932491525423728945e+03
1.933436158192090716e+03
1.934549152542373122e+03
1.935845197740113235e+03
1.937155932203390194e+03
1.938027118644068196e+03
1.938449717514124586e+03
1.938447457627119093e+03
1.938006779661017163e+03
1.937119774011299569e+03
1.935758192090395823e+03
1.933923163841808218e+03
1.931567231638418434e+03
1.928933333333333621e+03
1.926222598870056800e+03
1.923419209039548377e+03
1.920516384180791192e+03
1.917492655367231919e+03
1.914369491525423882e+03
1.911153672316384473e+03
1.907823728813559683e+03
1.904435028248587514e+03
1.901024858757062248e+03
1.897649717514124404e+03
1.894378531073446538e+03
1.891281355932203496e+03
1.888396610169491851e+03
1.885761581920903836e+03
1.883413559322033962e+03
1.881352542372881544e+03
1.879599999999999909e+03
1.878170621468926583e+03
1.877050847457627242e+03
1.876292655367231646e+03
1.875866666666666788e+03
1.875798870056497208e+03
1.876071186440678048e+03
1.876693785310734484e+03
1.877612429378531033e+03
1.878818079096045267e+03
1.880296045197740114e+03
1.882013559322033871e+03
1.883977401129943701e+03
1.886197740112994552e+03
1.888668926553672463e+03
1.891435028248587969e+03
1.894129943502824972e+03
1.896705084745762861e+03
1.899129943502824972e+03
1.901423728813559592e+03
1.903553672316384109e+03
1.905548022598870148e+03
1.907400000000000091e+03
1.909119774011299796e+03
1.910675706214689399e+03
1.912089265536723360e+03
1.913288135593220431e+03
1.914242937853107378e+03
1.914918644067796777e+03
1.915263276836158184e+03
1.915302824858757049e+03
1.914988700564972078e+03
1.914370621468926856e+03
1.913440677966101930e+03
1.912193220338983338e+03
1.910641807909604722e+03
1.908920903954802498e+03
1.907409039548022747e+03
1.906071186440678275e+03
1.904901694915254438e+03
1.903888135593220341e+03
1.903045197740113053e+03
1.902392090395480409e+03
1.901935593220339115e+03
1.901716384180791010e+03
1.901734463276836323e+03
1.902001129943502974e+03
1.902505084745762815e+03
1.903233898305084949e+03
1.904189830508474643e+03
1.905331073446327764e+03
1.906580790960452077e+03
1.907877966101695165e+03
1.909137853107344654e+03
1.910275706214689308e+03
1.911229378531073507e+03
1.911978531073446447e+03
1.912537853107344745e+03
1.912897175141242997e+03
1.913111864406779659e+03
1.913240677966101885e+03
1.913375141242938071e+03
1.913557062146892804e+03
1.913837288135593326e+03
1.914262146892655437e+03
1.914845197740113235e+03
1.915616949152542702e+03
1.916569491525423928e+03
1.917684745762712055e+03
1.918638418079096027e+03
1.919138983050847855e+03
1.919207909604519955e+03
1.918853107344632917e+03
1.918051977401129989e+03
1.916797740112994688e+03
1.915074576271186743e+03
1.912853107344632917e+03
1.910375141242937843e+03
1.907802259887005675e+03
1.905125423728813530e+03
1.902352542372881544e+03
1.899449717514124586e+03
1.896430508474576527e+03
1.893285875706214938e+03
1.890029378531073689e+03
1.886661016949152781e+03
1.883241807909604631e+03
1.879837288135593553e+03
1.876473446327683632e+03
1.873227118644067787e+03
1.870161581920904155e+03
1.867309604519773984e+03
1.864716384180791010e+03
1.862398870056497344e+03
1.860351412429378797e+03
1.858620338983051170e+03
1.857189830508474643e+03
1.856082485875706425e+03
1.855305084745762997e+03
1.854889265536723087e+03
1.854801129943502929e+03
1.855033898305084904e+03
1.855570621468926902e+03
1.856406779661017254e+03
1.857507344632768536e+03
1.858859887005649853e+03
1.860435028248587741e+03
1.862254237288135755e+03
1.864320903954802361e+03
1.866647457627118911e+03
1.869262146892655437e+03
1.871994350282486039e+03
1.874615819209039728e+03
1.877074576271186743e+03
1.879404519774011533e+03
1.881566101694915233e+03
1.883584180790960545e+03
1.885462146892655710e+03
1.887200000000000273e+03
1.888792090395480500e+03
1.890211299435028423e+03
1.891402259887006039e+03
1.892329943502825245e+03
1.892961581920904109e+03
1.893268926553672600e+03
1.893250847457627515e+03
1.892919774011299523e+03
1.892259887005649944e+03
1.891303954802260250e+03
1.890028248587570715e+03
1.888415819209039682e+03
1.887001129943502974e+03
1.885786440677966311e+03
1.884731073446327855e+03
1.883839548022599047e+03
1.883102824858757231e+03
1.882538983050847492e+03
1.882172881355932304e+03
1.882011299435028377e+03
1.882071186440678048e+03
1.882386440677966220e+03
1.882945762711864518e+03
1.883741242937853258e+03
1.884757062146892622e+03
1.885994350282485811e+03
1.887385310734463474e+03
1.888871186440678230e+03
1.890338983050847673e+03
1.891742372881356005e+03
1.893011299435028377e+03
1.894088135593220613e+03
1.894964971751412577e+03
1.895654237288135846e+03
1.896180790960452214e+03
1.896586440677966493e+03
1.896958192090395642e+03
1.897337853107344699e+03
1.897805649717514370e+03
1.898411299435028241e+03
1.899167231638418116e+03
1.900109604519774166e+03
1.901248587570621567e+03
1.902552542372881362e+03
1.904040677966101612e+03
1.905186440677965948e+03
1.905909604519774120e+03
1.906215819209039637e+03
1.906077966101694983e+03
1.905508474576271055e+03
1.904476836158192100e+03
1.902961581920903882e+03
1.900940112994350329e+03
1.898396610169491623e+03
1.895501694915254120e+03
1.892505084745762815e+03
1.889397740112994597e+03
1.886171751412429330e+03
1.882837288135593099e+03
1.879383050847457525e+03
1.875821468926553734e+03
1.872185310734463428e+03
1.868527683615819342e+03
1.864894915254237276e+03
1.861354802259887038e+03
1.857971751412429512e+03
1.854803389830508422e+03
1.851871186440678230e+03
1.849203389830508513e+03
1.846823728813559455e+03
1.844727683615819387e+03
1.842944632768361771e+03
1.841483615819209263e+03
1.840370621468926629e+03
1.839583050847457798e+03
1.839164971751412395e+03
1.839090395480226107e+03
1.839324293785310829e+03
1.839893785310734529e+03
1.840726553672316186e+03
1.841832768361581884e+03
1.843189830508474643e+03
1.844788700564971805e+03
1.846640677966101748e+03
1.848759322033898343e+03
1.851164971751412395e+03
1.853876836158191963e+03
1.856647457627118683e+03
1.859327683615819069e+03
1.861890395480226061e+03
1.864307344632768263e+03
1.866599999999999909e+03
1.868770621468926493e+03
1.870835028248587605e+03
1.872771751412429467e+03
1.874538983050847492e+03
1.876135593220339160e+03
1.877492655367231691e+03
1.878599999999999909e+03
1.879397740112994597e+03
1.879883615819208899e+03
1.880041807909604358e+03
1.879884745762711873e+03
1.879435028248587514e+03
1.878673446327683678e+03
1.877584180790960318e+03
1.876134463276835959e+03
1.874615819209039500e+03
1.873271186440677866e+03
1.872109604519773711e+03
1.871089265536722905e+03
1.870233898305084494e+03
1.869560451977400817e+03
1.869093785310734347e+03
1.868836158192090352e+03
1.868815819209039546e+03
1.869039548022598865e+03
1.869500564971751373e+03
1.870216949152542384e+03
1.871135593220338933e+03
1.872259887005649716e+03
1.873516384180791192e+03
1.874815819209039546e+03
1.876071186440677820e+03
1.877212429378530942e+03
1.878192090395480136e+03
1.878962711864406856e+03
1.879548022598869920e+03
1.879940112994350329e+03
1.880195480225988831e+03
1.880367231638417934e+03
1.880525423728813621e+03
1.880724293785310692e+03
1.881023728813559273e+03
1.881463276836158229e+03
1.882062146892655392e+03
1.882840677966101566e+03
1.883804519774011169e+03
1.884949152542372985e+03
1.886241807909604631e+03
1.887089265536723133e+03
1.887509604519774257e+03
1.887483615819208808e+03
1.887036158192090397e+03
1.886129943502824972e+03
1.884743502824858751e+03
1.882876836158191963e+03
1.880473446327683632e+03
1.877887005649717594e+03
1.875206779661017208e+03
1.872406779661017026e+03
1.869483615819209263e+03
1.866440677966101703e+03
1.863271186440677866e+03
1.859969491525423564e+03
1.856566101694915233e+03
1.853107344632768218e+03
1.849630508474576345e+03
1.846203389830508286e+03
1.842889265536723087e+03
1.839727683615818933e+03
1.836772881355931986e+03
1.834063276836158138e+03
1.831623728813559183e+03
1.829453107344632826e+03
1.827567231638417979e+03
1.825997740112994506e+03
1.824734463276836323e+03
1.823806779661017117e+03
1.823215819209039410e+03
1.822984180790960636e+03
1.823087005649717412e+03
1.823498305084745880e+03
1.824209039548022702e+03
1.825174011299435051e+03
1.826397740112994370e+03
1.827879096045197912e+03
1.829600000000000136e+03
1.831590960451977480e+03
1.833861016949152599e+03
1.836419209039548150e+03
1.839323163841807855e+03
1.842128813559321998e+03
1.844803389830508422e+03
1.847343502824858660e+03
1.849763841807909557e+03
1.852047457627118547e+03
1.854209039548022702e+03
1.856240677966101430e+03
1.858142372881355868e+03
1.859866666666666788e+03
1.861370621468926402e+03
1.862619209039547968e+03
1.863578531073446356e+03
1.864228248587570533e+03
1.864540112994350238e+03
1.864534463276836277e+03
1.864236158192090443e+03
1.863632768361582066e+03
1.862719774011299478e+03
1.861439548022598956e+03
1.859787570621469058e+03
1.858316384180790919e+03
1.857020338983050806e+03
1.855894915254237276e+03
1.854919774011299296e+03
1.854107344632768218e+03
1.853506214689265562e+03
1.853117514124293848e+03
1.852951412429378706e+03
1.853015819209039364e+03
1.853322033898305108e+03
1.853875706214689217e+03
1.854662146892655301e+03
1.855665536723163768e+03
1.856830508474576163e+03
1.858064406779661113e+03
1.859320903954802361e+03
1.860507344632768536e+03
1.861550282485875869e+03
1.862399999999999864e+03
1.863033898305084676e+03
1.863482485875706061e+03
1.863764971751412304e+03
1.863920903954802270e+03
1.864014689265536617e+03
1.864119774011299342e+03
1.864298305084745607e+03
1.864598870056497162e+03
1.865057627118644177e+03
1.865687005649717548e+03
1.866501694915254348e+03
1.867488135593220477e+03
1.868647457627118911e+03
1.869916384180791056e+03
1.870766101694915278e+03
1.871194350282485857e+03
1.871195480225988831e+03
1.870760451977401317e+03
1.869858757062146651e+03
1.868477966101694847e+03
1.866597740112994416e+03
1.864189830508474643e+03
1.861542372881355959e+03
1.858768361581920999e+03
1.855885875706214847e+03
1.852861016949152599e+03
1.849696045197740204e+03
1.846397740112994143e+03
1.842952542372881453e+03
1.839430508474576300e+03
1.835853107344632690e+03
1.832290395480225925e+03
1.828804519774011396e+03
1.825463276836158229e+03
1.822265536723164132e+03
1.819296045197740114e+03
1.816566101694915460e+03
1.814101694915254484e+03
1.811912994350282588e+03
1.810018079096045312e+03
1.808421468926553871e+03
1.807163841807909876e+03
1.806233898305084949e+03
1.805658757062147288e+03
1.805404519774011305e+03
1.805471186440678139e+03
1.805837288135593099e+03
1.806492655367231691e+03
1.807393220338983156e+03
1.808553672316384336e+03
1.809961581920904109e+03
1.811611299435028286e+03
1.813510734463277004e+03
1.815706214689265607e+03
1.818223728813559319e+03
1.820967231638418070e+03
1.823612429378531033e+03
1.826142372881356096e+03
1.828557062146892804e+03
1.830865536723164041e+03
1.833074576271186515e+03
1.835188700564971896e+03
1.837189830508474643e+03
1.839063276836158366e+03
1.840766101694915506e+03
1.842263276836158184e+03
1.843494915254237412e+03
1.844437288135593462e+03
1.845080225988700704e+03
1.845423728813559592e+03
1.845493785310734665e+03
1.845274576271186561e+03
1.844758192090395596e+03
1.843920903954802270e+03
1.842738983050847310e+03
1.841381920903954779e+03
1.840195480225988831e+03
1.839164971751412395e+03
1.838277966101695256e+03
1.837558192090395551e+03
1.837012429378531124e+03
1.836653107344633099e+03
1.836490395480226198e+03
1.836550282485875869e+03
1.836838418079096300e+03
1.837352542372881544e+03
1.838096045197740295e+03
1.839067796610169580e+03
1.840201129943502792e+03
1.841458757062147015e+03
1.842740112994350511e+03
1.843981920903954915e+03
1.845114124293785153e+03
1.846051977401129989e+03
1.846779661016949149e+03
1.847300564971751555e+03
1.847629378531073371e+03
1.847790960451977298e+03
1.847847457627118729e+03
1.847863276836158093e+03
1.847901694915254211e+03
1.848053107344632735e+03
1.848334463276836232e+03
1.848769491525423746e+03
1.849362711864406720e+03
1.850146892655367310e+03
1.851096045197740295e+03
1.852198870056497071e+03
1.853306214689265744e+03
1.854001129943502974e+03
1.854272316384180840e+03
1.854132203389830465e+03
1.853542372881355959e+03
1.852507344632768309e+03
1.850988700564971850e+03
1.848974011299435006e+03
1.846516384180790965e+03
1.843962711864406856e+03
1.841268926553672372e+03
1.838462146892655255e+03
1.835514124293785471e+03
1.832424858757062339e+03
1.829186440677966175e+03
1.825833898305084858e+03
1.822398870056497117e+03
1.818950282485875732e+03
1.815528813559322089e+03
1.812195480225988604e+03
1.809012429378531124e+03
1.806016949152542338e+03
1.803241807909604631e+03
1.800710734463276822e+03
1.798454237288135573e+03
1.796458757062147015e+03
1.794762711864406810e+03
1.793369491525423655e+03
1.792301694915254302e+03
1.791551412429378615e+03
1.791151412429378524e+03
1.791057627118643950e+03
1.791283615819208990e+03
1.791762711864406810e+03
1.792519774011299432e+03
1.793517514124293939e+03
1.794759322033898115e+03
1.796246327683615846e+03
1.797975141242937980e+03
1.799957062146892667e+03
1.802248587570621567e+03
1.804850847457626969e+03
1.807589830508474734e+03
1.810225988700565040e+03
1.812759322033898343e+03
1.815193220338983110e+03
1.817514124293785244e+03
1.819752542372881180e+03
1.821884745762711873e+03
1.823910734463276640e+03
1.825794350282485993e+03
1.827484745762711782e+03
1.828927683615819205e+03
1.830093785310734347e+03
1.830983050847457662e+03
1.831564971751412486e+03
1.831858757062146879e+03
1.831873446327683723e+03
1.831599999999999909e+03
1.831013559322033871e+03
1.830087005649717412e+03
1.828783050847457616e+03
1.827451977401130080e+03
1.826283615819208990e+03
1.825272316384180613e+03
1.824407909604519773e+03
1.823691525423728763e+03
1.823171751412429330e+03
1.822842937853107287e+03
1.822717514124293757e+03
1.822819209039548014e+03
1.823127683615819251e+03
1.823677966101694892e+03
1.824463276836158229e+03
1.825458757062147015e+03
1.826590960451977480e+03
1.827799999999999727e+03
1.829012429378531124e+03
1.830160451977401408e+03
1.831148022598869829e+03
1.831943502824858797e+03
1.832525423728813621e+03
1.832912994350282588e+03
1.833109604519774166e+03
1.833187570621469149e+03
1.833179661016949240e+03
1.833188700564971896e+03
1.833246327683615846e+03
1.833418079096045176e+03
1.833743502824858751e+03
1.834216949152542384e+03
1.834880225988700431e+03
1.835714124293785517e+03
1.836697175141242951e+03
1.837848587570621476e+03
1.838720903954802452e+03
1.839184180790960454e+03
1.839238418079096164e+03
1.838853107344632917e+03
1.838036158192090397e+03
1.836744632768361498e+03
1.834972881355932259e+03
1.832706214689265607e+03
1.830223728813559319e+03
1.827627118644067878e+03
1.824905084745762906e+03
1.822058757062146924e+03
1.819057627118643950e+03
1.815900564971751464e+03
1.812618079096045221e+03
1.809239548022598683e+03
1.805795480225988740e+03
1.802352542372881317e+03
1.798983050847457662e+03
1.795722033898305199e+03
1.792624858757062157e+03
1.789753672316384154e+03
1.787097175141242815e+03
1.784693785310734484e+03
1.782542372881355959e+03
1.780691525423728763e+03
1.779140112994350147e+03
1.777899435028248718e+03
1.776998870056497253e+03
1.776422598870056618e+03
1.776158192090395460e+03
1.776211299435028195e+03
1.776570621468926674e+03
1.777185310734463201e+03
1.778062146892655392e+03
1.779186440677965948e+03
1.780543502824858933e+03
1.782141242937853349e+03
1.783990960451977571e+03
1.786127683615819251e+03
1.788577401129943610e+03
1.791141242937853349e+03
1.793599999999999909e+03
1.795968361581921044e+03
1.798204519774011260e+03
1.800335593220338978e+03
1.802381920903955006e+03
1.804311864406779705e+03
1.806146892655367537e+03
1.807857627118644359e+03
1.809394350282485902e+03
1.810706214689265380e+03
1.811776271186440681e+03
1.812578531073446356e+03
1.813071186440678048e+03
1.813290395480226152e+03
1.813229378531073507e+03
1.812900564971751464e+03
1.812285875706214483e+03
1.811358192090395505e+03
1.810073446327683541e+03
1.808666666666666742e+03
1.807441807909604449e+03
1.806361581920903973e+03
1.805438418079096209e+03
1.804675706214689399e+03
1.804085875706214665e+03
1.803667796610169717e+03
1.803462146892655255e+03
1.803467796610169671e+03
1.803683615819209081e+03
1.804142372881355868e+03
1.804838418079096073e+03
1.805737853107344563e+03
1.806821468926553734e+03
1.808029378531073462e+03
1.809273446327683814e+03
1.810463276836158002e+03
1.811535593220338797e+03
1.812453107344632826e+03
1.813155932203389966e+03
1.813636158192090534e+03
1.813923163841807991e+03
1.814019209039548059e+03
1.814030508474576209e+03
1.813989830508474597e+03
1.813967231638418070e+03
1.814022598870056527e+03
1.814189830508474643e+03
1.814510734463277004e+03
1.815009039548022656e+03
1.815672316384180704e+03
1.816488135593220250e+03
1.817472316384180886e+03
1.818488135593220250e+03
1.819089265536723360e+03
1.819288135593220431e+03
1.819050847457627242e+03
1.818406779661017026e+03
1.817314124293785426e+03
1.815753672316384154e+03
1.813702824858757140e+03
1.811396610169491623e+03
1.808979661016949194e+03
1.806435028248587514e+03
1.803762711864406583e+03
1.800946892655367265e+03
1.798005649717514189e+03
1.794894915254237276e+03
1.791672316384180931e+03
1.788357062146892531e+03
1.785002259887005494e+03
1.781680225988700613e+03
1.778430508474576300e+03
1.775322033898305108e+03
1.772393220338983156e+03
1.769670056497175210e+03
1.767183050847457707e+03
1.764942372881355823e+03
1.762959322033898388e+03
1.761272316384181067e+03
1.759876836158191963e+03
1.758793220338982792e+03
1.758038418079096118e+03
1.757604519774011351e+03
1.757481355932203314e+03
1.757657627118644086e+03
1.758114124293785153e+03
1.758807909604519637e+03
1.759762711864406810e+03
1.760933333333333394e+03
1.762341242937853167e+03
1.763977401129943701e+03
1.765864406779661067e+03
1.768047457627118547e+03
1.770546892655367174e+03
1.773129943502824972e+03
1.775621468926553689e+03
1.778030508474576436e+03
1.780335593220338978e+03
1.782579661016949103e+03
1.784751412429378433e+03
1.786829378531073417e+03
1.788818079096045039e+03
1.790674576271186424e+03
1.792362711864406720e+03
1.793842937853107287e+03
1.795077966101694983e+03
1.796030508474576436e+03
1.796717514124293757e+03
1.797151412429378524e+03
1.797333333333333485e+03
1.797223728813559319e+03
1.796839548022599047e+03
1.796133333333333667e+03
1.795074576271186515e+03
1.793865536723164041e+03
1.792833898305084858e+03
1.791942372881355823e+03
1.791214689265536890e+03
1.790641807909604722e+03
1.790257627118643995e+03
1.790077966101694983e+03
1.790092655367231600e+03
1.790326553672316550e+03
1.790788700564971805e+03
1.791496045197740159e+03
1.792430508474576300e+03
1.793574011299434915e+03
1.794868926553672281e+03
1.796249717514124086e+03
1.797629378531073371e+03
1.798933333333333394e+03
1.800096045197740068e+03
1.801059887005649671e+03
1.801818079096045039e+03
1.802355932203389784e+03
1.802708474576271101e+03
1.802915254237288082e+03
1.803042937853107333e+03
1.803155932203389739e+03
1.803302824858757049e+03
1.803540112994350238e+03
1.803915254237288082e+03
1.804445197740112917e+03
1.805136723163841907e+03
1.805972881355932259e+03
1.806951412429378706e+03
1.808097175141242815e+03
1.808907344632768400e+03
1.809322033898305108e+03
1.809317514124293666e+03
1.808923163841807991e+03
1.808102824858757003e+03
1.806840677966101794e+03
1.805110734463276913e+03
1.802858757062146879e+03
1.800435028248587514e+03
1.797890395480225834e+03
1.795229378531073507e+03
1.792444067796610170e+03
1.789510734463277004e+03
1.786428248587570579e+03
1.783200000000000045e+03
1.779867796610169535e+03
1.776456497175141521e+03
1.773051977401129989e+03
1.769697175141242951e+03
1.766468926553672190e+03
1.763384180790960500e+03
1.760496045197740159e+03
1.757825988700564722e+03
1.755385310734463474e+03
1.753229378531073507e+03
1.751340112994350420e+03
1.749754802259887128e+03
1.748471186440678139e+03
1.747512994350282497e+03
1.746879096045197912e+03
1.746564971751412486e+03
1.746567231638417979e+03
1.746851977401129943e+03
1.747423728813559592e+03
1.748259887005649716e+03
1.749318644067796640e+03
1.750606779661017072e+03
1.752143502824858842e+03
1.753922033898305017e+03
1.755996610169491532e+03
1.758361581920903973e+03
1.760850847457627196e+03
1.763246327683615846e+03
1.765540112994350238e+03
1.767748022598870193e+03
1.769877966101694938e+03
1.771909604519774348e+03
1.773866666666666788e+03
1.775738983050847537e+03
1.777483615819209263e+03
1.779072316384180795e+03
1.780464406779661203e+03
1.781604519774011351e+03
1.782488135593220477e+03
1.783101694915254257e+03
1.783435028248587741e+03
1.783508474576271510e+03
1.783303954802260023e+03
1.782811299435028332e+03
1.781985310734463383e+03
1.780853107344632917e+03
1.779500564971751601e+03
1.778319774011299614e+03
1.777292655367231873e+03
1.776439548022598956e+03
1.775743502824858751e+03
1.775240677966101885e+03
1.774932203389830647e+03
1.774804519774011396e+03
1.774896045197740023e+03
1.775213559322034143e+03
1.775754802259887128e+03
1.776545762711864427e+03
1.777574011299435142e+03
1.778766101694915506e+03
1.780074576271186515e+03
1.781414689265536936e+03
1.782728813559322361e+03
1.783903954802260159e+03
1.784926553672316686e+03
1.785725423728813894e+03
1.786301694915254302e+03
1.786680225988700840e+03
1.786861016949152599e+03
1.786925423728813712e+03
1.786926553672316686e+03
1.786917514124294030e+03
1.786971751412429512e+03
1.787131073446327719e+03
1.787441807909604449e+03
1.787889265536723087e+03
1.788492655367231691e+03
1.789245197740113099e+03
1.790132203389830465e+03
1.791161581920904155e+03
1.791884745762711873e+03
1.792181920903954961e+03
1.792032768361581930e+03
1.791457627118644268e+03
1.790409039548022747e+03
1.788892655367231782e+03
1.786871186440678230e+03
1.784687005649717548e+03
1.782386440677966220e+03
1.779962711864407083e+03
1.777412429378531215e+03
1.774716384180791010e+03
1.771880225988700658e+03
1.768861016949152599e+03
1.765729943502824881e+03
1.762507344632768536e+03
1.759256497175141249e+03
1.756003389830508695e+03
1.752847457627118729e+03
1.749828248587570670e+03
1.746967231638418070e+03
1.744317514124293893e+03
1.741897175141243224e+03
1.739727683615819387e+03
1.737805649717514370e+03
1.736176271186440772e+03
1.734870056497175256e+03
1.733866666666666788e+03
1.733196610169491805e+03
1.732854237288135664e+03
1.732824858757062202e+03
1.733089265536723360e+03
1.733641807909604722e+03
1.734457627118644268e+03
1.735509604519774257e+03
1.736809039548022611e+03
1.738337853107344927e+03
1.740101694915254257e+03
1.742133333333333439e+03
1.744448587570621612e+03
1.747085875706215120e+03
1.749813559322034052e+03
1.752438418079096209e+03
1.754957062146892895e+03
1.757359322033898479e+03
1.759668926553672463e+03
1.761887005649717594e+03
1.764006779661016935e+03
1.766031638418079410e+03
1.767911864406779841e+03
1.769596610169491896e+03
1.771040677966102066e+03
1.772209039548022702e+03
1.773093785310734802e+03
1.773708474576271328e+03
1.774038418079096118e+03
1.774092655367231828e+03
1.773861016949152827e+03
1.773314124293785653e+03
1.772439548022599183e+03
1.771206779661017208e+03
1.769790960451977753e+03
1.768562711864406992e+03
1.767477966101695074e+03
1.766568361581921181e+03
1.765828248587570897e+03
1.765270056497175347e+03
1.764927683615819433e+03
1.764757062146893077e+03
1.764818079096045494e+03
1.765110734463277140e+03
1.765657627118644086e+03
1.766436158192090716e+03
1.767428248587570806e+03
1.768564971751412486e+03
1.769796610169491714e+03
1.771046327683615800e+03
1.772233898305085177e+03
1.773266666666666879e+03
1.774124293785311011e+03
1.774750282485875687e+03
1.775162711864406901e+03
1.775410169491525494e+03
1.775511864406779750e+03
1.775523163841808127e+03
1.775512994350282497e+03
1.775550282485875869e+03
1.775684745762711827e+03
1.775948022598870011e+03
1.776381920903954779e+03
1.776975141242937980e+03
1.777714124293785517e+03
1.778618079096045221e+03
1.779676836158192145e+03
1.780720903954802452e+03
1.781348022598870102e+03
1.781567231638417979e+03
1.781370621468926629e+03
1.780740112994350511e+03
1.779665536723163996e+03
1.778117514124293848e+03
1.776051977401129989e+03
1.773641807909604495e+03
1.771115254237288354e+03
1.768462146892655483e+03
1.765668926553672463e+03
1.762723163841807946e+03
1.759623728813559410e+03
1.756384180790960727e+03
1.753039548022598865e+03
1.749613559322034234e+03
1.746194350282486084e+03
1.742822598870056481e+03
1.739559322033898525e+03
1.736444067796610398e+03
1.733512994350282497e+03
1.730809039548022611e+03
1.728336723163841725e+03
1.726110734463276913e+03
1.724180790960451986e+03
1.722535593220339024e+03
1.721193220338983110e+03
1.720188700564971896e+03
1.719523163841807900e+03
1.719168361581920863e+03
1.719101694915254484e+03
1.719345762711864609e+03
1.719859887005649853e+03
1.720629378531073371e+03
1.721639548022598774e+03
1.722866666666666561e+03
1.724325423728813576e+03
1.726037288135593371e+03
1.728020338983050806e+03
1.730303954802259796e+03
1.732655367231638593e+03
1.734900564971751464e+03
1.737055367231638684e+03
1.739124293785310783e+03
1.741135593220338933e+03
1.743054237288135482e+03
1.744910734463276640e+03
1.746683615819209081e+03
1.748361581920903973e+03
1.749893785310734529e+03
1.751229378531073280e+03
1.752327683615819296e+03
1.753162711864406674e+03
1.753741242937853258e+03
1.754091525423728854e+03
1.754169491525423609e+03
1.753984180790960181e+03
1.753517514124293712e+03
1.752757062146892622e+03
1.751670056497175210e+03
1.750241807909604631e+03
1.748987570621468876e+03
1.747885875706214620e+03
1.746951412429378479e+03
1.746188700564971668e+03
1.745610169491525312e+03
1.745221468926553598e+03
1.745014689265536617e+03
1.745030508474576209e+03
1.745290395480225925e+03
1.745775141242937480e+03
1.746510734463276776e+03
1.747476836158191873e+03
1.748635028248587560e+03
1.749918644067796777e+03
1.751249717514124313e+03
1.752563841807909739e+03
1.753769491525423746e+03
1.754820338983050988e+03
1.755662146892655528e+03
1.756298305084745834e+03
1.756738983050847764e+03
1.757000000000000227e+03
1.757144632768361589e+03
1.757231638418079001e+03
1.757328813559322043e+03
1.757490395480226198e+03
1.757771751412429694e+03
1.758181920903954961e+03
1.758741242937853258e+03
1.759473446327683632e+03
1.760344632768361862e+03
1.761400000000000091e+03
1.762604519774011351e+03
1.763406779661017026e+03
1.763793220338983247e+03
1.763767231638418252e+03
1.763314124293785426e+03
1.762436158192090716e+03
1.761085875706214892e+03
1.759218079096045585e+03
1.756837288135593326e+03
1.754332203389830738e+03
1.751701694915254393e+03
1.748937853107344836e+03
1.746011299435028377e+03
1.742938983050847582e+03
1.739700564971751646e+03
1.736328813559322043e+03
1.732858757062147106e+03
1.729354802259887038e+03
1.725851977401130171e+03
1.722421468926553871e+03
1.719114124293785608e+03
1.715968361581921044e+03
1.713012429378531124e+03
1.710264406779661385e+03
1.707771751412429694e+03
1.705519774011299660e+03
1.703564971751412713e+03
1.701897175141243224e+03
1.700546892655367628e+03
1.699528813559322316e+03
1.698822598870056709e+03
1.698430508474576527e+03
1.698331073446327764e+03
1.698520903954802407e+03
1.698967231638418298e+03
1.699654237288135846e+03
1.700563841807909739e+03
1.701716384180791010e+03
1.703112994350282634e+03
1.704778531073446629e+03
1.706748022598870193e+03
1.709035028248587878e+03
1.711676836158192373e+03
1.714493785310734438e+03
1.717215819209039637e+03
1.719849717514124450e+03
1.722413559322033962e+03
1.724902824858757185e+03
1.727327683615819296e+03
1.729658757062147060e+03
1.731853107344632917e+03
1.733857627118644132e+03
1.735648587570621658e+03
1.737164971751412622e+03
1.738416949152542657e+03
1.739403389830508559e+03
1.740124293785311011e+03
1.740572881355932395e+03
1.740709604519774302e+03
1.740554802259887310e+03
1.740071186440678275e+03
1.739236158192090443e+03
1.738012429378531124e+03
1.736798870056497435e+03
1.735738983050847537e+03
1.734855367231638411e+03
1.734135593220339160e+03
1.733587570621469013e+03
1.733228248587570761e+03
1.733065536723163859e+03
1.733112994350282634e+03
1.733400000000000091e+03
1.733940112994350329e+03
1.734710734463277049e+03
1.735688135593220522e+03
1.736822598870056481e+03
1.738058757062146924e+03
1.739284745762711964e+03
1.740449717514124586e+03
1.741492655367231691e+03
1.742325423728813803e+03
1.742941242937853076e+03
1.743350282485875596e+03
1.743574011299434915e+03
1.743630508474576345e+03
1.743587570621469240e+03
1.743524293785310874e+03
1.743465536723163950e+03
1.743499435028248627e+03
1.743656497175141340e+03
1.743959322033898388e+03
1.744410169491525721e+03
1.745006779661017163e+03
1.745752542372881635e+03
1.746665536723164223e+03
1.747757062146892849e+03
1.748687005649717776e+03
1.749207909604519955e+03
1.749303954802260023e+03
1.748970621468926765e+03
1.748194350282486084e+03
1.746935593220339342e+03
1.745135593220339160e+03
1.742884745762712100e+03
1.740500564971751601e+03
1.737977401129943701e+03
1.735307344632768491e+03
1.732474576271186379e+03
1.729481355932203314e+03
1.726334463276836232e+03
1.723051977401129989e+03
1.719694915254237230e+03
1.716342372881355914e+03
1.713004519774011214e+03
1.709764971751412304e+03
1.706657627118644086e+03
1.703724293785310692e+03
1.701004519774011442e+03
1.698496045197740386e+03
1.696236158192090443e+03
1.694250847457627287e+03
1.692550282485875869e+03
1.691163841807909648e+03
1.690108474576271192e+03
1.689376271186440590e+03
1.688959322033898388e+03
1.688853107344632917e+03
1.689039548022598865e+03
1.689500564971751373e+03
1.690230508474576254e+03
1.691186440677965948e+03
1.692395480225988649e+03
1.693838418079095845e+03
1.695541242937852985e+03
1.697536723163841771e+03
1.699830508474576163e+03
1.702480225988700568e+03
1.705131073446327491e+03
1.707688135593220068e+03
1.710167231638417888e+03
1.712574011299434915e+03
1.714924293785310510e+03
1.717203389830508286e+03
1.719411299435028013e+03
1.721512994350282497e+03
1.723454237288135573e+03
1.725214689265536663e+03
1.726726553672316186e+03
1.727994350282485811e+03
1.729010169491525630e+03
1.729761581920904064e+03
1.730244067796610125e+03
1.730449717514124359e+03
1.730375141242937843e+03
1.730001129943502974e+03
1.729275706214689308e+03
1.728214689265536435e+03
1.726775141242937934e+03
1.725481355932203314e+03
1.724341242937853167e+03
1.723383050847457525e+03
1.722598870056497162e+03
1.721997740112994279e+03
1.721584180790960090e+03
1.721380790960452032e+03
1.721394350282485902e+03
1.721665536723163768e+03
1.722174011299435051e+03
1.722892655367231782e+03
1.723816949152542293e+03
1.724853107344632917e+03
1.725950282485875732e+03
1.727005649717514189e+03
1.727975141242937752e+03
1.728767231638418252e+03
1.729357062146892531e+03
1.729733333333333348e+03
1.729897175141242769e+03
1.729883615819208899e+03
1.729741242937853258e+03
1.729540112994350238e+03
1.729333333333333258e+03
1.729163841807909648e+03
1.729103954802259977e+03
1.729193220338983110e+03
1.729427118644067832e+03
1.729806779661016890e+03
1.730341242937853167e+03
1.731028248587570488e+03
1.731890395480226061e+03
1.732948022598870011e+03
1.733597740112994416e+03
1.733845197740113008e+03
1.733658757062146833e+03
1.733041807909604358e+03
1.731969491525423791e+03
1.730378531073446311e+03
1.728273446327683587e+03
1.726019209039548059e+03
1.723637288135593280e+03
1.721082485875705970e+03
1.718379661016949058e+03
1.715496045197740159e+03
1.712437288135593235e+03
1.709216949152542384e+03
1.705889265536723087e+03
1.702483615819209035e+03
1.699070056497175074e+03
1.695708474576271101e+03
1.692439548022598956e+03
1.689308474576271237e+03
1.686348022598870102e+03
1.683586440677966038e+03
1.681050847457627242e+03
1.678753672316384154e+03
1.676724293785310692e+03
1.674994350282485811e+03
1.673553672316384109e+03
1.672429378531073326e+03
1.671610169491525312e+03
1.671112994350282406e+03
1.670898305084745516e+03
1.670968361581920817e+03
1.671282485875706243e+03
1.671822598870056481e+03
1.672593220338982974e+03
1.673601129943502656e+03
1.674831638418078910e+03
1.676335593220338978e+03
1.678133333333333212e+03
1.680256497175141249e+03
1.682722033898304971e+03
1.685249717514124313e+03
1.687709604519774075e+03
1.690081355932203451e+03
1.692427118644067832e+03
1.694722033898305199e+03
1.696970621468926765e+03
1.699149152542372804e+03
1.701198870056497071e+03
1.703084745762711691e+03
1.704771751412429239e+03
1.706221468926553598e+03
1.707430508474576300e+03
1.708407909604519773e+03
1.709140112994350147e+03
1.709621468926553689e+03
1.709827118644067696e+03
1.709752542372881180e+03
1.709355932203389784e+03
1.708649717514124177e+03
1.707569491525423473e+03
1.706447457627118411e+03
1.705473446327683405e+03
1.704668926553672009e+03
1.704033898305084676e+03
1.703554802259886856e+03
1.703232768361581748e+03
1.703120903954802088e+03
1.703209039548022474e+03
1.703519774011299432e+03
1.704071186440677820e+03
1.704865536723163586e+03
1.705840677966101339e+03
1.706976271186440499e+03
1.708196610169491350e+03
1.709432768361582021e+03
1.710587570621468785e+03
1.711630508474576345e+03
1.712464406779660976e+03
1.713074576271186288e+03
1.713472316384180886e+03
1.713656497175141112e+03
1.713681355932203132e+03
1.713609039548022338e+03
1.713475706214689126e+03
1.713377401129943337e+03
1.713360451977401226e+03
1.713448587570621385e+03
1.713672316384180704e+03
1.714032768361581930e+03
1.714532203389830556e+03
1.715201129943502565e+03
1.716038418079096118e+03
1.717030508474576209e+03
1.718011299435028377e+03
1.718598870056497162e+03
1.718793220338983019e+03
1.718596610169491441e+03
1.717952542372881453e+03
1.716837288135593099e+03
1.715219209039547877e+03
1.713084745762711918e+03
1.710729943502824881e+03
1.708229378531073507e+03
1.705570621468926447e+03
1.702745762711864472e+03
1.699722033898304971e+03
1.696550282485875641e+03
1.693232768361581748e+03
1.689836158192090352e+03
1.686384180790960500e+03
1.682946892655367265e+03
1.679589830508474734e+03
1.676353672316384291e+03
1.673262146892655437e+03
1.670360451977401226e+03
1.667667796610169717e+03
1.665205649717514007e+03
1.663000000000000227e+03
1.661092655367231600e+03
1.659468926553672645e+03
1.658146892655367310e+03
1.657155932203389966e+03
1.656480225988700568e+03
1.656094915254237549e+03
1.656005649717514189e+03
1.656197740112994325e+03
1.656627118644067878e+03
1.657288135593220431e+03
1.658177401129943519e+03
1.659288135593220431e+03
1.660671186440677957e+03
1.662337853107344472e+03
1.664306214689265516e+03
1.666611299435028286e+03
1.669164971751412622e+03
1.671651977401129898e+03
1.674076836158192236e+03
1.676464406779660976e+03
1.678802259887005675e+03
1.681106214689265471e+03
1.683374011299435097e+03
1.685554802259886856e+03
1.687597740112994416e+03
1.689464406779660976e+03
1.691106214689265471e+03
1.692524293785310874e+03
1.693717514124293757e+03
1.694681355932203360e+03
1.695404519774011305e+03
1.695859887005649625e+03
1.696045197740113053e+03
1.695937853107344608e+03
1.695512994350282270e+03
1.694748022598869966e+03
1.693632768361581839e+03
1.692462146892655255e+03
1.691457627118643813e+03
1.690618079096045221e+03
1.689922033898305017e+03
1.689414689265536708e+03
1.689071186440678048e+03
1.688929943502824699e+03
1.689007909604519682e+03
1.689327683615818842e+03
1.689876836158191963e+03
1.690647457627118456e+03
1.691603389830508377e+03
1.692684745762711827e+03
1.693807909604519864e+03
1.694902824858756958e+03
1.695883615819208899e+03
1.696697175141242724e+03
1.697314124293785198e+03
1.697702824858756912e+03
1.697883615819208899e+03
1.697872316384180522e+03
1.697724293785310465e+03
1.697482485875706061e+03
1.697254237288135300e+03
1.697051977401129761e+03
1.696950282485875505e+03
1.696962711864406629e+03
1.697108474576270964e+03
1.697392090395479954e+03
1.697816949152542293e+03
1.698398870056496889e+03
1.699155932203389511e+03
1.700096045197739841e+03
1.700844067796610034e+03
1.701218079096045130e+03
1.701179661016949012e+03
1.700709604519773620e+03
1.699778531073446175e+03
1.698385310734463019e+03
1.696462146892655255e+03
1.694362711864406720e+03
1.692132203389830238e+03
1.689752542372881408e+03
1.687205649717513779e+03
1.684481355932203314e+03
1.681580790960451850e+03
1.678519774011299205e+03
1.675346892655366901e+03
1.672092655367231373e+03
1.668820338983050760e+03
1.665603389830508149e+03
1.662471186440677684e+03
1.659477966101694619e+03
1.656625988700564903e+03
1.653978531073446220e+03
1.651546892655366946e+03
1.649357062146892531e+03
1.647410169491525266e+03
1.645763841807909557e+03
1.644409039548022520e+03
1.643352542372881317e+03
1.642614689265536526e+03
1.642169491525423609e+03
1.642012429378531124e+03
1.642133333333333212e+03
1.642492655367231237e+03
1.643073446327683314e+03
1.643874576271186470e+03
1.644907344632768400e+03
1.646162711864406674e+03
1.647664406779660794e+03
1.649470056497174937e+03
1.651571751412428966e+03
1.654013559322033871e+03
1.656471186440677684e+03
1.658867796610169535e+03
1.661187570621468694e+03
1.663480225988700340e+03
1.665750282485875459e+03
1.667992090395480091e+03
1.670162711864406447e+03
1.672222598870056345e+03
1.674112994350282406e+03
1.675818079096045039e+03
1.677300564971751101e+03
1.678571751412428966e+03
1.679614689265536526e+03
1.680416949152542202e+03
1.680980790960451714e+03
1.681275706214689080e+03
1.681316384180790919e+03
1.681047457627118547e+03
1.680462146892655255e+03
1.679542372881355732e+03
1.678368361581920681e+03
1.677370621468926402e+03
1.676527683615819114e+03
1.675827118644067468e+03
1.675299435028248354e+03
1.674936723163841634e+03
1.674752542372881180e+03
1.674794350282485766e+03
1.675067796610169353e+03
1.675568361581920726e+03
1.676300564971751328e+03
1.677229378531073507e+03
1.678310734463276731e+03
1.679476836158191873e+03
1.680665536723163768e+03
1.681767231638417798e+03
1.682745762711864245e+03
1.683538983050847264e+03
1.684102824858757003e+03
1.684454237288135346e+03
1.684603389830508377e+03
1.684568361581920726e+03
1.684412429378530760e+03
1.684215819209039637e+03
1.684023728813559273e+03
1.683893785310734529e+03
1.683868926553672281e+03
1.683964971751412349e+03
1.684184180790960454e+03
1.684542372881355959e+03
1.685038418079095891e+03
1.685702824858757140e+03
1.686531073446327355e+03
1.687309604519773984e+03
1.687698305084745698e+03
1.687711864406779569e+03
1.687317514124293666e+03
1.686479096045197366e+03
1.685195480225988604e+03
1.683432768361581793e+03
1.681419209039547923e+03
1.679289265536723178e+03
1.677016949152542111e+03
1.674581920903954597e+03
1.671974011299435006e+03
1.669201129943502792e+03
1.666256497175141249e+03
1.663159322033898206e+03
1.659964971751412349e+03
1.656731073446327628e+03
1.653507344632768309e+03
1.650334463276836232e+03
1.647275706214689308e+03
1.644352542372881317e+03
1.641607909604519591e+03
1.639067796610169353e+03
1.636736723163841816e+03
1.634649717514123950e+03
1.632854237288135209e+03
1.631329943502824790e+03
1.630116384180790646e+03
1.629211299435028195e+03
1.628598870056497162e+03
1.628281355932203496e+03
1.628248587570621567e+03
1.628464406779660976e+03
1.628919774011299523e+03
1.629594350282485948e+03
1.630481355932203542e+03
1.631603389830508604e+03
1.632946892655367265e+03
1.634579661016949103e+03
1.636503954802259841e+03
1.638751412429378661e+03
1.641077966101694983e+03
1.643333333333333485e+03
1.645543502824858933e+03
1.647711864406779569e+03
1.649851977401129943e+03
1.651954802259886947e+03
1.654039548022598865e+03
1.656029378531073462e+03
1.657897175141242769e+03
1.659590960451977480e+03
1.661091525423728854e+03
1.662384180790960500e+03
1.663451977401130080e+03
1.664298305084745607e+03
1.664908474576271146e+03
1.665276836158192054e+03
1.665403389830508331e+03
1.665245197740113099e+03
1.664769491525423746e+03
1.663996610169491532e+03
1.662856497175141158e+03
1.661838418079095845e+03
1.660993220338983065e+03
1.660309604519773984e+03
1.659769491525423746e+03
1.659403389830508559e+03
1.659220338983051079e+03
1.659224858757062066e+03
1.659475706214689353e+03
1.659940112994350329e+03
1.660654237288135619e+03
1.661584180790960545e+03
1.662699435028248445e+03
1.663927683615819205e+03
1.665215819209039637e+03
1.666475706214689581e+03
1.667618079096045221e+03
1.668602259887005857e+03
1.669358192090395733e+03
1.669887005649717594e+03
1.670189830508474643e+03
1.670293785310734393e+03
1.670233898305084722e+03
1.670094915254237094e+03
1.669901694915254211e+03
1.669742372881356005e+03
1.669650847457627151e+03
1.669650847457627151e+03
1.669763841807909557e+03
1.669988700564971623e+03
1.670367231638418161e+03
1.670877966101694710e+03
1.671562711864406765e+03
1.672398870056497117e+03
1.673193220338983110e+03
1.673593220338982974e+03
1.673623728813559410e+03
1.673227118644068014e+03
1.672388700564971714e+03
1.671062146892655619e+03
1.669248587570621567e+03
1.667280225988700749e+03
1.665186440677966175e+03
1.662922033898305244e+03
1.660501694915254348e+03
1.657896045197740250e+03
1.655114124293785380e+03
1.652152542372881726e+03
1.649073446327683769e+03
1.645899435028248718e+03
1.642709604519774075e+03
1.639549152542373122e+03
1.636459887005649762e+03
1.633496045197740386e+03
1.630675706214689399e+03
1.628036158192090625e+03
1.625612429378531488e+03
1.623410169491525721e+03
1.621455367231638547e+03
1.619788700564971805e+03
1.618424858757062339e+03
1.617357062146892986e+03
1.616595480225988922e+03
1.616134463276836186e+03
1.615959322033898388e+03
1.616056497175141430e+03
1.616383050847457980e+03
1.616943502824859024e+03
1.617722033898305199e+03
1.618720903954802452e+03
1.619941242937853531e+03
1.621421468926554098e+03
1.623181920903954961e+03
1.625250847457627515e+03
1.627648587570621658e+03
1.630066666666666833e+03
1.632406779661017026e+03
1.634725423728813666e+03
1.637001129943503202e+03
1.639271186440678321e+03
1.641509604519774257e+03
1.643701694915254393e+03
1.645790960451977526e+03
1.647731073446327855e+03
1.649485875706214983e+03
1.651041807909604813e+03
1.652383050847457980e+03
1.653501694915254575e+03
1.654398870056497344e+03
1.655055367231638684e+03
1.655456497175141521e+03
1.655589830508474734e+03
1.655428248587570806e+03
1.654943502824859024e+03
1.654134463276836414e+03
1.653047457627119002e+03
1.652115254237288354e+03
1.651355932203390012e+03
1.650755932203389875e+03
1.650324293785311056e+03
1.650053107344632963e+03
1.649971751412429512e+03
1.650122033898305290e+03
1.650505084745762815e+03
1.651114124293785608e+03
1.651967231638418298e+03
1.653025988700565222e+03
1.654249717514124541e+03
1.655560451977401272e+03
1.656881355932203633e+03
1.658138983050847855e+03
1.659264406779661385e+03
1.660200000000000273e+03
1.660919774011299523e+03
1.661403389830508786e+03
1.661672316384181158e+03
1.661781920903955097e+03
1.661754802259887128e+03
1.661666666666666970e+03
1.661581920903955051e+03
1.661541242937853440e+03
1.661590960451977480e+03
1.661733333333333576e+03
1.661994350282486266e+03
1.662395480225988649e+03
1.662936723163842089e+03
1.663645197740112962e+03
1.664522033898305153e+03
1.665411299435028468e+03
1.665917514124294030e+03
1.666036158192090625e+03
1.665735593220339069e+03
1.664989830508474824e+03
1.663768361581920999e+03
1.662041807909604813e+03
1.660001129943502974e+03
1.657816949152542520e+03
1.655497175141243133e+03
1.653019209039548059e+03
1.650348022598870102e+03
1.647506214689265562e+03
1.644498305084745880e+03
1.641344632768361862e+03
1.638085875706215120e+03
1.634768361581921226e+03
1.631479096045197821e+03
1.628229378531073507e+03
1.625079096045197957e+03
1.622065536723164087e+03
1.619218079096045585e+03
1.616571751412429649e+03
1.614151412429378752e+03
1.611983050847457889e+03
1.610109604519774166e+03
1.608525423728813848e+03
1.607251977401130262e+03
1.606276836158192282e+03
1.605632768361582293e+03
1.605287005649717685e+03
1.605219209039548105e+03
1.605428248587570579e+03
1.605874576271186925e+03
1.606551412429378843e+03
1.607435028248587741e+03
1.608574011299435369e+03
1.609949152542373213e+03
1.611612429378531260e+03
1.613569491525423928e+03
1.615845197740113235e+03
1.618094915254237549e+03
1.620261016949152690e+03
1.622370621468926856e+03
1.624427118644068059e+03
1.626456497175141521e+03
1.628455367231638547e+03
1.630407909604520000e+03
1.632255367231638502e+03
1.633975141242938207e+03
1.635501694915254348e+03
1.636839548022599047e+03
1.637966101694915551e+03
1.638864406779661294e+03
1.639548022598870375e+03
1.639986440677966357e+03
1.640169491525423837e+03
1.640082485875706425e+03
1.639723163841807946e+03
1.639073446327683541e+03
1.638088135593220613e+03
1.636767231638418252e+03
1.635531073446327810e+03
1.634472316384180886e+03
1.633559322033898525e+03
1.632809039548022611e+03
1.632229378531073507e+03
1.631838418079096300e+03
1.631664406779661022e+03
1.631699435028248899e+03
1.631980790960452168e+03
1.632512994350282497e+03
1.633264406779661158e+03
1.634214689265536890e+03
1.635307344632768491e+03
1.636456497175141294e+03
1.637569491525423928e+03
1.638601129943502656e+03
1.639481355932203314e+03
1.640152542372881499e+03
1.640615819209039728e+03
1.640844067796610261e+03
1.640866666666666788e+03
1.640740112994350511e+03
1.640531073446327810e+03
1.640297175141243088e+03
1.640097175141243042e+03
1.639962711864407083e+03
1.639918644067796777e+03
1.639996610169491760e+03
1.640193220338983338e+03
1.640522033898305381e+03
1.641015819209039819e+03
1.641663276836158275e+03
1.642498305084745880e+03
1.643305084745762997e+03
1.643712994350282770e+03
1.643725423728813666e+03
1.643292655367231873e+03
1.642394350282486130e+03
1.641020338983050806e+03
1.639159322033898661e+03
1.637209039548022702e+03
1.635112994350282634e+03
1.632873446327683723e+03
1.630435028248587514e+03
1.627827118644067923e+03
1.625032768361581930e+03
1.622085875706214665e+03
1.619001129943502747e+03
1.615835028248587605e+03
1.612628248587570624e+03
1.609480225988700568e+03
1.606375141242937843e+03
1.603394350282485902e+03
1.600552542372881362e+03
1.597873446327683723e+03
1.595401129943502838e+03
1.593166101694915369e+03
1.591176271186440772e+03
1.589458757062147015e+03
1.588040677966101612e+03
1.586918644067796549e+03
1.586098305084745789e+03
1.585572881355932168e+03
1.585342372881356141e+03
1.585372881355932350e+03
1.585649717514124404e+03
1.586149152542373031e+03
1.586845197740113008e+03
1.587781920903954870e+03
1.588926553672316459e+03
1.590315254237288173e+03
1.591995480225988786e+03
1.593967231638418070e+03
1.596279096045198003e+03
1.598745762711864245e+03
1.601154802259887219e+03
1.603534463276836050e+03
1.605891525423728581e+03
1.608237288135593190e+03
1.610557062146892576e+03
1.612799999999999727e+03
1.614963841807909375e+03
1.616977401129943473e+03
1.618810169491525357e+03
1.620449717514124131e+03
1.621885875706214847e+03
1.623103954802259977e+03
1.624097175141243042e+03
1.624868926553672281e+03
1.625388700564971714e+03
1.625650847457627151e+03
1.625614689265536754e+03
1.625273446327683587e+03
1.624609039548022793e+03
1.623589830508474734e+03
1.622621468926553916e+03
1.621827118644067923e+03
1.621210169491525448e+03
1.620754802259887128e+03
1.620453107344632826e+03
1.620370621468926629e+03
1.620505084745762815e+03
1.620856497175141158e+03
1.621471186440677911e+03
1.622342372881355914e+03
1.623415819209039455e+03
1.624670056497175210e+03
1.626007909604519682e+03
1.627379661016949058e+03
1.628705084745762633e+03
1.629903954802259932e+03
1.630924293785310510e+03
1.631741242937853031e+03
1.632332203389830738e+03
1.632700564971751191e+03
1.632906214689265425e+03
1.632976271186440954e+03
1.632984180790960636e+03
1.632996610169491532e+03
1.633072316384180795e+03
1.633223728813559319e+03
1.633455367231638320e+03
1.633816949152542293e+03
1.634306214689265289e+03
1.634957062146892440e+03
1.635729943502824881e+03
1.636699435028248672e+03
1.637841807909604540e+03
1.638611299435028286e+03
1.639002259887005494e+03
1.638986440677966129e+03
1.638542372881355959e+03
1.637629378531073371e+03
1.636219209039547877e+03
1.634336723163841725e+03
1.632076836158192009e+03
1.629672316384180704e+03
1.627100564971751282e+03
1.624359322033898252e+03
1.621427118644067832e+03
1.618317514124293666e+03
1.615058757062146924e+03
1.611696045197740204e+03
1.608265536723163905e+03
1.604842937853107514e+03
1.601474576271186379e+03
1.598192090395480136e+03
1.595042937853107333e+03
1.592039548022598865e+03
1.589237288135593190e+03
1.586648587570621203e+03
1.584315254237288173e+03
1.582249717514124313e+03
1.580475706214689126e+03
1.579000000000000000e+03
1.577851977401129943e+03
1.577018079096045312e+03
1.576473446327683632e+03
1.576225988700565040e+03
1.576233898305084494e+03
1.576498305084745880e+03
1.576966101694915324e+03
1.577668926553672236e+03
1.578609039548022338e+03
1.579789830508474552e+03
1.581247457627118820e+03
1.583001129943502747e+03
1.585102824858757231e+03
1.587535593220338797e+03
1.589936723163841634e+03
1.592294915254237139e+03
1.594629378531073144e+03
1.596980790960451941e+03
1.599302824858757049e+03
1.601589830508474506e+03
1.603797740112994234e+03
1.605883615819208899e+03
1.607794350282485993e+03
1.609535593220339024e+03
1.611088135593220386e+03
1.612413559322033962e+03
1.613520903954802179e+03
1.614394350282485902e+03
1.615033898305084449e+03
1.615407909604519773e+03
1.615518644067796686e+03
1.615300564971751328e+03
1.614762711864406810e+03
1.613884745762711873e+03
1.612668926553672463e+03
1.611616949152542247e+03
1.610712994350282315e+03
1.609979661016949194e+03
1.609395480225988649e+03
1.609007909604519682e+03
1.608823728813559228e+03
1.608863276836158093e+03
1.609134463276835959e+03
1.609662146892655301e+03
1.610404519774011078e+03
1.611345762711864154e+03
1.612414689265536481e+03
1.613542372881355732e+03
1.614638418079096027e+03
1.615654237288135391e+03
1.616515254237287991e+03
1.617176271186440772e+03
1.617619209039547968e+03
1.617818079096045267e+03
1.617820338983050760e+03
1.617668926553672009e+03
1.617432768361581793e+03
1.617138983050847401e+03
1.616882485875706152e+03
1.616671186440677957e+03
1.616534463276836050e+03
1.616501694915254120e+03
1.616584180790960318e+03
1.616819209039547786e+03
1.617190960451977389e+03
1.617731073446327628e+03
1.618428248587570579e+03
1.619299435028248581e+03
1.619940112994350329e+03
1.620176271186440545e+03
1.619952542372881226e+03
1.619277966101694801e+03
1.618105084745762724e+03
1.616423728813559137e+03
1.614574011299434915e+03
1.612577401129943382e+03
1.610425988700564858e+03
1.608098305084745789e+03
1.605587570621468785e+03
1.602872316384180522e+03
1.599989830508474370e+03
1.596966101694915096e+03
1.593856497175141158e+03
1.590706214689265380e+03
1.587551412429378161e+03
1.584463276836158002e+03
1.581479096045197366e+03
1.578611299435028059e+03
1.575911864406779387e+03
1.573422598870056390e+03
1.571141242937852894e+03
1.569106214689265471e+03
1.567364971751412213e+03
1.565894915254237048e+03
1.564727683615819160e+03
1.563885875706214392e+03
1.563342372881355914e+03
1.563074576271186288e+03
1.563096045197740068e+03
1.563341242937852940e+03
1.563813559322033825e+03
1.564500564971751373e+03
1.565425988700565085e+03
1.566568361581920726e+03
1.567980790960451941e+03
1.569666666666666515e+03
1.571645197740112735e+03
1.573980790960451941e+03
1.576592090395480227e+03
1.579153672316384018e+03
1.581690395480226016e+03
1.584210169491525448e+03
1.586706214689265380e+03
1.589184180790960454e+03
1.591586440677966038e+03
1.593883615819208899e+03
1.596033898305084676e+03
1.597983050847457434e+03
1.599759322033898115e+03
1.601315254237288173e+03
1.602657627118644086e+03
1.603752542372881408e+03
1.604611299435028286e+03
1.605223728813559319e+03
1.605548022598870148e+03
1.605585310734463292e+03
1.605309604519773984e+03
1.604689265536723269e+03
1.603702824858757140e+03
1.602548022598869920e+03
1.601548022598870148e+03
1.600703954802259886e+03
1.600021468926553780e+03
1.599517514124293939e+03
1.599194350282486084e+03
1.599085875706214665e+03
1.599209039548022702e+03
1.599567231638417979e+03
1.600166101694915142e+03
1.600964971751412349e+03
1.601954802259886947e+03
1.603033898305084676e+03
1.604129943502824972e+03
1.605163841807909648e+03
1.606090395480226107e+03
1.606841807909604540e+03
1.607370621468926629e+03
1.607681355932203587e+03
1.607764971751412531e+03
1.607661016949152554e+03
1.607442937853107196e+03
1.607141242937853349e+03
1.606854237288135664e+03
1.606592090395480227e+03
1.606395480225988649e+03
1.606288135593220431e+03
1.606319774011299614e+03
1.606477966101695074e+03
1.606774011299435188e+03
1.607233898305084949e+03
1.607881355932203405e+03
1.608691525423728763e+03
1.609697175141242951e+03
1.610329943502824790e+03
1.610543502824858706e+03
1.610332203389830511e+03
1.609661016949152554e+03
1.608509604519774257e+03
1.606867796610169535e+03
1.604822598870056481e+03
1.602613559322033780e+03
1.600215819209039637e+03
1.597614689265536981e+03
1.594830508474576391e+03
1.591846327683615982e+03
1.588685875706214574e+03
1.585392090395480409e+03
1.582032768361582157e+03
1.578639548022599001e+03
1.575259887005649944e+03
1.571962711864407083e+03
1.568745762711864700e+03
1.565682485875706334e+03
1.562780790960452123e+03
1.560096045197740295e+03
1.557615819209039728e+03
1.555405649717514052e+03
1.553464406779661203e+03
1.551828248587570897e+03
1.550490395480226198e+03
1.549459887005649762e+03
1.548723163841807946e+03
1.548264406779661385e+03
1.548073446327683996e+03
1.548123163841808264e+03
1.548377401129943792e+03
1.548864406779661294e+03
1.549568361581921181e+03
1.550519774011299887e+03
1.551753672316384382e+03
1.553276836158192282e+03
1.555125423728813757e+03
1.557310734463277186e+03
1.559477966101695301e+03
1.561619209039548196e+03
1.563794350282485993e+03
1.565954802259887174e+03
1.568142372881356096e+03
1.570279096045198003e+03
1.572385310734463474e+03
1.574383050847457753e+03
1.576262146892655437e+03
1.577969491525424019e+03
1.579516384180791192e+03
1.580873446327683723e+03
1.582061016949152872e+03
1.583029378531073689e+03
1.583778531073446629e+03
1.584298305084746062e+03
1.584554802259887310e+03
1.584538983050847719e+03
1.584215819209039637e+03
1.583577401129943610e+03
1.582597740112994416e+03
1.581670056497175210e+03
1.580871186440678230e+03
1.580232768361581975e+03
1.579740112994350511e+03
1.579432768361582021e+03
1.579312994350282452e+03
1.579400000000000318e+03
1.579734463276836323e+03
1.580307344632768491e+03
1.581102824858757231e+03
1.582084745762711918e+03
1.583192090395480136e+03
1.584349152542372849e+03
1.585498305084745880e+03
1.586553672316384336e+03
1.587463276836158457e+03
1.588167231638418343e+03
1.588644067796610216e+03
1.588874576271186470e+03
1.588908474576271146e+03
1.588777401129943655e+03
1.588549152542373122e+03
1.588279096045198003e+03
1.588013559322034325e+03
1.587780790960452123e+03
1.587625988700565131e+03
1.587572881355932395e+03
1.587614689265536981e+03
1.587803389830508422e+03
1.588132203389830465e+03
1.588638418079096027e+03
1.589303954802259796e+03
1.590142372881356096e+03
1.590813559322033825e+03
1.591120903954802088e+03
1.590996610169491532e+03
1.590435028248587514e+03
1.589418079096045403e+03
1.587925423728813712e+03
1.586091525423728854e+03
1.584106214689265471e+03
1.581951412429378479e+03
1.579615819209039500e+03
1.577079096045197730e+03
1.574335593220338978e+03
1.571405649717514279e+03
1.568329943502824790e+03
1.565146892655367083e+03
1.561912994350282588e+03
1.558666666666666742e+03
1.555456497175141067e+03
1.552333333333333258e+03
1.549320903954802361e+03
1.546470056497175165e+03
1.543795480225988740e+03
1.541303954802259796e+03
1.539067796610169580e+03
1.537098305084745789e+03
1.535397740112994370e+03
1.534012429378531124e+03
1.532907344632768400e+03
1.532112994350282406e+03
1.531598870056497162e+03
1.531338983050847446e+03
1.531309604519773984e+03
1.531510734463277004e+03
1.531923163841807991e+03
1.532560451977401044e+03
1.533416949152542429e+03
1.534518644067796686e+03
1.535902824858756958e+03
1.537572881355932168e+03
1.539575141242937889e+03
1.541932203389830647e+03
1.544357062146892531e+03
1.546779661016949376e+03
1.549207909604519955e+03
1.551653107344632645e+03
1.554109604519774166e+03
1.556514124293785244e+03
1.558853107344632917e+03
1.561068926553672100e+03
1.563143502824858842e+03
1.565042937853107333e+03
1.566775141242937934e+03
1.568311864406779932e+03
1.569647457627118456e+03
1.570767231638418025e+03
1.571654237288135846e+03
1.572294915254237367e+03
1.572659887005649807e+03
1.572731073446327855e+03
1.572476836158192327e+03
1.571901694915254211e+03
1.570954802259886947e+03
1.570067796610169353e+03
1.569317514124293666e+03
1.568705084745762633e+03
1.568235028248587696e+03
1.567963841807909603e+03
1.567891525423728808e+03
1.568051977401129989e+03
1.568448587570621385e+03
1.569084745762711918e+03
1.569927683615818978e+03
1.570929943502824699e+03
1.572036158192090170e+03
1.573157062146892713e+03
1.574230508474576254e+03
1.575186440677965948e+03
1.575954802259886947e+03
1.576511864406779750e+03
1.576837288135593099e+03
1.576924293785310738e+03
1.576823728813559228e+03
1.576596610169491669e+03
1.576268926553672372e+03
1.575948022598870011e+03
1.575635028248587332e+03
1.575369491525423655e+03
1.575180790960451986e+03
1.575103954802259750e+03
1.575148022598870057e+03
1.575314124293785426e+03
1.575632768361581839e+03
1.576112994350282406e+03
1.576781920903954870e+03
1.577587570621468785e+03
1.578238418079095936e+03
1.578490395480225970e+03
1.578293785310734620e+03
1.577673446327683905e+03
1.576575141242937889e+03
1.574997740112994279e+03
1.573211299435028195e+03
1.571261016949152463e+03
1.569137853107344654e+03
1.566813559322033825e+03
1.564297175141242860e+03
1.561578531073446356e+03
1.558694915254237230e+03
1.555668926553672463e+03
1.552570621468926674e+03
1.549432768361582021e+03
1.546319774011299387e+03
1.543254237288135528e+03
1.540282485875706016e+03
1.537436158192090261e+03
1.534752542372881180e+03
1.532248587570621567e+03
1.529963841807909603e+03
1.527923163841807764e+03
1.526179661016949012e+03
1.524698305084745698e+03
1.523536723163841771e+03
1.522682485875706334e+03
1.522087005649717412e+03
1.521772881355932213e+03
1.521711864406779569e+03
1.521879096045197457e+03
1.522256497175141021e+03
1.522850847457626969e+03
1.523659887005649580e+03
1.524697175141242951e+03
1.526015819209039364e+03
1.527624858757061929e+03
1.529529943502824835e+03
1.531785310734463110e+03
1.534042937853107333e+03
1.536297175141242860e+03
1.538553672316384109e+03
1.540823728813559228e+03
1.543101694915254029e+03
1.545349152542372849e+03
1.547528813559321861e+03
1.549616949152542247e+03
1.551581920903954597e+03
1.553379661016949285e+03
1.555009039548022429e+03
1.556454237288135573e+03
1.557718644067796731e+03
1.558771751412429467e+03
1.559620338983050715e+03
1.560218079096045130e+03
1.560546892655367174e+03
1.560614689265536526e+03
1.560392090395480182e+03
1.559851977401130171e+03
1.558960451977400908e+03
1.557971751412429285e+03
1.557122033898304835e+03
1.556423728813559364e+03
1.555873446327683723e+03
1.555502824858757094e+03
1.555328813559322043e+03
1.555368361581920908e+03
1.555636158192090306e+03
1.556146892655367083e+03
1.556905084745762679e+03
1.557836158192090352e+03
1.558907344632768400e+03
1.560030508474576209e+03
1.561152542372881271e+03
1.562180790960451986e+03
1.563079096045197730e+03
1.563748022598870193e+03
1.564189830508474415e+03
1.564379661016949058e+03
1.564370621468926402e+03
1.564188700564971668e+03
1.563917514124293575e+03
1.563575141242937661e+03
1.563219209039548105e+03
1.562888135593220341e+03
1.562615819209039500e+03
1.562431638418079046e+03
1.562344632768361407e+03
1.562387570621468967e+03
1.562571751412429421e+03
1.562898305084745743e+03
1.563380790960452032e+03
1.564027118644067741e+03
1.564717514124293757e+03
1.565027118644067741e+03
1.564926553672316231e+03
1.564409039548022520e+03
1.563427118644067832e+03
1.561975141242937752e+03
1.560370621468926402e+03
1.558627118644067650e+03
1.556731073446327628e+03
1.554631638418079092e+03
1.552335593220338978e+03
1.549831638418078910e+03
1.547149152542372804e+03
1.544325423728813576e+03
1.541380790960452032e+03
1.538380790960452032e+03
1.535361581920903973e+03
1.532360451977401226e+03
1.529453107344632826e+03
1.526638418079096027e+03
1.523955932203389693e+03
1.521441807909604449e+03
1.519132203389830465e+03
1.517050847457627015e+03
1.515231638418079001e+03
1.513682485875706334e+03
1.512412429378530987e+03
1.511440677966101475e+03
1.510757062146892622e+03
1.510348022598869875e+03
1.510199999999999818e+03
1.510271186440677866e+03
1.510568361581920726e+03
1.511061016949152418e+03
1.511753672316383927e+03
1.512668926553672009e+03
1.513823728813559228e+03
1.515244067796610125e+03
1.516953672316383972e+03
1.518970621468926311e+03
1.521058757062146469e+03
1.523123163841807582e+03
1.525210169491524994e+03
1.527317514124293666e+03
1.529413559322033507e+03
1.531501694915253893e+03
1.533560451977400817e+03
1.535558192090395323e+03
1.537450847457626878e+03
1.539201129943502565e+03
1.540820338983050533e+03
1.542268926553672145e+03
1.543538983050847264e+03
1.544631638418078865e+03
1.545512994350282270e+03
1.546181920903954733e+03
1.546621468926553462e+03
1.546813559322033598e+03
1.546709604519773620e+03
1.546342372881355914e+03
1.545637288135593280e+03
1.544725423728813439e+03
1.543954802259886719e+03
1.543338983050847219e+03
1.542867796610169307e+03
1.542554802259886856e+03
1.542424858757061884e+03
1.542498305084745425e+03
1.542798870056496980e+03
1.543337853107344472e+03
1.544133333333333212e+03
1.545112994350281951e+03
1.546257627118643995e+03
1.547500564971751146e+03
1.548754802259886674e+03
1.549970621468926311e+03
1.551067796610169353e+03
1.551987570621468876e+03
1.552680225988700386e+03
1.553136723163841452e+03
1.553349152542372849e+03
1.553377401129943337e+03
1.553259887005649716e+03
1.553057627118643950e+03
1.552799999999999727e+03
1.552558192090395323e+03
1.552357062146892531e+03
1.552221468926553371e+03
1.552171751412429330e+03
1.552230508474576254e+03
1.552410169491525266e+03
1.552735593220338842e+03
1.553220338983050624e+03
1.553871186440677775e+03
1.554689265536722814e+03
1.555193220338982883e+03
1.555294915254237367e+03
1.554964971751412349e+03
1.554216949152542156e+03
1.553001129943502747e+03
1.551371751412429148e+03
1.549598870056497162e+03
1.547668926553672009e+03
1.545551412429378388e+03
1.543242937853107151e+03
1.540725423728813212e+03
1.537997740112994279e+03
1.535094915254237094e+03
1.532048587570621294e+03
1.528920903954801815e+03
1.525744632768361498e+03
1.522568361581920726e+03
1.519436158192090261e+03
1.516390960451977207e+03
1.513480225988700340e+03
1.510710734463276822e+03
1.508122033898304835e+03
1.505740112994350056e+03
1.503603389830508377e+03
1.501726553672316413e+03
1.500138983050847401e+03
1.498858757062146651e+03
1.497865536723163586e+03
1.497167231638417888e+03
1.496735593220338615e+03
1.496550282485875414e+03
1.496588700564971532e+03
1.496854237288135209e+03
1.497331073446327537e+03
1.498025988700564767e+03
1.498936723163841634e+03
1.500108474576270964e+03
1.501562711864406538e+03
1.503326553672316322e+03
1.505402259887005357e+03
1.507496045197739932e+03
1.509571751412428966e+03
1.511672316384180476e+03
1.513780790960451668e+03
1.515908474576270919e+03
1.518006779661016708e+03
1.520054237288135482e+03
1.522015819209039364e+03
1.523877966101694710e+03
1.525583050847457343e+03
1.527125423728813303e+03
1.528510734463276549e+03
1.529699435028248445e+03
1.530697175141242496e+03
1.531471186440677684e+03
1.532005649717513734e+03
1.532294915254236912e+03
1.532328813559321588e+03
1.532061016949152190e+03
1.531482485875706061e+03
1.530545762711863972e+03
1.529705084745762406e+03
1.529011299435027922e+03
1.528479096045197366e+03
1.528088135593219931e+03
1.527870056497174801e+03
1.527858757062146651e+03
1.528061016949152190e+03
1.528499435028248172e+03
1.529187570621468694e+03
1.530098305084745334e+03
1.531197740112993870e+03
1.532431638418078819e+03
1.533741242937852803e+03
1.535042937853107105e+03
1.536281355932203041e+03
1.537353672316383836e+03
1.538233898305084494e+03
1.538863276836158093e+03
1.539250847457627060e+03
1.539415819209039228e+03
1.539415819209039228e+03
1.539299435028248354e+03
1.539117514124293393e+03
1.538903954802259705e+03
1.538707344632768127e+03
1.538546892655367174e+03
1.538463276836158002e+03
1.538473446327683632e+03
1.538609039548022338e+03
1.538862146892655119e+03
1.539274576271186106e+03
1.539831638418078910e+03
1.540550282485875414e+03
1.541341242937852940e+03
1.541740112994350056e+03
1.541728813559321907e+03
1.541273446327683359e+03
1.540355932203389784e+03
1.538963841807909375e+03
1.537324293785310601e+03
1.535543502824858479e+03
1.533606779661016844e+03
1.531475706214689126e+03
1.529152542372881271e+03
1.526618079096045221e+03
1.523899435028248263e+03
1.521035028248587423e+03
1.518066666666666606e+03
1.515027118644067741e+03
1.511960451977401135e+03
1.508922033898304790e+03
1.505945762711864290e+03
1.503083615819208944e+03
1.500350282485875368e+03
1.497774011299434733e+03
1.495423728813559137e+03
1.493289265536723178e+03
1.491421468926553644e+03
1.489830508474576163e+03
1.488528813559321861e+03
1.487558192090395551e+03
1.486865536723163814e+03
1.486458757062147015e+03
1.486303954802259796e+03
1.486398870056496889e+03
1.486706214689265380e+03
1.487245197740112872e+03
1.487969491525423564e+03
1.488941242937853076e+03
1.490146892655367083e+03
1.491612429378531033e+03
1.493371751412429376e+03
1.495462146892655255e+03
1.497711864406779569e+03
1.499949152542372758e+03
1.502181920903954961e+03
1.504433898305084767e+03
1.506697175141242951e+03
1.508949152542372985e+03
1.511150282485875778e+03
1.513292655367231646e+03
1.515328813559322043e+03
1.517240677966101657e+03
1.518988700564971623e+03
1.520586440677966038e+03
1.522004519774011442e+03
1.523232768361581975e+03
1.524253107344632781e+03
1.525050847457627242e+03
1.525613559322033780e+03
1.525931073446327673e+03
1.525962711864406629e+03
1.525700564971751419e+03
1.525116384180790874e+03
1.524192090395480136e+03
1.523239548022598910e+03
1.522441807909604449e+03
1.521798870056496980e+03
1.521315254237288173e+03
1.521028248587570488e+03
1.520934463276836141e+03
1.521093785310734347e+03
1.521494915254237185e+03
1.522144632768361589e+03
1.523003389830508468e+03
1.524027118644067741e+03
1.525160451977400953e+03
1.526340112994350193e+03
1.527485875706214756e+03
1.528511864406779750e+03
1.529362711864406720e+03
1.530005649717514189e+03
1.530402259887005584e+03
1.530587570621469013e+03
1.530599999999999909e+03
1.530442937853107196e+03
1.530212429378531169e+03
1.529945762711864518e+03
1.529671186440677957e+03
1.529425988700565085e+03
1.529258757062146742e+03
1.529179661016949012e+03
1.529210169491525448e+03
1.529371751412429148e+03
1.529675706214689171e+03
1.530128813559321770e+03
1.530733333333333121e+03
1.531515254237287991e+03
1.532016949152542111e+03
1.532088135593220159e+03
1.531763841807909557e+03
1.530992090395479863e+03
1.529775141242937480e+03
1.528180790960451759e+03
1.526442937853107196e+03
1.524562711864406538e+03
1.522500564971751373e+03
1.520237288135593190e+03
1.517779661016948921e+03
1.515111864406779659e+03
1.512261016949152690e+03
1.509288135593220431e+03
1.506219209039547877e+03
1.503098305084745789e+03
1.499977401129943701e+03
1.496890395480225834e+03
1.493881355932203405e+03
1.490988700564971850e+03
1.488253107344632781e+03
1.485679096045197639e+03
1.483310734463276731e+03
1.481181920903954733e+03
1.479316384180790919e+03
1.477741242937853031e+03
1.476459887005649762e+03
1.475464406779661203e+03
1.474768361581920999e+03
1.474350282485875596e+03
1.474177401129943519e+03
1.474215819209039637e+03
1.474473446327683632e+03
1.474944632768361771e+03
1.475625988700565131e+03
1.476555932203390057e+03
1.477741242937853258e+03
1.479202259887005766e+03
1.480960451977401135e+03
1.483020338983050806e+03
1.485036158192090625e+03
1.487053107344632735e+03
1.489084745762711918e+03
1.491146892655367083e+03
1.493192090395480136e+03
1.495233898305084722e+03
1.497218079096045130e+03
1.499117514124293848e+03
1.500911864406779614e+03
1.502562711864406765e+03
1.504058757062146924e+03
1.505388700564971714e+03
1.506546892655367174e+03
1.507510734463277004e+03
1.508273446327683587e+03
1.508797740112994461e+03
1.509075706214689490e+03
1.509118644067796595e+03
1.508877966101694710e+03
1.508320903954802361e+03
1.507432768361582021e+03
1.506466666666666470e+03
1.505662146892655073e+03
1.505004519774010987e+03
1.504497175141242678e+03
1.504162711864406901e+03
1.504025988700564994e+03
1.504137853107344654e+03
1.504456497175141294e+03
1.505051977401129989e+03
1.505898305084745743e+03
1.506926553672316459e+03
1.508084745762711918e+03
1.509333333333333258e+03
1.510599999999999909e+03
1.511803389830508422e+03
1.512857627118644132e+03
1.513715254237288264e+03
1.514361581920903973e+03
1.514762711864406810e+03
1.514961581920903882e+03
1.514984180790960636e+03
1.514902824858756958e+03
1.514748022598870193e+03
1.514568361581920726e+03
1.514401129943502838e+03
1.514290395480225925e+03
1.514250847457627060e+03
1.514292655367231646e+03
1.514448587570621385e+03
1.514744632768361726e+03
1.515190960451977389e+03
1.515784180790960363e+03
1.516551412429378615e+03
1.517467796610169444e+03
1.518112994350282406e+03
1.518335593220338978e+03
1.518118644067796595e+03
1.517441807909604449e+03
1.516296045197740114e+03
1.514675706214689399e+03
1.512854237288135437e+03
1.510875706214689217e+03
1.508705084745762633e+03
1.506316384180790919e+03
1.503734463276836323e+03
1.500957062146892440e+03
1.498028248587570488e+03
1.494992090395480318e+03
1.491868926553672281e+03
1.488727683615819160e+03
1.485589830508474734e+03
1.482492655367231691e+03
1.479497175141243133e+03
1.476641807909604495e+03
1.473916384180790828e+03
1.471383050847457525e+03
1.469079096045197730e+03
1.467024858757062248e+03
1.465242937853107378e+03
1.463754802259887128e+03
1.462576271186440863e+03
1.461675706214689399e+03
1.461054237288135937e+03
1.460690395480226016e+03
1.460585310734463519e+03
1.460684745762712055e+03
1.460993220338983292e+03
1.461525423728813621e+03
1.462272316384181067e+03
1.463272316384180840e+03
1.464531073446327582e+03
1.466098305084745789e+03
1.467977401129943701e+03
1.470204519774011260e+03
1.472664406779661249e+03
1.475131073446327719e+03
1.477653107344633099e+03
1.480170621468926583e+03
1.482685875706215029e+03
1.485172881355932532e+03
1.487595480225988922e+03
1.489925423728813712e+03
1.492140112994350375e+03
1.494192090395480591e+03
1.496085875706214892e+03
1.497811299435028559e+03
1.499333333333333485e+03
1.500639548022599001e+03
1.501733333333333576e+03
1.502584180790960772e+03
1.503178531073446720e+03
1.503492655367231691e+03
1.503501694915254348e+03
1.503167231638418343e+03
1.502465536723163950e+03
1.501548022598870148e+03
1.500767231638418252e+03
1.500128813559322225e+03
1.499639548022599229e+03
1.499335593220339206e+03
1.499257627118644450e+03
1.499396610169491623e+03
1.499780790960452123e+03
1.500414689265536708e+03
1.501251977401130034e+03
1.502265536723163905e+03
1.503380790960452032e+03
1.504561581920904018e+03
1.505694915254237230e+03
1.506720903954801997e+03
1.507578531073446356e+03
1.508189830508474415e+03
1.508583050847457798e+03
1.508759322033898343e+03
1.508740112994350284e+03
1.508564971751412486e+03
1.508309604519774439e+03
1.507992090395480318e+03
1.507668926553672463e+03
1.507370621468926856e+03
1.507126553672316732e+03
1.506963841807909830e+03
1.506914124293785335e+03
1.506976271186440727e+03
1.507197740112994325e+03
1.507575141242937661e+03
1.508118644067796595e+03
1.508812429378531078e+03
1.509646327683615709e+03
1.510077966101694756e+03
1.510096045197739841e+03
1.509665536723163768e+03
1.508771751412429239e+03
1.507402259887005584e+03
1.505724293785310692e+03
1.503893785310734529e+03
1.501883615819208899e+03
1.499650847457627151e+03
1.497206779661016981e+03
1.494553672316384109e+03
1.491722033898304971e+03
1.488732203389830374e+03
1.485644067796610216e+03
1.482493785310734438e+03
1.479332203389830283e+03
1.476194350282485630e+03
1.473117514124293621e+03
1.470142372881355641e+03
1.467301694915253847e+03
1.464623728813558955e+03
1.462148022598869829e+03
1.459915254237288082e+03
1.457942372881355823e+03
1.456258757062146742e+03
1.454868926553672281e+03
1.453786440677965857e+03
1.452985310734462928e+03
1.452461016949152281e+03
1.452194350282485630e+03
1.452155932203389739e+03
1.452357062146892531e+03
1.452775141242937480e+03
1.453407909604519546e+03
1.454284745762711736e+03
1.455430508474576072e+03
1.456854237288135209e+03
1.458583050847457343e+03
1.460651977401129670e+03
1.462745762711864245e+03
1.464841807909604540e+03
1.466958192090395187e+03
1.469074576271186061e+03
1.471195480225988376e+03
1.473302824858757049e+03
1.475355932203389784e+03
1.477344632768361407e+03
1.479210169491525221e+03
1.480929943502824699e+03
1.482509604519773802e+03
1.483935593220338887e+03
1.485176271186440772e+03
1.486230508474576254e+03
1.487067796610169353e+03
1.487674576271186197e+03
1.488053107344632508e+03
1.488172881355932077e+03
1.487996610169491305e+03
1.487523163841807673e+03
1.486701694915253938e+03
1.485569491525423473e+03
1.484590960451977253e+03
1.483761581920903609e+03
1.483057627118643950e+03
1.482523163841807673e+03
1.482179661016949012e+03
1.482067796610169353e+03
1.482181920903954733e+03
1.482553672316384109e+03
1.483135593220338706e+03
1.483915254237287854e+03
1.484847457627118274e+03
1.485853107344632463e+03
1.486874576271186015e+03
1.487829378531073189e+03
1.488640677966101521e+03
1.489264406779660476e+03
1.489670056497174755e+03
1.489821468926553280e+03
1.489776271186440454e+03
1.489561581920903791e+03
1.489230508474576254e+03
1.488832768361581657e+03
1.488396610169491396e+03
1.487974011299435006e+03
1.487597740112994188e+03
1.487308474576271237e+03
1.487099435028248536e+03
1.487006779661016935e+03
1.487058757062146924e+03
1.487261016949152463e+03
1.487625988700564903e+03
1.488155932203389739e+03
1.488851977401129716e+03
1.489511864406779296e+03
1.489755932203389648e+03
1.489579661016949103e+03
1.488946892655367037e+03
1.487849717514124222e+03
1.486314124293784971e+03
1.484636158192090079e+03
1.482783050847457616e+03
1.480719774011299251e+03
1.478449717514124131e+03
1.475952542372880998e+03
1.473238418079095936e+03
1.470369491525423655e+03
1.467361581920903745e+03
1.464267796610169171e+03
1.461111864406779432e+03
1.457952542372880998e+03
1.454831638418078910e+03
1.451783050847457616e+03
1.448841807909604540e+03
1.446044067796609852e+03
1.443415819209039455e+03
1.441015819209039364e+03
1.438824858757061975e+03
1.436909604519773893e+03
1.435281355932203041e+03
1.433955932203389693e+03
1.432899435028248263e+03
1.432127683615819024e+03
1.431620338983050715e+03
1.431325423728813348e+03
1.431254237288135300e+03
1.431392090395479954e+03
1.431726553672316186e+03
1.432284745762711509e+03
1.433101694915254029e+03
1.434159322033897979e+03
1.435493785310734211e+03
1.437145762711864336e+03
1.439148022598869829e+03
1.441424858757061884e+03
1.443737853107344336e+03
1.446090395480225652e+03
1.448480225988700568e+03
1.450870056497175028e+03
1.453259887005649489e+03
1.455612429378530805e+03
1.457883615819208899e+03
1.460054237288135482e+03
1.462129943502824517e+03
1.464080225988700249e+03
1.465851977401129716e+03
1.467482485875706061e+03
1.468935593220338660e+03
1.470180790960451532e+03
1.471210169491525221e+03
1.472025988700564767e+03
1.472570621468926447e+03
1.472844067796610034e+03
1.472769491525423518e+03
1.472371751412429376e+03
1.471610169491525085e+03
1.470951412429378479e+03
1.470442937853107196e+03
1.470062146892655164e+03
1.469872316384180749e+03
1.469887005649717139e+03
1.470126553672316277e+03
1.470597740112994188e+03
1.471307344632768036e+03
1.472219209039547877e+03
1.473298305084745607e+03
1.474496045197739932e+03
1.475743502824858751e+03
1.476955932203389693e+03
1.478066666666666606e+03
1.479001129943502747e+03
1.479714124293785289e+03
1.480171751412429330e+03
1.480432768361581793e+03
1.480475706214689126e+03
1.480374011299434869e+03
1.480159322033898206e+03
1.479896045197740023e+03
1.479606779661016617e+03
1.479338983050847219e+03
1.479099435028248536e+03
1.478940112994350329e+03
1.478879096045197684e+03
1.478923163841807764e+03
1.479123163841807809e+03
1.479470056497174937e+03
1.479979661016949194e+03
1.480645197740112962e+03
1.481462146892655255e+03
1.482019209039548059e+03
1.482174011299434824e+03
1.481911864406779387e+03
1.481199999999999818e+03
1.480062146892655164e+03
1.478484745762711782e+03
1.476738983050847310e+03
1.474787570621468603e+03
1.472638418079095800e+03
1.470274576271186334e+03
1.467688135593220068e+03
1.464922033898305017e+03
1.462005649717513961e+03
1.458970621468926311e+03
1.455846327683615755e+03
1.452701694915254393e+03
1.449560451977401044e+03
1.446454237288135573e+03
1.443445197740113144e+03
1.440549152542372667e+03
1.437813559322033825e+03
1.435258757062146742e+03
1.432919774011299523e+03
1.430832768361581657e+03
1.429039548022598865e+03
1.427519774011299432e+03
1.426293785310734165e+03
1.425362711864406720e+03
1.424671186440677957e+03
1.424244067796610125e+03
1.424031638418078956e+03
1.424032768361581702e+03
1.424246327683615618e+03
1.424703954802259659e+03
1.425362711864406720e+03
1.426282485875706016e+03
1.427481355932203314e+03
1.428971751412429285e+03
1.430805649717513916e+03
1.432854237288135437e+03
1.434944632768361316e+03
1.437072316384180340e+03
1.439231638418079001e+03
1.441420338983050442e+03
1.443633898305084585e+03
1.445816949152542065e+03
1.447967231638417843e+03
1.450036158192090170e+03
1.452013559322033643e+03
1.453863276836158093e+03
1.455587570621468785e+03
1.457155932203389511e+03
1.458551412429378388e+03
1.459758192090395369e+03
1.460762711864406356e+03
1.461566101694915005e+03
1.462126553672316277e+03
1.462414689265536708e+03
1.462401129943502610e+03
1.462048587570621294e+03
1.461366101694914960e+03
1.460481355932203314e+03
1.459714124293785062e+03
1.459097175141242587e+03
1.458636158192090306e+03
1.458368361581920908e+03
1.458319774011299387e+03
1.458492655367231464e+03
1.458900564971751464e+03
1.459525423728813621e+03
1.460342372881355914e+03
1.461310734463276731e+03
1.462362711864406720e+03
1.463422598870056390e+03
1.464422598870056390e+03
1.465267796610169398e+03
1.465931073446327446e+03
1.466351412429378342e+03
1.466534463276835822e+03
1.466507344632768309e+03
1.466290395480225925e+03
1.465944632768361316e+03
1.465518644067796458e+03
1.465053107344632735e+03
1.464570621468926447e+03
1.464105084745762724e+03
1.463708474576271328e+03
1.463380790960452032e+03
1.463162711864406674e+03
1.463064406779660885e+03
1.463111864406779659e+03
1.463299435028248581e+03
1.463662146892655528e+03
1.464153672316384018e+03
1.464794350282485993e+03
1.465126553672316504e+03
1.465056497175141430e+03
1.464535593220339024e+03
1.463585310734463292e+03
1.462327683615819296e+03
1.460944632768361771e+03
1.459369491525423655e+03
1.457594350282485721e+03
1.455593220338982974e+03
1.453389830508474688e+03
1.450980790960451941e+03
1.448388700564971941e+03
1.445664406779661249e+03
1.442833898305084858e+03
1.439951412429378706e+03
1.437053107344632963e+03
1.434170621468926811e+03
1.431344632768361862e+03
1.428615819209039728e+03
1.426005649717514416e+03
1.423561581920904246e+03
1.421322033898305108e+03
1.419305084745762997e+03
1.417551412429378615e+03
1.416079096045197730e+03
1.414875706214689217e+03
1.413943502824858570e+03
1.413282485875706243e+03
1.412877966101695165e+03
1.412688135593220522e+03
1.412719774011299478e+03
1.412940112994350329e+03
1.413374011299435097e+03
1.414018079096045312e+03
1.414887005649717594e+03
1.416006779661017163e+03
1.417394350282485902e+03
1.419110734463276913e+03
1.421154802259887219e+03
1.423280225988700749e+03
1.425429378531073553e+03
1.427603389830508604e+03
1.429804519774011396e+03
1.432013559322034325e+03
1.434219209039548332e+03
1.436372881355932577e+03
1.438454237288136028e+03
1.440421468926553644e+03
1.442289265536723178e+03
1.444013559322034098e+03
1.445589830508474734e+03
1.447000000000000000e+03
1.448230508474576482e+03
1.449253107344633008e+03
1.450092655367231828e+03
1.450700564971751646e+03
1.451039548022599092e+03
1.451083615819209399e+03
1.450829378531073644e+03
1.450235028248587696e+03
1.449375141242938071e+03
1.448673446327683905e+03
1.448092655367232055e+03
1.447658757062147288e+03
1.447389830508474915e+03
1.447337853107344927e+03
1.447515254237288445e+03
1.447906214689265880e+03
1.448527683615819569e+03
1.449351412429378797e+03
1.450350282485876050e+03
1.451451977401130307e+03
1.452618079096045449e+03
1.453768361581920999e+03
1.454781920903955097e+03
1.455642937853107696e+03
1.456287005649717685e+03
1.456679096045198094e+03
1.456841807909604768e+03
1.456812429378531306e+03
1.456618079096045449e+03
1.456309604519774439e+03
1.455951412429378706e+03
1.455541242937853440e+03
1.455138983050847855e+03
1.454752542372881635e+03
1.454451977401130307e+03
1.454212429378531169e+03
1.454098305084745789e+03
1.454135593220339160e+03
1.454300564971751555e+03
1.454601129943503111e+03
1.455077966101694983e+03
1.455712994350282770e+03
1.456205649717514461e+03
1.456318644067797095e+03
1.456002259887005948e+03
1.455255367231638502e+03
1.454070056497175301e+03
1.452702824858757140e+03
1.451171751412429785e+03
1.449447457627118638e+03
1.447516384180791192e+03
1.445355932203390239e+03
1.442995480225989013e+03
1.440432768361582021e+03
1.437717514124294212e+03
1.434865536723164041e+03
1.431932203389830875e+03
1.428946892655367265e+03
1.425983050847457889e+03
1.423042937853107560e+03
1.420166101694915369e+03
1.417392090395480409e+03
1.414768361581920999e+03
1.412312994350282679e+03
1.410075706214689490e+03
1.408076836158192464e+03
1.406346892655367583e+03
1.404899435028249172e+03
1.403722033898305654e+03
1.402819209039548468e+03
1.402180790960452441e+03
1.401761581920904518e+03
1.401571751412429876e+03
1.401596610169491669e+03
1.401810169491525812e+03
1.402248587570621794e+03
1.402900564971751919e+03
1.403790960451977753e+03
1.404938983050847582e+03
1.406385310734463474e+03
1.408162711864407129e+03
1.409977401129943701e+03
1.411800000000000182e+03
1.413661016949152781e+03
1.415570621468926674e+03
1.417508474576271510e+03
1.419461016949152736e+03
1.421400000000000318e+03
1.423281355932203496e+03
1.425100564971751737e+03
1.426833898305085086e+03
1.428465536723164178e+03
1.429977401129943701e+03
1.431327683615819524e+03
1.432536723163841998e+03
1.433557062146892804e+03
1.434420338983051352e+03
1.435084745762712373e+03
1.435508474576271510e+03
1.435676836158192373e+03
1.435558192090395778e+03
1.435138983050847855e+03
1.434383050847457980e+03
1.433672316384181158e+03
1.433092655367232055e+03
1.432637288135593735e+03
1.432364971751412668e+03
1.432277966101695256e+03
1.432392090395480636e+03
1.432757062146893077e+03
1.433337853107345154e+03
1.434144632768362044e+03
1.435150282485876232e+03
1.436297175141243315e+03
1.437541242937853440e+03
1.438805649717514370e+03
1.439986440677966584e+03
1.441023728813559728e+03
1.441857627118644359e+03
1.442479096045198276e+03
1.442875706214689671e+03
1.443048587570621748e+03
1.443038418079096573e+03
1.442891525423729263e+03
1.442653107344633327e+03
1.442345762711864836e+03
1.442031638418079638e+03
1.441722033898305654e+03
1.441461016949152963e+03
1.441264406779661385e+03
1.441168361581921090e+03
1.441188700564972123e+03
1.441345762711864609e+03
1.441663276836158730e+03
1.442120903954802543e+03
1.442734463276836550e+03
1.443362711864407174e+03
1.443609039548022793e+03
1.443444067796610625e+03
1.442865536723164041e+03
1.441863276836158548e+03
1.440526553672316822e+03
1.439033898305085359e+03
1.437372881355932577e+03
1.435527683615819797e+03
1.433437288135593917e+03
1.431133333333333894e+03
1.428645197740113417e+03
1.425964971751412804e+03
1.423161581920904382e+03
1.420242937853107833e+03
1.417259887005649944e+03
1.414254237288135982e+03
1.411258757062147197e+03
1.408323163841808309e+03
1.405473446327684087e+03
1.402743502824858979e+03
1.400168361581921090e+03
1.397797740112994688e+03
1.395666666666666970e+03
1.393790960451977753e+03
1.392192090395480591e+03
1.390874576271186697e+03
1.389848587570621930e+03
1.389109604519774393e+03
1.388595480225989149e+03
1.388319774011299842e+03
1.388268926553672827e+03
1.388401129943503292e+03
1.388770621468926947e+03
1.389342372881356368e+03
1.390143502824859070e+03
1.391185310734463656e+03
1.392510734463277231e+03
1.394138983050847855e+03
1.396070056497175528e+03
1.398029378531073689e+03
1.400001129943503202e+03
1.402047457627119002e+03
1.404099435028248990e+03
1.406183050847458162e+03
1.408272316384181067e+03
1.410342372881356368e+03
1.412364971751412895e+03
1.414290395480226380e+03
1.416137853107345109e+03
1.417872316384181204e+03
1.419458757062147242e+03
1.420897175141243451e+03
1.422157062146893168e+03
1.423240677966102339e+03
1.424154802259887447e+03
1.424825988700565631e+03
1.425261016949153145e+03
1.425421468926554098e+03
1.425264406779661385e+03
1.424790960451977753e+03
1.424036158192090625e+03
1.423415819209039910e+03
1.422945762711864973e+03
1.422622598870056891e+03
1.422473446327684087e+03
1.422528813559322316e+03
1.422809039548023065e+03
1.423333333333333940e+03
1.424081355932203905e+03
1.425037288135593826e+03
1.426168361581921545e+03
1.427427118644068287e+03
1.428754802259887356e+03
1.430033898305085131e+03
1.431223728813559774e+03
1.432242937853107605e+03
1.433046327683616255e+03
1.433594350282486175e+03
1.433934463276836595e+03
1.434075706214689490e+03
1.434046327683616255e+03
1.433885875706214847e+03
1.433647457627118911e+03
1.433379661016949740e+03
1.433084745762712373e+03
1.432822598870056936e+03
1.432612429378531260e+03
1.432493785310734893e+03
1.432493785310734665e+03
1.432611299435028513e+03
1.432861016949152827e+03
1.433267796610169853e+03
1.433818079096045494e+03
1.434525423728813848e+03
1.434907344632768854e+03
1.434880225988700886e+03
1.434419209039548150e+03
1.433538983050847492e+03
1.432251977401130262e+03
1.430838418079096300e+03
1.429266666666666879e+03
1.427511864406779750e+03
1.425562711864406992e+03
1.423401129943503065e+03
1.421032768361581930e+03
1.418471186440678366e+03
1.415760451977401317e+03
1.412910734463277095e+03
1.409980790960452168e+03
1.407013559322034325e+03
1.404033898305084904e+03
1.401103954802259977e+03
1.398248587570621567e+03
1.395493785310734665e+03
1.392881355932203405e+03
1.390442937853107651e+03
1.388224858757062520e+03
1.386265536723164132e+03
1.384562711864406992e+03
1.383169491525424064e+03
1.382048587570621748e+03
1.381219209039548332e+03
1.380637288135593280e+03
1.380317514124294121e+03
1.380202259887005766e+03
1.380308474576271465e+03
1.380633898305085040e+03
1.381169491525423837e+03
1.381940112994350557e+03
1.382935593220339115e+03
1.384187570621469149e+03
1.385751412429378661e+03
1.387651977401129898e+03
1.389663276836158275e+03
1.391682485875706334e+03
1.393714124293785517e+03
1.395793220338983247e+03
1.397883615819209354e+03
1.399972881355932486e+03
1.402042937853107787e+03
1.404058757062146924e+03
1.405992090395480545e+03
1.407829378531073644e+03
1.409570621468926902e+03
1.411163841807909648e+03
1.412612429378531260e+03
1.413897175141243224e+03
1.414994350282486266e+03
1.415916384180791283e+03
1.416610169491525539e+03
1.417087005649717867e+03
1.417275706214689308e+03
1.417174011299435278e+03
1.416750282485875914e+03
1.415977401129943701e+03
1.415055367231638684e+03
1.414274576271186561e+03
1.413641807909604722e+03
1.413176271186440772e+03
1.412890395480226289e+03
1.412837288135593553e+03
1.413024858757062248e+03
1.413437288135593462e+03
1.414076836158192236e+03
1.414932203389830647e+03
1.415949152542373213e+03
1.417041807909604813e+03
1.418174011299435051e+03
1.419241807909604631e+03
1.420170621468926583e+03
1.420925423728813712e+03
1.421454237288135801e+03
1.421751412429378661e+03
1.421856497175141158e+03
1.421760451977401317e+03
1.421538983050847492e+03
1.421212429378531169e+03
1.420829378531073417e+03
1.420416949152542202e+03
1.419997740112994279e+03
1.419632768361581839e+03
1.419338983050847673e+03
1.419141242937853121e+03
1.419053107344632963e+03
1.419099435028248536e+03
1.419298305084745834e+03
1.419644067796610216e+03
1.420137853107344881e+03
1.420752542372881408e+03
1.421151412429378752e+03
1.421136723163841907e+03
1.420710734463277277e+03
1.419851977401130171e+03
1.418653107344633099e+03
1.417326553672316550e+03
1.415835028248587605e+03
1.414146892655367537e+03
1.412230508474576482e+03
1.410122033898305290e+03
1.407814689265536799e+03
1.405332203389830738e+03
1.402681355932203587e+03
1.399938983050847582e+03
1.397142372881356096e+03
1.394308474576271237e+03
1.391487005649717730e+03
1.388693785310734711e+03
1.385985310734463383e+03
1.383384180790960727e+03
1.380943502824859024e+03
1.378684745762711827e+03
1.376649717514124404e+03
1.374871186440678002e+03
1.373370621468926629e+03
1.372128813559322225e+03
1.371176271186440772e+03
1.370483615819209263e+03
1.370037288135593371e+03
1.369829378531073644e+03
1.369820338983050988e+03
1.370029378531073689e+03
1.370431638418079274e+03
1.371031638418079183e+03
1.371873446327683723e+03
1.372946892655367265e+03
1.374309604519773984e+03
1.375960451977401362e+03
1.377859887005649853e+03
1.379770621468926720e+03
1.381703954802259886e+03
1.383685875706214802e+03
1.385696045197740204e+03
1.387732203389830602e+03
1.389772881355932441e+03
1.391784180790960590e+03
1.393735593220339069e+03
1.395630508474576345e+03
1.397424858757062339e+03
1.399111864406779887e+03
1.400674576271186652e+03
1.402072316384180795e+03
1.403333333333333485e+03
1.404401129943502838e+03
1.405298305084745834e+03
1.406003389830508695e+03
1.406455367231638547e+03
1.406636158192090534e+03
1.406494915254237412e+03
1.406050847457627242e+03
1.405298305084746062e+03
1.404588700564971987e+03
1.404016949152542566e+03
1.403607909604519818e+03
1.403393220338983156e+03
1.403386440677966220e+03
1.403590960451977480e+03
1.404045197740113053e+03
1.404728813559322134e+03
1.405632768361582066e+03
1.406732203389830602e+03
1.407957062146892895e+03
1.409257627118644223e+03
1.410544632768361680e+03
1.411736723163841816e+03
1.412748022598870193e+03
1.413567231638418207e+03
1.414177401129943519e+03
1.414540112994350238e+03
1.414711864406779796e+03
1.414727683615819387e+03
1.414619209039547968e+03
1.414432768361581566e+03
1.414205649717514007e+03
1.413961581920903882e+03
1.413736723163841816e+03
1.413572881355932168e+03
1.413490395480225743e+03
1.413515254237287991e+03
1.413674576271186424e+03
1.413972881355932259e+03
1.414419209039548150e+03
1.415022598870056527e+03
1.415770621468926493e+03
1.416375141242937843e+03
1.416558192090395551e+03
1.416343502824858660e+03
1.415727683615819387e+03
1.414657627118644086e+03
1.413179661016949012e+03
1.411540112994350238e+03
1.409715254237288264e+03
1.407689265536723269e+03
1.405421468926553644e+03
1.402953672316384200e+03
1.400300564971751555e+03
1.397463276836158457e+03
1.394483615819209035e+03
1.391412429378531215e+03
1.388289265536723178e+03
1.385144632768361589e+03
1.382001129943502974e+03
1.378918644067796549e+03
1.375929943502824926e+03
1.373077966101694983e+03
1.370393220338983156e+03
1.367907344632768400e+03
1.365671186440677957e+03
1.363696045197740204e+03
1.361993220338983065e+03
1.360569491525423700e+03
1.359425988700565085e+03
1.358546892655367174e+03
1.357907344632768400e+03
1.357497175141242906e+03
1.357305084745762997e+03
1.357318644067796640e+03
1.357549152542373122e+03
1.357998870056497253e+03
1.358697175141242951e+03
1.359673446327683905e+03
1.360952542372881453e+03
1.362572881355932395e+03
1.364526553672316368e+03
1.366555932203390057e+03
1.368647457627118683e+03
1.370759322033898570e+03
1.372889265536723315e+03
1.375030508474576436e+03
1.377150282485875778e+03
1.379232768361581748e+03
1.381245197740112872e+03
1.383177401129943519e+03
1.384983050847457434e+03
1.386668926553672463e+03
1.388215819209039637e+03
1.389593220338982974e+03
1.390785310734463337e+03
1.391816949152542747e+03
1.392640677966101748e+03
1.393222598870056572e+03
1.393531073446327810e+03
1.393535593220339251e+03
1.393216949152542384e+03
1.392559322033898297e+03
1.391698305084745698e+03
1.390976271186440954e+03
1.390388700564971714e+03
1.389944632768361771e+03
1.389707344632768582e+03
1.389659887005649807e+03
1.389835028248587605e+03
1.390247457627118820e+03
1.390877966101695165e+03
1.391710734463277049e+03
1.392700564971751419e+03
1.393788700564971805e+03
1.394890395480226289e+03
1.395945762711864518e+03
1.396873446327683723e+03
1.397607909604519591e+03
1.398125423728813530e+03
1.398435028248587514e+03
1.398523163841807673e+03
1.398422598870056390e+03
1.398179661016949012e+03
1.397835028248587605e+03
1.397440677966101703e+03
1.397006779661016935e+03
1.396580790960451850e+03
1.396203389830508513e+03
1.395902824858756958e+03
1.395681355932203360e+03
1.395581920903954597e+03
1.395614689265536526e+03
1.395803389830508422e+03
1.396140112994350147e+03
1.396641807909604267e+03
1.397284745762711736e+03
1.397899435028248718e+03
1.398098305084745789e+03
1.397883615819208899e+03
1.397236158192090443e+03
1.396122033898305062e+03
1.394755932203389875e+03
1.393220338983050624e+03
1.391472316384180886e+03
1.389531073446327810e+03
1.387363841807909694e+03
1.384980790960451941e+03
1.382421468926553871e+03
1.379707344632768582e+03
1.376871186440678230e+03
1.373964971751412577e+03
1.371014689265537072e+03
1.368087005649717867e+03
1.365175141242938025e+03
1.362323163841807855e+03
1.359590960451977480e+03
1.357018079096045312e+03
1.354628248587570852e+03
1.352465536723163950e+03
1.350538983050847719e+03
1.348900564971751692e+03
1.347562711864406992e+03
1.346499435028248854e+03
1.345708474576271328e+03
1.345155932203389966e+03
1.344830508474576391e+03
1.344736723163841816e+03
1.344858757062146651e+03
1.345198870056497071e+03
1.345748022598869966e+03
1.346520903954802179e+03
1.347548022598870148e+03
1.348866666666666788e+03
1.350498305084745880e+03
1.352476836158192327e+03
1.354637288135593280e+03
1.356831638418079365e+03
1.359068926553672327e+03
1.361348022598870102e+03
1.363657627118644086e+03
1.365953672316384200e+03
1.368249717514124313e+03
1.370496045197739932e+03
1.372679096045197639e+03
1.374772881355932213e+03
1.376754802259886901e+03
1.378598870056497162e+03
1.380296045197740114e+03
1.381850847457626969e+03
1.383227118644067559e+03
1.384432768361581793e+03
1.385419209039548150e+03
1.386158192090395460e+03
1.386624858757062157e+03
1.386776271186440681e+03
1.386607909604519818e+03
1.386126553672316277e+03
1.385307344632768263e+03
1.384533333333333303e+03
1.383932203389830647e+03
1.383485875706214529e+03
1.383241807909604404e+03
1.383214689265536663e+03
1.383423728813559137e+03
1.383855367231638411e+03
1.384509604519773802e+03
1.385363841807909694e+03
1.386343502824858660e+03
1.387402259887005584e+03
1.388445197740112917e+03
1.389398870056496889e+03
1.390192090395480136e+03
1.390787570621468831e+03
1.391168361581921090e+03
1.391335593220338978e+03
1.391326553672316322e+03
1.391118644067796595e+03
1.390803389830508422e+03
1.390409039548022520e+03
1.389977401129943473e+03
1.389527683615819342e+03
1.389100564971751282e+03
1.388722033898305199e+03
1.388430508474576300e+03
1.388237288135593190e+03
1.388195480225988831e+03
1.388280225988700749e+03
1.388533333333333303e+03
1.388938983050847582e+03
1.389506214689265562e+03
1.390157062146892713e+03
1.390412429378531215e+03
1.390277966101695029e+03
1.389740112994350284e+03
1.388802259887005675e+03
1.387490395480226198e+03
1.386028248587570715e+03
1.384353672316384291e+03
1.382471186440678139e+03
1.380371751412429376e+03
1.378041807909604813e+03
1.375508474576271283e+03
1.372793220338983247e+03
1.369946892655367265e+03
1.366978531073446447e+03
1.363938983050847582e+03
1.360846327683615982e+03
1.357764971751412531e+03
1.354740112994350511e+03
1.351780790960451895e+03
1.348940112994350329e+03
1.346251977401130034e+03
1.343772881355932441e+03
1.341502824858757322e+03
1.339499435028248627e+03
1.337757062146892622e+03
1.336291525423728899e+03
1.335102824858757231e+03
1.334158192090395460e+03
1.333445197740113144e+03
1.332954802259886947e+03
1.332674576271186652e+03
1.332611299435028286e+03
1.332743502824858751e+03
1.333096045197740295e+03
1.333683615819209081e+03
1.334535593220339024e+03
1.335689265536723269e+03
1.337178531073446266e+03
1.338969491525423791e+03
1.340805649717514143e+03
1.342683615819209081e+03
1.344625988700564903e+03
1.346609039548022793e+03
1.348610169491525539e+03
1.350625988700564903e+03
1.352620338983050942e+03
1.354590960451977480e+03
1.356490395480226198e+03
1.358309604519774211e+03
1.360012429378531124e+03
1.361603389830508604e+03
1.363051977401129989e+03
1.364359322033898479e+03
1.365525423728813621e+03
1.366501694915254348e+03
1.367251977401129807e+03
1.367764971751412304e+03
1.367985310734463383e+03
1.367909604519773893e+03
1.367515254237288218e+03
1.366815819209039546e+03
1.366142372881355868e+03
1.365616949152542247e+03
1.365245197740112872e+03
1.365038418079096118e+03
1.365054237288135482e+03
1.365282485875706243e+03
1.365748022598870193e+03
1.366419209039548150e+03
1.367283615819208990e+03
1.368314124293785426e+03
1.369450847457627333e+03
1.370610169491525539e+03
1.371712994350282770e+03
1.372675706214689399e+03
1.373455367231638547e+03
1.374025988700564994e+03
1.374370621468926856e+03
1.374490395480226198e+03
1.374424858757062339e+03
1.374210169491525448e+03
1.373892655367231782e+03
1.373475706214689353e+03
1.373019209039548059e+03
1.372574011299434915e+03
1.372153672316384245e+03
1.371761581920904064e+03
1.371468926553672418e+03
1.371292655367231418e+03
1.371236158192090443e+03
1.371324293785310601e+03
1.371575141242937661e+03
1.371977401129943246e+03
1.372496045197739932e+03
1.373152542372881271e+03
1.373455367231638320e+03
1.373336723163841725e+03
1.372836158192090352e+03
1.371868926553672281e+03
1.370632768361581839e+03
1.369214689265536890e+03
1.367613559322034007e+03
1.365797740112994461e+03
1.363760451977401317e+03
1.361507344632768309e+03
1.359070056497175074e+03
1.356466666666666697e+03
1.353740112994350284e+03
1.350918644067796322e+03
1.348029378531073235e+03
1.345123163841807809e+03
1.342240677966101430e+03
1.339394350282485902e+03
1.336655367231638365e+03
1.334047457627118547e+03
1.331602259887005403e+03
1.329374011299435097e+03
1.327378531073446084e+03
1.325648587570621658e+03
1.324187570621468922e+03
1.323000000000000000e+03
1.322059887005649671e+03
1.321367231638418161e+03
1.320892655367231782e+03
1.320645197740112962e+03
1.320590960451977480e+03
1.320746892655367219e+03
1.321099435028248536e+03
1.321657627118644086e+03
1.322470056497175165e+03
1.323562711864406765e+03
1.324976271186440727e+03
1.326709604519774075e+03
1.328797740112994234e+03
1.330941242937853076e+03
1.333140112994350147e+03
1.335379661016949058e+03
1.337668926553672236e+03
1.339979661016949194e+03
1.342300564971751328e+03
1.344597740112994416e+03
1.346849717514124222e+03
1.349047457627118547e+03
1.351144632768361589e+03
1.353123163841808037e+03
1.354992090395480091e+03
1.356719774011299251e+03
1.358300564971751328e+03
1.359708474576271101e+03
1.360927683615819205e+03
1.361899435028248490e+03
1.362603389830508377e+03
1.362997740112994506e+03
1.363101694915254029e+03
1.362882485875706152e+03
1.362334463276836232e+03
1.361738983050847310e+03
1.361272316384180840e+03
1.360970621468926311e+03
1.360861016949152372e+03
1.360986440677966129e+03
1.361308474576271237e+03
1.361857627118643904e+03
1.362635028248587560e+03
1.363581920903954824e+03
1.364677966101694892e+03
1.365832768361581884e+03
1.366975141242937752e+03
1.368010169491525403e+03
1.368906214689265425e+03
1.369593220338982974e+03
1.370063276836157911e+03
1.370309604519773984e+03
1.370342372881355686e+03
1.370205649717514007e+03
1.369929943502824926e+03
1.369529943502824608e+03
1.369081355932203223e+03
1.368604519774011351e+03
1.368129943502824972e+03
1.367696045197740204e+03
1.367325423728813348e+03
1.367050847457627242e+03
1.366892655367231782e+03
1.366871186440677775e+03
1.366984180790960181e+03
1.367254237288135300e+03
1.367659887005649580e+03
1.368202259887005766e+03
1.368681355932203132e+03
1.368801129943502701e+03
1.368518644067796686e+03
1.367822598870056481e+03
1.366731073446327628e+03
1.365451977401130080e+03
1.364001129943502747e+03
1.362352542372881317e+03
1.360470056497174937e+03
1.358384180790960500e+03
1.356083615819208944e+03
1.353605649717514098e+03
1.350969491525423564e+03
1.348202259887005766e+03
1.345369491525423655e+03
1.342473446327683632e+03
1.339574011299435142e+03
1.336698305084745698e+03
1.333890395480226061e+03
1.331185310734463201e+03
1.328621468926553462e+03
1.326231638418079228e+03
1.324055367231638684e+03
1.322138983050847401e+03
1.320482485875706061e+03
1.319083615819208944e+03
1.317946892655367265e+03
1.317039548022598865e+03
1.316369491525423655e+03
1.315917514124293575e+03
1.315677966101694892e+03
1.315630508474576118e+03
1.315790960451977298e+03
1.316145762711864336e+03
1.316727683615819160e+03
1.317571751412429421e+03
1.318733333333333121e+03
1.320196610169491578e+03
1.321848587570621476e+03
1.323507344632768309e+03
1.325222598870056572e+03
1.326996610169491532e+03
1.328809039548022611e+03
1.330631638418079092e+03
1.332458757062147015e+03
1.334275706214689308e+03
1.336058757062146924e+03
1.337777401129943428e+03
1.339421468926553644e+03
1.340950282485875505e+03
1.342388700564971714e+03
1.343683615819209081e+03
1.344855367231638411e+03
1.345879096045197684e+03
1.346716384180791010e+03
1.347352542372881317e+03
1.347745762711864245e+03
1.347866666666666788e+03
1.347694915254237230e+03
1.347233898305084494e+03
1.346470056497174937e+03
1.345776271186440681e+03
1.345229378531073507e+03
1.344853107344632690e+03
1.344628248587570624e+03
1.344606779661016844e+03
1.344792090395480045e+03
1.345198870056497071e+03
1.345836158192090352e+03
1.346677966101694892e+03
1.347684745762711827e+03
1.348770621468926493e+03
1.349888135593220341e+03
1.350946892655367265e+03
1.351880225988700658e+03
1.352640677966101748e+03
1.353181920903954961e+03
1.353488135593220250e+03
1.353578531073446356e+03
1.353476836158192100e+03
1.353210169491525448e+03
1.352835028248587605e+03
1.352372881355932350e+03
1.351854237288135664e+03
1.351328813559322043e+03
1.350811299435028332e+03
1.350338983050847673e+03
1.349955932203389921e+03
1.349663276836158275e+03
1.349499435028248627e+03
1.349480225988700568e+03
1.349615819209039500e+03
1.349893785310734529e+03
1.350298305084745607e+03
1.350731073446327628e+03
1.350787570621469058e+03
1.350455367231638547e+03
1.349731073446327855e+03
1.348758192090395369e+03
1.347636158192090534e+03
1.346342372881355914e+03
1.344853107344632917e+03
1.343163841807909648e+03
1.341236158192090443e+03
1.339101694915254257e+03
1.336788700564971805e+03
1.334291525423728672e+03
1.331656497175141340e+03
1.328922033898305017e+03
1.326114124293785380e+03
1.323264406779660931e+03
1.320440677966101703e+03
1.317666666666666742e+03
1.314971751412429512e+03
1.312395480225988649e+03
1.309980790960451941e+03
1.307762711864406810e+03
1.305772881355932213e+03
1.304056497175141203e+03
1.302596610169491669e+03
1.301393220338982928e+03
1.300449717514124131e+03
1.299735593220339069e+03
1.299239548022598683e+03
1.298957062146892667e+03
1.298880225988700431e+03
1.298979661016949194e+03
1.299282485875706243e+03
1.299804519774011396e+03
1.300550282485875641e+03
1.301576271186440863e+03
1.302911864406779841e+03
1.304574011299435142e+03
1.306312994350282452e+03
1.308088135593220386e+03
1.309933333333333394e+03
1.311820338983050988e+03
1.313760451977401090e+03
1.315711864406779796e+03
1.317682485875706107e+03
1.319641807909604495e+03
1.321552542372881362e+03
1.323421468926553644e+03
1.325204519774011260e+03
1.326885875706214847e+03
1.328458757062147015e+03
1.329923163841807764e+03
1.331268926553672372e+03
1.332439548022598956e+03
1.333442937853107424e+03
1.334229378531073507e+03
1.334764971751412531e+03
1.335038418079096118e+03
1.335000000000000000e+03
1.334685875706215029e+03
1.334082485875706425e+03
1.333606779661017072e+03
1.333284745762711964e+03
1.333129943502824972e+03
1.333144632768361589e+03
1.333378531073446538e+03
1.333832768361581884e+03
1.334498305084745880e+03
1.335385310734463474e+03
1.336467796610169444e+03
1.337675706214689399e+03
1.338950282485875505e+03
1.340201129943502792e+03
1.341366101694915415e+03
1.342357062146892531e+03
1.343167231638418116e+03
1.343757062146892622e+03
1.344120903954802088e+03
1.344272316384180840e+03
1.344254237288135755e+03
1.344087005649717412e+03
1.343806779661017117e+03
1.343456497175141067e+03
1.343054237288135482e+03
1.342665536723163768e+03
1.342296045197740114e+03
1.342002259887005721e+03
1.341777401129943655e+03
1.341650847457627151e+03
1.341681355932203587e+03
1.341851977401130171e+03
1.342171751412429558e+03
1.342628248587570852e+03
1.343211299435028195e+03
1.343533333333333303e+03
1.343484745762712009e+03
1.343066666666666833e+03
1.342231638418079228e+03
1.341098305084745789e+03
1.339815819209039546e+03
1.338331073446327991e+03
1.336672316384180931e+03
1.334786440677966311e+03
1.332688135593220522e+03
1.330376271186440817e+03
1.327888135593220341e+03
1.325249717514124313e+03
1.322508474576271510e+03
1.319673446327683678e+03
1.316790960451977298e+03
1.313898305084745971e+03
1.311019209039548059e+03
1.308220338983051079e+03
1.305509604519774257e+03
1.302942372881356050e+03
1.300564971751412486e+03
1.298411299435028468e+03
1.296496045197740159e+03
1.294859887005649853e+03
1.293473446327683632e+03
1.292349152542373076e+03
1.291473446327683632e+03
1.290835028248587605e+03
1.290415819209039455e+03
1.290174011299435051e+03
1.290136723163841907e+03
1.290312994350282452e+03
1.290670056497175210e+03
1.291257627118643995e+03
1.292112994350282406e+03
1.293256497175141249e+03
1.294715254237288264e+03
1.296394350282485902e+03
1.298138983050847401e+03
1.299928813559322180e+03
1.301750282485875687e+03
1.303655367231638593e+03
1.305596610169491669e+03
1.307558192090395551e+03
1.309512994350282497e+03
1.311458757062147015e+03
1.313361581920903973e+03
1.315178531073446493e+03
1.316922033898305472e+03
1.318574011299435369e+03
1.320092655367231828e+03
1.321494915254237640e+03
1.322761581920904064e+03
1.323851977401130171e+03
1.324732203389830602e+03
1.325361581920903973e+03
1.325745762711864700e+03
1.325841807909604540e+03
1.325623728813559410e+03
1.325116384180791101e+03
1.324503954802260068e+03
1.324059887005649671e+03
1.323767231638418252e+03
1.323635028248587787e+03
1.323715254237288264e+03
1.323995480225989013e+03
1.324512994350282497e+03
1.325249717514124313e+03
1.326211299435028195e+03
1.327323163841807855e+03
1.328555932203390057e+03
1.329805649717514370e+03
1.331001129943503202e+03
1.332083615819209172e+03
1.332979661016949194e+03
1.333689265536723269e+03
1.334179661016949240e+03
1.334440677966101703e+03
1.334515254237288218e+03
1.334418079096045403e+03
1.334202259887005766e+03
1.333873446327683723e+03
1.333497175141243133e+03
1.333099435028248763e+03
1.332706214689265835e+03
1.332350282485876050e+03
1.332073446327683769e+03
1.331875706214689444e+03
1.331813559322034052e+03
1.331899435028248718e+03
1.332120903954802316e+03
1.332489265536723224e+03
1.332972881355932259e+03
1.333508474576271283e+03
1.333670056497175210e+03
1.333428248587570579e+03
1.332790960451977526e+03
1.331801129943502929e+03
1.330685875706214802e+03
1.329406779661017026e+03
1.327937853107344836e+03
1.326271186440678093e+03
1.324398870056497344e+03
1.322332203389830738e+03
1.320077966101694983e+03
1.317647457627118911e+03
1.315097175141243042e+03
1.312438418079096209e+03
1.309705084745763088e+03
1.306952542372881453e+03
1.304219209039548332e+03
1.301511864406779978e+03
1.298903954802260159e+03
1.296410169491525721e+03
1.294079096045197957e+03
1.291954802259887174e+03
1.290067796610169808e+03
1.288450847457627333e+03
1.287105084745762724e+03
1.286012429378531124e+03
1.285171751412429558e+03
1.284563841807909739e+03
1.284198870056497526e+03
1.284049717514124495e+03
1.284094915254237549e+03
1.284348022598870330e+03
1.284792090395480500e+03
1.285451977401130080e+03
1.286360451977401453e+03
1.287563841807909739e+03
1.289067796610169808e+03
1.290847457627118729e+03
1.292640677966101975e+03
1.294471186440678139e+03
1.296346892655367355e+03
1.298253107344633008e+03
1.300190960451977844e+03
1.302140112994350602e+03
1.304094915254237549e+03
1.306019209039548286e+03
1.307912994350282816e+03
1.309731073446327855e+03
1.311458757062147015e+03
1.313077966101694983e+03
1.314579661016949558e+03
1.315971751412429512e+03
1.317224858757062520e+03
1.318299435028248809e+03
1.319203389830508740e+03
1.319857627118644359e+03
1.320251977401130262e+03
1.320372881355932577e+03
1.320198870056497526e+03
1.319716384180791238e+03
1.318938983050847582e+03
1.318233898305085177e+03
1.317675706214689626e+03
1.317301694915254757e+03
1.317123163841808264e+03
1.317145762711864791e+03
1.317409039548022974e+03
1.317908474576271601e+03
1.318623728813559410e+03
1.319540112994350466e+03
1.320601129943503111e+03
1.321727683615819615e+03
1.322847457627118956e+03
1.323900564971751919e+03
1.324816949152542747e+03
1.325536723163841998e+03
1.326038418079096346e+03
1.326328813559322498e+03
1.326425988700565313e+03
1.326327683615819524e+03
1.326094915254237549e+03
1.325754802259887128e+03
1.325333333333333712e+03
1.324872316384180976e+03
1.324413559322034189e+03
1.323945762711864745e+03
1.323555932203390057e+03
1.323246327683616073e+03
1.323042937853107787e+03
1.322969491525424019e+03
1.323056497175141430e+03
1.323272316384181067e+03
1.323631638418079319e+03
1.324115254237288582e+03
1.324532203389831011e+03
1.324550282485876096e+03
1.324187570621469376e+03
1.323402259887006039e+03
1.322406779661017254e+03
1.321232768361582202e+03
1.319888135593220568e+03
1.318346892655367583e+03
1.316584180790960772e+03
1.314613559322034234e+03
1.312433898305084995e+03
1.310094915254237549e+03
1.307577401129943610e+03
1.304945762711864745e+03
1.302213559322034143e+03
1.299422598870056845e+03
1.296620338983051170e+03
1.293813559322034052e+03
1.291047457627119002e+03
1.288386440677966675e+03
1.285851977401130398e+03
1.283488135593220704e+03
1.281341242937853622e+03
1.279429378531073780e+03
1.277786440677966539e+03
1.276398870056497344e+03
1.275253107344633008e+03
1.274348022598870330e+03
1.273682485875706561e+03
1.273220338983051079e+03
1.272967231638418525e+03
1.272880225988700886e+03
1.272996610169491760e+03
1.273328813559322271e+03
1.273881355932203633e+03
1.274685875706215029e+03
1.275776271186440908e+03
1.277186440677966402e+03
1.278818079096045494e+03
1.280473446327683860e+03
1.282154802259887219e+03
1.283884745762712100e+03
1.285664406779661249e+03
1.287455367231638775e+03
1.289281355932203724e+03
1.291096045197740295e+03
1.292909604519774348e+03
1.294657627118644314e+03
1.296324293785311056e+03
1.297916384180791283e+03
1.299397740112994597e+03
1.300794350282485993e+03
1.302066666666666833e+03
1.303197740112994779e+03
1.304168361581921090e+03
1.304941242937853531e+03
1.305466666666666697e+03
1.305729943502825108e+03
1.305708474576271328e+03
1.305419209039548150e+03
1.304825988700565176e+03
1.304189830508474643e+03
1.303702824858757140e+03
1.303368361581920908e+03
1.303219209039548105e+03
1.303272316384180840e+03
1.303554802259887083e+03
1.304057627118644177e+03
1.304794350282485993e+03
1.305751412429378888e+03
1.306874576271186470e+03
1.308116384180791101e+03
1.309384180790960727e+03
1.310624858757062384e+03
1.311748022598870193e+03
1.312702824858757140e+03
1.313466666666666924e+03
1.314005649717514189e+03
1.314334463276836232e+03
1.314496045197740159e+03
1.314496045197740159e+03
1.314359322033898479e+03
1.314124293785310783e+03
1.313820338983050988e+03
1.313499435028248627e+03
1.313192090395480363e+03
1.312903954802259932e+03
1.312707344632768354e+03
1.312609039548022793e+03
1.312625988700565131e+03
1.312798870056497208e+03
1.313110734463276913e+03
1.313581920903955051e+03
1.314161581920904155e+03
1.314851977401130171e+03
1.315262146892655437e+03
1.315303954802259796e+03
1.314937853107344608e+03
1.314143502824858842e+03
1.312892655367231782e+03
1.311480225988700568e+03
1.309866666666666788e+03
1.308051977401129989e+03
1.306028248587570488e+03
1.303777401129943655e+03
1.301351412429378797e+03
1.298751412429378661e+03
1.296005649717514189e+03
1.293149152542373031e+03
1.290238418079095936e+03
1.287265536723163905e+03
1.284292655367231873e+03
1.281357062146892531e+03
1.278472316384180886e+03
1.275709604519774075e+03
1.273101694915254484e+03
1.270703954802259886e+03
1.268525423728813621e+03
1.266606779661017299e+03
1.264955932203390148e+03
1.263555932203390057e+03
1.262409039548022520e+03
1.261520903954802179e+03
1.260850847457626969e+03
1.260385310734463246e+03
1.260136723163841907e+03
1.260076836158192009e+03
1.260229378531073507e+03
1.260597740112994416e+03
1.261223728813559319e+03
1.262111864406779659e+03
1.263298305084745834e+03
1.264844067796610261e+03
1.266693785310734484e+03
1.268581920903954824e+03
1.270528813559322089e+03
1.272517514124293939e+03
1.274567231638417979e+03
1.276628248587570624e+03
1.278728813559322134e+03
1.280837288135593326e+03
1.282910734463276867e+03
1.284918644067796777e+03
1.286853107344632690e+03
1.288707344632768354e+03
1.290463276836158002e+03
1.292131073446327719e+03
1.293662146892655528e+03
1.295039548022598865e+03
1.296213559322033689e+03
1.297174011299435051e+03
1.297875706214689217e+03
1.298287005649717457e+03
1.298423728813559137e+03
1.298284745762711964e+03
1.297846327683615755e+03
1.297201129943502792e+03
1.296691525423728763e+03
1.296345762711864609e+03
1.296184180790960454e+03
1.296227118644068014e+03
1.296514124293785244e+03
1.297023728813559501e+03
1.297737853107344563e+03
1.298659887005649807e+03
1.299706214689265380e+03
1.300838418079095845e+03
1.301971751412429512e+03
1.303036158192090397e+03
1.303935593220338887e+03
1.304663276836158275e+03
1.305185310734463201e+03
1.305497175141243133e+03
1.305610169491525539e+03
1.305534463276836050e+03
1.305306214689265516e+03
1.304977401129943473e+03
1.304572881355932168e+03
1.304103954802259750e+03
1.303632768361581839e+03
1.303171751412429330e+03
1.302787570621468831e+03
1.302467796610169216e+03
1.302261016949152236e+03
1.302180790960451759e+03
1.302264406779660931e+03
1.302498305084745652e+03
1.302855367231638411e+03
1.303338983050847219e+03
1.303806779661016662e+03
1.303897175141242769e+03
1.303602259887005403e+03
1.302898305084745516e+03
1.301862146892655346e+03
1.300680225988700386e+03
1.299332203389830283e+03
1.297767231638418252e+03
1.295996610169491305e+03
1.294009039548022429e+03
1.291815819209039546e+03
1.289447457627118638e+03
1.286927683615819205e+03
1.284270056497175119e+03
1.281507344632768309e+03
1.278671186440677957e+03
1.275819209039547786e+03
1.272961581920903882e+03
1.270146892655367083e+03
1.267430508474576072e+03
1.264839548022598592e+03
1.262418079096044949e+03
1.260205649717514007e+03
1.258239548022598683e+03
1.256533333333333303e+03
1.255074576271186288e+03
1.253865536723163814e+03
1.252908474576271146e+03
1.252209039548022702e+03
1.251716384180791010e+03
1.251413559322033962e+03
1.251328813559322043e+03
1.251421468926553644e+03
1.251732203389830374e+03
1.252268926553672372e+03
1.253081355932203223e+03
1.254168361581920863e+03
1.255568361581920726e+03
1.257319774011299160e+03
1.259207909604519728e+03
1.261128813559321770e+03
1.263092655367231600e+03
1.265077966101694756e+03
1.267112994350282406e+03
1.269169491525423609e+03
1.271229378531073507e+03
1.273265536723163677e+03
1.275245197740112872e+03
1.277145762711864336e+03
1.278963841807909375e+03
1.280687005649717548e+03
1.282312994350282452e+03
1.283812429378530851e+03
1.285163841807909421e+03
1.286318644067796413e+03
1.287277966101694801e+03
1.287993220338983065e+03
1.288437288135593008e+03
1.288598870056497162e+03
1.288454237288135573e+03
1.288030508474576209e+03
1.287306214689265516e+03
1.286620338983050715e+03
1.286068926553672327e+03
1.285688135593220295e+03
1.285502824858756867e+03
1.285526553672316368e+03
1.285775141242937707e+03
1.286256497175141249e+03
1.286928813559321952e+03
1.287775141242937707e+03
1.288727683615818933e+03
1.289703954802259886e+03
1.290653107344632645e+03
1.291488135593220250e+03
1.292160451977400953e+03
1.292631638418079092e+03
1.292901694915254211e+03
1.292970621468926538e+03
1.292844067796610034e+03
1.292561581920903791e+03
1.292146892655367083e+03
1.291624858757062157e+03
1.291037288135593144e+03
1.290447457627118638e+03
1.289844067796610034e+03
1.289280225988700522e+03
1.288788700564971805e+03
1.288398870056497117e+03
1.288140112994350147e+03
1.288033898305084676e+03
1.288055367231638229e+03
1.288236158192090443e+03
1.288558192090395323e+03
1.288972881355932032e+03
1.289515254237287991e+03
1.289766101694915051e+03
1.289612429378531033e+03
1.289044067796609852e+03
1.288036158192090397e+03
1.286851977401129716e+03
1.285493785310734438e+03
1.283912994350282133e+03
1.282119774011299342e+03
1.280101694915254257e+03
1.277885875706214620e+03
1.275491525423728945e+03
1.272945762711864518e+03
1.270273446327683814e+03
1.267516384180791192e+03
1.264715254237288264e+03
1.261872316384180976e+03
1.259059887005649671e+03
1.256276836158192054e+03
1.253622598870056436e+03
1.251100564971751510e+03
1.248767231638418025e+03
1.246651977401129898e+03
1.244767231638418252e+03
1.243136723163841907e+03
1.241762711864406810e+03
1.240622598870056663e+03
1.239749152542372940e+03
1.239064406779661113e+03
1.238610169491525539e+03
1.238335593220338978e+03
1.238251977401130262e+03
1.238364971751412668e+03
1.238679096045198094e+03
1.239248587570621567e+03
1.240077966101695210e+03
1.241204519774011487e+03
1.242640677966101975e+03
1.244357062146892758e+03
1.246097175141243042e+03
1.247933333333333394e+03
1.249824858757062430e+03
1.251780790960452123e+03
1.253790960451977526e+03
1.255850847457627196e+03
1.257916384180791056e+03
1.259963841807909830e+03
1.262000000000000227e+03
1.263981920903955142e+03
1.265912994350282588e+03
1.267776271186440908e+03
1.269544632768361680e+03
1.271198870056497299e+03
1.272738983050847764e+03
1.274098305084745789e+03
1.275233898305084949e+03
1.276159322033898434e+03
1.276819209039548014e+03
1.277212429378531169e+03
1.277328813559322043e+03
1.277167231638418116e+03
1.276723163841807946e+03
1.276285875706214711e+03
1.275987570621468876e+03
1.275864406779661294e+03
1.275952542372881453e+03
1.276275706214689308e+03
1.276820338983050988e+03
1.277587570621469013e+03
1.278541242937853212e+03
1.279640677966101975e+03
1.280810169491525585e+03
1.281989830508474824e+03
1.283079096045197730e+03
1.284035028248587651e+03
1.284798870056497208e+03
1.285354802259887038e+03
1.285717514124293984e+03
1.285873446327683723e+03
1.285830508474576618e+03
1.285632768361582066e+03
1.285324293785310829e+03
1.284922033898305017e+03
1.284468926553672190e+03
1.283988700564971623e+03
1.283506214689265562e+03
1.283080225988700477e+03
1.282716384180791010e+03
1.282465536723163950e+03
1.282336723163841953e+03
1.282358192090395505e+03
1.282520903954802407e+03
1.282823728813559455e+03
1.283254237288135755e+03
1.283769491525423746e+03
1.284044067796610307e+03
1.283931073446327900e+03
1.283437288135593235e+03
1.282514124293785471e+03
1.281401129943502838e+03
1.280097175141243042e+03
1.278593220338982974e+03
1.276864406779661067e+03
1.274926553672316459e+03
1.272800000000000182e+03
1.270454237288135573e+03
1.267936723163841634e+03
1.265267796610169398e+03
1.262491525423728945e+03
1.259636158192090306e+03
1.256723163841807946e+03
1.253804519774011396e+03
1.250903954802260159e+03
1.248072316384180795e+03
1.245340112994350420e+03
1.242779661016949149e+03
1.240412429378531215e+03
1.238262146892655437e+03
1.236357062146892531e+03
1.234673446327683678e+03
1.233264406779661158e+03
1.232081355932203451e+03
1.231108474576271192e+03
1.230354802259887038e+03
1.229810169491525357e+03
1.229430508474576527e+03
1.229257627118644223e+03
1.229289265536723178e+03
1.229543502824858933e+03
1.230055367231638684e+03
1.230842937853107287e+03
1.231946892655367265e+03
1.233389830508474688e+03
1.235004519774011442e+03
1.236676836158192145e+03
1.238400000000000091e+03
1.240184180790960454e+03
1.242007909604519682e+03
1.243890395480226061e+03
1.245790960451977526e+03
1.247676836158192145e+03
1.249538983050847492e+03
1.251348022598870102e+03
1.253103954802259977e+03
1.254805649717514370e+03
1.256404519774011533e+03
1.257922033898305244e+03
1.259310734463276731e+03
1.260536723163841998e+03
1.261576271186440636e+03
1.262364971751412668e+03
1.262907344632768400e+03
1.263192090395480363e+03
1.263203389830508513e+03
1.262941242937853076e+03
1.262388700564971941e+03
1.261836158192090352e+03
1.261432768361582021e+03
1.261178531073446493e+03
1.261119774011299569e+03
1.261257627118644450e+03
1.261624858757062157e+03
1.262228248587570761e+03
1.263029378531073689e+03
1.263993220338983292e+03
1.265066666666666606e+03
1.266176271186440772e+03
1.267221468926553825e+03
1.268159322033898206e+03
1.268949152542372985e+03
1.269549152542373122e+03
1.269916384180791056e+03
1.270076836158192236e+03
1.270028248587570943e+03
1.269807909604519864e+03
1.269431638418079274e+03
1.268951412429378706e+03
1.268392090395480409e+03
1.267777401129943655e+03
1.267149152542373031e+03
1.266549152542372894e+03
1.266001129943502747e+03
1.265541242937853440e+03
1.265184180790960454e+03
1.264976271186440499e+03
1.264915254237288082e+03
1.264985310734463383e+03
1.265169491525423609e+03
1.265474576271186379e+03
1.265870056497175028e+03
1.266102824858757003e+03
1.265940112994350329e+03
1.265360451977401226e+03
1.264506214689265562e+03
1.263467796610169444e+03
1.262258757062146742e+03
1.260841807909604540e+03
1.259203389830508513e+03
1.257354802259887038e+03
1.255287005649717457e+03
1.253037288135593371e+03
1.250622598870056436e+03
1.248082485875706197e+03
1.245447457627118638e+03
1.242742372881356005e+03
1.240002259887005494e+03
1.237246327683615846e+03
1.234551412429378615e+03
1.231928813559321952e+03
1.229447457627118638e+03
1.227161581920903927e+03
1.225066666666666606e+03
1.223206779661016981e+03
1.221584180790960545e+03
1.220201129943503020e+03
1.219072316384180795e+03
1.218167231638418343e+03
1.217477966101695074e+03
1.216977401129943701e+03
1.216693785310734484e+03
1.216580790960452077e+03
1.216658757062146833e+03
1.216961581920904109e+03
1.217489265536723224e+03
1.218275706214689308e+03
1.219340112994350420e+03
1.220731073446327855e+03
1.222412429378531215e+03
1.224153672316384245e+03
1.225933333333333394e+03
1.227776271186440681e+03
1.229680225988700386e+03
1.231628248587570852e+03
1.233612429378531033e+03
1.235604519774011351e+03
1.237586440677966266e+03
1.239544632768361680e+03
1.241436158192090716e+03
1.243290395480225925e+03
1.245079096045197730e+03
1.246784180790960363e+03
1.248393220338983156e+03
1.249874576271186470e+03
1.251192090395480363e+03
1.252307344632768491e+03
1.253196610169491578e+03
1.253827118644067923e+03
1.254211299435028195e+03
1.254322033898305108e+03
1.254193220338983110e+03
1.253779661016949149e+03
1.253361581920903973e+03
1.253087005649717412e+03
1.252980790960451941e+03
1.253075706214689490e+03
1.253401129943502838e+03
1.253957062146892667e+03
1.254738983050847537e+03
1.255706214689265607e+03
1.256805649717514370e+03
1.257975141242937980e+03
1.259146892655367310e+03
1.260244067796610125e+03
1.261216949152542384e+03
1.261997740112994506e+03
1.262577401129943610e+03
1.262938983050847582e+03
1.263093785310734575e+03
1.263053107344632735e+03
1.262864406779661067e+03
1.262553672316384336e+03
1.262109604519774166e+03
1.261621468926553916e+03
1.261075706214689262e+03
1.260549152542373122e+03
1.260056497175141430e+03
1.259633898305085040e+03
1.259327683615819296e+03
1.259127683615819251e+03
1.259061016949152645e+03
1.259131073446327719e+03
1.259344632768361407e+03
1.259672316384180704e+03
1.260091525423728854e+03
1.260227118644067559e+03
1.259996610169491532e+03
1.259369491525423655e+03
1.258548022598869920e+03
1.257564971751412486e+03
1.256422598870056390e+03
1.255080225988700477e+03
1.253525423728813621e+03
1.251759322033898570e+03
1.249781920903954870e+03
1.247620338983050715e+03
1.245294915254237367e+03
1.242830508474576163e+03
1.240241807909604404e+03
1.237577401129943610e+03
1.234866666666666788e+03
1.232129943502824744e+03
1.229413559322033962e+03
1.226770621468926493e+03
1.224254237288135755e+03
1.221876836158191963e+03
1.219691525423728763e+03
1.217720903954802225e+03
1.215978531073446447e+03
1.214488135593220250e+03
1.213247457627118592e+03
1.212238418079095936e+03
1.211442937853107196e+03
1.210863276836158093e+03
1.210458757062147015e+03
1.210225988700564812e+03
1.210174011299434824e+03
1.210332203389830283e+03
1.210693785310734256e+03
1.211296045197740114e+03
1.212168361581920863e+03
1.213342372881355914e+03
1.214659887005649580e+03
1.216006779661016935e+03
1.217393220338983156e+03
1.218848587570621476e+03
1.220368361581920908e+03
1.221953672316384200e+03
1.223597740112994416e+03
1.225261016949152463e+03
1.226929943502824926e+03
1.228580790960451850e+03
1.230223728813559319e+03
1.231814689265536799e+03
1.233360451977401226e+03
1.234846327683615982e+03
1.236249717514124313e+03
1.237552542372881362e+03
1.238710734463276822e+03
1.239701694915254166e+03
1.240466666666666697e+03
1.241028248587570715e+03
1.241331073446327764e+03
1.241395480225988649e+03
1.241207909604519955e+03
1.240761581920904064e+03
1.240289265536723178e+03
1.239970621468926538e+03
1.239813559322034052e+03
1.239835028248587605e+03
1.240067796610169580e+03
1.240529943502824835e+03
1.241206779661016981e+03
1.242099435028248536e+03
1.243158192090395460e+03
1.244326553672316322e+03
1.245529943502824608e+03
1.246681355932203360e+03
1.247744632768361498e+03
1.248640677966101521e+03
1.249344632768361635e+03
1.249822598870056481e+03
1.250101694915254257e+03
1.250170621468926583e+03
1.250054237288135482e+03
1.249805649717514370e+03
1.249422598870056390e+03
1.248953672316384200e+03
1.248430508474576300e+03
1.247898305084745971e+03
1.247364971751412213e+03
1.246875706214689217e+03
1.246494915254237412e+03
1.246206779661016981e+03
1.246047457627118547e+03
1.246027118644067741e+03
1.246126553672316277e+03
1.246363841807909466e+03
1.246706214689265380e+03
1.247136723163841907e+03
1.247215819209039637e+03
1.246914124293785335e+03
1.246207909604519728e+03
1.245345762711864154e+03
1.244320903954802361e+03
1.243114124293785153e+03
1.241718644067796504e+03
1.240114124293785153e+03
1.238297175141242860e+03
1.236283615819208990e+03
1.234083615819208944e+03
1.231746892655366992e+03
1.229283615819208990e+03
1.226717514124293757e+03
1.224087005649717412e+03
1.221413559322033962e+03
1.218733333333333121e+03
1.216106214689265471e+03
1.213569491525423473e+03
1.211158192090395460e+03
1.208927683615819205e+03
1.206899435028248718e+03
1.205115254237288127e+03
1.203551412429378615e+03
1.202233898305084949e+03
1.201161581920904155e+03
1.200334463276836232e+03
1.199720903954802225e+03
1.199291525423728672e+03
1.199041807909604358e+03
1.198983050847457434e+03
1.199101694915254257e+03
1.199435028248587514e+03
1.199980790960451941e+03
1.200780790960451895e+03
1.201867796610169535e+03
1.203261016949152690e+03
1.204868926553672281e+03
1.206503954802260068e+03
1.208222598870056572e+03
1.209978531073446447e+03
1.211809039548022611e+03
1.213692655367231509e+03
1.215644067796610216e+03
1.217581920903954824e+03
1.219514124293785244e+03
1.221428248587570579e+03
1.223285875706214711e+03
1.225101694915254029e+03
1.226873446327683496e+03
1.228572881355932168e+03
1.230151412429378524e+03
1.231611299435028286e+03
1.232902824858756958e+03
1.233986440677966129e+03
1.234836158192090352e+03
1.235427118644067832e+03
1.235770621468926493e+03
1.235853107344632690e+03
1.235670056497174983e+03
1.235190960451977389e+03
1.234802259887005675e+03
1.234577401129943382e+03
1.234544632768361453e+03
1.234717514124293530e+03
1.235088135593220159e+03
1.235716384180791010e+03
1.236567231638417979e+03
1.237603389830508377e+03
1.238777401129943428e+03
1.240047457627118547e+03
1.241328813559322043e+03
1.242527683615819114e+03
1.243594350282485721e+03
1.244507344632768309e+03
1.245201129943502565e+03
1.245703954802259886e+03
1.245983050847457434e+03
1.246081355932203223e+03
1.245996610169491305e+03
1.245776271186440681e+03
1.245457627118643813e+03
1.245047457627118547e+03
1.244586440677966038e+03
1.244138983050847401e+03
1.243709604519774075e+03
1.243350282485875596e+03
1.243098305084745789e+03
1.242954802259886947e+03
1.242955932203389693e+03
1.243062146892655164e+03
1.243293785310734393e+03
1.243657627118644086e+03
1.244103954802259977e+03
1.244414689265536708e+03
1.244353672316384291e+03
1.243891525423728808e+03
1.243066666666666606e+03
1.242099435028248536e+03
1.240949152542372758e+03
1.239614689265536526e+03
1.238097175141242815e+03
1.236362711864406720e+03
1.234433898305084540e+03
1.232297175141242860e+03
1.230005649717514189e+03
1.227570621468926674e+03
1.225031638418079183e+03
1.222415819209039455e+03
1.219723163841807718e+03
1.217015819209039364e+03
1.214320903954802134e+03
1.211698305084745698e+03
1.209169491525423382e+03
1.206802259887005675e+03
1.204629378531073371e+03
1.202647457627118683e+03
1.200922033898305017e+03
1.199438418079096209e+03
1.198194350282486084e+03
1.197186440677966175e+03
1.196414689265536708e+03
1.195835028248587605e+03
1.195435028248587514e+03
1.195237288135593190e+03
1.195218079096045130e+03
1.195403389830508331e+03
1.195805649717514143e+03
1.196441807909604449e+03
1.197359322033898479e+03
1.198562711864406992e+03
1.200019209039548059e+03
1.201482485875706288e+03
1.202976271186440727e+03
1.204523163841807900e+03
1.206119774011299342e+03
1.207754802259887128e+03
1.209437288135593235e+03
1.211131073446327719e+03
1.212824858757062202e+03
1.214501694915254120e+03
1.216142372881356096e+03
1.217735593220339069e+03
1.219275706214689308e+03
1.220732203389830602e+03
1.222118644067796595e+03
1.223374011299435097e+03
1.224497175141243133e+03
1.225431638418079274e+03
1.226154802259887219e+03
1.226622598870056663e+03
1.226859887005649853e+03
1.226846327683615982e+03
1.226584180790960545e+03
1.226050847457627242e+03
1.225424858757062111e+03
1.224936723163841862e+03
1.224609039548022793e+03
1.224474576271186379e+03
1.224546892655367174e+03
1.224865536723163814e+03
1.225414689265536708e+03
1.226174011299435051e+03
1.227099435028248536e+03
1.228134463276836186e+03
1.229225988700565040e+03
1.230282485875706243e+03
1.231255367231638502e+03
1.232073446327683541e+03
1.232709604519774075e+03
1.233141242937853349e+03
1.233361581920903973e+03
1.233378531073446538e+03
1.233230508474576482e+03
1.232923163841807991e+03
1.232502824858757094e+03
1.231977401129943701e+03
1.231404519774011533e+03
1.230809039548022611e+03
1.230206779661016981e+03
1.229665536723163996e+03
1.229214689265536890e+03
1.228861016949152599e+03
1.228648587570621430e+03
1.228562711864406992e+03
1.228616949152542475e+03
1.228790960451977526e+03
1.229081355932203223e+03
1.229457627118644268e+03
1.229543502824858933e+03
1.229246327683616073e+03
1.228569491525423928e+03
1.227762711864406810e+03
1.226797740112994688e+03
1.225621468926553689e+03
1.224267796610169626e+03
1.222711864406780023e+03
1.220942372881356050e+03
1.218962711864407083e+03
1.216807909604519864e+03
1.214492655367231691e+03
1.212038418079096118e+03
1.209485875706214756e+03
1.206842937853107287e+03
1.204161581920904155e+03
1.201465536723163950e+03
1.198792090395480272e+03
1.196215819209039637e+03
1.193754802259887128e+03
1.191448587570621385e+03
1.189336723163841725e+03
1.187459887005649762e+03
1.185801129943502929e+03
1.184406779661017026e+03
1.183248587570621339e+03
1.182301694915254302e+03
1.181585310734463292e+03
1.181051977401129989e+03
1.180699435028248672e+03
1.180541242937852985e+03
1.180571751412429421e+03
1.180810169491525357e+03
1.181273446327683814e+03
1.181998870056497253e+03
1.183011299435028377e+03
1.184324293785310829e+03
1.185742372881356005e+03
1.187201129943502792e+03
1.188714124293785289e+03
1.190265536723163905e+03
1.191908474576271146e+03
1.193593220338982974e+03
1.195315254237288173e+03
1.197038418079096118e+03
1.198768361581920999e+03
1.200482485875706061e+03
1.202169491525423837e+03
1.203803389830508422e+03
1.205384180790960500e+03
1.206929943502824699e+03
1.208363841807909694e+03
1.209687005649717548e+03
1.210829378531073417e+03
1.211788700564971805e+03
1.212525423728813621e+03
1.213036158192090397e+03
1.213317514124293666e+03
1.213334463276836232e+03
1.213119774011299342e+03
1.212614689265536526e+03
1.212177401129943519e+03
1.211915254237288082e+03
1.211821468926553734e+03
1.211961581920903882e+03
1.212311864406779705e+03
1.212916384180791056e+03
1.213757062146892622e+03
1.214796610169491487e+03
1.215985310734463383e+03
1.217253107344632781e+03
1.218543502824858933e+03
1.219785310734463337e+03
1.220908474576271146e+03
1.221862146892655346e+03
1.222628248587570397e+03
1.223201129943502792e+03
1.223548022598869920e+03
1.223727683615819160e+03
1.223715254237288264e+03
1.223578531073446356e+03
1.223341242937853167e+03
1.223020338983050806e+03
1.222650847457627151e+03
1.222273446327683814e+03
1.221924293785310738e+03
1.221646327683615709e+03
1.221464406779660976e+03
1.221406779661017026e+03
1.221481355932203314e+03
1.221691525423728763e+03
1.222029378531073462e+03
1.222476836158192100e+03
1.223016949152542566e+03
1.223410169491525266e+03
1.223419209039548150e+03
1.223045197740113053e+03
1.222240677966101885e+03
1.221132203389830465e+03
1.219857627118643904e+03
1.218395480225988649e+03
1.216741242937853258e+03
1.214874576271186470e+03
1.212797740112994461e+03
1.210533333333333303e+03
1.208111864406779659e+03
1.205528813559321861e+03
1.202839548022598819e+03
1.200061016949152418e+03
1.197203389830508286e+03
1.194319774011299614e+03
1.191444067796610170e+03
1.188622598870056663e+03
1.185902824858756958e+03
1.183322033898305108e+03
1.180933333333333394e+03
1.178777401129943428e+03
1.176832768361581884e+03
1.175133333333333212e+03
1.173691525423728763e+03
1.172489265536722996e+03
1.171505084745762588e+03
1.170715254237288264e+03
1.170125423728813530e+03
1.169731073446327628e+03
1.169525423728813621e+03
1.169531073446327582e+03
1.169737853107344563e+03
1.170192090395480136e+03
1.170909604519773893e+03
1.171931073446327446e+03
1.173289265536723178e+03
1.174985310734463155e+03
1.176737853107344563e+03
1.178559322033898297e+03
1.180430508474576300e+03
1.182353672316384063e+03
1.184342372881355914e+03
1.186355932203389784e+03
1.188370621468926402e+03
1.190372881355932122e+03
1.192353672316384063e+03
1.194282485875706016e+03
1.196183050847457707e+03
1.198024858757062248e+03
1.199798870056496980e+03
1.201453107344632826e+03
1.202957062146892440e+03
1.204258757062146742e+03
1.205355932203389784e+03
1.206215819209039637e+03
1.206837288135593099e+03
1.207196610169491578e+03
1.207332203389830283e+03
1.207171751412429330e+03
1.206689265536723269e+03
1.206228248587570533e+03
1.205940112994350102e+03
1.205830508474576163e+03
1.205935593220338887e+03
1.206265536723163677e+03
1.206831638418078910e+03
1.207601129943502656e+03
1.208561581920903791e+03
1.209628248587570397e+03
1.210724293785310692e+03
1.211807909604519637e+03
1.212802259887005448e+03
1.213657627118644086e+03
1.214341242937853167e+03
1.214804519774011169e+03
1.215079096045197730e+03
1.215151412429378524e+03
1.215030508474575981e+03
1.214767231638417798e+03
1.214378531073446084e+03
1.213908474576271146e+03
1.213372881355932122e+03
1.212809039548022611e+03
1.212229378531073507e+03
1.211716384180791010e+03
1.211285875706214711e+03
1.210978531073446447e+03
1.210796610169491487e+03
1.210758192090395369e+03
1.210850847457626969e+03
1.211068926553672327e+03
1.211385310734463474e+03
1.211797740112994461e+03
1.212197740112994325e+03
1.212231638418079001e+03
1.211849717514124222e+03
1.211015819209039364e+03
1.210021468926553553e+03
1.208828248587570670e+03
1.207446327683615891e+03
1.205882485875706152e+03
1.204107344632768445e+03
1.202131073446327719e+03
1.199972881355932259e+03
1.197657627118644086e+03
1.195213559322033689e+03
1.192659887005649580e+03
1.190032768361581930e+03
1.187352542372881317e+03
1.184658757062146833e+03
1.181990960451977344e+03
1.179419209039548150e+03
1.176968361581920817e+03
1.174661016949152781e+03
1.172561581920904018e+03
1.170693785310734256e+03
1.169063276836158138e+03
1.167692655367231737e+03
1.166552542372881362e+03
1.165656497175141340e+03
1.164971751412429512e+03
1.164488135593220250e+03
1.164180790960451986e+03
1.164057627118643950e+03
1.164152542372881271e+03
1.164433898305084767e+03
1.164937853107344381e+03
1.165696045197740204e+03
1.166737853107344563e+03
1.168099435028248536e+03
1.169665536723163768e+03
1.171274576271186561e+03
1.172931073446327673e+03
1.174648587570621430e+03
1.176435028248587514e+03
1.178268926553672372e+03
1.180141242937853121e+03
1.182030508474576436e+03
1.183908474576271146e+03
1.185770621468926493e+03
1.187610169491525539e+03
1.189415819209039682e+03
1.191175141242937798e+03
1.192871186440678002e+03
1.194485875706214756e+03
1.195959322033898388e+03
1.197272316384180840e+03
1.198394350282485902e+03
1.199290395480225925e+03
1.199959322033898388e+03
1.200385310734463246e+03
1.200569491525423928e+03
1.200503954802260068e+03
1.200152542372881499e+03
1.199465536723163950e+03
1.198916384180790828e+03
1.198560451977401272e+03
1.198380790960452032e+03
1.198431638418079274e+03
1.198711864406779569e+03
1.199229378531073507e+03
1.199942372881356050e+03
1.200811299435028332e+03
1.201769491525423746e+03
1.202744632768361498e+03
1.203667796610169489e+03
1.204482485875706061e+03
1.205148022598870057e+03
1.205646327683615937e+03
1.205926553672316459e+03
1.206013559322033871e+03
1.205910734463276867e+03
1.205613559322033780e+03
1.205220338983051079e+03
1.204708474576271328e+03
1.204120903954802543e+03
1.203467796610169671e+03
1.202818079096045494e+03
1.202201129943503020e+03
1.201657627118644314e+03
1.201221468926553825e+03
1.200897175141243224e+03
1.200710734463277049e+03
1.200666666666666970e+03
1.200743502824858751e+03
1.200935593220339342e+03
1.201236158192090443e+03
1.201613559322034007e+03
1.201751412429378661e+03
1.201506214689265562e+03
1.200832768361582112e+03
1.199949152542372985e+03
1.198911864406779841e+03
1.197672316384181158e+03
1.196227118644068014e+03
1.194576271186440863e+03
1.192690395480226243e+03
1.190625988700565131e+03
1.188390960451977662e+03
1.185986440677966129e+03
1.183454237288135573e+03
1.180795480225988740e+03
1.178059887005649898e+03
1.175270056497175119e+03
1.172482485875706288e+03
1.169718644067796731e+03
1.167038418079096118e+03
1.164488135593220250e+03
1.162101694915254484e+03
1.159919774011299523e+03
1.157934463276836368e+03
1.156183050847457707e+03
1.154662146892655528e+03
1.153375141242938071e+03
1.152283615819209217e+03
1.151386440677966220e+03
1.150658757062147060e+03
1.150127683615819478e+03
1.149767231638418252e+03
1.149594350282486175e+03
1.149625988700565131e+03
1.149883615819209354e+03
1.150403389830508786e+03
1.151209039548022702e+03
1.152329943502825245e+03
1.153776271186440681e+03
1.155279096045198003e+03
1.156835028248587832e+03
1.158470056497175392e+03
1.160178531073446720e+03
1.161931073446327900e+03
1.163723163841808173e+03
1.165533333333333530e+03
1.167343502824859115e+03
1.169149152542373031e+03
1.170932203389830647e+03
1.172687005649717776e+03
1.174423728813559592e+03
1.176075706214689490e+03
1.177655367231638593e+03
1.179076836158192236e+03
1.180332203389830738e+03
1.181385310734463474e+03
1.182227118644068014e+03
1.182837288135593553e+03
1.183231638418079456e+03
1.183376271186441045e+03
1.183256497175141476e+03
1.182828248587571125e+03
1.182512994350282725e+03
1.182332203389830738e+03
1.182335593220339433e+03
1.182538983050847719e+03
1.182971751412429512e+03
1.183640677966101975e+03
1.184500564971751601e+03
1.185537853107344745e+03
1.186684745762712055e+03
1.187890395480226289e+03
1.189055367231638684e+03
1.190149152542373031e+03
1.191080225988700704e+03
1.191835028248587605e+03
1.192389830508474915e+03
1.192735593220339069e+03
1.192859887005650080e+03
1.192811299435028559e+03
1.192588700564971987e+03
1.192215819209039637e+03
1.191753672316384382e+03
1.191196610169491578e+03
1.190600000000000364e+03
1.190002259887005948e+03
1.189447457627118638e+03
1.188962711864407083e+03
1.188585310734463292e+03
1.188343502824859115e+03
1.188213559322034143e+03
1.188216949152542611e+03
1.188350282485876050e+03
1.188581920903955051e+03
1.188893785310734529e+03
1.189309604519774439e+03
1.189485875706214983e+03
1.189267796610169626e+03
1.188637288135593508e+03
1.187729943502825108e+03
1.186625988700565358e+03
1.185322033898305335e+03
1.183818079096045494e+03
1.182096045197740295e+03
1.180172881355932532e+03
1.178037288135593371e+03
1.175741242937853258e+03
1.173300564971751555e+03
1.170728813559322361e+03
1.168058757062146924e+03
1.165324293785311056e+03
1.162545762711864654e+03
1.159781920903955097e+03
1.157094915254237549e+03
1.154503954802260068e+03
1.152058757062147151e+03
1.149797740112994688e+03
1.147731073446328082e+03
1.145893785310734756e+03
1.144314124293785426e+03
1.142957062146892895e+03
1.141829378531073871e+03
1.140907344632768627e+03
1.140174011299435278e+03
1.139627118644068105e+03
1.139263276836158411e+03
1.139079096045198185e+03
1.139090395480226107e+03
1.139322033898305563e+03
1.139804519774011624e+03
1.140568361581921181e+03
1.141646327683616164e+03
1.143053107344633190e+03
1.144529943502825063e+03
1.146098305084746244e+03
1.147753672316384382e+03
1.149501694915254575e+03
1.151319774011299614e+03
1.153181920903954961e+03
1.155089265536723360e+03
1.157021468926554007e+03
1.158978531073446675e+03
1.160937853107344836e+03
1.162883615819209354e+03
1.164825988700565404e+03
1.166732203389830829e+03
1.168563841807909967e+03
1.170297175141243315e+03
1.171901694915254666e+03
1.173308474576271692e+03
1.174520903954802634e+03
1.175534463276836505e+03
1.176332203389830738e+03
1.176909604519774348e+03
1.177229378531073735e+03
1.177287005649717685e+03
1.177047457627119002e+03
1.176684745762712282e+03
1.176483615819209490e+03
1.176494915254237640e+03
1.176708474576271556e+03
1.177152542372881726e+03
1.177829378531073871e+03
1.178691525423729217e+03
1.179709604519774530e+03
1.180797740112994688e+03
1.181911864406780069e+03
1.182980790960452396e+03
1.183940112994350784e+03
1.184733333333333576e+03
1.185334463276836686e+03
1.185733333333333576e+03
1.185920903954802725e+03
1.185915254237288536e+03
1.185733333333333576e+03
1.185387570621469422e+03
1.184924293785310965e+03
1.184364971751412668e+03
1.183725423728813894e+03
1.183081355932203678e+03
1.182442937853107651e+03
1.181866666666666788e+03
1.181375141242938298e+03
1.180997740112994734e+03
1.180744632768361953e+03
1.180627118644068105e+03
1.180627118644068105e+03
1.180719774011299705e+03
1.180919774011299523e+03
1.181205649717514461e+03
1.181284745762712191e+03
1.180968361581921272e+03
1.180352542372881544e+03
1.179603389830508604e+03
1.178685875706214802e+03
1.177571751412429649e+03
1.176238418079096391e+03
1.174708474576271328e+03
1.172960451977401362e+03
1.171011299435028377e+03
1.168880225988700658e+03
1.166597740112994643e+03
1.164169491525423837e+03
1.161610169491525539e+03
1.158969491525424019e+03
1.156273446327683814e+03
1.153580790960452305e+03
1.150910734463277095e+03
1.148320903954802361e+03
1.145847457627118729e+03
1.143524293785310874e+03
1.141402259887006039e+03
1.139498305084745880e+03
1.137833898305084858e+03
1.136390960451977662e+03
1.135179661016949467e+03
1.134171751412429330e+03
1.133361581920903973e+03
1.132732203389830602e+03
1.132264406779661158e+03
1.131990960451977571e+03
1.131898305084745971e+03
1.132009039548022884e+03
1.132358192090395733e+03
1.132950282485875960e+03
1.133825988700565176e+03
1.135010169491525630e+03
1.136355932203390012e+03
1.137757062146892849e+03
1.139204519774011260e+03
1.140724293785310920e+03
1.142314124293785426e+03
1.143953672316384200e+03
1.145629378531073598e+03
1.147328813559322043e+03
1.149025988700565222e+03
1.150710734463277049e+03
1.152378531073446538e+03
1.154047457627118547e+03
1.155685875706214802e+03
1.157265536723163905e+03
1.158764971751412304e+03
1.160127683615819251e+03
1.161317514124293893e+03
1.162308474576271237e+03
1.163107344632768445e+03
1.163688135593220522e+03
1.164053107344632735e+03
1.164184180790960454e+03
1.164054237288135482e+03
1.163655367231638365e+03
1.163240677966101657e+03
1.162978531073446447e+03
1.162881355932203405e+03
1.163019209039548059e+03
1.163370621468926629e+03
1.163926553672316459e+03
1.164716384180791010e+03
1.165656497175141340e+03
1.166716384180791010e+03
1.167823728813559455e+03
1.168919774011299523e+03
1.169936723163841862e+03
1.170812429378531078e+03
1.171507344632768763e+03
1.172004519774011442e+03
1.172291525423728899e+03
1.172367231638418161e+03
1.172248587570621567e+03
1.171966101694915324e+03
1.171532203389830556e+03
1.170984180790960636e+03
1.170343502824858888e+03
1.169661016949152781e+03
1.168963841807909830e+03
1.168297175141243088e+03
1.167699435028248899e+03
1.167194350282486084e+03
1.166811299435028332e+03
1.166551412429378615e+03
1.166416949152542657e+03
1.166396610169491851e+03
1.166481355932203542e+03
1.166644067796610216e+03
1.166891525423729036e+03
1.166915254237288309e+03
1.166562711864406992e+03
1.165986440677966129e+03
1.165263276836158411e+03
1.164343502824859115e+03
1.163236158192090670e+03
1.161932203389830647e+03
1.160404519774011533e+03
1.158675706214689399e+03
1.156789830508474779e+03
1.154726553672316641e+03
1.152524293785310874e+03
1.150170621468926583e+03
1.147714124293785517e+03
1.145189830508474870e+03
1.142649717514124632e+03
1.140114124293785608e+03
1.137639548022599229e+03
1.135263276836158411e+03
1.133009039548022884e+03
1.130955932203390148e+03
1.129098305084746016e+03
1.127479096045197821e+03
1.126081355932203678e+03
1.124910734463277095e+03
1.123958192090395642e+03
1.123186440677966402e+03
1.122618079096045221e+03
1.122227118644068014e+03
1.122002259887005948e+03
1.121945762711864518e+03
1.122082485875706425e+03
1.122436158192090488e+03
1.123014689265536617e+03
1.123854237288135664e+03
1.125006779661016935e+03
1.126261016949152690e+03
1.127568361581920954e+03
1.128952542372881453e+03
1.130415819209039455e+03
1.131946892655367265e+03
1.133562711864406992e+03
1.135232768361581975e+03
1.136938983050847582e+03
1.138664406779661022e+03
1.140395480225988649e+03
1.142160451977401181e+03
1.143920903954802270e+03
1.145681355932203587e+03
1.147427118644067832e+03
1.149106214689265471e+03
1.150676836158192145e+03
1.152103954802259977e+03
1.153384180790960500e+03
1.154483615819209035e+03
1.155398870056497344e+03
1.156105084745762724e+03
1.156609039548022793e+03
1.156876836158192191e+03
1.156876836158191963e+03
1.156605649717514098e+03
1.156290395480225925e+03
1.156150282485875778e+03
1.156209039548022702e+03
1.156489265536723224e+03
1.157000000000000000e+03
1.157740112994350511e+03
1.158674576271186424e+03
1.159761581920904064e+03
1.160929943502824926e+03
1.162118644067796595e+03
1.163283615819208990e+03
1.164348022598870102e+03
1.165247457627118820e+03
1.165966101694915324e+03
1.166485875706214756e+03
1.166778531073446402e+03
1.166875706214689217e+03
1.166810169491525585e+03
1.166593220338983201e+03
1.166228248587570761e+03
1.165757062146893077e+03
1.165229378531073507e+03
1.164661016949152781e+03
1.164097175141243042e+03
1.163577401129943610e+03
1.163143502824858842e+03
1.162820338983050988e+03
1.162632768361582293e+03
1.162543502824858933e+03
1.162592090395480454e+03
1.162736723163841816e+03
1.162978531073446447e+03
1.163290395480225925e+03
1.163437288135593462e+03
1.163184180790960454e+03
1.162569491525423928e+03
1.161815819209039546e+03
1.160907344632768400e+03
1.159789830508474552e+03
1.158501694915254120e+03
1.157010169491525630e+03
1.155311864406779932e+03
1.153414689265536708e+03
1.151335593220338978e+03
1.149112994350282634e+03
1.146751412429378661e+03
1.144255367231638502e+03
1.141693785310734711e+03
1.139068926553672327e+03
1.136432768361582021e+03
1.133825988700564949e+03
1.131299435028248581e+03
1.128888135593220341e+03
1.126616949152542475e+03
1.124552542372881362e+03
1.122688135593220295e+03
1.121054237288135482e+03
1.119647457627118456e+03
1.118457627118644041e+03
1.117466666666666697e+03
1.116657627118644086e+03
1.116035028248587651e+03
1.115579661016949103e+03
1.115291525423728899e+03
1.115175141242938025e+03
1.115242937853107378e+03
1.115532203389830556e+03
1.116059887005649671e+03
1.116877966101695165e+03
1.117992090395480318e+03
1.119169491525423837e+03
1.120395480225988877e+03
1.121671186440677957e+03
1.123020338983050806e+03
1.124447457627118638e+03
1.125927683615819205e+03
1.127436158192090716e+03
1.128986440677966129e+03
1.130533333333333303e+03
1.132088135593220386e+03
1.133653107344632872e+03
1.135197740112994552e+03
1.136731073446327628e+03
1.138223728813559546e+03
1.139629378531073598e+03
1.140883615819209354e+03
1.141995480225988786e+03
1.142923163841807991e+03
1.143644067796610216e+03
1.144164971751412395e+03
1.144479096045197821e+03
1.144554802259887083e+03
1.144366101694915415e+03
1.143905084745762906e+03
1.143592090395480227e+03
1.143438418079096209e+03
1.143458757062147015e+03
1.143682485875706334e+03
1.144143502824858842e+03
1.144825988700565176e+03
1.145731073446327855e+03
1.146804519774011396e+03
1.147989830508474597e+03
1.149235028248587696e+03
1.150461016949152736e+03
1.151635028248587560e+03
1.152646327683616164e+03
1.153511864406779750e+03
1.154172881355932304e+03
1.154629378531073598e+03
1.154867796610169535e+03
1.154936723163842089e+03
1.154831638418079365e+03
1.154560451977401272e+03
1.154175141242938025e+03
1.153696045197740204e+03
1.153145762711864563e+03
1.152576271186440863e+03
1.152039548022599092e+03
1.151552542372881589e+03
1.151162711864406901e+03
1.150887005649717594e+03
1.150724293785310920e+03
1.150685875706215029e+03
1.150755932203390103e+03
1.150924293785310965e+03
1.151176271186440772e+03
1.151500564971751601e+03
1.151514124293785471e+03
1.151112994350282861e+03
1.150484745762712009e+03
1.149700564971751646e+03
1.148758192090395823e+03
1.147618079096045449e+03
1.146284745762712191e+03
1.144750282485875914e+03
1.143029378531073689e+03
1.141108474576271419e+03
1.139022598870056527e+03
1.136795480225988968e+03
1.134436158192090716e+03
1.131966101694915324e+03
1.129416949152542657e+03
1.126838418079096300e+03
1.124251977401130262e+03
1.121743502824858751e+03
1.119326553672316550e+03
1.117028248587570943e+03
1.114920903954802498e+03
1.113009039548022884e+03
1.111334463276836232e+03
1.109889265536723315e+03
1.108665536723163996e+03
1.107653107344632872e+03
1.106833898305084858e+03
1.106210169491525676e+03
1.105766101694915506e+03
1.105494915254237412e+03
1.105416949152542657e+03
1.105526553672316595e+03
1.105854237288135892e+03
1.106411299435028468e+03
1.107229378531073507e+03
1.108358192090395733e+03
1.109734463276836323e+03
1.111145762711864563e+03
1.112619209039547968e+03
1.114152542372881499e+03
1.115732203389830602e+03
1.117372881355932350e+03
1.119061016949152645e+03
1.120770621468926720e+03
1.122489265536723451e+03
1.124214689265536890e+03
1.125938983050847582e+03
1.127659887005650035e+03
1.129379661016949285e+03
1.131057627118644177e+03
1.132674576271186652e+03
1.134163841807909648e+03
1.135532203389830556e+03
1.136717514124293757e+03
1.137720903954802225e+03
1.138542372881355959e+03
1.139133333333333439e+03
1.139517514124293939e+03
1.139675706214689399e+03
1.139567231638418207e+03
1.139155932203389966e+03
1.138723163841807946e+03
1.138467796610169444e+03
1.138409039548022520e+03
1.138590960451977480e+03
1.138998870056497253e+03
1.139641807909604495e+03
1.140491525423728945e+03
1.141497175141243133e+03
1.142604519774011351e+03
1.143743502824858751e+03
1.144864406779660840e+03
1.145888135593220341e+03
1.146770621468926720e+03
1.147474576271186379e+03
1.147989830508474597e+03
1.148288135593220431e+03
1.148400000000000091e+03
1.148336723163841953e+03
1.148094915254237321e+03
1.147717514124293757e+03
1.147238418079095936e+03
1.146675706214689399e+03
1.146082485875706197e+03
1.145487005649717503e+03
1.144935593220338887e+03
1.144446327683615891e+03
1.144085875706214665e+03
1.143836158192090352e+03
1.143714124293785062e+03
1.143690395480226016e+03
1.143755932203389875e+03
1.143920903954802270e+03
1.144168361581920635e+03
1.144301694915254302e+03
1.144049717514124040e+03
1.143507344632768309e+03
1.142830508474576163e+03
1.141978531073446447e+03
1.140954802259886947e+03
1.139725423728813439e+03
1.138296045197740114e+03
1.136657627118644086e+03
1.134846327683615982e+03
1.132841807909604540e+03
1.130679096045197639e+03
1.128355932203389784e+03
1.125917514124293803e+03
1.123385310734463474e+03
1.120781920903954870e+03
1.118168361581921090e+03
1.115594350282486175e+03
1.113055367231638684e+03
1.110628248587570852e+03
1.108354802259887038e+03
1.106283615819208990e+03
1.104420338983050897e+03
1.102774011299435188e+03
1.101361581920903973e+03
1.100152542372881271e+03
1.099176271186440772e+03
1.098378531073446538e+03
1.097761581920904064e+03
1.097333333333333485e+03
1.097072316384180795e+03
1.096995480225988786e+03
1.097122033898305062e+03
1.097466666666666697e+03
1.098057627118644177e+03
1.098920903954802270e+03
1.100055367231638684e+03
1.101211299435028423e+03
1.102412429378531215e+03
1.103693785310734711e+03
1.105032768361582157e+03
1.106435028248587741e+03
1.107903954802260159e+03
1.109412429378531215e+03
1.110943502824859024e+03
1.112509604519774257e+03
1.114083615819209172e+03
1.115650847457627378e+03
1.117246327683616073e+03
1.118820338983050988e+03
1.120360451977401226e+03
1.121824858757062430e+03
1.123164971751412395e+03
1.124370621468926856e+03
1.125410169491525721e+03
1.126273446327683814e+03
1.126926553672316686e+03
1.127386440677966220e+03
1.127630508474576573e+03
1.127628248587570852e+03
1.127370621468926856e+03
1.126953672316384200e+03
1.126710734463276822e+03
1.126654237288135846e+03
1.126805649717514370e+03
1.127188700564971896e+03
1.127809039548022611e+03
1.128633898305085040e+03
1.129640677966101748e+03
1.130762711864407038e+03
1.131969491525424019e+03
1.133184180790960454e+03
1.134324293785310829e+03
1.135349152542372849e+03
1.136228248587570761e+03
1.136908474576271374e+03
1.137380790960452032e+03
1.137667796610169717e+03
1.137778531073446402e+03
1.137709604519774075e+03
1.137480225988700568e+03
1.137136723163841907e+03
1.136690395480226243e+03
1.136196610169491578e+03
1.135665536723163768e+03
1.135186440677966402e+03
1.134745762711864700e+03
1.134424858757062339e+03
1.134209039548022702e+03
1.134116384180791101e+03
1.134159322033898434e+03
1.134303954802260023e+03
1.134559322033898297e+03
1.134896045197740023e+03
1.135322033898305108e+03
1.135468926553672418e+03
1.135213559322034143e+03
1.134562711864406992e+03
1.133662146892655528e+03
1.132595480225988922e+03
1.131314124293785426e+03
1.129827118644067696e+03
1.128152542372881499e+03
1.126271186440678093e+03
1.124211299435028423e+03
1.121975141242937752e+03
1.119571751412429421e+03
1.117050847457627242e+03
1.114410169491525266e+03
1.111693785310734484e+03
1.108938983050847582e+03
1.106198870056497071e+03
1.103480225988700568e+03
1.100873446327683723e+03
1.098388700564971714e+03
1.096079096045197730e+03
1.093979661016949422e+03
1.092108474576271419e+03
1.090468926553672645e+03
1.089047457627118774e+03
1.087856497175141385e+03
1.086859887005649853e+03
1.086038418079096118e+03
1.085411299435028241e+03
1.084961581920904109e+03
1.084701694915254393e+03
1.084628248587570852e+03
1.084777401129943655e+03
1.085153672316384473e+03
1.085805649717514143e+03
1.086745762711864472e+03
1.088025988700564994e+03
1.089499435028248627e+03
1.091021468926553553e+03
1.092630508474576345e+03
1.094301694915254302e+03
1.096033898305084904e+03
1.097821468926553734e+03
1.099638418079096027e+03
1.101472316384180886e+03
1.103328813559322043e+03
1.105195480225988831e+03
1.107062146892655619e+03
1.108946892655367265e+03
1.110796610169491487e+03
1.112579661016949103e+03
1.114239548022598683e+03
1.115761581920904064e+03
1.117131073446327719e+03
1.118315254237288173e+03
1.119287005649717685e+03
1.120065536723163859e+03
1.120630508474576345e+03
1.120935593220339115e+03
1.120975141242937980e+03
1.120720903954802452e+03
1.120250847457627060e+03
1.119934463276836141e+03
1.119821468926553734e+03
1.119932203389830647e+03
1.120264406779660931e+03
1.120827118644067923e+03
1.121590960451977480e+03
1.122515254237287991e+03
1.123538983050847492e+03
1.124604519774011351e+03
1.125637288135593280e+03
1.126586440677966266e+03
1.127393220338983156e+03
1.128041807909604586e+03
1.128508474576271055e+03
1.128778531073446175e+03
1.128854237288135664e+03
1.128738983050847537e+03
1.128474576271186379e+03
1.128070056497175074e+03
1.127567231638417979e+03
1.126969491525423564e+03
1.126322033898305108e+03
1.125675706214689171e+03
1.125100564971751282e+03
1.124594350282485721e+03
1.124213559322033916e+03
1.123938983050847355e+03
1.123795480225988740e+03
1.123759322033898343e+03
1.123835028248587605e+03
1.123987570621468876e+03
1.124238418079095936e+03
1.124570621468926447e+03
1.124659887005649580e+03
1.124332203389830283e+03
1.123646327683615709e+03
1.122809039548022611e+03
1.121785310734463110e+03
1.120564971751412486e+03
1.119150282485875778e+03
1.117534463276836050e+03
1.115734463276836095e+03
1.113770621468926493e+03
1.111612429378531033e+03
1.109296045197740114e+03
1.106866666666666561e+03
1.104322033898304880e+03
1.101741242937853258e+03
1.099131073446327719e+03
1.096520903954802179e+03
1.093984180790960409e+03
1.091557062146892804e+03
1.089263276836158184e+03
1.087149152542373031e+03
1.085248587570621339e+03
1.083572881355932168e+03
1.082127683615819024e+03
1.080891525423728808e+03
1.079859887005649853e+03
1.079002259887005494e+03
1.078344632768361407e+03
1.077847457627118729e+03
1.077540112994350238e+03
1.077397740112994143e+03
1.077467796610169444e+03
1.077740112994350284e+03
1.078259887005649716e+03
1.079045197740113053e+03
1.080137853107344654e+03
1.081578531073446356e+03
1.083076836158191782e+03
1.084631638418078865e+03
1.086250847457627060e+03
1.087922033898305017e+03
1.089635028248587332e+03
1.091390960451977207e+03
1.093160451977400953e+03
1.094941242937853076e+03
1.096734463276836095e+03
1.098545762711864427e+03
1.100343502824858660e+03
1.102126553672316277e+03
1.103862146892655346e+03
1.105501694915254120e+03
1.107019209039548059e+03
1.108383050847457525e+03
1.109588700564971759e+03
1.110594350282485721e+03
1.111394350282485902e+03
1.111989830508474370e+03
1.112334463276836004e+03
1.112439548022598728e+03
1.112279096045197548e+03
1.111810169491525357e+03
1.111376271186440590e+03
1.111131073446327719e+03
1.111084745762711918e+03
1.111255367231638274e+03
1.111663276836158047e+03
1.112291525423728672e+03
1.113090395480225880e+03
1.114011299435028150e+03
1.115004519774011214e+03
1.116001129943502747e+03
1.116935593220338887e+03
1.117754802259886674e+03
1.118440677966101703e+03
1.118926553672316231e+03
1.119230508474576254e+03
1.119344632768361407e+03
1.119262146892655210e+03
1.119007909604519682e+03
1.118605649717514098e+03
1.118075706214689262e+03
1.117446327683615891e+03
1.116750282485875687e+03
1.116042937853107333e+03
1.115343502824858660e+03
1.114722033898305199e+03
1.114185310734463201e+03
1.113781920903954870e+03
1.113484745762711782e+03
1.113302824858757049e+03
1.113238418079095936e+03
1.113270056497175119e+03
1.113393220338983156e+03
1.113607909604519818e+03
1.113918644067796777e+03
1.113868926553672281e+03
1.113409039548022520e+03
1.112705084745762633e+03
1.111821468926553734e+03
1.110743502824858751e+03
1.109461016949152508e+03
1.107968361581920817e+03
1.106277966101694801e+03
1.104394350282485902e+03
1.102333333333333258e+03
1.100096045197740068e+03
1.097711864406779569e+03
1.095207909604519728e+03
1.092586440677966038e+03
1.089933333333333394e+03
1.087251977401129807e+03
1.084606779661016844e+03
1.082047457627118547e+03
1.079579661016949103e+03
1.077336723163841725e+03
1.075329943502824790e+03
1.073529943502824835e+03
1.071900564971751464e+03
1.070423728813559137e+03
1.069138983050847401e+03
1.068049717514124040e+03
1.067148022598869829e+03
1.066410169491525266e+03
1.065842937853107287e+03
1.065462146892655255e+03
1.065263276836158184e+03
1.065253107344632554e+03
1.065474576271186152e+03
1.065941242937852849e+03
1.066697175141242724e+03
1.067784180790960136e+03
1.068972881355931804e+03
1.070213559322033689e+03
1.071535593220338797e+03
1.072948022598870011e+03
1.074424858757061884e+03
1.075963841807909375e+03
1.077544632768361453e+03
1.079164971751412395e+03
1.080827118644067923e+03
1.082523163841807673e+03
1.084268926553672372e+03
1.086040677966101612e+03
1.087797740112994234e+03
1.089509604519773802e+03
1.091143502824858615e+03
1.092658757062146833e+03
1.094053107344632735e+03
1.095287005649717457e+03
1.096360451977400999e+03
1.097235028248587469e+03
1.097933333333333394e+03
1.098401129943502838e+03
1.098619209039547968e+03
1.098571751412429421e+03
1.098241807909604404e+03
1.098073446327683541e+03
1.098067796610169353e+03
1.098285875706214483e+03
1.098729943502824881e+03
1.099404519774011078e+03
1.100279096045197775e+03
1.101301694915254302e+03
1.102425988700565085e+03
1.103594350282485721e+03
1.104736723163841816e+03
1.105798870056496980e+03
1.106716384180791010e+03
1.107476836158192100e+03
1.108036158192090397e+03
1.108407909604519546e+03
1.108596610169491669e+03
1.108576271186440636e+03
1.108380790960451804e+03
1.108044067796610307e+03
1.107581920903954824e+03
1.107021468926553780e+03
1.106409039548022520e+03
1.105784180790960363e+03
1.105193220338983338e+03
1.104673446327683450e+03
1.104264406779660931e+03
1.103953672316384200e+03
1.103770621468926493e+03
1.103702824858757140e+03
1.103720903954802452e+03
1.103837288135593326e+03
1.104032768361581930e+03
1.104309604519773984e+03
1.104262146892655437e+03
1.103841807909604540e+03
1.103212429378530942e+03
1.102421468926553644e+03
1.101439548022598956e+03
1.100251977401129807e+03
1.098879096045197912e+03
1.097289265536723178e+03
1.095524293785310874e+03
1.093546892655367174e+03
1.091402259887005584e+03
1.089083615819209172e+03
1.086636158192090306e+03
1.084071186440677820e+03
1.081416949152542202e+03
1.078740112994350284e+03
1.076059887005649671e+03
1.073427118644067832e+03
1.070887005649717594e+03
1.068483615819209035e+03
1.066232768361581975e+03
1.064201129943502565e+03
1.062375141242937843e+03
1.060759322033898115e+03
1.059361581920903973e+03
1.058152542372881271e+03
1.057138983050847401e+03
1.056291525423728672e+03
1.055624858757061929e+03
1.055126553672316277e+03
1.054793220338983019e+03
1.054658757062146833e+03
1.054737853107344563e+03
1.055042937853107333e+03
1.055623728813559183e+03
1.056528813559321861e+03
1.057750282485875687e+03
1.059148022598870057e+03
1.060627118644067650e+03
1.062185310734463201e+03
1.063814689265536799e+03
1.065514124293785244e+03
1.067250847457627060e+03
1.069045197740113053e+03
1.070870056497175028e+03
1.072736723163841816e+03
1.074651977401129898e+03
1.076593220338982974e+03
1.078536723163841543e+03
1.080449717514124131e+03
1.082298305084745607e+03
1.084030508474576209e+03
1.085637288135593280e+03
1.087088135593220386e+03
1.088361581920903973e+03
1.089477966101694847e+03
1.090380790960452032e+03
1.091055367231638229e+03
1.091500564971751373e+03
1.091677966101694892e+03
1.091555932203389602e+03
1.091245197740112872e+03
1.091109604519773711e+03
1.091185310734462973e+03
1.091473446327683405e+03
1.091983050847457434e+03
1.092714124293785062e+03
1.093599999999999909e+03
1.094622598870056208e+03
1.095701694915254166e+03
1.096790960451977298e+03
1.097819209039547786e+03
1.098733333333333121e+03
1.099487005649717275e+03
1.100062146892655164e+03
1.100444067796610170e+03
1.100618079096045221e+03
1.100596610169491441e+03
1.100376271186440590e+03
1.099993220338982837e+03
1.099449717514124131e+03
1.098810169491525357e+03
1.098073446327683541e+03
1.097296045197739886e+03
1.096546892655367174e+03
1.095829378531073417e+03
1.095201129943502792e+03
1.094675706214689171e+03
1.094265536723163677e+03
1.093968361581920817e+03
1.093751412429378433e+03
1.093644067796609988e+03
1.093622598870056436e+03
1.093680225988700386e+03
1.093836158192090352e+03
1.093893785310734529e+03
1.093542372881355732e+03
1.092998870056497026e+03
1.092293785310734393e+03
1.091394350282485902e+03
1.090291525423728672e+03
1.088990960451977116e+03
1.087505084745762588e+03
1.085803389830508422e+03
1.083924293785310510e+03
1.081854237288135664e+03
1.079630508474576118e+03
1.077287005649717457e+03
1.074841807909604540e+03
1.072342372881355914e+03
1.069815819209039546e+03
1.067303954802259796e+03
1.064870056497175028e+03
1.062557062146892576e+03
1.060390960451977207e+03
1.058442937853107196e+03
1.056707344632768582e+03
1.055141242937853121e+03
1.053803389830508422e+03
1.052648587570621430e+03
1.051689265536723042e+03
1.050908474576271146e+03
1.050314124293785198e+03
1.049889265536723087e+03
1.049623728813559183e+03
1.049558192090395323e+03
1.049661016949152327e+03
1.050004519774011214e+03
1.050575141242937661e+03
1.051447457627118638e+03
1.052526553672316368e+03
1.053625988700564903e+03
1.054815819209039546e+03
1.056072316384180795e+03
1.057427118644067832e+03
1.058838418079095845e+03
1.060309604519773984e+03
1.061833898305084631e+03
1.063397740112994370e+03
1.064997740112994279e+03
1.066657627118644086e+03
1.068364971751412213e+03
1.070089265536723133e+03
1.071813559322033825e+03
1.073482485875706061e+03
1.075079096045197730e+03
1.076567231638417979e+03
1.077944632768361316e+03
1.079176271186440545e+03
1.080232768361581748e+03
1.081125423728813530e+03
1.081818079096045039e+03
1.082297175141242860e+03
1.082538983050847492e+03
1.082518644067796686e+03
1.082225988700564812e+03
1.081929943502824699e+03
1.081840677966101794e+03
1.081959322033898161e+03
1.082294915254237139e+03
1.082848587570621476e+03
1.083596610169491441e+03
1.084508474576271055e+03
1.085527683615819114e+03
1.086589830508474506e+03
1.087636158192090306e+03
1.088579661016949103e+03
1.089414689265536708e+03
1.090075706214689035e+03
1.090546892655367174e+03
1.090836158192090352e+03
1.090927683615818978e+03
1.090812429378530851e+03
1.090529943502824608e+03
1.090102824858756776e+03
1.089534463276836050e+03
1.088857627118643904e+03
1.088123163841807809e+03
1.087385310734463019e+03
1.086654237288135391e+03
1.086003389830508468e+03
1.085459887005649762e+03
1.085029378531073462e+03
1.084702824858757140e+03
1.084477966101695074e+03
1.084355932203389784e+03
1.084302824858757049e+03
1.084352542372881317e+03
1.084464406779660976e+03
1.084386440677965993e+03
1.084067796610169353e+03
1.083615819209039273e+03
1.082994350282485811e+03
1.082192090395480136e+03
1.081201129943502792e+03
1.080013559322033871e+03
1.078641807909604495e+03
1.077073446327683541e+03
1.075308474576271010e+03
1.073369491525423655e+03
1.071249717514124313e+03
1.069004519774011214e+03
1.066645197740112962e+03
1.064213559322033916e+03
1.061731073446327628e+03
1.059246327683615846e+03
1.056807909604519864e+03
1.054445197740112690e+03
1.052212429378530942e+03
1.050162711864406901e+03
1.048297175141242860e+03
1.046639548022598774e+03
1.045178531073446266e+03
1.043912994350282361e+03
1.042839548022598819e+03
1.041959322033898161e+03
1.041228248587570761e+03
1.040667796610169262e+03
1.040261016949152463e+03
1.040005649717513961e+03
1.039928813559321952e+03
1.040027118644067741e+03
1.040351412429378342e+03
1.040944632768361544e+03
1.041811299435028104e+03
1.042815819209039546e+03
1.043873446327683496e+03
1.044990960451977344e+03
1.046189830508474643e+03
1.047440677966101703e+03
1.048749152542372940e+03
1.050123163841808037e+03
1.051505084745762815e+03
1.052941242937853076e+03
1.054412429378530987e+03
1.055952542372881453e+03
1.057523163841807673e+03
1.059092655367231600e+03
1.060622598870056436e+03
1.062103954802259977e+03
1.063494915254237185e+03
1.064751412429378433e+03
1.065882485875706152e+03
1.066859887005649625e+03
1.067666666666666742e+03
1.068279096045197775e+03
1.068707344632768127e+03
1.068896045197740023e+03
1.068838418079096073e+03
1.068519774011299432e+03
1.068334463276836232e+03
1.068318644067796640e+03
1.068507344632768309e+03
1.068919774011299523e+03
1.069551412429378615e+03
1.070386440677966220e+03
1.071398870056497344e+03
1.072537853107344745e+03
1.073743502824858751e+03
1.074966101694915324e+03
1.076131073446327719e+03
1.077192090395480363e+03
1.078099435028248763e+03
1.078840677966101794e+03
1.079380790960452032e+03
1.079731073446327628e+03
1.079876836158192191e+03
1.079830508474576163e+03
1.079620338983050942e+03
1.079240677966101885e+03
1.078742372881356005e+03
1.078155932203389966e+03
1.077520903954802407e+03
1.076888135593220341e+03
1.076301694915254302e+03
1.075796610169491487e+03
1.075384180790960727e+03
1.075071186440678048e+03
1.074850847457627196e+03
1.074752542372881635e+03
1.074723163841808173e+03
1.074769491525423973e+03
1.074901694915254438e+03
1.075105084745762724e+03
1.075135593220339160e+03
1.074776271186440908e+03
1.074219209039548332e+03
1.073502824858757094e+03
1.072606779661017072e+03
1.071503954802260068e+03
1.070216949152542384e+03
1.068743502824859206e+03
1.067081355932203678e+03
1.065235028248587696e+03
1.063204519774011487e+03
1.061033898305084904e+03
1.058738983050847764e+03
1.056337853107344927e+03
1.053866666666666788e+03
1.051377401129943792e+03
1.048915254237288536e+03
1.046498305084746107e+03
1.044188700564971896e+03
1.042023728813559501e+03
1.040080225988700704e+03
1.038344632768361862e+03
1.036771751412429694e+03
1.035414689265536936e+03
1.034248587570621567e+03
1.033262146892655437e+03
1.032459887005649762e+03
1.031813559322034052e+03
1.031333333333333485e+03
1.031005649717514189e+03
1.030865536723164041e+03
1.030898305084745971e+03
1.031145762711864563e+03
1.031610169491525539e+03
1.032379661016949285e+03
1.033432768361582021e+03
1.034543502824858933e+03
1.035720903954802225e+03
1.036993220338983065e+03
1.038337853107344699e+03
1.039736723163841816e+03
1.041209039548022702e+03
1.042728813559322134e+03
1.044294915254237367e+03
1.045912994350282588e+03
1.047584180790960545e+03
1.049309604519773984e+03
1.051047457627118774e+03
1.052795480225988740e+03
1.054497175141243133e+03
1.056125423728813757e+03
1.057654237288135619e+03
1.059057627118644177e+03
1.060350282485875596e+03
1.061468926553672418e+03
1.062418079096045176e+03
1.063162711864406901e+03
1.063719774011299478e+03
1.064039548022598865e+03
1.064098305084745789e+03
1.063884745762711873e+03
1.063690395480226016e+03
1.063718644067796959e+03
1.063957062146892895e+03
1.064425988700565085e+03
1.065118644067796595e+03
1.066030508474576209e+03
1.067101694915254257e+03
1.068270056497175119e+03
1.069498305084745880e+03
1.070715254237288264e+03
1.071858757062147106e+03
1.072899435028248718e+03
1.073792090395480272e+03
1.074500564971751373e+03
1.075021468926553780e+03
1.075354802259887038e+03
1.075493785310734438e+03
1.075451977401130080e+03
1.075241807909604631e+03
1.074905084745762906e+03
1.074456497175141521e+03
1.073944632768361771e+03
1.073396610169491851e+03
1.072865536723164041e+03
1.072404519774011533e+03
1.072029378531073462e+03
1.071748022598870193e+03
1.071568361581921181e+03
1.071498305084745880e+03
1.071525423728813621e+03
1.071616949152542475e+03
1.071797740112994461e+03
1.072033898305084904e+03
1.071925423728813712e+03
1.071474576271186379e+03
1.070918644067796777e+03
1.070194350282486084e+03
1.069300564971751555e+03
1.068210169491525448e+03
1.066945762711864518e+03
1.065496045197739932e+03
1.063857627118644132e+03
1.062023728813559273e+03
1.060015819209039364e+03
1.057847457627118729e+03
1.055553672316384109e+03
1.053138983050847401e+03
1.050656497175141340e+03
1.048114124293785153e+03
1.045566101694915233e+03
1.043058757062146924e+03
1.040632768361581839e+03
1.038338983050847673e+03
1.036218079096045358e+03
1.034292655367231646e+03
1.032575141242938116e+03
1.031072316384180795e+03
1.029783050847457616e+03
1.028697175141242951e+03
1.027779661016949376e+03
1.027050847457627242e+03
1.026494915254237412e+03
1.026097175141243042e+03
1.025872316384180976e+03
1.025835028248587605e+03
1.025978531073446447e+03
1.026374011299435097e+03
1.027016949152542566e+03
1.027969491525423791e+03
1.029041807909604586e+03
1.030170621468926583e+03
1.031343502824858888e+03
1.032570621468926674e+03
1.033853107344632917e+03
1.035171751412429330e+03
1.036533333333333530e+03
1.037923163841807991e+03
1.039355932203390012e+03
1.040833898305084858e+03
1.042354802259887038e+03
1.043893785310734529e+03
1.045445197740113144e+03
1.046940112994350329e+03
1.048395480225988877e+03
1.049733333333333576e+03
1.050961581920904109e+03
1.052064406779661113e+03
1.052998870056497253e+03
1.053775141242937934e+03
1.054368361581921135e+03
1.054750282485875687e+03
1.054915254237288082e+03
1.054830508474576391e+03
1.054493785310734438e+03
1.054114124293785608e+03
1.053918644067796777e+03
1.053929943502824926e+03
1.054146892655367310e+03
1.054598870056497162e+03
1.055256497175141249e+03
1.056103954802259977e+03
1.057098305084745789e+03
1.058155932203389966e+03
1.059239548022598910e+03
1.060283615819208990e+03
1.061233898305084949e+03
1.062053107344632963e+03
1.062714124293785517e+03
1.063177401129943519e+03
1.063444067796610170e+03
1.063529943502825063e+03
1.063422598870056390e+03
1.063140112994350147e+03
1.062699435028248445e+03
1.062126553672316277e+03
1.061454237288135573e+03
1.060733333333333348e+03
1.060021468926553780e+03
1.059358192090395733e+03
1.058748022598870193e+03
1.058236158192090443e+03
1.057836158192090352e+03
1.057516384180791192e+03
1.057301694915254302e+03
1.057178531073446493e+03
1.057123163841808037e+03
1.057134463276836414e+03
1.057245197740113099e+03
1.057174011299435278e+03
1.056844067796610261e+03
1.056369491525423882e+03
1.055731073446327628e+03
1.054919774011299523e+03
1.053912994350282588e+03
1.052731073446327628e+03
1.051333333333333485e+03
1.049760451977401317e+03
1.047995480225989013e+03
1.046051977401129989e+03
1.043950282485875960e+03
1.041720903954802452e+03
1.039386440677966220e+03
1.036971751412429512e+03
1.034529943502825063e+03
1.032094915254237549e+03
1.029716384180791238e+03
1.027450847457627333e+03
1.025325423728813576e+03
1.023370621468926629e+03
1.021624858757062157e+03
1.020079096045197730e+03
1.018754802259887128e+03
1.017618079096045221e+03
1.016690395480226016e+03
1.015919774011299523e+03
1.015322033898305108e+03
1.014897175141242997e+03
1.014633898305084813e+03
1.014554802259887083e+03
1.014662146892655528e+03
1.014979661016949194e+03
1.015540112994350466e+03
1.016384180790960500e+03
1.017433898305084881e+03
1.018535593220339138e+03
1.019696045197740204e+03
1.020933333333333394e+03
1.022244067796610238e+03
1.023614689265536754e+03
1.025033898305084904e+03
1.026494915254237412e+03
1.028015819209039591e+03
1.029598870056497162e+03
1.031239548022598910e+03
1.032932203389830647e+03
1.034633898305084813e+03
1.036344632768361635e+03
1.038024858757062248e+03
1.039630508474576345e+03
1.041149152542373031e+03
1.042566101694915233e+03
1.043830508474576163e+03
1.044936723163842089e+03
1.045876836158192418e+03
1.046624858757062157e+03
1.047174011299435278e+03
1.047496045197740386e+03
1.047551412429378615e+03
1.047340112994350420e+03
1.047110734463276913e+03
1.047063276836158366e+03
1.047232768361582202e+03
1.047630508474576345e+03
1.048251977401130034e+03
1.049087005649717639e+03
1.050101694915254484e+03
1.051235028248587696e+03
1.052425988700565085e+03
1.053610169491525539e+03
1.054727683615819387e+03
1.055748022598870193e+03
1.056619209039547968e+03
1.057325423728813803e+03
1.057850847457627196e+03
1.058178531073446493e+03
1.058318644067796640e+03
1.058274576271186561e+03
1.058059887005649898e+03
1.057742372881356005e+03
1.057302824858757049e+03
1.056803389830508650e+03
1.056279096045197775e+03
1.055769491525423746e+03
1.055322033898305108e+03
1.054959322033898388e+03
1.054706214689265607e+03
1.054564971751412486e+03
1.054531073446327810e+03
1.054581920903954824e+03
1.054718644067796504e+03
1.054933333333333394e+03
1.055221468926553825e+03
1.055468926553672418e+03
1.055345762711864609e+03
1.054836158192090352e+03
1.054065536723163859e+03
1.053108474576271419e+03
1.051962711864406856e+03
1.050646327683615937e+03
1.049134463276836414e+03
1.047428248587570579e+03
1.045525423728813621e+03
1.043450847457627333e+03
1.041219209039548105e+03
1.038831638418079137e+03
1.036314124293785426e+03
1.033708474576271328e+03
1.031056497175141430e+03
1.028401129943502838e+03
1.025745762711864472e+03
1.023185310734463314e+03
1.020774011299435074e+03
1.018595480225988695e+03
1.016628248587570624e+03
1.014839548022598819e+03
1.013204519774011260e+03
1.011740112994350284e+03
1.010480225988700568e+03
1.009398870056497117e+03
1.008511864406779637e+03
1.007776271186440681e+03
1.007210169491525448e+03
1.006810169491525357e+03
1.006586440677966038e+03
1.006561581920903905e+03
1.006753672316384154e+03
1.007202259887005653e+03
1.007959322033898275e+03
1.009027118644067741e+03
1.010249717514124313e+03
1.011536723163841771e+03
1.012906214689265425e+03
1.014327683615819069e+03
1.015809039548022611e+03
1.017337853107344699e+03
1.018906214689265425e+03
1.020520903954802179e+03
1.022204519774011260e+03
1.023910734463276867e+03
1.025658757062146833e+03
1.027418079096044949e+03
1.029143502824858842e+03
1.030807909604519864e+03
1.032399999999999864e+03
1.033862146892655346e+03
1.035205649717514007e+03
1.036386440677966220e+03
1.037403389830508331e+03
1.038251977401129807e+03
1.038871186440678002e+03
1.039274576271186561e+03
1.039422598870056390e+03
1.039311864406779705e+03
1.038983050847457434e+03
1.038824858757062202e+03
1.038851977401129943e+03
1.039090395480226107e+03
1.039553672316384336e+03
1.040215819209039637e+03
1.041056497175141430e+03
1.042038418079096118e+03
1.043101694915254257e+03
1.044189830508474643e+03
1.045232768361581975e+03
1.046190960451977389e+03
1.047027118644067741e+03
1.047689265536723269e+03
1.048181920903954961e+03
1.048483615819209035e+03
1.048587570621469013e+03
1.048511864406779750e+03
1.048253107344632554e+03
1.047841807909604540e+03
1.047309604519773984e+03
1.046677966101694892e+03
1.046006779661016935e+03
1.045337853107344699e+03
1.044701694915254166e+03
1.044128813559321998e+03
1.043664406779661022e+03
1.043280225988700749e+03
1.043013559322033871e+03
1.042842937853107287e+03
1.042748022598869966e+03
1.042754802259887128e+03
1.042830508474576163e+03
1.042984180790960409e+03
1.043153672316384018e+03
1.042945762711864290e+03
1.042418079096045176e+03
1.041729943502824881e+03
1.040887005649717366e+03
1.039849717514124222e+03
1.038620338983050715e+03
1.037195480225988831e+03
1.035559322033898297e+03
1.033751412429378433e+03
1.031774011299434960e+03
1.029621468926553689e+03
1.027341242937853167e+03
1.024955932203389693e+03
1.022484745762711782e+03
1.019963841807909603e+03
1.017451977401129852e+03
1.015001129943502747e+03
1.012628248587570624e+03
1.010396610169491510e+03
1.008332203389830511e+03
1.006466666666666697e+03
1.004820338983050988e+03
1.003372881355932236e+03
1.002120903954802316e+03
1.001047457627118774e+03
1.000166101694915369e+03
9.994463276836158911e+02
9.988779661016949376e+02
9.984971751412430194e+02
9.982813559322034962e+02
9.982271186440679003e+02
9.983830508474577528e+02
9.987932203389832466e+02
9.994689265536724179e+02
1.000462146892655483e+03
1.001697175141243065e+03
1.003003389830508468e+03
1.004371751412429376e+03
1.005803389830508650e+03
1.007272316384180954e+03
1.008783050847457616e+03
1.010328813559322043e+03
1.011918644067796549e+03
1.013572881355932168e+03
1.015283615819209103e+03
1.017031638418079183e+03
1.018798870056497208e+03
1.020549152542372894e+03
1.022251977401130034e+03
1.023908474576271260e+03
1.025466666666666697e+03
1.026880225988700658e+03
1.028185310734463201e+03
1.029326553672316550e+03
1.030287005649717685e+03
1.031077966101694983e+03
1.031647457627118911e+03
1.031986440677966129e+03
1.032080225988700704e+03
1.031907344632768400e+03
1.031449717514124359e+03
1.031172881355932304e+03
1.031117514124293848e+03
1.031281355932203496e+03
1.031649717514124404e+03
1.032233898305084949e+03
1.032993220338983065e+03
1.033863276836158093e+03
1.034790960451977526e+03
1.035722033898305199e+03
1.036605649717514098e+03
1.037381920903955006e+03
1.038032768361581930e+03
1.038523163841808127e+03
1.038829378531073644e+03
1.038959322033898388e+03
1.038920903954802270e+03
1.038692655367231964e+03
1.038292655367231873e+03
1.037754802259887128e+03
1.037124293785310783e+03
1.036405649717514279e+03
1.035661016949152554e+03
1.034951412429378706e+03
1.034290395480226152e+03
1.033714124293785517e+03
1.033237288135593417e+03
1.032868926553672509e+03
1.032619209039547968e+03
1.032433898305084767e+03
1.032367231638418161e+03
1.032360451977401226e+03
1.032423728813559592e+03
1.032588700564971759e+03
1.032510734463277004e+03
1.032080225988700931e+03
1.031508474576271283e+03
1.030757062146892849e+03
1.029828248587570670e+03
1.028698305084745925e+03
1.027368361581920908e+03
1.025851977401130171e+03
1.024129943502824972e+03
1.022222598870056572e+03
1.020146892655367310e+03
1.017907344632768400e+03
1.015520903954802293e+03
1.013048587570621521e+03
1.010494915254237299e+03
1.007911864406779841e+03
1.005337853107344699e+03
1.002821468926553734e+03
1.000459887005649762e+03
9.983401129943504202e+02
9.964474576271186379e+02
9.947446327683617255e+02
9.931887005649718958e+02
9.917830508474576163e+02
9.904677966101695574e+02
9.893446327683616346e+02
9.883706214689266289e+02
9.875604519774012715e+02
9.869186440677966630e+02
9.864316384180790465e+02
9.861197740112994552e+02
9.859966101694915324e+02
9.860790960451977298e+02
9.864225988700566177e+02
9.870689265536723269e+02
9.880259887005649944e+02
9.891412429378532352e+02
9.903310734463277640e+02
9.916158192090397279e+02
9.929502824858757322e+02
9.943604519774012260e+02
9.958214689265537345e+02
9.973536723163842908e+02
9.989389830508474688e+02
1.000612429378531260e+03
1.002349152542372963e+03
1.004131073446327832e+03
1.005940112994350443e+03
1.007746892655367219e+03
1.009526553672316481e+03
1.011240677966101885e+03
1.012856497175141385e+03
1.014360451977401226e+03
1.015692655367231737e+03
1.016822598870056595e+03
1.017796610169491714e+03
1.018621468926553803e+03
1.019316384180791033e+03
1.019766101694915392e+03
1.019986440677966129e+03
1.019909604519774120e+03
1.019775141242937934e+03
1.019854237288135778e+03
1.020117514124293848e+03
1.020605649717514325e+03
1.021305084745762770e+03
1.022185310734463428e+03
1.023209039548022702e+03
1.024320903954802361e+03
1.025458757062147015e+03
1.026553672316384109e+03
1.027571751412429421e+03
1.028458757062147015e+03
1.029196610169491578e+03
1.029753672316384382e+03
1.030129943502824972e+03
1.030308474576271237e+03
1.030302824858757049e+03
1.030108474576271419e+03
1.029737853107344790e+03
1.029235028248587696e+03
1.028629378531073598e+03
1.027951412429378706e+03
1.027254237288135755e+03
1.026593220338983201e+03
1.025995480225988786e+03
1.025465536723163950e+03
1.025044067796610307e+03
1.024720903954802452e+03
1.024497175141243133e+03
1.024343502824858888e+03
1.024257627118644223e+03
1.024251977401130034e+03
1.024340112994350420e+03
1.024517514124293939e+03
1.024355932203390012e+03
1.023912994350282588e+03
1.023303954802260023e+03
1.022524293785310761e+03
1.021538983050847605e+03
1.020367231638418161e+03
1.019004519774011442e+03
1.017424858757062225e+03
1.015663276836158275e+03
1.013711864406779796e+03
1.011594350282485948e+03
1.009320903954802361e+03
1.006931073446327673e+03
1.004441807909604563e+03
1.001897175141242997e+03
9.993435028248587741e+02
9.968327683615818842e+02
9.945005649717516008e+02
9.924022598870058118e+02
9.905344632768362771e+02
9.888711864406780023e+02
9.873717514124294894e+02
9.860203389830509195e+02
9.847830508474576163e+02
9.836316384180790919e+02
9.826508474576271510e+02
9.818485875706215893e+02
9.811943502824859706e+02
9.807186440677967312e+02
9.804033898305085586e+02
9.802576271186442227e+02
9.803242937853108288e+02
9.806372881355932805e+02
9.812271186440677866e+02
9.821209039548023156e+02
9.831446327683617028e+02
9.842519774011300342e+02
9.854350282485876278e+02
9.867016949152543930e+02
9.880259887005649944e+02
9.894248587570622249e+02
9.908779661016949376e+02
9.924045197740113053e+02
9.940135593220339842e+02
9.957050847457628606e+02
9.974576271186441545e+02
9.992531073446327810e+02
1.001080225988700590e+03
1.002870056497175256e+03
1.004628248587570624e+03
1.006311864406779705e+03
1.007901694915254325e+03
1.009363841807909694e+03
1.010710734463276822e+03
1.011890395480226061e+03
1.012889265536723201e+03
1.013698305084745925e+03
1.014296045197740114e+03
1.014650847457627151e+03
1.014735593220339069e+03
1.014538983050847492e+03
1.014346892655367242e+03
1.014369491525423655e+03
1.014605649717514098e+03
1.015055367231638343e+03
1.015699435028248672e+03
1.016498305084745766e+03
1.017421468926553757e+03
1.018379661016949171e+03
1.019358192090395505e+03
1.020268926553672372e+03
1.021088135593220386e+03
1.021763841807909557e+03
1.022283615819209103e+03
1.022607909604519818e+03
1.022759322033898343e+03
1.022711864406779569e+03
1.022476836158191986e+03
1.022058757062146924e+03
1.021479096045197821e+03
1.020780790960451895e+03
1.020002259887005607e+03
1.019194350282485857e+03
1.018378531073446311e+03
1.017620338983050942e+03
1.016927683615819205e+03
1.016333333333333258e+03
1.015835028248587605e+03
1.015438418079096095e+03
1.015128813559321998e+03
1.014898305084745743e+03
1.014736723163841816e+03
1.014649717514124291e+03
1.014670056497174983e+03
1.014687005649717548e+03
1.014431638418079046e+03
1.014010169491525403e+03
1.013428248587570579e+03
1.012674576271186424e+03
1.011719774011299478e+03
1.010574011299435142e+03
1.009216949152542384e+03
1.007661016949152554e+03
1.005935593220339001e+03
1.004031638418079183e+03
1.001960451977401135e+03
9.997548022598869011e+02
9.974248587570621112e+02
9.950203389830508058e+02
9.925864406779660385e+02
9.901649717514123950e+02
9.878056497175141430e+02
9.855265536723163677e+02
9.834146892655368219e+02
9.814926553672316913e+02
9.797661016949152781e+02
9.782124293785310556e+02
9.768271186440678093e+02
9.756497175141242906e+02
9.746135593220340070e+02
9.737796610169491487e+02
9.730983050847457889e+02
9.725480225988701477e+02
9.721525423728813848e+02
9.719186440677966630e+02
9.718587570621469922e+02
9.720101694915254029e+02
9.723977401129943701e+02
9.730689265536723269e+02
9.740610169491526449e+02
9.751446327683615891e+02
9.762858757062147106e+02
9.775062146892655619e+02
9.787694915254237458e+02
9.800892655367231328e+02
9.814531073446328264e+02
9.828971751412428830e+02
9.844033898305083312e+02
9.859807909604519409e+02
9.876203389830509423e+02
9.893084745762712373e+02
9.910203389830508058e+02
9.927197740112994779e+02
9.943807909604520319e+02
9.959830508474575481e+02
9.974949152542372985e+02
9.989039548022599320e+02
1.000183050847457707e+03
1.001288135593220431e+03
1.002224858757062066e+03
1.003000000000000000e+03
1.003579661016949217e+03
1.003924293785310738e+03
1.004042937853107333e+03
1.003892655367231669e+03
1.003768361581920999e+03
1.003836158192090352e+03
1.004110734463276913e+03
1.004610169491525539e+03
1.005332203389830511e+03
1.006214689265536776e+03
1.007242937853107378e+03
1.008345762711864381e+03
1.009482485875706175e+03
1.010601129943502769e+03
1.011619209039547968e+03
1.012526553672316368e+03
1.013272316384180840e+03
1.013849717514124336e+03
1.014239548022598910e+03
1.014436158192090488e+03
1.014430508474576300e+03
1.014246327683615846e+03
1.013879096045197798e+03
1.013355932203389898e+03
1.012726553672316413e+03
1.012027118644067968e+03
1.011314124293785426e+03
1.010625988700565017e+03
1.009978531073446447e+03
1.009404519774011419e+03
1.008917514124293803e+03
1.008527683615819342e+03
1.008216949152542384e+03
1.007969491525423791e+03
1.007802259887005675e+03
1.007702824858757140e+03
1.007688135593220522e+03
1.007755932203389875e+03
1.007639548022599001e+03
1.007322033898305108e+03
1.006845197740113122e+03
1.006224858757062293e+03
1.005409039548022747e+03
1.004411299435028354e+03
1.003220338983050851e+03
1.001835028248587605e+03
1.000270056497175233e+03
9.985209039548022929e+02
9.966011299435028832e+02
9.945220338983051533e+02
9.923322033898305108e+02
9.900316384180791829e+02
9.876689265536723497e+02
9.852892655367231782e+02
9.829491525423728717e+02
9.806926553672317368e+02
9.786587570621470604e+02
9.768790960451977980e+02
9.753152542372881726e+02
9.739288135593220659e+02
9.727028248587571397e+02
9.716067796610169580e+02
9.705999999999999091e+02
9.696870056497175483e+02
9.689254237288135982e+02
9.683209039548022474e+02
9.678632768361582066e+02
9.675514124293786153e+02
9.674169491525424291e+02
9.674440677966101703e+02
9.677186440677966175e+02
9.682395480225989104e+02
9.689107344632768672e+02
9.696485875706214301e+02
9.704463276836157775e+02
9.713209039548023611e+02
9.722734463276835868e+02
9.732598870056497162e+02
9.743107344632768445e+02
9.754395480225988422e+02
9.766531073446328719e+02
9.779299435028248126e+02
9.793107344632767308e+02
9.807435028248587514e+02
9.822327683615819751e+02
9.837446327683616119e+02
9.852497175141243133e+02
9.867276836158191600e+02
9.881548022598869920e+02
9.895039548022599547e+02
9.907548022598870148e+02
9.918937853107345290e+02
9.928903954802260614e+02
9.937288135593219067e+02
9.944146892655367083e+02
9.949028248587569578e+02
9.951740112994350511e+02
9.951920903954803634e+02
9.949706214689265380e+02
9.948745762711864700e+02
9.949920903954802043e+02
9.953310734463277640e+02
9.958836158192091261e+02
9.966474576271186834e+02
9.975807909604520773e+02
9.986146892655367537e+02
9.997299435028248809e+02
1.000841807909604654e+03
1.001897175141242997e+03
1.002880225988700658e+03
1.003724293785310806e+03
1.004410169491525494e+03
1.004928813559322066e+03
1.005250847457627174e+03
1.005395480225988649e+03
1.005342372881355914e+03
1.005115254237288127e+03
1.004723163841807946e+03
1.004196610169491578e+03
1.003604519774011351e+03
1.002971751412429398e+03
1.002329943502824904e+03
1.001723163841807946e+03
1.001187570621468922e+03
1.000749152542372826e+03
1.000379661016949058e+03
1.000106214689265471e+03
9.999254237288134846e+02
9.997943502824858797e+02
9.997265536723164132e+02
9.997480225988699658e+02
9.998610169491524857e+02
9.996429378531073553e+02
9.993039548022599092e+02
9.988361581920903518e+02
9.982011299435027922e+02
9.973932203389830420e+02
9.963943502824859024e+02
9.952169491525423837e+02
9.938429378531074008e+02
9.922813559322034962e+02
9.905288135593220886e+02
9.886011299435028832e+02
9.865107344632767763e+02
9.842847457627118501e+02
9.819525423728813394e+02
9.795355932203390239e+02
9.770655367231638593e+02
9.746135593220338933e+02
9.722124293785311693e+02
9.699073446327683996e+02
9.677446327683616119e+02
9.657661016949152781e+02
9.639864406779661294e+02
9.623830508474576391e+02
9.609468926553672645e+02
9.597016949152541656e+02
9.586192090395479681e+02
9.576960451977402045e+02
9.569367231638418616e+02
9.563265536723163223e+02
9.558508474576271965e+02
9.555355932203390239e+02
9.553999999999999773e+02
9.554723163841808855e+02
9.557920903954802725e+02
9.563796610169491714e+02
9.572768361581921681e+02
9.582937853107343926e+02
9.593762711864405901e+02
9.604915254237288309e+02
9.616847457627118274e+02
9.629242937853107378e+02
9.642180790960453578e+02
9.655706214689266744e+02
9.670146892655368447e+02
9.685299435028248354e+02
9.700949152542373213e+02
9.717209039548022247e+02
9.733706214689266289e+02
9.750180790960453123e+02
9.766474576271186834e+02
9.782180790960452441e+02
9.797084745762713283e+02
9.811050847457627242e+02
9.823796610169492851e+02
9.834779661016949603e+02
9.844033898305085586e+02
9.851977401129944383e+02
9.857819209039548696e+02
9.861661016949151417e+02
9.863163841807909193e+02
9.861785310734463792e+02
9.860689265536724406e+02
9.861751412429380252e+02
9.864926553672316913e+02
9.870192090395480591e+02
9.877559322033899889e+02
9.886881355932205224e+02
9.897785310734464019e+02
9.909457627118645178e+02
9.921604519774011806e+02
9.933559322033898979e+02
9.944836158192091489e+02
9.954994350282486266e+02
9.963661016949154146e+02
9.970768361581921226e+02
9.975966101694915551e+02
9.979288135593221796e+02
9.980711864406780478e+02
9.980203389830510332e+02
9.977853107344633372e+02
9.974022598870056981e+02
9.969152542372883090e+02
9.963378531073446993e+02
9.957468926553674464e+02
9.951751412429379116e+02
9.946372881355932805e+02
9.941683615819210900e+02
9.937694915254238595e+02
9.934598870056498754e+02
9.932395480225990241e+02
9.930689265536725543e+02
9.929581920903956416e+02
9.929186440677967767e+02
9.929536723163843135e+02
9.930858757062146651e+02
9.929909604519775712e+02
9.926056497175142113e+02
9.921096045197741660e+02
9.914621468926554826e+02
9.906338983050848128e+02
9.896000000000001364e+02
9.884067796610170262e+02
9.870350282485876505e+02
9.854587570621470149e+02
9.837186440677967312e+02
9.818056497175142567e+02
9.797423728813560047e+02
9.775468926553674009e+02
9.752677966101696256e+02
9.729084745762712600e+02
9.705446327683616801e+02
9.682000000000000455e+02
9.659412429378530760e+02
9.638033898305084222e+02
9.618180790960451532e+02
9.600169491525423382e+02
9.583966101694915096e+02
9.569751412429377524e+02
9.557536723163841543e+02
9.547242937853108060e+02
9.538598870056497390e+02
9.531807909604519864e+02
9.526666666666667425e+02
9.522745762711864472e+02
9.520429378531073326e+02
9.520011299435029741e+02
9.521502824858757776e+02
9.525435028248588196e+02
9.531830508474577073e+02
9.540779661016949831e+02
9.550101694915254029e+02
9.560158192090395914e+02
9.570734463276835413e+02
9.582000000000000455e+02
9.593615819209039728e+02
9.605717514124294212e+02
9.618497175141242224e+02
9.632146892655366628e+02
9.646542372881356187e+02
9.661627118644067878e+02
9.677344632768362089e+02
9.693502824858757094e+02
9.709694915254237912e+02
9.725909604519774803e+02
9.741830508474577073e+02
9.757028248587571397e+02
9.771548022598869920e+02
9.784937853107344381e+02
9.797141242937854031e+02
9.807853107344633372e+02
9.816994350282486721e+02
9.824305084745762997e+02
9.829570621468926674e+02
9.832768361581920544e+02
9.833593220338982519e+02
9.831604519774011806e+02
9.828926553672316686e+02
9.828508474576271965e+02
9.830214689265537800e+02
9.834090395480226334e+02
9.840169491525424519e+02
9.847841807909605905e+02
9.856824858757063339e+02
9.866666666666667425e+02
9.876666666666667425e+02
9.886112994350282861e+02
9.894734463276836323e+02
9.902316384180790010e+02
9.908395480225988194e+02
9.912836158192091034e+02
9.915412429378532124e+02
9.916124293785310329e+02
9.914949152542372985e+02
9.911807909604519864e+02
9.907062146892656074e+02
9.901299435028249718e+02
9.894508474576271055e+02
9.887344632768360952e+02
9.880214689265536663e+02
9.873276836158191827e+02
9.866937853107344836e+02
9.861536723163842453e+02
9.857096045197740750e+02
9.853446327683616346e+02
9.850440677966103067e+02
9.848282485875706698e+02
9.846824858757062202e+02
9.846158192090395005e+02
9.846237288135594099e+02
9.845039548022598410e+02
9.842564971751412486e+02
9.838689265536722814e+02
9.833276836158191827e+02
9.826033898305084904e+02
9.817028248587571397e+02
9.806305084745763452e+02
9.793423728813560274e+02
9.778689265536722814e+02
9.762214689265537118e+02
9.743932203389831557e+02
9.724011299435029514e+02
9.702508474576272874e+02
9.679807909604520546e+02
9.656293785310735984e+02
9.632214689265538254e+02
9.608135593220339388e+02
9.584542372881355732e+02
9.561943502824859706e+02
9.540553672316384564e+02
9.520926553672318278e+02
9.503604519774012260e+02
9.488033898305085359e+02
9.473954802259887629e+02
9.461706214689265835e+02
9.451344632768361862e+02
9.442711864406779796e+02
9.435525423728813621e+02
9.430045197740112144e+02
9.426169491525424746e+02
9.423627118644068332e+02
9.422971751412429740e+02
9.424474576271186379e+02
9.428282485875706698e+02
9.434768361581920999e+02
9.443129943502825654e+02
9.451887005649718958e+02
9.461028248587571170e+02
9.470700564971753010e+02
9.480926553672316004e+02
9.491480225988700568e+02
9.502723163841808400e+02
9.514485875706214983e+02
9.526926553672316231e+02
9.540124293785311238e+02
9.554079096045197730e+02
9.568418079096045403e+02
9.583084745762712373e+02
9.597887005649718049e+02
9.612293785310735075e+02
9.626237288135594099e+02
9.639468926553672645e+02
9.651728813559321907e+02
9.662813559322034962e+02
9.672632768361581839e+02
9.680790960451977298e+02
9.687435028248587514e+02
9.691920903954802498e+02
9.694474576271186379e+02
9.694723163841808855e+02
9.692418079096046313e+02
9.691299435028249718e+02
9.692180790960453578e+02
9.695186440677967994e+02
9.700338983050849038e+02
9.707570621468927357e+02
9.716711864406780705e+02
9.727299435028248809e+02
9.738802259887006585e+02
9.750802259887007040e+02
9.762700564971752328e+02
9.774112994350283543e+02
9.784259887005650853e+02
9.793084745762713510e+02
9.800418079096045858e+02
9.806056497175143249e+02
9.809706214689267654e+02
9.811367231638419071e+02
9.811062146892656983e+02
9.809084745762713737e+02
9.805627118644068787e+02
9.801016949152543702e+02
9.795887005649719868e+02
9.790418079096045858e+02
9.784994350282487403e+02
9.780101694915255166e+02
9.775932203389832011e+02
9.772745762711865609e+02
9.770406779661018390e+02
9.768768361581921909e+02
9.768000000000001819e+02
9.767785310734464019e+02
9.768474576271187289e+02
9.769819209039549150e+02
9.772203389830509650e+02
9.772926553672317596e+02
9.769785310734464474e+02
9.763559322033898979e+02
9.755649717514124859e+02
9.745977401129944155e+02
9.734463276836158911e+02
9.721129943502826336e+02
9.706011299435028832e+02
9.688858757062147333e+02
9.669898305084747108e+02
9.649322033898306472e+02
9.627242937853109197e+02
9.603762711864408175e+02
9.579288135593221796e+02
9.554090395480227471e+02
9.528768361581921909e+02
9.503694915254238822e+02
9.479197740112995234e+02
9.456779661016950058e+02
9.436305084745763452e+02
9.418135593220340525e+02
9.401502824858758913e+02
9.386338983050849265e+02
9.372485875706215666e+02
9.359887005649718503e+02
9.349163841807910558e+02
9.340090395480227698e+02
9.332327683615820888e+02
9.326203389830509423e+02
9.321502824858757776e+02
9.318485875706217030e+02
9.317401129943505111e+02
9.318632768361583203e+02
9.322327683615819751e+02
9.328937853107345290e+02
9.338734463276837232e+02
9.350271186440679685e+02
9.362519774011300342e+02
9.375299435028250628e+02
9.388497175141244497e+02
9.402271186440680140e+02
9.416847457627120548e+02
9.432169491525426110e+02
9.448259887005651763e+02
9.465016949152543475e+02
9.482474576271188198e+02
9.500610169491526449e+02
9.518757062146894441e+02
9.537005649717516462e+02
9.554644067796612035e+02
9.571909604519776167e+02
9.588248587570623158e+02
9.603412429378532806e+02
9.616677966101697166e+02
9.628214689265537345e+02
9.638305084745765043e+02
9.647344632768363226e+02
9.654677966101696711e+02
9.659774011299437007e+02
9.662576271186442227e+02
9.662384180790961636e+02
9.660305084745764361e+02
9.660090395480227698e+02
9.661988700564972987e+02
9.666135593220340070e+02
9.672135593220341434e+02
9.680112994350283770e+02
9.689220338983052443e+02
9.699028248587572989e+02
9.709062146892656529e+02
9.718757062146894441e+02
9.727728813559324408e+02
9.735536723163843362e+02
9.742214689265539391e+02
9.747084745762714419e+02
9.750192090395482865e+02
9.751435028248590697e+02
9.750903954802263343e+02
9.748598870056499663e+02
9.744745762711866064e+02
9.739593220338986157e+02
9.733536723163842908e+02
9.727084745762713283e+02
9.720632768361583658e+02
9.714440677966103976e+02
9.708994350282487176e+02
9.704214689265538709e+02
9.700316384180792966e+02
9.697299435028251082e+02
9.694903954802261978e+02
9.693242937853108288e+02
9.692327683615822025e+02
9.692158192090397506e+02
9.692768361581922818e+02
9.693661016949154146e+02
9.690802259887007040e+02
9.686576271186442000e+02
9.680858757062148925e+02
9.673468926553673555e+02
9.664282485875708062e+02
9.653389830508476734e+02
9.640576271186442909e+02
9.625966101694917825e+02
9.609299435028251537e+02
9.590983050847460163e+02
9.570960451977402954e+02
9.549457627118646315e+02
9.526745762711866519e+02
9.503016949152544157e+02
9.478745762711866973e+02
9.454610169491527358e+02
9.430779661016952105e+02
9.407807909604521228e+02
9.386214689265539164e+02
9.366056497175143249e+02
9.347694915254239731e+02
9.330971751412431558e+02
9.316214689265539164e+02
9.303367231638419526e+02
9.292497175141245407e+02
9.283073446327684906e+02
9.275412429378532124e+02
9.269107344632770946e+02
9.264259887005651990e+02
9.260983050847460163e+02
9.259401129943504429e+02
9.259920903954803180e+02
9.262813559322036099e+02
9.268463276836159821e+02
9.277152542372882635e+02
9.287954802259888538e+02
9.299118644067798414e+02
9.310757062146894896e+02
9.323005649717515553e+02
9.335581920903956643e+02
9.348757062146894441e+02
9.362700564971753465e+02
9.377118644067799096e+02
9.392271186440680140e+02
9.408350282485878324e+02
9.424790960451980482e+02
9.441389830508476280e+02
9.458112994350284453e+02
9.474734463276838596e+02
9.490802259887007040e+02
9.506169491525424746e+02
9.520802259887007040e+02
9.534248587570623386e+02
9.546248587570623840e+02
9.556802259887007267e+02
9.565649717514124859e+02
9.572700564971753465e+02
9.577593220338984565e+02
9.580474576271187743e+02
9.580463276836160276e+02
9.577706214689267199e+02
9.575717514124296486e+02
9.575661016949154600e+02
9.577672316384182523e+02
9.582011299435030196e+02
9.588146892655369129e+02
9.595875706214691263e+02
9.604519774011301934e+02
9.613581920903957325e+02
9.622836158192092171e+02
9.631367231638420208e+02
9.639118644067798414e+02
9.645491525423730081e+02
9.650553672316385700e+02
9.653909604519775485e+02
9.655355932203391376e+02
9.654983050847458799e+02
9.652768361581922818e+02
9.648836158192091261e+02
9.643412429378532806e+02
9.636802259887006130e+02
9.629412429378531897e+02
9.621909604519776167e+02
9.614293785310735529e+02
9.607062146892656074e+02
9.600610169491526449e+02
9.595016949152544612e+02
9.590180790960453123e+02
9.586259887005651308e+02
9.582768361581922818e+02
9.580146892655368447e+02
9.578225988700567086e+02
9.577197740112997053e+02
9.577050847457628606e+02
9.577728813559324408e+02
9.575581920903956643e+02
9.571762711864408857e+02
9.566372881355932805e+02
9.559378531073448357e+02
9.550384180790961182e+02
9.539446327683616573e+02
9.526474576271187971e+02
9.511615819209041547e+02
9.494915254237289446e+02
9.476180790960453351e+02
9.455898305084747335e+02
9.434033898305085586e+02
9.410949152542373213e+02
9.387084745762713283e+02
9.362723163841809537e+02
9.338418079096045403e+02
9.314915254237289446e+02
9.293751412429380707e+02
9.274881355932204769e+02
9.258067796610171172e+02
9.243254237288138029e+02
9.230067796610170490e+02
9.218146892655367992e+02
9.207107344632770491e+02
9.196757062146892849e+02
9.187186440677967312e+02
9.179118644067798414e+02
9.172372881355934169e+02
9.167231638418080593e+02
9.163559322033900116e+02
9.161853107344634282e+02
9.162305084745764816e+02
9.165378531073447448e+02
9.171344632768364136e+02
9.180000000000001137e+02
9.189084745762713737e+02
9.198881355932205679e+02
9.209242937853108515e+02
9.220271186440679685e+02
9.231977401129945520e+02
9.244384180790962091e+02
9.257728813559323271e+02
9.272022598870057664e+02
9.287265536723166406e+02
9.303457627118646087e+02
9.320293785310735757e+02
9.337310734463278550e+02
9.354621468926554826e+02
9.371683615819210900e+02
9.388587570621471059e+02
9.404892655367233374e+02
9.419920903954803180e+02
9.433005649717515553e+02
9.444271186440679458e+02
9.454259887005650853e+02
9.462926553672317596e+02
9.470327683615820433e+02
9.476689265536724633e+02
9.480677966101695802e+02
9.482079096045199549e+02
9.480508474576272420e+02
9.480610169491526449e+02
9.482892655367234056e+02
9.487265536723164132e+02
9.493457627118646087e+02
9.501604519774011806e+02
9.510937853107345745e+02
9.520903954802261069e+02
9.531016949152543702e+02
9.541062146892656983e+02
9.550248587570622476e+02
9.558350282485876050e+02
9.565039548022600684e+02
9.570056497175141885e+02
9.573322033898305108e+02
9.574587570621470149e+02
9.573909604519775485e+02
9.571412429378533488e+02
9.567242937853109197e+02
9.561683615819209763e+02
9.555242937853108742e+02
9.548067796610171172e+02
9.540847457627119184e+02
9.533683615819210218e+02
9.527344632768363226e+02
9.521751412429379116e+02
9.516757062146892849e+02
9.512553672316385018e+02
9.509163841807910558e+02
9.506440677966102157e+02
9.504282485875706925e+02
9.503016949152543020e+02
9.502655367231639048e+02
9.503344632768362317e+02
9.502915254237288991e+02
9.499435028248587969e+02
9.494553672316385473e+02
9.488000000000000682e+02
9.479683615819210445e+02
9.469491525423729854e+02
9.457265536723164132e+02
9.443152542372881726e+02
9.426971751412429512e+02
9.409209039548022702e+02
9.389559322033899207e+02
9.368361581920905792e+02
9.345627118644068787e+02
9.321909604519776167e+02
9.297581920903955961e+02
9.273039548022600229e+02
9.249039548022599320e+02
9.227412429378532579e+02
9.208225988700565949e+02
9.190983050847459026e+02
9.175615819209040183e+02
9.162158192090396369e+02
9.150101694915256303e+02
9.138994350282486039e+02
9.128723163841808628e+02
9.119028248587570715e+02
9.110259887005649944e+02
9.102745762711864472e+02
9.096768361581921454e+02
9.092293785310735075e+02
9.089694915254237912e+02
9.089062146892656529e+02
9.090745762711864018e+02
9.095016949152543475e+02
9.102158192090395232e+02
9.111559322033897388e+02
9.121615819209039273e+02
9.132293785310735075e+02
9.143751412429378433e+02
9.155706214689265607e+02
9.168576271186441318e+02
9.182372881355931895e+02
9.196949152542373440e+02
9.212621468926554371e+02
9.229062146892656529e+02
9.246395480225990013e+02
9.264022598870056981e+02
9.281988700564972987e+02
9.299966101694915324e+02
9.317638418079095572e+02
9.334926553672316913e+02
9.350632768361583658e+02
9.364090395480227471e+02
9.375661016949153463e+02
9.385774011299436097e+02
9.394621468926554826e+02
9.402169491525423837e+02
9.408621468926553462e+02
9.414011299435028377e+02
9.416677966101694892e+02
9.416621468926555281e+02
9.416067796610169580e+02
9.417491525423729399e+02
9.421118644067796595e+02
9.426666666666667425e+02
9.434180790960452896e+02
9.443096045197740978e+02
9.452937853107346200e+02
9.463265536723164360e+02
9.473514124293785699e+02
9.483039548022600229e+02
9.491853107344634282e+02
9.499367231638418616e+02
9.505209039548024066e+02
9.509401129943503292e+02
9.511581920903956870e+02
9.511841807909605677e+02
9.510056497175141885e+02
9.506497175141242906e+02
9.501299435028249718e+02
9.494847457627118956e+02
9.487344632768362089e+02
9.479502824858757322e+02
9.471774011299435188e+02
9.464214689265537572e+02
9.457333333333333485e+02
9.451163841807909876e+02
9.445604519774011578e+02
9.440813559322034507e+02
9.436723163841809310e+02
9.433220338983051079e+02
9.430384180790961182e+02
9.428372881355933259e+02
9.427344632768362089e+02
9.427344632768363226e+02
9.426135593220338933e+02
9.423299435028249036e+02
9.418983050847458571e+02
9.412858757062147106e+02
9.404960451977401590e+02
9.395355932203391376e+02
9.383581920903955051e+02
9.369943502824860389e+02
9.354485875706216120e+02
9.337152542372882635e+02
9.318135593220340525e+02
9.297694915254238595e+02
9.275954802259888083e+02
9.253299435028250173e+02
9.229977401129945065e+02
9.206937853107345973e+02
9.184338983050848810e+02
9.163706214689266289e+02
9.145322033898305563e+02
9.128971751412429967e+02
9.114474576271187516e+02
9.101581920903955734e+02
9.090101694915255166e+02
9.079548022598870602e+02
9.069740112994350056e+02
9.060813559322034507e+02
9.053299435028249036e+02
9.047050847457627469e+02
9.042237288135594326e+02
9.039152542372881953e+02
9.037638418079096709e+02
9.038372881355933259e+02
9.041389830508475143e+02
9.047118644067797959e+02
9.054677966101696711e+02
9.062779661016950286e+02
9.071367231638419071e+02
9.080485875706215211e+02
9.090090395480226562e+02
9.100305084745764361e+02
9.111322033898305790e+02
9.123197740112996144e+02
9.135638418079096255e+02
9.149016949152542111e+02
9.163141242937854258e+02
9.177853107344633372e+02
9.193073446327684906e+02
9.208271186440678093e+02
9.223435028248588878e+02
9.238146892655367992e+02
9.252384180790961636e+02
9.265920903954802270e+02
9.278248587570622021e+02
9.288971751412429967e+02
9.298451977401130080e+02
9.306621468926555281e+02
9.313288135593220431e+02
9.317830508474576163e+02
9.320350282485876505e+02
9.320112994350283770e+02
9.318327683615818842e+02
9.318689265536723951e+02
9.321005649717515098e+02
9.325378531073447448e+02
9.331717514124293302e+02
9.339762711864407265e+02
9.348881355932204542e+02
9.358790960451977980e+02
9.368836158192091261e+02
9.378700564971752556e+02
9.387796610169491487e+02
9.395864406779660385e+02
9.402768361581921681e+02
9.407864406779660840e+02
9.411163841807909876e+02
9.412564971751412486e+02
9.412045197740113736e+02
9.409672316384180704e+02
9.405593220338984111e+02
9.400101694915255166e+02
9.393468926553673555e+02
9.386271186440678775e+02
9.379050847457627924e+02
9.371943502824859706e+02
9.365129943502824972e+02
9.359050847457627924e+02
9.353740112994350966e+02
9.348971751412429967e+02
9.344745762711864927e+02
9.341457627118644496e+02
9.338610169491525994e+02
9.336802259887006130e+02
9.335514124293786153e+02
9.335276836158192282e+02
9.334508474576271055e+02
9.332418079096045176e+02
9.328926553672316686e+02
9.323717514124293757e+02
9.316689265536724633e+02
9.308067796610170035e+02
9.297457627118644723e+02
9.284983050847458799e+02
9.270621468926553916e+02
9.254418079096045631e+02
9.236576271186440863e+02
9.217129943502825427e+02
9.196271186440678775e+02
9.174259887005650853e+02
9.151593220338983201e+02
9.128666666666667879e+02
9.105898305084745061e+02
9.083875706214689671e+02
9.062881355932204315e+02
9.044225988700566177e+02
9.027661016949152781e+02
9.012960451977401135e+02
8.999751412429377524e+02
8.987717514124293530e+02
8.976779661016948921e+02
8.967197740112993642e+02
8.958949152542372758e+02
8.952169491525423837e+02
8.946587570621469467e+02
8.942542372881355277e+02
8.939898305084745971e+02
8.939276836158192054e+02
8.940824858757061975e+02
8.944949152542372985e+02
8.951740112994350511e+02
8.959694915254237912e+02
8.968271186440678093e+02
8.977107344632769355e+02
8.986666666666666288e+02
8.996700564971750964e+02
9.007457627118644723e+02
9.019073446327683996e+02
9.031581920903954597e+02
9.044813559322034280e+02
9.059209039548022702e+02
9.074282485875705788e+02
9.089807909604519409e+02
9.105740112994351421e+02
9.121785310734462655e+02
9.137830508474576163e+02
9.153525423728814303e+02
9.168587570621469922e+02
9.181649717514125086e+02
9.192711864406780933e+02
9.202248587570622931e+02
9.210406779661018390e+02
9.217502824858756867e+02
9.223322033898305108e+02
9.227999999999999545e+02
9.231073446327684451e+02
9.231514124293785244e+02
9.231649717514123950e+02
9.233943502824859024e+02
9.238237288135594554e+02
9.244779661016950740e+02
9.253175141242938935e+02
9.263028248587571625e+02
9.273853107344633599e+02
9.285401129943503520e+02
9.296847457627118274e+02
9.307887005649718049e+02
9.318146892655367992e+02
9.327062146892656074e+02
9.334881355932204769e+02
9.340949152542373213e+02
9.345016949152543475e+02
9.347062146892656074e+02
9.347265536723164132e+02
9.345514124293786153e+02
9.342282485875706470e+02
9.337627118644068105e+02
9.332180790960452441e+02
9.326135593220340070e+02
9.320112994350282634e+02
9.314338983050847673e+02
9.309084745762711464e+02
9.304395480225989559e+02
9.300282485875707152e+02
9.296892655367232692e+02
9.293988700564973442e+02
9.291683615819209763e+02
9.289943502824860389e+02
9.289039548022600457e+02
9.288745762711865837e+02
9.289502824858757322e+02
9.287717514124294667e+02
9.284519774011299660e+02
9.279932203389831784e+02
9.273785310734464247e+02
9.266000000000001364e+02
9.256248587570622703e+02
9.244802259887006812e+02
9.231457627118645632e+02
9.216350282485876733e+02
9.199401129943504429e+02
9.180790960451979572e+02
9.160711864406781615e+02
9.139355932203391149e+02
9.117186440677967312e+02
9.094429378531074235e+02
9.071649717514125086e+02
9.049491525423729854e+02
9.029830508474576618e+02
9.012451977401130989e+02
8.997344632768363226e+02
8.984124293785312148e+02
8.972553672316385018e+02
8.962372881355933032e+02
8.953322033898307382e+02
8.945073446327685360e+02
8.937310734463278550e+02
8.930237288135595008e+02
8.923977401129945974e+02
8.919028248587571852e+02
8.915728813559322816e+02
8.914192090395481500e+02
8.914711864406781388e+02
8.917502824858758004e+02
8.923152542372882863e+02
8.929175141242940299e+02
8.935661016949154600e+02
8.942757062146894214e+02
8.950316384180791829e+02
8.958666666666667879e+02
8.967559322033898752e+02
8.977378531073447903e+02
8.988045197740113963e+02
8.999762711864407265e+02
9.012338983050848356e+02
9.025717514124294212e+02
9.039762711864407265e+02
9.054248587570622249e+02
9.069005649717514643e+02
9.083966101694916233e+02
9.098644067796611807e+02
9.112881355932204315e+02
9.126440677966103294e+02
9.139016949152544385e+02
9.150350282485876505e+02
9.160214689265537800e+02
9.168802259887006585e+02
9.176090395480226789e+02
9.181367231638419071e+02
9.184587570621470149e+02
9.185344632768362771e+02
9.183661016949154146e+02
9.183954802259888766e+02
9.186440677966102157e+02
9.190915254237288536e+02
9.197502824858759141e+02
9.205785310734464701e+02
9.215220338983052670e+02
9.225593220338985248e+02
9.236451977401131899e+02
9.246960451977402045e+02
9.256892655367232692e+02
9.266067796610170717e+02
9.273841807909606132e+02
9.280067796610170490e+02
9.284564971751412941e+02
9.287299435028249945e+02
9.287785310734464019e+02
9.286451977401131899e+02
9.283502824858758231e+02
9.279016949152544385e+02
9.273401129943504202e+02
9.267254237288136665e+02
9.260621468926555053e+02
9.254011299435029514e+02
9.248033898305086495e+02
9.242395480225989104e+02
9.237536723163841543e+02
9.233310734463277640e+02
9.229706214689267654e+02
9.226610169491526676e+02
9.224124293785312148e+02
9.222429378531073780e+02
9.221288135593221114e+02
9.221220338983052898e+02
9.220350282485876505e+02
9.218146892655367992e+02
9.214485875706216120e+02
9.209310734463276731e+02
9.202553672316385018e+02
9.193988700564972305e+02
9.183570621468927584e+02
9.171276836158194783e+02
9.157129943502825427e+02
9.141084745762714192e+02
9.123186440677967539e+02
9.103807909604521456e+02
9.083005649717515553e+02
9.061039548022600911e+02
9.038350282485878324e+02
9.015288135593222023e+02
8.992508474576272874e+02
8.970418079096046995e+02
8.949378531073448357e+02
8.929525423728815667e+02
8.911299435028250855e+02
8.894802259887007949e+02
8.880045197740115555e+02
8.867005649717516462e+02
8.855807909604521910e+02
8.846293785310735984e+02
8.838248587570623158e+02
8.831615819209041547e+02
8.826180790960453351e+02
8.822451977401130989e+02
8.820429378531074462e+02
8.820293785310735757e+02
8.822350282485876960e+02
8.827016949152543930e+02
8.834474576271188653e+02
8.843717514124296031e+02
8.853107344632769582e+02
8.862870056497176847e+02
8.873096045197742114e+02
8.883887005649719413e+02
8.895016949152543475e+02
8.906892655367233829e+02
8.919661016949153236e+02
8.933118644067798186e+02
8.947242937853109197e+02
8.962090395480227016e+02
8.977254237288136665e+02
8.992485875706215666e+02
9.008022598870056754e+02
9.023163841807911467e+02
9.038022598870059028e+02
9.052056497175142340e+02
9.065220338983052670e+02
9.077129943502826563e+02
9.087762711864409084e+02
9.096983050847459253e+02
9.104655367231640639e+02
9.110429378531075599e+02
9.113966101694916233e+02
9.115186440677966857e+02
9.113525423728815440e+02
9.112745762711865609e+02
9.114079096045200004e+02
9.117581920903957098e+02
9.123084745762713510e+02
9.130338983050849038e+02
9.139096045197741205e+02
9.149118644067798414e+02
9.159627118644069697e+02
9.170112994350283770e+02
9.180293785310736894e+02
9.189694915254240186e+02
9.198124293785313057e+02
9.205118644067798641e+02
9.210519774011302161e+02
9.214022598870058118e+02
9.215491525423731218e+02
9.214937853107346655e+02
9.212497175141245407e+02
9.208474576271188425e+02
9.203039548022601366e+02
9.196666666666669698e+02
9.189932203389832921e+02
9.183084745762714647e+02
9.176384180790962546e+02
9.170192090395482865e+02
9.164677966101696711e+02
9.159559322033900344e+02
9.155084745762712828e+02
9.151276836158193646e+02
9.148045197740113963e+02
9.145389830508477189e+02
9.143480225988702159e+02
9.142350282485876960e+02
9.142124293785312830e+02
9.141016949152543702e+02
9.138587570621469922e+02
9.134847457627120093e+02
9.129559322033900344e+02
9.122610169491526904e+02
9.113807909604521456e+02
9.103107344632769582e+02
9.090440677966103067e+02
9.076067796610170717e+02
9.059898305084748245e+02
9.042090395480227016e+02
9.022666666666668789e+02
9.001977401129945520e+02
8.980350282485877642e+02
8.958180790960453805e+02
8.935988700564973897e+02
8.914045197740115327e+02
8.893389830508476734e+02
8.875016949152543475e+02
8.858790960451979117e+02
8.844666666666666970e+02
8.832101694915256758e+02
8.820983050847459026e+02
8.811141242937853804e+02
8.802011299435030196e+02
8.793649717514126678e+02
8.786508474576271510e+02
8.780915254237288536e+02
8.776655367231639957e+02
8.773887005649718276e+02
8.772870056497175710e+02
8.773898305084746880e+02
8.777333333333334622e+02
8.783322033898306245e+02
8.789672316384181840e+02
8.796485875706216575e+02
8.803762711864408175e+02
8.811514124293786381e+02
8.819875706214691036e+02
8.828745762711865837e+02
8.838542372881356641e+02
8.849141242937853349e+02
8.860598870056497844e+02
8.873050847457627697e+02
8.886248587570622703e+02
8.900135593220339842e+02
8.914508474576271055e+02
8.929197740112994097e+02
8.944079096045197730e+02
8.958790960451977980e+02
8.973062146892655164e+02
8.986485875706215438e+02
8.999299435028248126e+02
9.010937853107344608e+02
9.020949152542373213e+02
9.029819209039546877e+02
9.037502824858756867e+02
9.043209039548022474e+02
9.046813559322033598e+02
9.048045197740113963e+02
9.046564971751413395e+02
9.046576271186440863e+02
9.048531073446328037e+02
9.052790960451977753e+02
9.058926553672316686e+02
9.066677966101694892e+02
9.075909604519774803e+02
9.086033898305084904e+02
9.096508474576271510e+02
9.106926553672316231e+02
9.116881355932202950e+02
9.126045197740113508e+02
9.134045197740113053e+02
9.140723163841807946e+02
9.145593220338982974e+02
9.148689265536723951e+02
9.149932203389830647e+02
9.149163841807910558e+02
9.146858757062148015e+02
9.143186440677966402e+02
9.138497175141243360e+02
9.133073446327683769e+02
9.127536723163841543e+02
9.122259887005650398e+02
9.117322033898304880e+02
9.113005649717514416e+02
9.109367231638418616e+02
9.106531073446328719e+02
9.104293785310734393e+02
9.102632768361581839e+02
9.101694915254238367e+02
9.101536723163842453e+02
9.102022598870056527e+02
9.103581920903955051e+02
9.102022598870056527e+02
9.097954802259886264e+02
9.092666666666666515e+02
9.085774011299436097e+02
9.077231638418078319e+02
9.066903954802260159e+02
9.054677966101694437e+02
9.040779661016949831e+02
9.024915254237288309e+02
9.007096045197740750e+02
8.987570621468927357e+02
8.966553672316383654e+02
8.943932203389831557e+02
8.920022598870058346e+02
8.895446327683616801e+02
8.870632768361583658e+02
8.846045197740113508e+02
8.821977401129944383e+02
8.799706214689267654e+02
8.779502824858758459e+02
8.761457627118645632e+02
8.745073446327685360e+02
8.730237288135595008e+02
8.716508474576272647e+02
8.703740112994350966e+02
8.691954802259888311e+02
8.681694915254238367e+02
8.672870056497176847e+02
8.665435028248589333e+02
8.659423728813560501e+02
8.655197740112996598e+02
8.652734463276838142e+02
8.652689265536724861e+02
8.655084745762712828e+02
8.660214689265537800e+02
8.668508474576271965e+02
8.678870056497175938e+02
8.689661016949154373e+02
8.701039548022600911e+02
8.712915254237290128e+02
8.725175141242939389e+02
8.738124293785311920e+02
8.752090395480227016e+02
8.766915254237289901e+02
8.782418079096046313e+02
8.798531073446329174e+02
8.815265536723165951e+02
8.832169491525424974e+02
8.849073446327685133e+02
8.865977401129944155e+02
8.882519774011301479e+02
8.898485875706217030e+02
8.912632768361584112e+02
8.925118644067798641e+02
8.935954802259889220e+02
8.945491525423731218e+02
8.954067796610170262e+02
8.961276836158193646e+02
8.967050847457628606e+02
8.970282485875707152e+02
8.970802259887007040e+02
8.969276836158194328e+02
8.969728813559322589e+02
8.972248587570622931e+02
8.976937853107347109e+02
8.983457627118646087e+02
8.991457627118645632e+02
9.000610169491526449e+02
9.010327683615821570e+02
9.020180790960453123e+02
9.029774011299437007e+02
9.038813559322035189e+02
9.046892655367232692e+02
9.053706214689266289e+02
9.058881355932203405e+02
9.062305084745762542e+02
9.063954802259886492e+02
9.063502824858757094e+02
9.061480225988700568e+02
9.057830508474577300e+02
9.052700564971751191e+02
9.046757062146893986e+02
9.040248587570621339e+02
9.033661016949153009e+02
9.027446327683616119e+02
9.021706214689265835e+02
9.016451977401130762e+02
9.011717514124294439e+02
9.007706214689266062e+02
9.004305084745762997e+02
9.001288135593221114e+02
8.998915254237289219e+02
8.997209039548022247e+02
8.996316384180790919e+02
8.996463276836157092e+02
8.996576271186440863e+02
8.994090395480226334e+02
8.990372881355932577e+02
8.984983050847458799e+02
8.977943502824858797e+02
8.969163841807910558e+02
8.958621468926553462e+02
8.946214689265536890e+02
8.931909604519773893e+02
8.915909604519773666e+02
8.898124293785310783e+02
8.878824858757061520e+02
8.857977401129942336e+02
8.836293785310734847e+02
8.814079096045197730e+02
8.791762711864406583e+02
8.769672316384181840e+02
8.748338983050847446e+02
8.728677966101695347e+02
8.711096045197740523e+02
8.695231638418079001e+02
8.680994350282485357e+02
8.668079096045197502e+02
8.656180790960452214e+02
8.645559322033898297e+02
8.636508474576271510e+02
8.628870056497174801e+02
8.622531073446327810e+02
8.617491525423729399e+02
8.614180790960451759e+02
8.612587570621469695e+02
8.612937853107346200e+02
8.615706214689265607e+02
8.621299435028248581e+02
8.629785310734464474e+02
8.638836158192091261e+02
8.648180790960452669e+02
8.658011299435029287e+02
8.668485875706214756e+02
8.679457627118645178e+02
8.691288135593221114e+02
8.703762711864408175e+02
8.717209039548022247e+02
8.731480225988701704e+02
8.746677966101694892e+02
8.762259887005650398e+02
8.778564971751413850e+02
8.795265536723163677e+02
8.812033898305085131e+02
8.828519774011299432e+02
8.844734463276836323e+02
8.860225988700564130e+02
8.874757062146892395e+02
8.888316384180791374e+02
8.900644067796609988e+02
8.911774011299435188e+02
8.921276836158192509e+02
8.929062146892656529e+02
8.934485875706214983e+02
8.937514124293785471e+02
8.937841807909604768e+02
8.935231638418079001e+02
8.934553672316385473e+02
8.936022598870057436e+02
8.939412429378531897e+02
8.944429378531074235e+02
8.950903954802261069e+02
8.958271186440679230e+02
8.965988700564971623e+02
8.973807909604520319e+02
8.981299435028248581e+02
8.987977401129943473e+02
8.993559322033898979e+02
8.997864406779660840e+02
9.000316384180791829e+02
9.001242937853107833e+02
9.000327683615819296e+02
8.997491525423729399e+02
8.992971751412430876e+02
8.987073446327684678e+02
8.980022598870057209e+02
8.972293785310735075e+02
8.964305084745762997e+02
8.956531073446328719e+02
8.949084745762713737e+02
8.942090395480227016e+02
8.935672316384182068e+02
8.930079096045197957e+02
8.925118644067797504e+02
8.920666666666667197e+02
8.916824858757062202e+02
8.913796610169492851e+02
8.911559322033898525e+02
8.910169491525423382e+02
8.909977401129945065e+02
8.908937853107345290e+02
8.906542372881357323e+02
8.902677966101696256e+02
8.897050847457628606e+02
8.889615819209041092e+02
8.880350282485876505e+02
8.869163841807910558e+02
8.856101694915255393e+02
8.841028248587571170e+02
8.824022598870058118e+02
8.805163841807910785e+02
8.784734463276836323e+02
8.763062146892656301e+02
8.740361581920903973e+02
8.717468926553673327e+02
8.694293785310735529e+02
8.672598870056497162e+02
8.653152542372881726e+02
8.635966101694915551e+02
8.620960451977401817e+02
8.607875706214690581e+02
8.596225988700565495e+02
8.585672316384182068e+02
8.576259887005651308e+02
8.567706214689267199e+02
8.559661016949153236e+02
8.552350282485876960e+02
8.545694915254238140e+02
8.539740112994351193e+02
8.535039548022599547e+02
8.532248587570621794e+02
8.531446327683615891e+02
8.533141242937854258e+02
8.537559322033898752e+02
8.544158192090395687e+02
8.551378531073446538e+02
8.558892655367233147e+02
8.567005649717514189e+02
8.575751412429380025e+02
8.585310734463278095e+02
8.595807909604520773e+02
8.607254237288136665e+02
8.619661016949153236e+02
8.632926553672316459e+02
8.647073446327684678e+02
8.661943502824859706e+02
8.677367231638418161e+02
8.693129943502825654e+02
8.709005649717515780e+02
8.724700564971751646e+02
8.739706214689266517e+02
8.752632768361581839e+02
8.763807909604520319e+02
8.773412429378531669e+02
8.781774011299435188e+02
8.788802259887006585e+02
8.794858757062147561e+02
8.799796610169491942e+02
8.803355932203389784e+02
8.805254237288136210e+02
8.805016949152543475e+02
8.806892655367231555e+02
8.810734463276836550e+02
8.816700564971752101e+02
8.824338983050847673e+02
8.833559322033897843e+02
8.843762711864407038e+02
8.854576271186440408e+02
8.865468926553672873e+02
8.876361581920905337e+02
8.886508474576271510e+02
8.895649717514124859e+02
8.903491525423730764e+02
8.909774011299437007e+02
8.914237288135593644e+02
8.916700564971752101e+02
8.917152542372882635e+02
8.915706214689266744e+02
8.912406779661018845e+02
8.907661016949153918e+02
8.902067796610170944e+02
8.895796610169493306e+02
8.889355932203391149e+02
8.883005649717515553e+02
8.877050847457628606e+02
8.871401129943503747e+02
8.866271186440678775e+02
8.861740112994350511e+02
8.857683615819209990e+02
8.854169491525424291e+02
8.851401129943503747e+02
8.849231638418078774e+02
8.847762711864406810e+02
8.847175141242937570e+02
8.847943502824859934e+02
8.846067796610169580e+02
8.842790960451977753e+02
8.837909604519772984e+02
8.831355932203389330e+02
8.822903954802259250e+02
8.812621468926553234e+02
8.800497175141242678e+02
8.786644067796610216e+02
8.770485875706214074e+02
8.752847457627117365e+02
8.733175141242937798e+02
8.712338983050847219e+02
8.690327683615819296e+02
8.667581920903955961e+02
8.644621468926554826e+02
8.622689265536723724e+02
8.602858757062147106e+02
8.585129943502824972e+02
8.569548022598870602e+02
8.555762711864407493e+02
8.543694915254238822e+02
8.532824858757063566e+02
8.522915254237288991e+02
8.513649717514124404e+02
8.505016949152543475e+02
8.497129943502825427e+02
8.489649717514125769e+02
8.482870056497176847e+02
8.477593220338984565e+02
8.474101694915254939e+02
8.472542372881357551e+02
8.473039548022600229e+02
8.476361581920905337e+02
8.482293785310735075e+02
8.490259887005651080e+02
8.498858757062147333e+02
8.508135593220339388e+02
8.517898305084747790e+02
8.528429378531075145e+02
8.539819209039549150e+02
8.552033898305086268e+02
8.565435028248589333e+02
8.579627118644068560e+02
8.594768361581922136e+02
8.610655367231640867e+02
8.627220338983051988e+02
8.644316384180792738e+02
8.661581920903956870e+02
8.678903954802260614e+02
8.695502824858758686e+02
8.710045197740114418e+02
8.722587570621469695e+02
8.733570621468927584e+02
8.743220338983052216e+02
8.751604519774011806e+02
8.759073446327683996e+02
8.765468926553672873e+02
8.770677966101695802e+02
8.774598870056498754e+02
8.776406779661017481e+02
8.775954802259886947e+02
8.777446327683617255e+02
8.780903954802261069e+02
8.786248587570623840e+02
8.793152542372884000e+02
8.801163841807911012e+02
8.810067796610171627e+02
8.819254237288137119e+02
8.828531073446329174e+02
8.837401129943503975e+02
8.845389830508474915e+02
8.852101694915254484e+02
8.857423728813560047e+02
8.861016949152543702e+02
8.862757062146893077e+02
8.862689265536724861e+02
8.860553672316386837e+02
8.856677966101696029e+02
8.851118644067798868e+02
8.844564971751412941e+02
8.837175141242938707e+02
8.829322033898305335e+02
8.821502824858757776e+02
8.814033898305085586e+02
8.806949152542372303e+02
8.800497175141243815e+02
8.794666666666666970e+02
8.789276836158192054e+02
8.784463276836158911e+02
8.780440677966101930e+02
8.777016949152542793e+02
8.774282485875708062e+02
8.772632768361584112e+02
8.771920903954803634e+02
8.771457627118645632e+02
8.769502824858757322e+02
8.765954802259886947e+02
8.760903954802259932e+02
8.754090395480226334e+02
8.745491525423728945e+02
8.735016949152543475e+02
8.722666666666667652e+02
8.708327683615821115e+02
8.692271186440680140e+02
8.674225988700566177e+02
8.654531073446328264e+02
8.633672316384181613e+02
8.611774011299436324e+02
8.589581920903956416e+02
8.567129943502825427e+02
8.545254237288136210e+02
8.525367231638418843e+02
8.507694915254237458e+02
8.492056497175142340e+02
8.478576271186441318e+02
8.466474576271186834e+02
8.455468926553674009e+02
8.445457627118645405e+02
8.436192090395481955e+02
8.427819209039548696e+02
8.420067796610170490e+02
8.413129943502826791e+02
8.407333333333333485e+02
8.403322033898306245e+02
8.400960451977402954e+02
8.400542372881357096e+02
8.402474576271188198e+02
8.407073446327685815e+02
8.413807909604521456e+02
8.421084745762714192e+02
8.428723163841808628e+02
8.436903954802261296e+02
8.445694915254239277e+02
8.454983050847458799e+02
8.465468926553674009e+02
8.476836158192090807e+02
8.489039548022599320e+02
8.502135593220339160e+02
8.515943502824859479e+02
8.530519774011301024e+02
8.545661016949153463e+02
8.561231638418080365e+02
8.576915254237289901e+02
8.592451977401130989e+02
8.607559322033899889e+02
8.621175141242939617e+02
8.632949152542373668e+02
8.643276836158192964e+02
8.652338983050849492e+02
8.660338983050849038e+02
8.667129943502826563e+02
8.672903954802261524e+02
8.677401129943505111e+02
8.680180790960453123e+02
8.680384180790962318e+02
8.680994350282487630e+02
8.683604519774012260e+02
8.688101694915255848e+02
8.694542372881358006e+02
8.702338983050849492e+02
8.711288135593222250e+02
8.720813559322034507e+02
8.730587570621469240e+02
8.740180790960453123e+02
8.749310734463277868e+02
8.757435028248588651e+02
8.764338983050848810e+02
8.769683615819210445e+02
8.773254237288136892e+02
8.774949152542374122e+02
8.774870056497176165e+02
8.772960451977403409e+02
8.769242937853108515e+02
8.764022598870058118e+02
8.757751412429379343e+02
8.751016949152543702e+02
8.743887005649719413e+02
8.736892655367233829e+02
8.730214689265537800e+02
8.723988700564973442e+02
8.718384180790960727e+02
8.713344632768362317e+02
8.708576271186442455e+02
8.704440677966103976e+02
8.700711864406780478e+02
8.697649717514126451e+02
8.695423728813560729e+02
8.694101694915254939e+02
8.694576271186442682e+02
8.693841807909607269e+02
8.691796610169493533e+02
8.688259887005651763e+02
8.683175141242938935e+02
8.676418079096047222e+02
8.667943502824861071e+02
8.657401129943505111e+02
8.645254237288138484e+02
8.631096045197741660e+02
8.615322033898307836e+02
8.597785310734466293e+02
8.578553672316386383e+02
8.558508474576274239e+02
8.537683615819211127e+02
8.516361581920906474e+02
8.495175141242939389e+02
8.474960451977402727e+02
8.456983050847459253e+02
8.441401129943504884e+02
8.428011299435031560e+02
8.416406779661019755e+02
8.406056497175143249e+02
8.396858757062150289e+02
8.388903954802261751e+02
8.381672316384183432e+02
8.375299435028250628e+02
8.369751412429379798e+02
8.365039548022600684e+02
8.360790960451979572e+02
8.357728813559324408e+02
8.356463276836159366e+02
8.357389830508475370e+02
8.360700564971753010e+02
8.365062146892657893e+02
8.369740112994353467e+02
8.374790960451980482e+02
8.380440677966104204e+02
8.386576271186443137e+02
8.393355932203392058e+02
8.400994350282487630e+02
8.409604519774013625e+02
8.419096045197742342e+02
8.429638418079098301e+02
8.440937853107346882e+02
8.453084745762714647e+02
8.465977401129946429e+02
8.479593220338983883e+02
8.493525423728815440e+02
8.507401129943505111e+02
8.521299435028249718e+02
8.534757062146894668e+02
8.547683615819211127e+02
8.558983050847459708e+02
8.568870056497177075e+02
8.577627118644070379e+02
8.585344632768363908e+02
8.591875706214691490e+02
8.597265536723166406e+02
8.600644067796612262e+02
8.601661016949153691e+02
8.601107344632771401e+02
8.602723163841810674e+02
8.606293785310735984e+02
8.611920903954803634e+02
8.619096045197742342e+02
8.627581920903957098e+02
8.636881355932206361e+02
8.646768361581923727e+02
8.656689265536724633e+02
8.666124293785312602e+02
8.675028248587573216e+02
8.682734463276838142e+02
8.689197740112996371e+02
8.694056497175142795e+02
8.697039548022601139e+02
8.698203389830509877e+02
8.697468926553674464e+02
8.694881355932204769e+02
8.690576271186444046e+02
8.685141242937854713e+02
8.678926553672317823e+02
8.672056497175142340e+02
8.665242937853108742e+02
8.658451977401132353e+02
8.652022598870059937e+02
8.646124293785312602e+02
8.640689265536725543e+02
8.635706214689266744e+02
8.631457627118645632e+02
8.627401129943505111e+02
8.624112994350284680e+02
8.621468926553675374e+02
8.619570621468928948e+02
8.618621468926555735e+02
8.618474576271188425e+02
8.616915254237289901e+02
8.614135593220340752e+02
8.609717514124296258e+02
8.603774011299436779e+02
8.596045197740114645e+02
8.586644067796612489e+02
8.575355932203391376e+02
8.562045197740114872e+02
8.546937853107345973e+02
8.530079096045199094e+02
8.511548022598872194e+02
8.491717514124295576e+02
8.470813559322034507e+02
8.449559322033899207e+02
8.428192090395482410e+02
8.407016949152543930e+02
8.387254237288136665e+02
8.369683615819210445e+02
8.354316384180792738e+02
8.340632768361583658e+02
8.328598870056498527e+02
8.317728813559324408e+02
8.307728813559324408e+02
8.298745762711866973e+02
8.290451977401131671e+02
8.282949152542374804e+02
8.276022598870058573e+02
8.270293785310736894e+02
8.265977401129945292e+02
8.263525423728815440e+02
8.262915254237288991e+02
8.264915254237289446e+02
8.269367231638419753e+02
8.276079096045198185e+02
8.283129943502826791e+02
8.290689265536724406e+02
8.298723163841809765e+02
8.307310734463278550e+02
8.316790960451978663e+02
8.327028248587571397e+02
8.338090395480227244e+02
8.350158192090397051e+02
8.363186440677968676e+02
8.377152542372882635e+02
8.391728813559323044e+02
8.407028248587572534e+02
8.422745762711865609e+02
8.438610169491527131e+02
8.454429378531074235e+02
8.469683615819210445e+02
8.482734463276838142e+02
8.494056497175142795e+02
8.503762711864408175e+02
8.511954802259888311e+02
8.519118644067797277e+02
8.525028248587572079e+02
8.529728813559324863e+02
8.533073446327684906e+02
8.534937853107346655e+02
8.534903954802260841e+02
8.537005649717515325e+02
8.541084745762713055e+02
8.547231638418080593e+02
8.555355932203392513e+02
8.564790960451978208e+02
8.575457627118645405e+02
8.586790960451978663e+02
8.598564971751414987e+02
8.610192090395482865e+02
8.621355932203391603e+02
8.631717514124295576e+02
8.640881355932206134e+02
8.648621468926554599e+02
8.654621468926554826e+02
8.658745762711866973e+02
8.660903954802262206e+02
8.661265536723165042e+02
8.659785310734465611e+02
8.656926553672319642e+02
8.652870056497176847e+02
8.648237288135594554e+02
8.643186440677967539e+02
8.638124293785311920e+02
8.633265536723165496e+02
8.628689265536725088e+02
8.624564971751414078e+02
8.620824858757064248e+02
8.617581920903955961e+02
8.614779661016950740e+02
8.612248587570622931e+02
8.610395480225990923e+02
8.609141242937854486e+02
8.608768361581921909e+02
8.608903954802262888e+02
8.607242937853109197e+02
8.604282485875708062e+02
8.600022598870058346e+02
8.594203389830511242e+02
8.586847457627120548e+02
8.577909604519775257e+02
8.567209039548024521e+02
8.554463276836161185e+02
8.540135593220340979e+02
8.523954802259888766e+02
8.506101694915256530e+02
8.486971751412431786e+02
8.466621468926555281e+02
8.445525423728815895e+02
8.424158192090396824e+02
8.402937853107346200e+02
8.382112994350284225e+02
8.362994350282488085e+02
8.346101694915255393e+02
8.331457627118645632e+02
8.318372881355934396e+02
8.306836158192091943e+02
8.296576271186443137e+02
8.287096045197743024e+02
8.278497175141244497e+02
8.270836158192091716e+02
8.263932203389831557e+02
8.258248587570623158e+02
8.253898305084746880e+02
8.251322033898306927e+02
8.250655367231640867e+02
8.252259887005650398e+02
8.256192090395481955e+02
8.261581920903956870e+02
8.267265536723165269e+02
8.273276836158192964e+02
8.279604519774013625e+02
8.286406779661018618e+02
8.293604519774013397e+02
8.301661016949154828e+02
8.310587570621470377e+02
8.320214689265537800e+02
8.330847457627120320e+02
8.342180790960453578e+02
8.354214689265538709e+02
8.366915254237289901e+02
8.380192090395482865e+02
8.393649717514126678e+02
8.407163841807911240e+02
8.420338983050849038e+02
8.433084745762713510e+02
8.445141242937854713e+02
8.456610169491527813e+02
8.467107344632770491e+02
8.476542372881357323e+02
8.484644067796612035e+02
8.491197740112995689e+02
8.495649717514124859e+02
8.497841807909605905e+02
8.497581920903955961e+02
8.496225988700566631e+02
8.497073446327685815e+02
8.499875706214691036e+02
8.504474576271188653e+02
8.510723163841810219e+02
8.518305084745763907e+02
8.526734463276836777e+02
8.535853107344635191e+02
8.545050847457628151e+02
8.553932203389831557e+02
8.562056497175142340e+02
8.569435028248590243e+02
8.575299435028250628e+02
8.579694915254237912e+02
8.582248587570622931e+02
8.582937853107346200e+02
8.581706214689266972e+02
8.578689265536725088e+02
8.574090395480227471e+02
8.568225988700567086e+02
8.561536723163844727e+02
8.554282485875708062e+02
8.546983050847459253e+02
8.539807909604521683e+02
8.532915254237288991e+02
8.526418079096047222e+02
8.520610169491526449e+02
8.515152542372882181e+02
8.510180790960453123e+02
8.505740112994351421e+02
8.501898305084747562e+02
8.498903954802261751e+02
8.496553672316385928e+02
8.496847457627119411e+02
8.496971751412431786e+02
8.495954802259889220e+02
8.493412429378532806e+02
8.489423728813560501e+02
8.484011299435029514e+02
8.476892655367232692e+02
8.467751412429379343e+02
8.456836158192091943e+02
8.444146892655368219e+02
8.429536723163843135e+02
8.413141242937854258e+02
8.394892655367233374e+02
8.375446327683617938e+02
8.354971751412431331e+02
8.333887005649719413e+02
8.312598870056499436e+02
8.291333333333335531e+02
8.270836158192092853e+02
8.251389830508476280e+02
8.233694915254238822e+02
8.218101694915255848e+02
8.203988700564973442e+02
8.191096045197741660e+02
8.179468926553674919e+02
8.168757062146894441e+02
8.159446327683617710e+02
8.151457627118645632e+02
8.144734463276837459e+02
8.139118644067797277e+02
8.135118644067797504e+02
8.132847457627119638e+02
8.132395480225989104e+02
8.134350282485877415e+02
8.138949152542375032e+02
8.146158192090397279e+02
8.153593220338984793e+02
8.161220338983052898e+02
8.169175141242940299e+02
8.177627118644070379e+02
8.186802259887008404e+02
8.196926553672318505e+02
8.207672316384182523e+02
8.219186440677967767e+02
8.231683615819210900e+02
8.244937853107346655e+02
8.258903954802261751e+02
8.273423728813561411e+02
8.288406779661019073e+02
8.303435028248588878e+02
8.318361581920905792e+02
8.333050847457628834e+02
8.346926553672317368e+02
8.359175141242939162e+02
8.369604519774013625e+02
8.378655367231640412e+02
8.386666666666668561e+02
8.393536723163842908e+02
8.399175141242940299e+02
8.403536723163842908e+02
8.406327683615820661e+02
8.406700564971752101e+02
8.407536723163842680e+02
8.410474576271187743e+02
8.415344632768362771e+02
8.422022598870057664e+02
8.430271186440679685e+02
8.439604519774012488e+02
8.449706214689266517e+02
8.460203389830510332e+02
8.470689265536724406e+02
8.480858757062148925e+02
8.490225988700566404e+02
8.498463276836159821e+02
8.505423728813560729e+02
8.510757062146894896e+02
8.514214689265538709e+02
8.516045197740113508e+02
8.515841807909605450e+02
8.513853107344633599e+02
8.510677966101695802e+02
8.506508474576271510e+02
8.501706214689265835e+02
8.496677966101694892e+02
8.491525423728814985e+02
8.486768361581921454e+02
8.482497175141243133e+02
8.478519774011300569e+02
8.475096045197741432e+02
8.472146892655368902e+02
8.469728813559322589e+02
8.467909604519775257e+02
8.466711864406781842e+02
8.466305084745763452e+02
8.466644067796611353e+02
8.468067796610171172e+02
8.466225988700566631e+02
8.462440677966103522e+02
8.457050847457628606e+02
8.450225988700567541e+02
8.442124293785311693e+02
8.432045197740112599e+02
8.420361581920903973e+02
8.406610169491525539e+02
8.391163841807909876e+02
8.373887005649717139e+02
8.354836158192091489e+02
8.334361581920904882e+02
8.312745762711864472e+02
8.290384180790961182e+02
8.267615819209040637e+02
8.245514124293786153e+02
8.225807909604520773e+02
8.208169491525425201e+02
8.192700564971752328e+02
8.178983050847457434e+02
8.167039548022598865e+02
8.156282485875707380e+02
8.146531073446328719e+02
8.137728813559322134e+02
8.129683615819210445e+02
8.122508474576272874e+02
8.115932203389830875e+02
8.110000000000001137e+02
8.104384180790962091e+02
8.099920903954803180e+02
8.097288135593221341e+02
8.096836158192090807e+02
8.098802259887006585e+02
8.103661016949154146e+02
8.110169491525424519e+02
8.116757062146893986e+02
8.124067796610170262e+02
8.131819209039549605e+02
8.140259887005649944e+02
8.149661016949153236e+02
8.159819209039549150e+02
8.171016949152542566e+02
8.183005649717515553e+02
8.195966101694916688e+02
8.209762711864407265e+02
8.224338983050847673e+02
8.239683615819210445e+02
8.255231638418081275e+02
8.270790960451978435e+02
8.286271186440678775e+02
8.301559322033899662e+02
8.315468926553674009e+02
8.327909604519775257e+02
8.338915254237289219e+02
8.348881355932204542e+02
8.357740112994351875e+02
8.365649717514124859e+02
8.372587570621469695e+02
8.377796610169492624e+02
8.380542372881357096e+02
8.380632768361583658e+02
8.380440677966103067e+02
8.382180790960454715e+02
8.385762711864407493e+02
8.390937853107345745e+02
8.397401129943505111e+02
8.404836158192092626e+02
8.412949152542373668e+02
8.421107344632769127e+02
8.429220338983052443e+02
8.436757062146893986e+02
8.443231638418079683e+02
8.448576271186441318e+02
8.452531073446327810e+02
8.454813559322035417e+02
8.455163841807910785e+02
8.453661016949154146e+02
8.450474576271187743e+02
8.445694915254239277e+02
8.439706214689267654e+02
8.433005649717515553e+02
8.425785310734463565e+02
8.418508474576273102e+02
8.411197740112995689e+02
8.404203389830510105e+02
8.397728813559323271e+02
8.391581920903955734e+02
8.385909604519774803e+02
8.380994350282487630e+02
8.376406779661017481e+02
8.372531073446327810e+02
8.369265536723164587e+02
8.366836158192090807e+02
8.365333333333334167e+02
8.365887005649718731e+02
8.365118644067797504e+02
8.363254237288136892e+02
8.359627118644068560e+02
8.354485875706216120e+02
8.347694915254238595e+02
8.339118644067797277e+02
8.328723163841808628e+02
8.316372881355932805e+02
8.302056497175142340e+02
8.285943502824859479e+02
8.268056497175141430e+02
8.248836158192091261e+02
8.228531073446329174e+02
8.207548022598871285e+02
8.186112994350282861e+02
8.164960451977401590e+02
8.144293785310735529e+02
8.124881355932203633e+02
8.107570621468927357e+02
8.092112994350284225e+02
8.078112994350283316e+02
8.065435028248588196e+02
8.053457627118643813e+02
8.042406779661017708e+02
8.032372881355933032e+02
8.023446327683616346e+02
8.015683615819209535e+02
8.009367231638418616e+02
8.004395480225989559e+02
8.001141242937853804e+02
7.999875706214689899e+02
8.000802259887007040e+02
8.004327683615820206e+02
8.010836158192091716e+02
8.018983050847458571e+02
8.027310734463278550e+02
8.035977401129944155e+02
8.045310734463278095e+02
8.055084745762712828e+02
8.065661016949153463e+02
8.077005649717515325e+02
8.089220338983051306e+02
8.102146892655366628e+02
8.116067796610169580e+02
8.130655367231638593e+02
8.145661016949152327e+02
8.161118644067796595e+02
8.176677966101696029e+02
8.192045197740114872e+02
8.207220338983051988e+02
8.221740112994350511e+02
8.235152542372882181e+02
8.247242937853108060e+02
8.257954802259887401e+02
8.267627118644068105e+02
8.276045197740113508e+02
8.283525423728815440e+02
8.289084745762713737e+02
8.292282485875707607e+02
8.292949152542373668e+02
8.292090395480227016e+02
8.293254237288135755e+02
8.296350282485876733e+02
8.301186440677965948e+02
8.307649717514125314e+02
8.315254237288136210e+02
8.323525423728814303e+02
8.332350282485876960e+02
8.341209039548023156e+02
8.349796610169491942e+02
8.357706214689267199e+02
8.364531073446328264e+02
8.370090395480226562e+02
8.373977401129944838e+02
8.376259887005650171e+02
8.376542372881356187e+02
8.375163841807910785e+02
8.371864406779661749e+02
8.367265536723164132e+02
8.361446327683617028e+02
8.354915254237289446e+02
8.348135593220340525e+02
8.341220338983050624e+02
8.334519774011300797e+02
8.328158192090395460e+02
8.322135593220339160e+02
8.316644067796610216e+02
8.311468926553671963e+02
8.306847457627118274e+02
8.302700564971751191e+02
8.299028248587570715e+02
8.296180790960452214e+02
8.294237288135593644e+02
8.293141242937853121e+02
8.293175141242937798e+02
8.291751412429377979e+02
8.289005649717514643e+02
8.284745762711863790e+02
8.278949152542372758e+02
8.271480225988700568e+02
8.262180790960451304e+02
8.250892655367231328e+02
8.237661016949152781e+02
8.222451977401129852e+02
8.205435028248588196e+02
8.186802259887006130e+02
8.166847457627119411e+02
8.146045197740113508e+02
8.124576271186440408e+02
8.103706214689266289e+02
8.085118644067797504e+02
8.068587570621468785e+02
8.054203389830508968e+02
8.041830508474577073e+02
8.031062146892655846e+02
8.021502824858757776e+02
8.013073446327683769e+02
8.005548022598870830e+02
7.999005649717514643e+02
7.993231638418078546e+02
7.988067796610168898e+02
7.983446327683616346e+02
7.979367231638418616e+02
7.975525423728813621e+02
7.972248587570620657e+02
7.970971751412429285e+02
7.972259887005649261e+02
7.976022598870056299e+02
7.981186440677965948e+02
7.986564971751412259e+02
7.992519774011299205e+02
7.999152542372880816e+02
8.006564971751411122e+02
8.014734463276835186e+02
8.024079096045197730e+02
8.034305084745761860e+02
8.045491525423728945e+02
8.057751412429378206e+02
8.071129943502824062e+02
8.085412429378529851e+02
8.100282485875706016e+02
8.115717514124294212e+02
8.131220338983050624e+02
8.146949152542372303e+02
8.161491525423728035e+02
8.174090395480225197e+02
8.185062146892655619e+02
8.194779661016948467e+02
8.203209039548021337e+02
8.210542372881355959e+02
8.217129943502825427e+02
8.222485875706214529e+02
8.226350282485875596e+02
8.228711864406778886e+02
8.229389830508473551e+02
8.229740112994350056e+02
8.232802259887005221e+02
8.237875706214688307e+02
8.244429378531073098e+02
8.252237288135593190e+02
8.260983050847457889e+02
8.270463276836158002e+02
8.280022598870057209e+02
8.289367231638417479e+02
8.298203389830507604e+02
8.306022598870056299e+02
8.312847457627118501e+02
8.317853107344633372e+02
8.321367231638417934e+02
8.322870056497174573e+02
8.322497175141243133e+02
8.320305084745763224e+02
8.316508474576271510e+02
8.311446327683615891e+02
8.305525423728813621e+02
8.298903954802260614e+02
8.292158192090395232e+02
8.285333333333333030e+02
8.278824858757061520e+02
8.272745762711863335e+02
8.267039548022598865e+02
8.261807909604519864e+02
8.256892655367231555e+02
8.252779661016948012e+02
8.249073446327683996e+02
8.246169491525423609e+02
8.244067796610170262e+02
8.242870056497174573e+02
8.243016949152540747e+02
8.241785310734462655e+02
8.239220338983050169e+02
8.235129943502824972e+02
8.229502824858757322e+02
8.222259887005649261e+02
8.213118644067795913e+02
8.202112994350281951e+02
8.189209039548022702e+02
8.174135593220338478e+02
8.157322033898303744e+02
8.138757062146892167e+02
8.118621468926553462e+02
8.097468926553672190e+02
8.075378531073446311e+02
8.053050847457627697e+02
8.031276836158192509e+02
8.011841807909603403e+02
7.994677966101694437e+02
7.979514124293784789e+02
7.966237288135591825e+02
7.954372881355931213e+02
7.943819209039546649e+02
7.934225988700565040e+02
7.925672316384179794e+02
7.918112994350281042e+02
7.911333333333332121e+02
7.905186440677965720e+02
7.899536723163840861e+02
7.894338983050847673e+02
7.889310734463276731e+02
7.886101694915253120e+02
7.885310734463276958e+02
7.886949152542372303e+02
7.891401129943501473e+02
7.897728813559322134e+02
7.904451977401129170e+02
7.911819209039547331e+02
7.919841807909604086e+02
7.928598870056496253e+02
7.938293785310734165e+02
7.948858757062146196e+02
7.960237288135592735e+02
7.972768361581920544e+02
7.986203389830507149e+02
8.000666666666666060e+02
8.015796610169491032e+02
8.031491525423728035e+02
8.047536723163841543e+02
8.063570621468927584e+02
8.078836158192091261e+02
8.092124293785310556e+02
8.103932203389830420e+02
8.114203389830507831e+02
8.123220338983051079e+02
8.131028248587570033e+02
8.137954802259887401e+02
8.144067796610167989e+02
8.148881355932203405e+02
8.152361581920903291e+02
8.154033898305084449e+02
8.154056497175140521e+02
8.156011299435027695e+02
8.159728813559321452e+02
8.165084745762711691e+02
8.171898305084745289e+02
8.179898305084745971e+02
8.188531073446326900e+02
8.197593220338983429e+02
8.206644067796610216e+02
8.215310734463275821e+02
8.223197740112993870e+02
8.230124293785311238e+02
8.235661016949152327e+02
8.239694915254237912e+02
8.241920903954801361e+02
8.242112994350281951e+02
8.240384180790960045e+02
8.237062146892656074e+02
8.232271186440677866e+02
8.226350282485875596e+02
8.219661016949152099e+02
8.212610169491524630e+02
8.205254237288135073e+02
8.198056497175140294e+02
8.191050847457626105e+02
8.184497175141241314e+02
8.178338983050846309e+02
8.172531073446327810e+02
8.167389830508475370e+02
8.162497175141243133e+02
8.158271186440676956e+02
8.154700564971750509e+02
8.151988700564970713e+02
8.150169491525423382e+02
8.150734463276835413e+02
8.150112994350281497e+02
8.148214689265535071e+02
8.144937853107343244e+02
8.140135593220338706e+02
8.133638418079094663e+02
8.125389830508473779e+02
8.115276836158191145e+02
8.103175141242936661e+02
8.089152542372880816e+02
8.073355932203389784e+02
8.056056497175140976e+02
8.037638418079095572e+02
8.018033898305084222e+02
7.998011299435027013e+02
7.977514124293784334e+02
7.957593220338982292e+02
7.940067796610168216e+02
7.924700564971750509e+02
7.911028248587570033e+02
7.899186440677965493e+02
7.888711864406780023e+02
7.879367231638416342e+02
7.870949152542372076e+02
7.863593220338981382e+02
7.857129943502824290e+02
7.851491525423728035e+02
7.846485875706214301e+02
7.841943502824856296e+02
7.837694915254236321e+02
7.834745762711863790e+02
7.833694915254236548e+02
7.834892655367229963e+02
7.838779661016948239e+02
7.843728813559321225e+02
7.849118644067795003e+02
7.855073446327683087e+02
7.861559322033897388e+02
7.868553672316382972e+02
7.876327683615818387e+02
7.884881355932202496e+02
7.894350282485874004e+02
7.904813559322033143e+02
7.916271186440677639e+02
7.928700564971750282e+02
7.942067796610167534e+02
7.955999999999999091e+02
7.970395480225988649e+02
7.984994350282485129e+02
7.999683615819208171e+02
8.014067796610167989e+02
8.027005649717513052e+02
8.038305084745761633e+02
8.048406779661015662e+02
8.057062146892653800e+02
8.064949152542371849e+02
8.071819209039547331e+02
8.077581920903953687e+02
8.082090395480224743e+02
8.084960451977400453e+02
8.086316384180789782e+02
8.086926553672315094e+02
8.089581920903954142e+02
8.093785310734461973e+02
8.099661016949153236e+02
8.106768361581919180e+02
8.114858757062145287e+02
8.123468926553671281e+02
8.132372881355931895e+02
8.140983050847455615e+02
8.149107344632767536e+02
8.156305084745761178e+02
8.162338983050847219e+02
8.167062146892653800e+02
8.169920903954800906e+02
8.170971751412428148e+02
8.170011299435026331e+02
8.167265536723161858e+02
8.163016949152540747e+02
8.157322033898303744e+02
8.150564971751410894e+02
8.143186440677964129e+02
8.135807909604518500e+02
8.128146892655365718e+02
8.120598870056496708e+02
8.113333333333332575e+02
8.106372881355930531e+02
8.099887005649717366e+02
8.093672316384179339e+02
8.087887005649716912e+02
8.082870056497174573e+02
8.078203389830507604e+02
8.074338983050845400e+02
8.071581920903952323e+02
8.072225988700563448e+02
8.073209039548021337e+02
8.072926553672316459e+02
8.071209039548020883e+02
8.067977401129942336e+02
8.063310734463275367e+02
8.056858757062145742e+02
8.048677966101693073e+02
8.038564971751411576e+02
8.026553672316383654e+02
8.012644067796609306e+02
7.996971751412427238e+02
7.979920903954800906e+02
7.961762711864406583e+02
7.942711864406778659e+02
7.923220338983049942e+02
7.903502824858755957e+02
7.885073446327683087e+02
7.869039548022598183e+02
7.855141242937852439e+02
7.843152542372881726e+02
7.832723163841808400e+02
7.823604519774011123e+02
7.815740112994350284e+02
7.809028248587569578e+02
7.803310734463275367e+02
7.798406779661015662e+02
7.794338983050846537e+02
7.790971751412428148e+02
7.787932203389829056e+02
7.785197740112994325e+02
7.783197740112993870e+02
7.783288135593220431e+02
7.785694915254237003e+02
7.788813559322034052e+02
7.792079096045197275e+02
7.796022598870056299e+02
7.800361581920903973e+02
7.805288135593219749e+02
7.810903954802258795e+02
7.817514124293784334e+02
7.825129943502823835e+02
7.833491525423728490e+02
7.843028248587570488e+02
7.853457627118643813e+02
7.864915254237287172e+02
7.877310734463276276e+02
7.890338983050846764e+02
7.903751412429377297e+02
7.917615819209039500e+02
7.931457627118643359e+02
7.944802259887005675e+02
7.956485875706214301e+02
7.966497175141241769e+02
7.975186440677965720e+02
7.982768361581920544e+02
7.989536723163841998e+02
7.995084745762711691e+02
7.999310734463276731e+02
8.002045197740112599e+02
8.002926553672316459e+02
8.002124293785310556e+02
8.003706214689266289e+02
8.007830508474576163e+02
8.014327683615819069e+02
8.022158192090396369e+02
8.031322033898305790e+02
8.041220338983050624e+02
8.051728813559323044e+02
8.062282485875706470e+02
8.072677966101693983e+02
8.082305084745762542e+02
8.090983050847457889e+02
8.098463276836158684e+02
8.104293785310733256e+02
8.108293785310734165e+02
8.110485875706215211e+02
8.110757062146892622e+02
8.109378531073446084e+02
8.106587570621468331e+02
8.102485875706214529e+02
8.097570621468926220e+02
8.092045197740113736e+02
8.086429378531073553e+02
8.080723163841807946e+02
8.075299435028248354e+02
8.070033898305084676e+02
8.065084745762712828e+02
8.060553672316384564e+02
8.056327683615820661e+02
8.052350282485876960e+02
8.049039548022599320e+02
8.046271186440678775e+02
8.044112994350282406e+02
8.042994350282485811e+02
8.043231638418078546e+02
8.042271186440677866e+02
8.040101694915254029e+02
8.036632768361581611e+02
8.031728813559320770e+02
8.025355932203389102e+02
8.017197740112993642e+02
8.007242937853106923e+02
7.995389830508474915e+02
7.981717514124294439e+02
7.966384180790960272e+02
7.949378531073446084e+02
7.931084745762711918e+02
7.911649717514123950e+02
7.891661016949152554e+02
7.871265536723163905e+02
7.851796610169491260e+02
7.834474576271186379e+02
7.819525423728813394e+02
7.806429378531072416e+02
7.795084745762712828e+02
7.785367231638417707e+02
7.776655367231638820e+02
7.769152542372880816e+02
7.762666666666666515e+02
7.757152542372881499e+02
7.752553672316383881e+02
7.748440677966100338e+02
7.744870056497175028e+02
7.741774011299435188e+02
7.738644067796609534e+02
7.736983050847456980e+02
7.737581920903953687e+02
7.740937853107343471e+02
7.744700564971751646e+02
7.748790960451976844e+02
7.753322033898305108e+02
7.758451977401130080e+02
7.764158192090394550e+02
7.770564971751412031e+02
7.777740112994349602e+02
7.785875706214690126e+02
7.794994350282486266e+02
7.805186440677966857e+02
7.816327683615820661e+02
7.828372881355932122e+02
7.840971751412428148e+02
7.854214689265536435e+02
7.867604519774010896e+02
7.880903954802258795e+02
7.894293785310733256e+02
7.906711864406779569e+02
7.917514124293785471e+02
7.926824858757062202e+02
7.935016949152542338e+02
7.942180790960451304e+02
7.948327683615818842e+02
7.953389830508474461e+02
7.956870056497175483e+02
7.958915254237286945e+02
7.959073446327683996e+02
7.960711864406779341e+02
7.964384180790960954e+02
7.969853107344632690e+02
7.976937853107344836e+02
7.985446327683616801e+02
7.994813559322034280e+02
8.004790960451978208e+02
8.014971751412429057e+02
8.025333333333334167e+02
8.035186440677966857e+02
8.044169491525424291e+02
8.051988700564972987e+02
8.058463276836158684e+02
8.063254237288135755e+02
8.066327683615819524e+02
8.067389830508475370e+02
8.066485875706214301e+02
8.064000000000000909e+02
8.060180790960451986e+02
8.055344632768361635e+02
8.049807909604519409e+02
8.043988700564971168e+02
8.038033898305085359e+02
8.032146892655367765e+02
8.026406779661017481e+02
8.020892655367231328e+02
8.015661016949152327e+02
8.010892655367231328e+02
8.006338983050848128e+02
8.002406779661017708e+02
7.998994350282484902e+02
7.996225988700565495e+02
7.994350282485875141e+02
7.994903954802259705e+02
7.994768361581920999e+02
7.993514124293785699e+02
7.990870056497175256e+02
7.986824858757061065e+02
7.981367231638417934e+02
7.974237288135592507e+02
7.965209039548021792e+02
7.954429378531073098e+02
7.941796610169491260e+02
7.927129943502824290e+02
7.910903954802258795e+02
7.893084745762712373e+02
7.874112994350282406e+02
7.854214689265536435e+02
7.833830508474575254e+02
7.813514124293784562e+02
7.793355932203389784e+02
7.774011299435028377e+02
7.756711864406779569e+02
7.741129943502824062e+02
7.727152542372880362e+02
7.714463276836157775e+02
7.703028248587569351e+02
7.692632768361579565e+02
7.683412429378530533e+02
7.675118644067796367e+02
7.667604519774010896e+02
7.660858757062146651e+02
7.655491525423728945e+02
7.651604519774010669e+02
7.649581920903954142e+02
7.649898305084745971e+02
7.652485875706214529e+02
7.657864406779660840e+02
7.664350282485875141e+02
7.670892655367230191e+02
7.677841807909603631e+02
7.685220338983049260e+02
7.693129943502824517e+02
7.701740112994349374e+02
7.711141242937852667e+02
7.721322033898303516e+02
7.732395480225986830e+02
7.744406779661017026e+02
7.757175141242937570e+02
7.770598870056496708e+02
7.784700564971751646e+02
7.799062146892654255e+02
7.813355932203389784e+02
7.827774011299434278e+02
7.842056497175141203e+02
7.855118644067796367e+02
7.866644067796610216e+02
7.876677966101693755e+02
7.885819209039547104e+02
7.893819209039547786e+02
7.900734463276835413e+02
7.906440677966101021e+02
7.910723163841807946e+02
7.913333333333332575e+02
7.914112994350282406e+02
7.915254237288135073e+02
7.918485875706213619e+02
7.923209039548021337e+02
7.929367231638417479e+02
7.936757062146891712e+02
7.945028248587570943e+02
7.953796610169491714e+02
7.962598870056497162e+02
7.971265536723163905e+02
7.979514124293784789e+02
7.986757062146892849e+02
7.992870056497174573e+02
7.997435028248587514e+02
8.000180790960453123e+02
8.001152542372881271e+02
8.000327683615819296e+02
7.997898305084745516e+02
7.993898305084746880e+02
7.988790960451976844e+02
7.982790960451977753e+02
7.976350282485875596e+02
7.969875706214688762e+02
7.963378531073445856e+02
7.956971751412429512e+02
7.950926553672316004e+02
7.945209039548022929e+02
7.939740112994350056e+02
7.934824858757062884e+02
7.930237288135592735e+02
7.926180790960452214e+02
7.922813559322032688e+02
7.920225988700564130e+02
7.919118644067796140e+02
7.919898305084744834e+02
7.919367231638416342e+02
7.917717514124293530e+02
7.914768361581920999e+02
7.910508474576270146e+02
7.904621468926552552e+02
7.897073446327683541e+02
7.887615819209038364e+02
7.876406779661015207e+02
7.863310734463277640e+02
7.848632768361582066e+02
7.832146892655366628e+02
7.814519774011299660e+02
7.795864406779660385e+02
7.776576271186440863e+02
7.756802259887004993e+02
7.737129943502824290e+02
7.719005649717513506e+02
7.703050847457627697e+02
7.689288135593220659e+02
7.677220338983051988e+02
7.666677966101694892e+02
7.657627118644068105e+02
7.649728813559322589e+02
7.642937853107345063e+02
7.637288135593221341e+02
7.632485875706214529e+02
7.628644067796610670e+02
7.625435028248587059e+02
7.622519774011300342e+02
7.620011299435029741e+02
7.619525423728814530e+02
7.621288135593221114e+02
7.623898305084745743e+02
7.626711864406779569e+02
7.629740112994350056e+02
7.633209039548023611e+02
7.637039548022598865e+02
7.641401129943503747e+02
7.646350282485875596e+02
7.652293785310735075e+02
7.658949152542372758e+02
7.666463276836157092e+02
7.674983050847457662e+02
7.684497175141243588e+02
7.694960451977401590e+02
7.705954802259886947e+02
7.717514124293785471e+02
7.729401129943503292e+02
7.741480225988700568e+02
7.753694915254237685e+02
7.765717514124294212e+02
7.777367231638418161e+02
7.788169491525425201e+02
7.797525423728814076e+02
7.805909604519774803e+02
7.813310734463277640e+02
7.819491525423728717e+02
7.824338983050847673e+02
7.827073446327683541e+02
7.827740112994349602e+02
7.827966101694916006e+02
7.830158192090395914e+02
7.834022598870055845e+02
7.839502824858757322e+02
7.846406779661017481e+02
7.854338983050846537e+02
7.862949152542373668e+02
7.871875706214689217e+02
7.880892655367231328e+02
7.889536723163841998e+02
7.897593220338983429e+02
7.904508474576271055e+02
7.910248587570621339e+02
7.914282485875706925e+02
7.916745762711864245e+02
7.917355932203390694e+02
7.916180790960452214e+02
7.913502824858757094e+02
7.909525423728813394e+02
7.904632768361582293e+02
7.898983050847457434e+02
7.893276836158192964e+02
7.887446327683614982e+02
7.881683615819208626e+02
7.876180790960452214e+02
7.870926553672316004e+02
7.866135593220337796e+02
7.861740112994350511e+02
7.857762711864406810e+02
7.854203389830508968e+02
7.851435028248588424e+02
7.849265536723164587e+02
7.847988700564972078e+02
7.847581920903955961e+02
7.846892655367231555e+02
7.844960451977400453e+02
7.841819209039547331e+02
7.837299435028248809e+02
7.831276836158192509e+02
7.823672316384181613e+02
7.814372881355932350e+02
7.803141242937853121e+02
7.789909604519774575e+02
7.774858757062147561e+02
7.758237288135592280e+02
7.740146892655366173e+02
7.720711864406779341e+02
7.700406779661016117e+02
7.679649717514123495e+02
7.658474576271186152e+02
7.638248587570620884e+02
7.620395480225988649e+02
7.604316384180790465e+02
7.589819209039549150e+02
7.576881355932205224e+02
7.565096045197740295e+02
7.554632768361582293e+02
7.545028248587570943e+02
7.536350282485875596e+02
7.528564971751411576e+02
7.521525423728813848e+02
7.515073446327683087e+02
7.508881355932203405e+02
7.503310734463277640e+02
7.499593220338983883e+02
7.497887005649718049e+02
7.498723163841808628e+02
7.502112994350283088e+02
7.508338983050848583e+02
7.515774011299436097e+02
7.523672316384181613e+02
7.532135593220339160e+02
7.541118644067796595e+02
7.551039548022599774e+02
7.561683615819208626e+02
7.573333333333334849e+02
7.585943502824859479e+02
7.599502824858757322e+02
7.614045197740113053e+02
7.629254237288135982e+02
7.644994350282486266e+02
7.661073446327684451e+02
7.677412429378532579e+02
7.693175141242938935e+02
7.706960451977402045e+02
7.719096045197741205e+02
7.729706214689265380e+02
7.739265536723164587e+02
7.747570621468928493e+02
7.755118644067797504e+02
7.761548022598869920e+02
7.766745762711865382e+02
7.770598870056498981e+02
7.772802259887007494e+02
7.773152542372881726e+02
7.773073446327684906e+02
7.776067796610169580e+02
7.781186440677965948e+02
7.787819209039548696e+02
7.795581920903955506e+02
7.804338983050847673e+02
7.813502824858757094e+02
7.822813559322033825e+02
7.832305084745762542e+02
7.841129943502825199e+02
7.849242937853107378e+02
7.856180790960452214e+02
7.861593220338983201e+02
7.865423728813559592e+02
7.867344632768360952e+02
7.867627118644068105e+02
7.866192090395480818e+02
7.863186440677966402e+02
7.859231638418079910e+02
7.854316384180790465e+02
7.848960451977400226e+02
7.843310734463276503e+02
7.837785310734462882e+02
7.832214689265535981e+02
7.826847457627118274e+02
7.821774011299435188e+02
7.817096045197740750e+02
7.812576271186441090e+02
7.808564971751413850e+02
7.804960451977401590e+02
7.801875706214689217e+02
7.799502824858757322e+02
7.797954802259887401e+02
7.797378531073445629e+02
7.796813559322033598e+02
7.795129943502823835e+02
7.792192090395479909e+02
7.788011299435027013e+02
7.782180790960452441e+02
7.774666666666666970e+02
7.765446327683616801e+02
7.754395480225989559e+02
7.741355932203390466e+02
7.726542372881356187e+02
7.710327683615819296e+02
7.692587570621469695e+02
7.673785310734464247e+02
7.654169491525424291e+02
7.634282485875705788e+02
7.615028248587570943e+02
7.597954802259887401e+02
7.582971751412428603e+02
7.569570621468926674e+02
7.557830508474576163e+02
7.547649717514125314e+02
7.538429378531075145e+02
7.530406779661018390e+02
7.523389830508475598e+02
7.517355932203390694e+02
7.512101694915254484e+02
7.507593220338983429e+02
7.503480225988701022e+02
7.499683615819209308e+02
7.496045197740113508e+02
7.494259887005650853e+02
7.494587570621470149e+02
7.497615819209040637e+02
7.501638418079096482e+02
7.506033898305086041e+02
7.510598870056497844e+02
7.515875706214690126e+02
7.521559322033899662e+02
7.527943502824859934e+02
7.535039548022600684e+02
7.543118644067797050e+02
7.552146892655366628e+02
7.562090395480227016e+02
7.572994350282485811e+02
7.584824858757062884e+02
7.597401129943502838e+02
7.610508474576272420e+02
7.623920903954804089e+02
7.637502824858758004e+02
7.651062146892655846e+02
7.664519774011300797e+02
7.677389830508474233e+02
7.688994350282486039e+02
7.699412429378530760e+02
7.708858757062147333e+02
7.717299435028248809e+02
7.724779661016948467e+02
7.730971751412429285e+02
7.735446327683615664e+02
7.737954802259887401e+02
7.738259887005649489e+02
7.739005649717514643e+02
7.741581920903954597e+02
7.745751412429378888e+02
7.751333333333333258e+02
7.757841807909604768e+02
7.765039548022600684e+02
7.772745762711864472e+02
7.780248587570621339e+02
7.787570621468927357e+02
7.794259887005650853e+02
7.799875706214689899e+02
7.804192090395481500e+02
7.807062146892656074e+02
7.808101694915255848e+02
7.807299435028248809e+02
7.804813559322034280e+02
7.800519774011299887e+02
7.794915254237288309e+02
7.788519774011299432e+02
7.781265536723163905e+02
7.773706214689266289e+02
7.766033898305086041e+02
7.758384180790960727e+02
7.750915254237288536e+02
7.743661016949154146e+02
7.736734463276836777e+02
7.730259887005651080e+02
7.724158192090396824e+02
7.718451977401130080e+02
7.713423728813559137e+02
7.709242937853107378e+02
7.705853107344632917e+02
7.704745762711864927e+02
7.706011299435028832e+02
7.706000000000001364e+02
7.704757062146893531e+02
7.702067796610169808e+02
7.697864406779660840e+02
7.692033898305085131e+02
7.684372881355932350e+02
7.674587570621469013e+02
7.662813559322033825e+02
7.649050847457627924e+02
7.633491525423729627e+02
7.616361581920904200e+02
7.597819209039548696e+02
7.578192090395480136e+02
7.557728813559322134e+02
7.537084745762713283e+02
7.516971751412429512e+02
7.499118644067797277e+02
7.483310734463277640e+02
7.469209039548022702e+02
7.456881355932204087e+02
7.445785310734463565e+02
7.436067796610170717e+02
7.427186440677966175e+02
7.419581920903955279e+02
7.412971751412429740e+02
7.407096045197740750e+02
7.402000000000000455e+02
7.397050847457627469e+02
7.392474576271187061e+02
7.388056497175141430e+02
7.384937853107344381e+02
7.384180790960451759e+02
7.386067796610169580e+02
7.390892655367231328e+02
7.396372881355932805e+02
7.402237288135593190e+02
7.408542372881356641e+02
7.415570621468925765e+02
7.423310734463276503e+02
7.431864406779661749e+02
7.441604519774011806e+02
7.452203389830508513e+02
7.463909604519774348e+02
7.476768361581920317e+02
7.490361581920903973e+02
7.504689265536721905e+02
7.519615819209038818e+02
7.534768361581920999e+02
7.549299435028248126e+02
7.561988700564971850e+02
7.572994350282485811e+02
7.582587570621468558e+02
7.591016949152542566e+02
7.598497175141243360e+02
7.605039548022598410e+02
7.610508474576270146e+02
7.614892655367231100e+02
7.617728813559322134e+02
7.619163841807908284e+02
7.618813559322034052e+02
7.617604519774010896e+02
7.619073446327683996e+02
7.623378531073445856e+02
7.630463276836158002e+02
7.638474576271185015e+02
7.647401129943502838e+02
7.656926553672315094e+02
7.666418079096043812e+02
7.675943502824858342e+02
7.684813559322033143e+02
7.692949152542372531e+02
7.699909604519773438e+02
7.705412429378530987e+02
7.708937853107344154e+02
7.710926553672316004e+02
7.711050847457627242e+02
7.709322033898305335e+02
7.706022598870056299e+02
7.701649717514123950e+02
7.696451977401129625e+02
7.690531073446328492e+02
7.684440677966101703e+02
7.678135593220338251e+02
7.671898305084746426e+02
7.666000000000000227e+02
7.660361581920903973e+02
7.654847457627117819e+02
7.649909604519774575e+02
7.645378531073446311e+02
7.641152542372881271e+02
7.637514124293784334e+02
7.634802259887005675e+02
7.632949152542373668e+02
7.631819209039547331e+02
7.631661016949153691e+02
7.630305084745763224e+02
7.627740112994349602e+02
7.623830508474576391e+02
7.618418079096045403e+02
7.611389830508474006e+02
7.602440677966101248e+02
7.591570621468925992e+02
7.578655367231638138e+02
7.564135593220338478e+02
7.547853107344633372e+02
7.530045197740113281e+02
7.511141242937853804e+02
7.491378531073446538e+02
7.471457627118643359e+02
7.453830508474575254e+02
7.438316384180791374e+02
7.424847457627117819e+02
7.413129943502824517e+02
7.403016949152541883e+02
7.394418079096044494e+02
7.386858757062145742e+02
7.380666666666666060e+02
7.375435028248587059e+02
7.371186440677965948e+02
7.367661016949152781e+02
7.364576271186440408e+02
7.362079096045197275e+02
7.359604519774011351e+02
7.357163841807910103e+02
7.354632768361582293e+02
7.353649717514124404e+02
7.355129943502824972e+02
7.358384180790960727e+02
7.361988700564971850e+02
7.366327683615818387e+02
7.371129943502824062e+02
7.376666666666667425e+02
7.382971751412428603e+02
7.390237288135592735e+02
7.398395480225988194e+02
7.407728813559322134e+02
7.418406779661016799e+02
7.429966101694915324e+02
7.442666666666666515e+02
7.456259887005649034e+02
7.470406779661017254e+02
7.485175141242938253e+02
7.500271186440678548e+02
7.514994350282486266e+02
7.527785310734464019e+02
7.539186440677965493e+02
7.549401129943503292e+02
7.558395480225988194e+02
7.566598870056496935e+02
7.573864406779661067e+02
7.580112994350282634e+02
7.585005649717513734e+02
7.588531073446328037e+02
7.590395480225988649e+02
7.590440677966101930e+02
7.589672316384180704e+02
7.591548022598869920e+02
7.596338983050848128e+02
7.602350282485875823e+02
7.609242937853107378e+02
7.616824858757062202e+02
7.624700564971751646e+02
7.632745762711864472e+02
7.640429378531073326e+02
7.647322033898306017e+02
7.653231638418078546e+02
7.657819209039548696e+02
7.660689265536724406e+02
7.661841807909604540e+02
7.661152542372881271e+02
7.658745762711864700e+02
7.654598870056497617e+02
7.649141242937853349e+02
7.642531073446327810e+02
7.635163841807909648e+02
7.627367231638418161e+02
7.619389830508475825e+02
7.611310734463277186e+02
7.603502824858757094e+02
7.595751412429378888e+02
7.588361581920903518e+02
7.581401129943502610e+02
7.574926553672316913e+02
7.568768361581920772e+02
7.563096045197739841e+02
7.558192090395480136e+02
7.554056497175141658e+02
7.552418079096045176e+02
7.554135593220338478e+02
7.555254237288133936e+02
7.555118644067796367e+02
7.553694915254237685e+02
7.550802259887005903e+02
7.546327683615818387e+02
7.539977401129942791e+02
7.531751412429377979e+02
7.521796610169492396e+02
7.509807909604520546e+02
7.496101694915254257e+02
7.480813559322034507e+02
7.464090395480227471e+02
7.446350282485877869e+02
7.427841807909605905e+02
7.408960451977402499e+02
7.390248587570622476e+02
7.373581920903955051e+02
7.358903954802260614e+02
7.346112994350282861e+02
7.334779661016950740e+02
7.324881355932204769e+02
7.316316384180790919e+02
7.308960451977402499e+02
7.302632768361581839e+02
7.297423728813560047e+02
7.293016949152543020e+02
7.289209039548023839e+02
7.285649717514125996e+02
7.282418079096046313e+02
7.279355932203391149e+02
7.277457627118644723e+02
7.277615819209040637e+02
7.280338983050847901e+02
7.283864406779662204e+02
7.287717514124293530e+02
7.291830508474577073e+02
7.296248587570621567e+02
7.301378531073446538e+02
7.307446327683616119e+02
7.314158192090396824e+02
7.321853107344633145e+02
7.330553672316384564e+02
7.340316384180791829e+02
7.351107344632769127e+02
7.362858757062148243e+02
7.375005649717514871e+02
7.387762711864406810e+02
7.400790960451977298e+02
7.414248587570622249e+02
7.427355932203390694e+02
7.438903954802260614e+02
7.449028248587571852e+02
7.458011299435029287e+02
7.465943502824859479e+02
7.472960451977402272e+02
7.478915254237288082e+02
7.483728813559323498e+02
7.487118644067796822e+02
7.489016949152542111e+02
7.489175141242938025e+02
7.488542372881355504e+02
7.490463276836158002e+02
7.495141242937854713e+02
7.501423728813559819e+02
7.509039548022599320e+02
7.517593220338983429e+02
7.526644067796610216e+02
7.536000000000001364e+02
7.545423728813559592e+02
7.554316384180791601e+02
7.562305084745763679e+02
7.569265536723164587e+02
7.574768361581922136e+02
7.578734463276837232e+02
7.580723163841809082e+02
7.580971751412430422e+02
7.579412429378530760e+02
7.576316384180790919e+02
7.572067796610169808e+02
7.566881355932204087e+02
7.561050847457628379e+02
7.554881355932204769e+02
7.548564971751412713e+02
7.542338983050847219e+02
7.535966101694915551e+02
7.529988700564972532e+02
7.524124293785312148e+02
7.518655367231639275e+02
7.513446327683616346e+02
7.508531073446329174e+02
7.504271186440678321e+02
7.500553672316384564e+02
7.497728813559322134e+02
7.496757062146893986e+02
7.497853107344633372e+02
7.498056497175142567e+02
7.497016949152543930e+02
7.494632768361582293e+02
7.490971751412430422e+02
7.485706214689265607e+02
7.478745762711864700e+02
7.469728813559322589e+02
7.459129943502825881e+02
7.446757062146893986e+02
7.432870056497175710e+02
7.417412429378532579e+02
7.400711864406780478e+02
7.383186440677966402e+02
7.365016949152543475e+02
7.346700564971753238e+02
7.330576271186441772e+02
7.316519774011301251e+02
7.304384180790962091e+02
7.294067796610170262e+02
7.285355932203390239e+02
7.277819209039549833e+02
7.271638418079096482e+02
7.266757062146893986e+02
7.262994350282488085e+02
7.260045197740114418e+02
7.257864406779661977e+02
7.256259887005651308e+02
7.255084745762712828e+02
7.253819209039550060e+02
7.252723163841809537e+02
7.251943502824859706e+02
7.253209039548023611e+02
7.254644067796612035e+02
7.256384180790961409e+02
7.258553672316385246e+02
7.261288135593219977e+02
7.264576271186440408e+02
7.268463276836158684e+02
7.273152542372881726e+02
7.278870056497175938e+02
7.285683615819209535e+02
7.293615819209039728e+02
7.302689265536723724e+02
7.312881355932204315e+02
7.323819209039547786e+02
7.335468926553672873e+02
7.347672316384181386e+02
7.360203389830509195e+02
7.373220338983052216e+02
7.385468926553674009e+02
7.396259887005651308e+02
7.405694915254239277e+02
7.413898305084746880e+02
7.421175141242939617e+02
7.427548022598871285e+02
7.432745762711865609e+02
7.436644067796610216e+02
7.438892655367232010e+02
7.439581920903956416e+02
7.438429378531075145e+02
7.438225988700564812e+02
7.440542372881357096e+02
7.445796610169493306e+02
7.453254237288136892e+02
7.461819209039549605e+02
7.471107344632769127e+02
7.480734463276837687e+02
7.490644067796611125e+02
7.500192090395480591e+02
7.509163841807910558e+02
7.517096045197741887e+02
7.523830508474577528e+02
7.528813559322034052e+02
7.532192090395481046e+02
7.533774011299435642e+02
7.533401129943504202e+02
7.531491525423730309e+02
7.528056497175142567e+02
7.523593220338983656e+02
7.518045197740113963e+02
7.512090395480225880e+02
7.505898305084746198e+02
7.499559322033899207e+02
7.493096045197740978e+02
7.486960451977400908e+02
7.480960451977401817e+02
7.475141242937853576e+02
7.469548022598869466e+02
7.464112994350282406e+02
7.459265536723163450e+02
7.454994350282486266e+02
7.451525423728813848e+02
7.450180790960453123e+02
7.451864406779661749e+02
7.452610169491526904e+02
7.452372881355931895e+02
7.450757062146893759e+02
7.447819209039548696e+02
7.443333333333333712e+02
7.437152542372882635e+02
7.429062146892656529e+02
7.419129943502825881e+02
7.407457627118644723e+02
7.393909604519774348e+02
7.378711864406780023e+02
7.362112994350283088e+02
7.344497175141243588e+02
7.326045197740113508e+02
7.307118644067797959e+02
7.288237288135594554e+02
7.271514124293785244e+02
7.256644067796610216e+02
7.243864406779662204e+02
7.232564971751412486e+02
7.222779661016950286e+02
7.214372881355932350e+02
7.207310734463277413e+02
7.201175141242938480e+02
7.196101694915255393e+02
7.192011299435027922e+02
7.188429378531072871e+02
7.185299435028248354e+02
7.182553672316385018e+02
7.179909604519773438e+02
7.177288135593221341e+02
7.176802259887006130e+02
7.178553672316384109e+02
7.181480225988700568e+02
7.184790960451978208e+02
7.188576271186441318e+02
7.192757062146893077e+02
7.197435028248587514e+02
7.202734463276835868e+02
7.209062146892655392e+02
7.216361581920904200e+02
7.224655367231639502e+02
7.233943502824859024e+02
7.244271186440678321e+02
7.255536723163843362e+02
7.267581920903953687e+02
7.280101694915254029e+02
7.293197740112993870e+02
7.306508474576271510e+02
7.319435028248587969e+02
7.330700564971753010e+02
7.340485875706215211e+02
7.349186440677965493e+02
7.356779661016948921e+02
7.363254237288135755e+02
7.368790960451977980e+02
7.373096045197739841e+02
7.375932203389830875e+02
7.377209039548022247e+02
7.376666666666667425e+02
7.375389830508474915e+02
7.376418079096046085e+02
7.380101694915254029e+02
7.386881355932204087e+02
7.395231638418079001e+02
7.404542372881355732e+02
7.414451977401130307e+02
7.424689265536724179e+02
7.434994350282486266e+02
7.444802259887005675e+02
7.453864406779662204e+02
7.461706214689265835e+02
7.468158192090395460e+02
7.473141242937854258e+02
7.476361581920905337e+02
7.477774011299436552e+02
7.477220338983051988e+02
7.475344632768361635e+02
7.472146892655367765e+02
7.467875706214689444e+02
7.462994350282486948e+02
7.457581920903955961e+02
7.452011299435029059e+02
7.446463276836159366e+02
7.441062146892654710e+02
7.435694915254237003e+02
7.430519774011299887e+02
7.425649717514123722e+02
7.421050847457627242e+02
7.416745762711864245e+02
7.413062146892655164e+02
7.410090395480226562e+02
7.407785310734464019e+02
7.408338983050848583e+02
7.408836158192091261e+02
7.408384180790961864e+02
7.406711864406780705e+02
7.403796610169492851e+02
7.399435028248587969e+02
7.393615819209039728e+02
7.385988700564972760e+02
7.376745762711864245e+02
7.365615819209040183e+02
7.352745762711864472e+02
7.338282485875706698e+02
7.322485875706214529e+02
7.305401129943503520e+02
7.287468926553672190e+02
7.268892655367233147e+02
7.250090395480226562e+02
7.231807909604519864e+02
7.214474576271186379e+02
7.199163841807910558e+02
7.185672316384182068e+02
7.173638418079096937e+02
7.163050847457627697e+02
7.153830508474577528e+02
7.145943502824859479e+02
7.139378531073446084e+02
7.133683615819210218e+02
7.128870056497175938e+02
7.124542372881356869e+02
7.120779661016949831e+02
7.117367231638418161e+02
7.115005649717514871e+02
7.114700564971751646e+02
7.116655367231638820e+02
7.119807909604519409e+02
7.123118644067797050e+02
7.126621468926555281e+02
7.130508474576272420e+02
7.134779661016949603e+02
7.139548022598869466e+02
7.144870056497175028e+02
7.151141242937853804e+02
7.158203389830509877e+02
7.166225988700566631e+02
7.175299435028248354e+02
7.185073446327684223e+02
7.195796610169492169e+02
7.206915254237288764e+02
7.218564971751411576e+02
7.230508474576272420e+02
7.242655367231637911e+02
7.254994350282486266e+02
7.267163841807910103e+02
7.278135593220338251e+02
7.288225988700564812e+02
7.297175141242937570e+02
7.305141242937853576e+02
7.311966101694915778e+02
7.317570621468927357e+02
7.321706214689265835e+02
7.324192090395480363e+02
7.324915254237289446e+02
7.325932203389832011e+02
7.328576271186441318e+02
7.332937853107346200e+02
7.338542372881356641e+02
7.345039548022599547e+02
7.352406779661017708e+02
7.360327683615820433e+02
7.368225988700565949e+02
7.376079096045198185e+02
7.383355932203389784e+02
7.389864406779661294e+02
7.394926553672316913e+02
7.398644067796610670e+02
7.400564971751413168e+02
7.400881355932203860e+02
7.399197740112995234e+02
7.396033898305084904e+02
7.391570621468927129e+02
7.385988700564971623e+02
7.379468926553672645e+02
7.372497175141243133e+02
7.365242937853107605e+02
7.357943502824858797e+02
7.350598870056496708e+02
7.343435028248587741e+02
7.336553672316383654e+02
7.329920903954802043e+02
7.323446327683616346e+02
7.317446327683614982e+02
7.311841807909604540e+02
7.306768361581921454e+02
7.302485875706214529e+02
7.300395480225988649e+02
7.301491525423729172e+02
7.303186440677966402e+02
7.303661016949153009e+02
7.303152542372881726e+02
7.301152542372881271e+02
7.297694915254237458e+02
7.292677966101695120e+02
7.285898305084746198e+02
7.277412429378532579e+02
7.267107344632769355e+02
7.254757062146893531e+02
7.241073446327684451e+02
7.225988700564973897e+02
7.209717514124295121e+02
7.192745762711865609e+02
7.175310734463278095e+02
7.157728813559322134e+02
7.140734463276836550e+02
7.125841807909605450e+02
7.112802259887007494e+02
7.101310734463278322e+02
7.091389830508476280e+02
7.082745762711865609e+02
7.075536723163842225e+02
7.069502824858757322e+02
7.064485875706213847e+02
7.060350282485876505e+02
7.056881355932202950e+02
7.053841807909604995e+02
7.051231638418080365e+02
7.048610169491527131e+02
7.047084745762713283e+02
7.047717514124294667e+02
7.050192090395481728e+02
7.052949152542373668e+02
7.055943502824859479e+02
7.059344632768362544e+02
7.063209039548023611e+02
7.067378531073447903e+02
7.072293785310735075e+02
7.077977401129944610e+02
7.084745762711864927e+02
7.092361581920904428e+02
7.101163841807911012e+02
7.110813559322034507e+02
7.121367231638419071e+02
7.132700564971751191e+02
7.144531073446328264e+02
7.156621468926554144e+02
7.169525423728814530e+02
7.182610169491526904e+02
7.195062146892655619e+02
7.205943502824859479e+02
7.215559322033898297e+02
7.224214689265537572e+02
7.231841807909604540e+02
7.238293785310735302e+02
7.243559322033900116e+02
7.247514124293786608e+02
7.249988700564972532e+02
7.250632768361583658e+02
7.249480225988702387e+02
7.250248587570622476e+02
7.253841807909604995e+02
7.260011299435029741e+02
7.267276836158193873e+02
7.275593220338984111e+02
7.284824858757062884e+02
7.294485875706214983e+02
7.304203389830508968e+02
7.313627118644069469e+02
7.322508474576272874e+02
7.330327683615819296e+02
7.336892655367232692e+02
7.341864406779661749e+02
7.345367231638417707e+02
7.347163841807911240e+02
7.347322033898306017e+02
7.345943502824859479e+02
7.343412429378531669e+02
7.340112994350283770e+02
7.336124293785312602e+02
7.331785310734464929e+02
7.327220338983051988e+02
7.322802259887007494e+02
7.318451977401132353e+02
7.314327683615821343e+02
7.310316384180792966e+02
7.306813559322035871e+02
7.303548022598872649e+02
7.300757062146894896e+02
7.298429378531074008e+02
7.296768361581921454e+02
7.295954802259888083e+02
7.295988700564972760e+02
7.295310734463278095e+02
7.293435028248588878e+02
7.290644067796612262e+02
7.286519774011301251e+02
7.280813559322034507e+02
7.273672316384181613e+02
7.264926553672316913e+02
7.254372881355933487e+02
7.241954802259888311e+02
7.228011299435029287e+02
7.212338983050848356e+02
7.195355932203390239e+02
7.176892655367232692e+02
7.157491525423729399e+02
7.137536723163843817e+02
7.118519774011300569e+02
7.101559322033899662e+02
7.086508474576273784e+02
7.073389830508476734e+02
7.061864406779662886e+02
7.051887005649718958e+02
7.043129943502826791e+02
7.035694915254239277e+02
7.029502824858757322e+02
7.024350282485877415e+02
7.019875706214689899e+02
7.016237288135594099e+02
7.013062146892655164e+02
7.010305084745764361e+02
7.007774011299436552e+02
7.005163841807910785e+02
7.002700564971752328e+02
7.002248587570622931e+02
7.004474576271187516e+02
7.007627118644070379e+02
7.011016949152544839e+02
7.014757062146893531e+02
7.018937853107346427e+02
7.023785310734464247e+02
7.029299435028250400e+02
7.035536723163843362e+02
7.042847457627119638e+02
7.051514124293786381e+02
7.060983050847457889e+02
7.071401129943503747e+02
7.082485875706214529e+02
7.094237288135593644e+02
7.106418079096044949e+02
7.119141242937853349e+02
7.132192090395481046e+02
7.144768361581922136e+02
7.155887005649717594e+02
7.165864406779661522e+02
7.174870056497175028e+02
7.182802259887006358e+02
7.189943502824860389e+02
7.195887005649717594e+02
7.200700564971751874e+02
7.204192090395481500e+02
7.206090395480225652e+02
7.206237288135594099e+02
7.206135593220340070e+02
7.208587570621468785e+02
7.213299435028249036e+02
7.219344632768361407e+02
7.226553672316385928e+02
7.234305084745765271e+02
7.242847457627119638e+02
7.251435028248588424e+02
7.259932203389831784e+02
7.268000000000001819e+02
7.275152542372882181e+02
7.281276836158193646e+02
7.285717514124294212e+02
7.288632768361583203e+02
7.289785310734464474e+02
7.288983050847458571e+02
7.286768361581921454e+02
7.283107344632769582e+02
7.278372881355933259e+02
7.272734463276837005e+02
7.266587570621470604e+02
7.260079096045199094e+02
7.253344632768362317e+02
7.246655367231639957e+02
7.240011299435029741e+02
7.233514124293785699e+02
7.227231638418080593e+02
7.221242937853107833e+02
7.215491525423730081e+02
7.210192090395480591e+02
7.205514124293786153e+02
7.201525423728814985e+02
7.198225988700564812e+02
7.197593220338983429e+02
7.199096045197741205e+02
7.199310734463277868e+02
7.198497175141243360e+02
7.196463276836159366e+02
7.192971751412429740e+02
7.187570621468927357e+02
7.180508474576272420e+02
7.171728813559323044e+02
7.160915254237289673e+02
7.148418079096045403e+02
7.134225988700566177e+02
7.118711864406780023e+02
7.101954802259888311e+02
7.084271186440678321e+02
7.066045197740114645e+02
7.047728813559322134e+02
7.029796610169493079e+02
7.012994350282486948e+02
6.997920903954802725e+02
6.984406779661017026e+02
6.972124293785311693e+02
6.961423728813559819e+02
6.951751412429379116e+02
6.943062146892656301e+02
6.935491525423728945e+02
6.928711864406780023e+02
6.922451977401129852e+02
6.916666666666667425e+02
6.911163841807909876e+02
6.906463276836159366e+02
6.903525423728814303e+02
6.902700564971752328e+02
6.904327683615820206e+02
6.908655367231639275e+02
6.914508474576271055e+02
6.920542372881357096e+02
6.926892655367232692e+02
6.933706214689266289e+02
6.941152542372882408e+02
6.949446327683617710e+02
6.958598870056498527e+02
6.968768361581921909e+02
6.979898305084745971e+02
6.992056497175142340e+02
7.004994350282486266e+02
7.018463276836158684e+02
7.032587570621469695e+02
7.047310734463277413e+02
7.062248587570622931e+02
7.076870056497175483e+02
7.089864406779661294e+02
7.101491525423729172e+02
7.112135593220340297e+02
7.121717514124295576e+02
7.130271186440679685e+02
7.137943502824859934e+02
7.144485875706216120e+02
7.149785310734464474e+02
7.153401129943504202e+02
7.155423728813560729e+02
7.155683615819209535e+02
7.154519774011300797e+02
7.156146892655367537e+02
7.160644067796612262e+02
7.166519774011301251e+02
7.173378531073446993e+02
7.180858757062148925e+02
7.188745762711864700e+02
7.196677966101696029e+02
7.204451977401131444e+02
7.211548022598872194e+02
7.217774011299436552e+02
7.222655367231639048e+02
7.226056497175143249e+02
7.227581920903957098e+02
7.227412429378532579e+02
7.225672316384182068e+02
7.222418079096046313e+02
7.217887005649718049e+02
7.212282485875707607e+02
7.206079096045199321e+02
7.199344632768362544e+02
7.192576271186442227e+02
7.185627118644069924e+02
7.178847457627121003e+02
7.171988700564972987e+02
7.165322033898306699e+02
7.159005649717515780e+02
7.152949152542374804e+02
7.147276836158193873e+02
7.142248587570622931e+02
7.137841807909605905e+02
7.134282485875708062e+02
7.131683615819210900e+02
7.132124293785311693e+02
7.132836158192092171e+02
7.132610169491526904e+02
7.130915254237289673e+02
7.127841807909605905e+02
7.123141242937854258e+02
7.116677966101696029e+02
7.108225988700567086e+02
7.098112994350283316e+02
7.086022598870058573e+02
7.072169491525426110e+02
7.056757062146893986e+02
7.040000000000002274e+02
7.022011299435030196e+02
7.003378531073446993e+02
6.985525423728815895e+02
6.969785310734464474e+02
6.956090395480227926e+02
6.944350282485877415e+02
6.934338983050849947e+02
6.925864406779662659e+02
6.918983050847459708e+02
6.913457627118644950e+02
6.909220338983052443e+02
6.906112994350285135e+02
6.903977401129945974e+02
6.902474576271187061e+02
6.901728813559323044e+02
6.901344632768362999e+02
6.901276836158192509e+02
6.901242937853108970e+02
6.901107344632769127e+02
6.900960451977402954e+02
6.901299435028249718e+02
6.901954802259888311e+02
6.903016949152544157e+02
6.904282485875708062e+02
6.906158192090397279e+02
6.908587570621471059e+02
6.911864406779661749e+02
6.916101694915255393e+02
6.921581920903955734e+02
6.928135593220340525e+02
6.935943502824861753e+02
6.944677966101696711e+02
6.954361581920904882e+02
6.964757062146894668e+02
6.975887005649719868e+02
6.987604519774013170e+02
6.999966101694916460e+02
7.012169491525424974e+02
7.022960451977403409e+02
7.032508474576271738e+02
7.041163841807911012e+02
7.048666666666667879e+02
7.055401129943504657e+02
7.060949152542375487e+02
7.065468926553674009e+02
7.068542372881357778e+02
7.070022598870057209e+02
7.069954802259887856e+02
7.068124293785313057e+02
7.068225988700567086e+02
7.070960451977402954e+02
7.076497175141244043e+02
7.083615819209040865e+02
7.091536723163842453e+02
7.099943502824860389e+02
7.108598870056499663e+02
7.117084745762713283e+02
7.125129943502827246e+02
7.132418079096046313e+02
7.138418079096047677e+02
7.142926553672317596e+02
7.145751412429380025e+02
7.146824858757063339e+02
7.146045197740113508e+02
7.143751412429379570e+02
7.139853107344633827e+02
7.134926553672316913e+02
7.129062146892656529e+02
7.122406779661016571e+02
7.115423728813559592e+02
7.108316384180791374e+02
7.101242937853107833e+02
7.094225988700566177e+02
7.087242937853106923e+02
7.080429378531074462e+02
7.073875706214689671e+02
7.067638418079096709e+02
7.061819209039549605e+02
7.056677966101694892e+02
7.052282485875707607e+02
7.048779661016949376e+02
7.048316384180791374e+02
7.050112994350283770e+02
7.050915254237288536e+02
7.050700564971751874e+02
7.048881355932203405e+02
7.045683615819209535e+02
7.040779661016949831e+02
7.034135593220339615e+02
7.025559322033899434e+02
7.015265536723163677e+02
7.003276836158192964e+02
6.989389830508475825e+02
6.974090395480227471e+02
6.957593220338983429e+02
6.940079096045199094e+02
6.921932203389831102e+02
6.903830508474577528e+02
6.887593220338983429e+02
6.873231638418080820e+02
6.860463276836159139e+02
6.849129943502825881e+02
6.839457627118645178e+02
6.830971751412430422e+02
6.823909604519774348e+02
6.817841807909605905e+02
6.812824858757063566e+02
6.808463276836158684e+02
6.804813559322034280e+02
6.801435028248588424e+02
6.798293785310735302e+02
6.795401129943502383e+02
6.792598870056497162e+02
6.790508474576271283e+02
6.790531073446327355e+02
6.793220338983051079e+02
6.797039548022598865e+02
6.801197740112994552e+02
6.805819209039548241e+02
6.810994350282486494e+02
6.816870056497175483e+02
6.823751412429378433e+02
6.831480225988700568e+02
6.840463276836158002e+02
6.850610169491525312e+02
6.861706214689265835e+02
6.873887005649717139e+02
6.886723163841807036e+02
6.900440677966100793e+02
6.914632768361582293e+02
6.929186440677966630e+02
6.941740112994350511e+02
6.952937853107343926e+02
6.962711864406779796e+02
6.971514124293785244e+02
6.979299435028249263e+02
6.986192090395480818e+02
6.992305084745762542e+02
6.997186440677966175e+02
7.000757062146892622e+02
7.002870056497175710e+02
7.003423728813560274e+02
7.002519774011300342e+02
6.999966101694915324e+02
7.000101694915255166e+02
7.003084745762712373e+02
7.009118644067798414e+02
7.016621468926555281e+02
7.024994350282486266e+02
7.033694915254238822e+02
7.042610169491525767e+02
7.051129943502825199e+02
7.059005649717514643e+02
7.065920903954802270e+02
7.071559322033899662e+02
7.075638418079097391e+02
7.078112994350283316e+02
7.078745762711864700e+02
7.077536723163842680e+02
7.074949152542374122e+02
7.070994350282487630e+02
7.066112994350283998e+02
7.060406779661018390e+02
7.054169491525424291e+02
7.047581920903955961e+02
7.041005649717515098e+02
7.034474576271188653e+02
7.027932203389831329e+02
7.021491525423730309e+02
7.015231638418081275e+02
7.009288135593221796e+02
7.003638418079096937e+02
6.998598870056498527e+02
6.994112994350283543e+02
6.990158192090395914e+02
6.987107344632769355e+02
6.986022598870057436e+02
6.987276836158192737e+02
6.987649717514125314e+02
6.986610169491525539e+02
6.984497175141243588e+02
6.980689265536723269e+02
6.975355932203390239e+02
6.968327683615819979e+02
6.959446327683616573e+02
6.948745762711864700e+02
6.936564971751413395e+02
6.922768361581921681e+02
6.907514124293786608e+02
6.891401129943503747e+02
6.874395480225989559e+02
6.857615819209040637e+02
6.842768361581921681e+02
6.829728813559322589e+02
6.818632768361582066e+02
6.809129943502825881e+02
6.801175141242938480e+02
6.794723163841808855e+02
6.789604519774011351e+02
6.785751412429378888e+02
6.782983050847458344e+02
6.781107344632769127e+02
6.779807909604519409e+02
6.779062146892656529e+02
6.778779661016949376e+02
6.778745762711864700e+02
6.778790960451976844e+02
6.778768361581921909e+02
6.778655367231638138e+02
6.778971751412429967e+02
6.779423728813560501e+02
6.780214689265537800e+02
6.781367231638419071e+02
6.782881355932204315e+02
6.785096045197741432e+02
6.788056497175141430e+02
6.791909604519775030e+02
6.797096045197740750e+02
6.803118644067798186e+02
6.810463276836158002e+02
6.818666666666667879e+02
6.827728813559322134e+02
6.837649717514125314e+02
6.848214689265537345e+02
6.859514124293787063e+02
6.871570621468927129e+02
6.883887005649718276e+02
6.894711864406780251e+02
6.904451977401130307e+02
6.913096045197740978e+02
6.920790960451977298e+02
6.927570621468927357e+02
6.933401129943504202e+02
6.937909604519775257e+02
6.941152542372881271e+02
6.942858757062147106e+02
6.942858757062147106e+02
6.941186440677968221e+02
6.941163841807911012e+02
6.943581920903955051e+02
6.948723163841808628e+02
6.955819209039548241e+02
6.963796610169491714e+02
6.972384180790961636e+02
6.981141242937853804e+02
6.989853107344633827e+02
6.998225988700564812e+02
7.005988700564971623e+02
7.012372881355934169e+02
7.017254237288136665e+02
7.020564971751414305e+02
7.022045197740114872e+02
7.021796610169492396e+02
7.019920903954803180e+02
7.016463276836159366e+02
7.011740112994350511e+02
7.006214689265536890e+02
6.999932203389830647e+02
6.993141242937854258e+02
6.986101694915255393e+02
6.979129943502825881e+02
6.971853107344634282e+02
6.964610169491526221e+02
6.957570621468927357e+02
6.950531073446328492e+02
6.943819209039548923e+02
6.937480225988701932e+02
6.931649717514125086e+02
6.926779661016950058e+02
6.924564971751412941e+02
6.925288135593220886e+02
6.928316384180792511e+02
6.930418079096045858e+02
6.931401129943503747e+02
6.931265536723165042e+02
6.929593220338983883e+02
6.926338983050848128e+02
6.921355932203391603e+02
6.914644067796612035e+02
6.905875706214690126e+02
6.895480225988701477e+02
6.883457627118644950e+02
6.869762711864407265e+02
6.854915254237289446e+02
6.839016949152544385e+02
6.822576271186441090e+02
6.805988700564972760e+02
6.789502824858757322e+02
6.774474576271187516e+02
6.761242937853107833e+02
6.749898305084747108e+02
6.739966101694916460e+02
6.731593220338984338e+02
6.724734463276837459e+02
6.719209039548022702e+02
6.714847457627120093e+02
6.711276836158192509e+02
6.708542372881356641e+02
6.706418079096046085e+02
6.704632768361582293e+02
6.703231638418079683e+02
6.701977401129945520e+02
6.700757062146893759e+02
6.700836158192091716e+02
6.702192090395481046e+02
6.703661016949154146e+02
6.705209039548024066e+02
6.707231638418080593e+02
6.709762711864407265e+02
6.712858757062147106e+02
6.716610169491526676e+02
6.721344632768361862e+02
6.727322033898306017e+02
6.734271186440678321e+02
6.742225988700565722e+02
6.750915254237288536e+02
6.760598870056497844e+02
6.770960451977401817e+02
6.782079096045197275e+02
6.793920903954802952e+02
6.806271186440678775e+02
6.817141242937852894e+02
6.826723163841809310e+02
6.835175141242938253e+02
6.842429378531073780e+02
6.848757062146893304e+02
6.854146892655367083e+02
6.858519774011299432e+02
6.861525423728813848e+02
6.862926553672316459e+02
6.862892655367231782e+02
6.861050847457627242e+02
6.859129943502824744e+02
6.859423728813559364e+02
6.862497175141243133e+02
6.868406779661017936e+02
6.877073446327684678e+02
6.886372881355932805e+02
6.896192090395479681e+02
6.906146892655367537e+02
6.915887005649717594e+02
6.925005649717513734e+02
6.933231638418080820e+02
6.940225988700565267e+02
6.945661016949153463e+02
6.949299435028249263e+02
6.951175141242938480e+02
6.951288135593221114e+02
6.949785310734464474e+02
6.946836158192090807e+02
6.942971751412429740e+02
6.938158192090396597e+02
6.932745762711865609e+02
6.927096045197740750e+02
6.921163841807909876e+02
6.915118644067797504e+02
6.908813559322034052e+02
6.902802259887006358e+02
6.896881355932204087e+02
6.891062146892656983e+02
6.885672316384182068e+02
6.880655367231638593e+02
6.876146892655368674e+02
6.872338983050849492e+02
6.870271186440678548e+02
6.871276836158192509e+02
6.872903954802261524e+02
6.873525423728814303e+02
6.872881355932204315e+02
6.871107344632769127e+02
6.867740112994350739e+02
6.862734463276837005e+02
6.856180790960452214e+02
6.847830508474576163e+02
6.837717514124294667e+02
6.825988700564971623e+02
6.812644067796610443e+02
6.797774011299435415e+02
6.781943502824858570e+02
6.765242937853106469e+02
6.748338983050846309e+02
6.731762711864405446e+02
6.717141242937852894e+02
6.704327683615817932e+02
6.693299435028247899e+02
6.684101694915253802e+02
6.676361581920903063e+02
6.670090395480226562e+02
6.665276836158191145e+02
6.661502824858757776e+02
6.658655367231638138e+02
6.656587570621468331e+02
6.655288135593219749e+02
6.654429378531074235e+02
6.653943502824859024e+02
6.653728813559321225e+02
6.653514124293784562e+02
6.653175141242936661e+02
6.653491525423728490e+02
6.654101694915253802e+02
6.655062146892654482e+02
6.656248587570621567e+02
6.657694915254236321e+02
6.659932203389830647e+02
6.662858757062147106e+02
6.666632768361581611e+02
6.671514124293785244e+02
6.677548022598871285e+02
6.684576271186440408e+02
6.692576271186441090e+02
6.701683615819208626e+02
6.711389830508475143e+02
6.721920903954802498e+02
6.733129943502824517e+02
6.745129943502824972e+02
6.757446327683616119e+02
6.768418079096045403e+02
6.778045197740113963e+02
6.786497175141244043e+02
6.794011299435028377e+02
6.800610169491526449e+02
6.806056497175142113e+02
6.810225988700565267e+02
6.813107344632768445e+02
6.814418079096045631e+02
6.813954802259886492e+02
6.811762711864406583e+02
6.811073446327684451e+02
6.812949152542373668e+02
6.817536723163842680e+02
6.825242937853108742e+02
6.833966101694916233e+02
6.843355932203389784e+02
6.853073446327684906e+02
6.862824858757062430e+02
6.872158192090396369e+02
6.880745762711865154e+02
6.888350282485876050e+02
6.894610169491526221e+02
6.899084745762712600e+02
6.901830508474575936e+02
6.902723163841808400e+02
6.902271186440677866e+02
6.900056497175141885e+02
6.896824858757062202e+02
6.892282485875705333e+02
6.887276836158191600e+02
6.881661016949152554e+02
6.875751412429378888e+02
6.869604519774011351e+02
6.863322033898305108e+02
6.857107344632768218e+02
6.850734463276836550e+02
6.844632768361582293e+02
6.838847457627118729e+02
6.833254237288135755e+02
6.828316384180791374e+02
6.823841807909604995e+02
6.820824858757061975e+02
6.820870056497175256e+02
6.823355932203389784e+02
6.824858757062147561e+02
6.825401129943503520e+02
6.824689265536723042e+02
6.822790960451977753e+02
6.819107344632768672e+02
6.813920903954802952e+02
6.807050847457626332e+02
6.798418079096045403e+02
6.788079096045198639e+02
6.776033898305084904e+02
6.762655367231637911e+02
6.748135593220338251e+02
6.732553672316383881e+02
6.716282485875706243e+02
6.699943502824858115e+02
6.683751412429378433e+02
6.667875706214688307e+02
6.653864406779659930e+02
6.641706214689265835e+02
6.631209039548023156e+02
6.622293785310735075e+02
6.614881355932202496e+02
6.608553672316384109e+02
6.603344632768361180e+02
6.599231638418079910e+02
6.595932203389829738e+02
6.593141242937853121e+02
6.590836158192090579e+02
6.588949152542372758e+02
6.587062146892656074e+02
6.585954802259888083e+02
6.587141242937854031e+02
6.588564971751413850e+02
6.590372881355933714e+02
6.592112994350284225e+02
6.594112994350282406e+02
6.596519774011300115e+02
6.599389830508475825e+02
6.602926553672316459e+02
6.607457627118644723e+02
6.612937853107346200e+02
6.619231638418079910e+02
6.626406779661017481e+02
6.634485875706214983e+02
6.643220338983051079e+02
6.652655367231639048e+02
6.662711864406779796e+02
6.673559322033897843e+02
6.684926553672316913e+02
6.696497175141244043e+02
6.707762711864406810e+02
6.717796610169491487e+02
6.726824858757063339e+02
6.734858757062147561e+02
6.741920903954802498e+02
6.747853107344633372e+02
6.752372881355931895e+02
6.755412429378530987e+02
6.757039548022598865e+02
6.756926553672316231e+02
6.756180790960451077e+02
6.757807909604518954e+02
6.761841807909604540e+02
6.767988700564972078e+02
6.775152542372881044e+02
6.782983050847458344e+02
6.791502824858757776e+02
6.800225988700565267e+02
6.808824858757062657e+02
6.816994350282486721e+02
6.824124293785312148e+02
6.830067796610169353e+02
6.834734463276837459e+02
6.837672316384181386e+02
6.838892655367230873e+02
6.838531073446329174e+02
6.836644067796610216e+02
6.833536723163842908e+02
6.829152542372881953e+02
6.824101694915254939e+02
6.818463276836158684e+02
6.812372881355933032e+02
6.806090395480226789e+02
6.799774011299435870e+02
6.793683615819210218e+02
6.787344632768362089e+02
6.781141242937852667e+02
6.775209039548021792e+02
6.769593220338983883e+02
6.764384180790960954e+02
6.759830508474576618e+02
6.755672316384182068e+02
6.753265536723165496e+02
6.754045197740113053e+02
6.755830508474575709e+02
6.756745762711864245e+02
6.756564971751413395e+02
6.755220338983051533e+02
6.752372881355933032e+02
6.748011299435029287e+02
6.742045197740112599e+02
6.734429378531073098e+02
6.724926553672316913e+02
6.713932203389831557e+02
6.701254237288136437e+02
6.687288135593220204e+02
6.672158192090395232e+02
6.656271186440678775e+02
6.640011299435028604e+02
6.623807909604520319e+02
6.608248587570622021e+02
6.594576271186441545e+02
6.582745762711865609e+02
6.572610169491526904e+02
6.563932203389831557e+02
6.556971751412429512e+02
6.551175141242938480e+02
6.546666666666667425e+02
6.543209039548023611e+02
6.540519774011299887e+02
6.538598870056498527e+02
6.537242937853109197e+02
6.536316384180792056e+02
6.535638418079097391e+02
6.535197740112995461e+02
6.534983050847458799e+02
6.535355932203390239e+02
6.535774011299436097e+02
6.536305084745763452e+02
6.537220338983051988e+02
6.538338983050848583e+02
6.540000000000000000e+02
6.542271186440679003e+02
6.545412429378532124e+02
6.549423728813560501e+02
6.554350282485877415e+02
6.560327683615819296e+02
6.567333333333333485e+02
6.575016949152543475e+02
6.583502824858758231e+02
6.592779661016950286e+02
6.602632768361582976e+02
6.613265536723165496e+02
6.624350282485877415e+02
6.635525423728813621e+02
6.645412429378532124e+02
6.654203389830508968e+02
6.662101694915254484e+02
6.668983050847458571e+02
6.674926553672316913e+02
6.679468926553672645e+02
6.682700564971752328e+02
6.684406779661017026e+02
6.684418079096046768e+02
6.682813559322034962e+02
6.683050847457627697e+02
6.685694915254238140e+02
6.691197740112995689e+02
6.698553672316384109e+02
6.706926553672317368e+02
6.716011299435028832e+02
6.725367231638417707e+02
6.735005649717514871e+02
6.744237288135593644e+02
6.752858757062147106e+02
6.760564971751413168e+02
6.767129943502825427e+02
6.771954802259888311e+02
6.775186440677966857e+02
6.776858757062148015e+02
6.777062146892656074e+02
6.775762711864406356e+02
6.773310734463277640e+02
6.769920903954803180e+02
6.765807909604520773e+02
6.761401129943503747e+02
6.756689265536724633e+02
6.751751412429377979e+02
6.746689265536723497e+02
6.741694915254238367e+02
6.736790960451977526e+02
6.731977401129944383e+02
6.727491525423729399e+02
6.723378531073446993e+02
6.719819209039549150e+02
6.716768361581921454e+02
6.714169491525424291e+02
6.712350282485876960e+02
6.712915254237288991e+02
6.713118644067797050e+02
6.712259887005650398e+02
6.710305084745764361e+02
6.707186440677967312e+02
6.702576271186442227e+02
6.696146892655367537e+02
6.688011299435029287e+02
6.678180790960452669e+02
6.666587570621470604e+02
6.653491525423729627e+02
6.638903954802260614e+02
6.623005649717515553e+02
6.606112994350282861e+02
6.588564971751413850e+02
6.570655367231639730e+02
6.553966101694916233e+02
6.539152542372883090e+02
6.525943502824860616e+02
6.514214689265537572e+02
6.504033898305085586e+02
6.495276836158193419e+02
6.487853107344633372e+02
6.481446327683617028e+02
6.476011299435029969e+02
6.471401129943503747e+02
6.467559322033898752e+02
6.464000000000000909e+02
6.460971751412430422e+02
6.458124293785310783e+02
6.455423728813559592e+02
6.452610169491526904e+02
6.451107344632769127e+02
6.451898305084746426e+02
6.454971751412430194e+02
6.458485875706214756e+02
6.462214689265537118e+02
6.466474576271186834e+02
6.471457627118645632e+02
6.477209039548023384e+02
6.483785310734464247e+02
6.491480225988700568e+02
6.500271186440678548e+02
6.509864406779661294e+02
6.520338983050847901e+02
6.531604519774011806e+02
6.543649717514124404e+02
6.556485875706215438e+02
6.569932203389830647e+02
6.582915254237287854e+02
6.594418079096045631e+02
6.604644067796609761e+02
6.613785310734463110e+02
6.622033898305085131e+02
6.629355932203390012e+02
6.635785310734463565e+02
6.641186440677965948e+02
6.645231638418079001e+02
6.647920903954802725e+02
6.649231638418079910e+02
6.648768361581921909e+02
6.646745762711864245e+02
6.645322033898305563e+02
6.646384180790960272e+02
6.650418079096045858e+02
6.657536723163841543e+02
6.665638418079096255e+02
6.674282485875705788e+02
6.683107344632768445e+02
6.692067796610169808e+02
6.700485875706215211e+02
6.708214689265536208e+02
6.714576271186440408e+02
6.719615819209039955e+02
6.723175141242938935e+02
6.725028248587570943e+02
6.725062146892655619e+02
6.723706214689266289e+02
6.720915254237288536e+02
6.717118644067796822e+02
6.712372881355931895e+02
6.707197740112994779e+02
6.701401129943503747e+02
6.695480225988701477e+02
6.689559322033899207e+02
6.683401129943504202e+02
6.677242937853106923e+02
6.671062146892656983e+02
6.665333333333333030e+02
6.659581920903955279e+02
6.654451977401130307e+02
6.649751412429378661e+02
6.645683615819209535e+02
6.642779661016949149e+02
6.642790960451977753e+02
6.644734463276836323e+02
6.645638418079097391e+02
6.645548022598870830e+02
6.644135593220339615e+02
6.641310734463277186e+02
6.636983050847458117e+02
6.630847457627119184e+02
6.623175141242938935e+02
6.613491525423728490e+02
6.602135593220339160e+02
6.589367231638418616e+02
6.574892655367232237e+02
6.559457627118645178e+02
6.543096045197739841e+02
6.526225988700565495e+02
6.509333333333333940e+02
6.493028248587571625e+02
6.478508474576271965e+02
6.465604519774012715e+02
6.454305084745762997e+02
6.444745762711864927e+02
6.436429378531073553e+02
6.429502824858757322e+02
6.423694915254237685e+02
6.419129943502825881e+02
6.415231638418079001e+02
6.412259887005650398e+02
6.409751412429378661e+02
6.407525423728814076e+02
6.405694915254237003e+02
6.404079096045197730e+02
6.402802259887005221e+02
6.403751412429378433e+02
6.405344632768361635e+02
6.407005649717514189e+02
6.408949152542372758e+02
6.410971751412429285e+02
6.413367231638418389e+02
6.416508474576271510e+02
6.420474576271186606e+02
6.425480225988701477e+02
6.431322033898305790e+02
6.438056497175141430e+02
6.445638418079096255e+02
6.453954802259886492e+02
6.462903954802261524e+02
6.472711864406779796e+02
6.483254237288136892e+02
6.494406779661018163e+02
6.506067796610170717e+02
6.517830508474576163e+02
6.529073446327683996e+02
6.539344632768361407e+02
6.548632768361582066e+02
6.557107344632768218e+02
6.564406779661017026e+02
6.570576271186440636e+02
6.575672316384179794e+02
6.579107344632767536e+02
6.581005649717513961e+02
6.581344632768360725e+02
6.580858757062146651e+02
6.582757062146893077e+02
6.586892655367231555e+02
6.592090395480225880e+02
6.598350282485876050e+02
6.605412429378529851e+02
6.612610169491524630e+02
6.619966101694915324e+02
6.627175141242937570e+02
6.633683615819209081e+02
6.639220338983050169e+02
6.643502824858757094e+02
6.646271186440678775e+02
6.647310734463276276e+02
6.646587570621468331e+02
6.644327683615819069e+02
6.640576271186439499e+02
6.635514124293785017e+02
6.629548022598870602e+02
6.622847457627118501e+02
6.615514124293785017e+02
6.607774011299434278e+02
6.599841807909604086e+02
6.591909604519773893e+02
6.583898305084744607e+02
6.575819209039547104e+02
6.567864406779659703e+02
6.560282485875704879e+02
6.552926553672316459e+02
6.546169491525422472e+02
6.540011299435027468e+02
6.534384180790959817e+02
6.531683615819208626e+02
6.531898305084745289e+02
6.535028248587569806e+02
6.537175141242937570e+02
6.538079096045197502e+02
6.537570621468926220e+02
6.535627118644067650e+02
6.531954802259886037e+02
6.526610169491525539e+02
6.519457627118644041e+02
6.510406779661017254e+02
6.499525423728814530e+02
6.487152542372881499e+02
6.473457627118643813e+02
6.458632768361582066e+02
6.443050847457626560e+02
6.427186440677965038e+02
6.411423728813558682e+02
6.397378531073445629e+02
6.385118644067795231e+02
6.374644067796609761e+02
6.365785310734463565e+02
6.358440677966101475e+02
6.352305084745762542e+02
6.347593220338982292e+02
6.343774011299434505e+02
6.340971751412429285e+02
6.338960451977400226e+02
6.337435028248587514e+02
6.336350282485874459e+02
6.335525423728813621e+02
6.334734463276836323e+02
6.334056497175140521e+02
6.333288135593220431e+02
6.334372881355932350e+02
6.335604519774010441e+02
6.336949152542372303e+02
6.338632768361580929e+02
6.340926553672316004e+02
6.343706214689265153e+02
6.347525423728814076e+02
6.352305084745762542e+02
6.358271186440678093e+02
6.365299435028248354e+02
6.373299435028247899e+02
6.382485875706214529e+02
6.392531073446327810e+02
6.403446327683616346e+02
6.415322033898305563e+02
6.428056497175141430e+02
6.440384180790961182e+02
6.451175141242938480e+02
6.460757062146892622e+02
6.469118644067796140e+02
6.476519774011298978e+02
6.483163841807909193e+02
6.488847457627118729e+02
6.493355932203389784e+02
6.496644067796610216e+02
6.498531073446326900e+02
6.499005649717513506e+02
6.497875706214689444e+02
6.494994350282486266e+02
6.491570621468927129e+02
6.490768361581921226e+02
6.492553672316385018e+02
6.497525423728814076e+02
6.505683615819209535e+02
6.515073446327683087e+02
6.524666666666666970e+02
6.534237288135593644e+02
6.543502824858755957e+02
6.551909604519773893e+02
6.559209039548022702e+02
6.564926553672316913e+02
6.569197740112995234e+02
6.571853107344633145e+02
6.572734463276835868e+02
6.572079096045197275e+02
6.570146892655368447e+02
6.566903954802260159e+02
6.562847457627118501e+02
6.558146892655367992e+02
6.553118644067797050e+02
6.547706214689266062e+02
6.542090395480227016e+02
6.536327683615819524e+02
6.530553672316384564e+02
6.524824858757062884e+02
6.519322033898304198e+02
6.513909604519774348e+02
6.509084745762711464e+02
6.504745762711863790e+02
6.500870056497176392e+02
6.497683615819209990e+02
6.495875706214690126e+02
6.497039548022598865e+02
6.497841807909605905e+02
6.497446327683616119e+02
6.495966101694915551e+02
6.493141242937851985e+02
6.488790960451976844e+02
6.482926553672316459e+02
6.475197740112994325e+02
6.465887005649717594e+02
6.454700564971751646e+02
6.441887005649718958e+02
6.427694915254237458e+02
6.412350282485876960e+02
6.396079096045198185e+02
6.379344632768362544e+02
6.364892655367232237e+02
6.352045197740112599e+02
6.340870056497175256e+02
6.331502824858757776e+02
6.323785310734463110e+02
6.317740112994349602e+02
6.313152542372881726e+02
6.309796610169491942e+02
6.307514124293784334e+02
6.306124293785310329e+02
6.305581920903954369e+02
6.305796610169492169e+02
6.306429378531072416e+02
6.307435028248587514e+02
6.308621468926554599e+02
6.309751412429378661e+02
6.310779661016949831e+02
6.311457627118644496e+02
6.310802259887007040e+02
6.310327683615819296e+02
6.309966101694915324e+02
6.309966101694915324e+02
6.310576271186441772e+02
6.312079096045197275e+02
6.314564971751412941e+02
6.318022598870056754e+02
6.322779661016948012e+02
6.328429378531072871e+02
6.335096045197740295e+02
6.342655367231639048e+02
6.351175141242937343e+02
6.360406779661016117e+02
6.370915254237287400e+02
6.381943502824858570e+02
6.393536723163841771e+02
6.404079096045197730e+02
6.413367231638417252e+02
6.421762711864406583e+02
6.429468926553672645e+02
6.436169491525424746e+02
6.441875706214689217e+02
6.446474576271186834e+02
6.449932203389830647e+02
6.451819209039547331e+02
6.452327683615818614e+02
6.451310734463277186e+02
6.448824858757062657e+02
6.448655367231638138e+02
6.450971751412430422e+02
6.456022598870056299e+02
6.463276836158192964e+02
6.471344632768361862e+02
6.480011299435028604e+02
6.488519774011299432e+02
6.496870056497175483e+02
6.504576271186440408e+02
6.511367231638417934e+02
6.516903954802260159e+02
6.520711864406780478e+02
6.523062146892655164e+02
6.523717514124293757e+02
6.522666666666666515e+02
6.520090395480226562e+02
6.516248587570621567e+02
6.511344632768361862e+02
6.505548022598870830e+02
6.499231638418079910e+02
6.492429378531073780e+02
6.485220338983051533e+02
6.477920903954802725e+02
6.470429378531073326e+02
6.463016949152543020e+02
6.455581920903955506e+02
6.448350282485876050e+02
6.441231638418079228e+02
6.434621468926553689e+02
6.428587570621468785e+02
6.423186440677966402e+02
6.420542372881355959e+02
6.420858757062146651e+02
6.424305084745762997e+02
6.426745762711864245e+02
6.428203389830508740e+02
6.428327683615818842e+02
6.427197740112994779e+02
6.424338983050847673e+02
6.419841807909605222e+02
6.413593220338983656e+02
6.405480225988701477e+02
6.395966101694916688e+02
6.384745762711866064e+02
6.372045197740113736e+02
6.358316384180791374e+02
6.343717514124293757e+02
6.328779661016949376e+02
6.313751412429378433e+02
6.299005649717514643e+02
6.285683615819209535e+02
6.273898305084745743e+02
6.263751412429378433e+02
6.255209039548022929e+02
6.247966101694914869e+02
6.241898305084746426e+02
6.236836158192090807e+02
6.232644067796610443e+02
6.229401129943503292e+02
6.226768361581921454e+02
6.224542372881355732e+02
6.222666666666666515e+02
6.220881355932203860e+02
6.219209039548022702e+02
6.217638418079095572e+02
6.217954802259886264e+02
6.219728813559322589e+02
6.221615819209039273e+02
6.223672316384181613e+02
6.226180790960452214e+02
6.229118644067796140e+02
6.232915254237287854e+02
6.237604519774010896e+02
6.243254237288135755e+02
6.249864406779661294e+02
6.257367231638418161e+02
6.265570621468925765e+02
6.274745762711863790e+02
6.284903954802259705e+02
6.295661016949152327e+02
6.307389830508473096e+02
6.319299435028248126e+02
6.329751412429377524e+02
6.339107344632768672e+02
6.347152542372881499e+02
6.354485875706214983e+02
6.360870056497175256e+02
6.366361581920904200e+02
6.370779661016949831e+02
6.373943502824859024e+02
6.375853107344632917e+02
6.376214689265536890e+02
6.375242937853108742e+02
6.372734463276835868e+02
6.369887005649717366e+02
6.369367231638418616e+02
6.371536723163842453e+02
6.376632768361581611e+02
6.384790960451977071e+02
6.393830508474575254e+02
6.403322033898305108e+02
6.412677966101693983e+02
6.421706214689265835e+02
6.430022598870056072e+02
6.437073446327683541e+02
6.442802259887005221e+02
6.447050847457626332e+02
6.449401129943503292e+02
6.450101694915252892e+02
6.449107344632767536e+02
6.446802259887004993e+02
6.443276836158191827e+02
6.438757062146892167e+02
6.433581920903953915e+02
6.427717514124292393e+02
6.421344632768361862e+02
6.414824858757060611e+02
6.408180790960451532e+02
6.401220338983050624e+02
6.394271186440677184e+02
6.387389830508473096e+02
6.380734463276835413e+02
6.374406779661017026e+02
6.368531073446326900e+02
6.363209039548022474e+02
6.360192090395480591e+02
6.360214689265536663e+02
6.363152542372881726e+02
6.365966101694914414e+02
6.367785310734461746e+02
6.368485875706214756e+02
6.367762711864406810e+02
6.365661016949152327e+02
6.361966101694914641e+02
6.356632768361582748e+02
6.349593220338983883e+02
6.340824858757063112e+02
6.330305084745763224e+02
6.318485875706214756e+02
6.305355932203390239e+02
6.291355932203390466e+02
6.276711864406779569e+02
6.261717514124293302e+02
6.247435028248587514e+02
6.235288135593220886e+02
6.224858757062147561e+02
6.216316384180790919e+02
6.209593220338983883e+02
6.204485875706216120e+02
6.200915254237288536e+02
6.198485875706214756e+02
6.197118644067797959e+02
6.196926553672317368e+02
6.197491525423729399e+02
6.198768361581921909e+02
6.200564971751412031e+02
6.202677966101696256e+02
6.204960451977401590e+02
6.206937853107344836e+02
6.206881355932204087e+02
6.204644067796612035e+02
6.202372881355933032e+02
6.200135593220339842e+02
6.198169491525425201e+02
6.196734463276836777e+02
6.196112994350283998e+02
6.196203389830509423e+02
6.197468926553674464e+02
6.199638418079097164e+02
6.202949152542373668e+02
6.207005649717514189e+02
6.212067796610169808e+02
6.218372881355933259e+02
6.225412429378532124e+02
6.233480225988702159e+02
6.242350282485876960e+02
6.251909604519776167e+02
6.262011299435030196e+02
6.271525423728814985e+02
6.279909604519775712e+02
6.287288135593221341e+02
6.294045197740113053e+02
6.299570621468927811e+02
6.304056497175142795e+02
6.307096045197740750e+02
6.308689265536723951e+02
6.308858757062148470e+02
6.307412429378532579e+02
6.304576271186442682e+02
6.303807909604520319e+02
6.305457627118645405e+02
6.309672316384181840e+02
6.316779661016951195e+02
6.325559322033899434e+02
6.334723163841808855e+02
6.344203389830508968e+02
6.353435028248588878e+02
6.362090395480227016e+02
6.369706214689266517e+02
6.376192090395481955e+02
6.381220338983051761e+02
6.384587570621470149e+02
6.386338983050848128e+02
6.386214689265538027e+02
6.384644067796610898e+02
6.381853107344633145e+02
6.377796610169492624e+02
6.372892655367231782e+02
6.367389830508475370e+02
6.361265536723165042e+02
6.354926553672316913e+02
6.348056497175141430e+02
6.340994350282486494e+02
6.333774011299435642e+02
6.326802259887006130e+02
6.319864406779661294e+02
6.313096045197739841e+02
6.306655367231638820e+02
6.300858757062146651e+02
6.297401129943502838e+02
6.296621468926554144e+02
6.298711864406780023e+02
6.302338983050847219e+02
6.305141242937852439e+02
6.306892655367232692e+02
6.307480225988700795e+02
6.306711864406779569e+02
6.304418079096044494e+02
6.300361581920903973e+02
6.294666666666666970e+02
6.287276836158191600e+02
6.278101694915254711e+02
6.267378531073446766e+02
6.255299435028248354e+02
6.242124293785311693e+02
6.228180790960452669e+02
6.213638418079096937e+02
6.199141242937853349e+02
6.184768361581920999e+02
6.171796610169492396e+02
6.160463276836158002e+02
6.151028248587572307e+02
6.143242937853108288e+02
6.136892655367232692e+02
6.131887005649718958e+02
6.128045197740113963e+02
6.125367231638418843e+02
6.123310734463277640e+02
6.122146892655367765e+02
6.121638418079096482e+02
6.121367231638419071e+02
6.121344632768361862e+02
6.121344632768361862e+02
6.121457627118644496e+02
6.121322033898305790e+02
6.121254237288135300e+02
6.121062146892655846e+02
6.121265536723165042e+02
6.121796610169492396e+02
6.122881355932204315e+02
6.124870056497176165e+02
6.127740112994350739e+02
6.131514124293786381e+02
6.136056497175143249e+02
6.141581920903956870e+02
6.147898305084745516e+02
6.155152542372882181e+02
6.163401129943503065e+02
6.172587570621469695e+02
6.182508474576270601e+02
6.192949152542373668e+02
6.203717514124293757e+02
6.213175141242938935e+02
6.221672316384181158e+02
6.228983050847457434e+02
6.235299435028249491e+02
6.240734463276836550e+02
6.244870056497175028e+02
6.247694915254237458e+02
6.249310734463276731e+02
6.249412429378530760e+02
6.247898305084745516e+02
6.244757062146892395e+02
6.242960451977401135e+02
6.243514124293785699e+02
6.246644067796610216e+02
6.252677966101695120e+02
6.261796610169492396e+02
6.272011299435027922e+02
6.282497175141243133e+02
6.292960451977401135e+02
6.303220338983051079e+02
6.312847457627119638e+02
6.321220338983051761e+02
6.328305084745763907e+02
6.333909604519774348e+02
6.337909604519775257e+02
6.340259887005649944e+02
6.340983050847457889e+02
6.340361581920903973e+02
6.338463276836158684e+02
6.335694915254237003e+02
6.332124293785310556e+02
6.328033898305084222e+02
6.323389830508474461e+02
6.318542372881356641e+02
6.313310734463277640e+02
6.308146892655367992e+02
6.302802259887006358e+02
6.297468926553673327e+02
6.292248587570622931e+02
6.287355932203390694e+02
6.282870056497175710e+02
6.278632768361583203e+02
6.274870056497175028e+02
6.273322033898305108e+02
6.274983050847458799e+02
6.276632768361582748e+02
6.277389830508474233e+02
6.276960451977400908e+02
6.275322033898305563e+02
6.272327683615819751e+02
6.267807909604520091e+02
6.261627118644069014e+02
6.253864406779662204e+02
6.244384180790962091e+02
6.233288135593220431e+02
6.220790960451977298e+02
6.207197740112994779e+02
6.192779661016949149e+02
6.177593220338983429e+02
6.162497175141243133e+02
6.147197740112994779e+02
6.133502824858757094e+02
6.121536723163842453e+02
6.111389830508475143e+02
6.102700564971751191e+02
6.095593220338982974e+02
6.089977401129943928e+02
6.085627118644067650e+02
6.082440677966101248e+02
6.080271186440678548e+02
6.078971751412429967e+02
6.078214689265537345e+02
6.077807909604518954e+02
6.077898305084745516e+02
6.078067796610168898e+02
6.078531073446328037e+02
6.078259887005649489e+02
6.077672316384180249e+02
6.076937853107344836e+02
6.076327683615819524e+02
6.075898305084745061e+02
6.075977401129944155e+02
6.076542372881356187e+02
6.078056497175141430e+02
6.080225988700565267e+02
6.083344632768362317e+02
6.087288135593219067e+02
6.092169491525423837e+02
6.097796610169491487e+02
6.104316384180790465e+02
6.111672316384181158e+02
6.119932203389830647e+02
6.128937853107344154e+02
6.138350282485876050e+02
6.148587570621468785e+02
6.158892655367232010e+02
6.168338983050848583e+02
6.176779661016950058e+02
6.184146892655368219e+02
6.190564971751413168e+02
6.195853107344632917e+02
6.199909604519774575e+02
6.202508474576270601e+02
6.203525423728813166e+02
6.202937853107343926e+02
6.200960451977400680e+02
6.200711864406779341e+02
6.202892655367231782e+02
6.207762711864406810e+02
6.215016949152541201e+02
6.222994350282485811e+02
6.231751412429377979e+02
6.240632768361581384e+02
6.249514124293784789e+02
6.257966101694914869e+02
6.265446327683616801e+02
6.271898305084746426e+02
6.276994350282486721e+02
6.280542372881355959e+02
6.282542372881355277e+02
6.282994350282485811e+02
6.281909604519773893e+02
6.279401129943503292e+02
6.275954802259886947e+02
6.271728813559323044e+02
6.266790960451977526e+02
6.261344632768361862e+02
6.255480225988701477e+02
6.249378531073446084e+02
6.242892655367231782e+02
6.236350282485875596e+02
6.229751412429379798e+02
6.223322033898305108e+02
6.217129943502825427e+02
6.211129943502824062e+02
6.205638418079095118e+02
6.201310734463277186e+02
6.199717514124292848e+02
6.201096045197739386e+02
6.204610169491525085e+02
6.207186440677966175e+02
6.208903954802260614e+02
6.209299435028249263e+02
6.208576271186441318e+02
6.206519774011298978e+02
6.202858757062147106e+02
6.197412429378530305e+02
6.190395480225988649e+02
6.181615819209039273e+02
6.171615819209040410e+02
6.160237288135593872e+02
6.147661016949152781e+02
6.134350282485875141e+02
6.120542372881357096e+02
6.106531073446328719e+02
6.092779661016950286e+02
6.079457627118645178e+02
6.067468926553672190e+02
6.057152542372880362e+02
6.048440677966101475e+02
6.041322033898304653e+02
6.035548022598869693e+02
6.031016949152542566e+02
6.027559322033898752e+02
6.025118644067796367e+02
6.023288135593220431e+02
6.022135593220339160e+02
6.021457627118643359e+02
6.021152542372881271e+02
6.020881355932203860e+02
6.020971751412430422e+02
6.020915254237288536e+02
6.020666666666667197e+02
6.020384180790961182e+02
6.020192090395480591e+02
6.020259887005649944e+02
6.020779661016949831e+02
6.022090395480227016e+02
6.024146892655367083e+02
6.027005649717514189e+02
6.030689265536723269e+02
6.035254237288136210e+02
6.040576271186441772e+02
6.046723163841809310e+02
6.053909604519774348e+02
6.061762711864407720e+02
6.070531073446327355e+02
6.080022598870057209e+02
6.090203389830510332e+02
6.100214689265536663e+02
6.109016949152543248e+02
6.116892655367232692e+02
6.124067796610170262e+02
6.130293785310734620e+02
6.135265536723163677e+02
6.139254237288135982e+02
6.141819209039548468e+02
6.142870056497176847e+02
6.142553672316385018e+02
6.140587570621469240e+02
6.138757062146893304e+02
6.139163841807910558e+02
6.142067796610169808e+02
6.147672316384181386e+02
6.156000000000000227e+02
6.165231638418079001e+02
6.175096045197740295e+02
6.185062146892655619e+02
6.194598870056497617e+02
6.203706214689266289e+02
6.211830508474577073e+02
6.218711864406780023e+02
6.224158192090396824e+02
6.227999999999999545e+02
6.230395480225988649e+02
6.231231638418079228e+02
6.230813559322033370e+02
6.229062146892655392e+02
6.226440677966102157e+02
6.223254237288135755e+02
6.219559322033898070e+02
6.215276836158191145e+02
6.210700564971750737e+02
6.205999999999999091e+02
6.201016949152542566e+02
6.196135593220337796e+02
6.191197740112993415e+02
6.186440677966102157e+02
6.181830508474577073e+02
6.177638418079095572e+02
6.173819209039547786e+02
6.170519774011299887e+02
6.169355932203390012e+02
6.171050847457627242e+02
6.172259887005649261e+02
6.172519774011299205e+02
6.171694915254237230e+02
6.169728813559322589e+02
6.166293785310733711e+02
6.161355932203389330e+02
6.154813559322033143e+02
6.146497175141241769e+02
6.136644067796610216e+02
6.125118644067796367e+02
6.112079096045197275e+02
6.097694915254237458e+02
6.082598870056497162e+02
6.066734463276836777e+02
6.050576271186439499e+02
6.034225988700563903e+02
6.019661016949152099e+02
6.006802259887004993e+02
5.995570621468925765e+02
5.986056497175140976e+02
5.977954802259887401e+02
5.971050847457627242e+02
5.965514124293785017e+02
5.960971751412429285e+02
5.957423728813557773e+02
5.954598870056497617e+02
5.952418079096045176e+02
5.950553672316383427e+02
5.949118644067796140e+02
5.947807909604518954e+02
5.946587570621468331e+02
5.945559322033898297e+02
5.945830508474575709e+02
5.946790960451977526e+02
5.947785310734462882e+02
5.949073446327683996e+02
5.950892655367231328e+02
5.953005649717513279e+02
5.955966101694914414e+02
5.959898305084744834e+02
5.964734463276836323e+02
5.970372881355931440e+02
5.976745762711864245e+02
5.983853107344632463e+02
5.991977401129943246e+02
6.000903954802259932e+02
6.010711864406779341e+02
6.021265536723165042e+02
6.032485875706213392e+02
6.043050847457627697e+02
6.052406779661016571e+02
6.060847457627119184e+02
6.068632768361580929e+02
6.075570621468925765e+02
6.081367231638417934e+02
6.086237288135592962e+02
6.090045197740113281e+02
6.092474576271185924e+02
6.093389830508474461e+02
6.092689265536723724e+02
6.090531073446327355e+02
6.088768361581920772e+02
6.089457627118644041e+02
6.092915254237286717e+02
6.099242937853107378e+02
6.107401129943502838e+02
6.116124293785310329e+02
6.125118644067797504e+02
6.133999999999998636e+02
6.142463276836158457e+02
6.150180790960451986e+02
6.156711864406779569e+02
6.161864406779661749e+02
6.165593220338982974e+02
6.167649717514124177e+02
6.168033898305084222e+02
6.166903954802260159e+02
6.164598870056497617e+02
6.161163841807909876e+02
6.156813559322033598e+02
6.151796610169491260e+02
6.146203389830508286e+02
6.140090395480225425e+02
6.133570621468925310e+02
6.126994350282484447e+02
6.120112994350281497e+02
6.113163841807909193e+02
6.106338983050845854e+02
6.099728813559321452e+02
6.093299435028247899e+02
6.087209039548022247e+02
6.081548022598869920e+02
6.077751412429378206e+02
6.076960451977400908e+02
6.079016949152542111e+02
6.082112994350281951e+02
6.084316384180790465e+02
6.085333333333333030e+02
6.085107344632767763e+02
6.083367231638417252e+02
6.080135593220338706e+02
6.075231638418079001e+02
6.068576271186440181e+02
6.060248587570620202e+02
6.050406779661016117e+02
6.039175141242936888e+02
6.026768361581920317e+02
6.013559322033897843e+02
5.999841807909604086e+02
5.985943502824857205e+02
5.972056497175140066e+02
5.958700564971750282e+02
5.946971751412429512e+02
5.937062146892654937e+02
5.928497175141242224e+02
5.921604519774010669e+02
5.915988700564971623e+02
5.911344632768360725e+02
5.907853107344631098e+02
5.905299435028248354e+02
5.903412429378530533e+02
5.901909604519773893e+02
5.901005649717513961e+02
5.900112994350281497e+02
5.899536723163841998e+02
5.898949152542372758e+02
5.899491525423727580e+02
5.899943502824858115e+02
5.900338983050846764e+02
5.900949152542372076e+02
5.901943502824858570e+02
5.903457627118643813e+02
5.905615819209037909e+02
5.908700564971750282e+02
5.912666666666666515e+02
5.917355932203389557e+02
5.923050847457626560e+02
5.929559322033896933e+02
5.936881355932202950e+02
5.945107344632767763e+02
5.954305084745761860e+02
5.964350282485875141e+02
5.975084745762710554e+02
5.986542372881355050e+02
5.997999999999999545e+02
6.008418079096045403e+02
6.017920903954802725e+02
6.026598870056498072e+02
6.034305084745762997e+02
6.041118644067796595e+02
6.046734463276836777e+02
6.051141242937853804e+02
6.053932203389830420e+02
6.055412429378530987e+02
6.055152542372881044e+02
6.053468926553672418e+02
6.052203389830508513e+02
6.053525423728813166e+02
6.057412429378531442e+02
6.063977401129943701e+02
6.071378531073446538e+02
6.079412429378530760e+02
6.087468926553672190e+02
6.095186440677964583e+02
6.102497175141241996e+02
6.108881355932203405e+02
6.113999999999999773e+02
6.117717514124293530e+02
6.119830508474576618e+02
6.120463276836158002e+02
6.119559322033898070e+02
6.117276836158191600e+02
6.113864406779661067e+02
6.109525423728813394e+02
6.104350282485875141e+02
6.098632768361580929e+02
6.092531073446327810e+02
6.086056497175140976e+02
6.079231638418078774e+02
6.072338983050847219e+02
6.065265536723163677e+02
6.058338983050847446e+02
6.051593220338983201e+02
6.045186440677966857e+02
6.039016949152542111e+02
6.033242937853108288e+02
6.028677966101695347e+02
6.026847457627118274e+02
6.027728813559322134e+02
6.030903954802261069e+02
6.033118644067797050e+02
6.034237288135593644e+02
6.034011299435028377e+02
6.032429378531073780e+02
6.029129943502825881e+02
6.024406779661017026e+02
6.017762711864406810e+02
6.009480225988700113e+02
5.999570621468926674e+02
5.987943502824858797e+02
5.974983050847457662e+02
5.960949152542373213e+02
5.946067796610169580e+02
5.930870056497175256e+02
5.916463276836158229e+02
5.903774011299435642e+02
5.892881355932204315e+02
5.883875706214689671e+02
5.876553672316383654e+02
5.870745762711865154e+02
5.866677966101694892e+02
5.863796610169490577e+02
5.861977401129943246e+02
5.861107344632767990e+02
5.861220338983050624e+02
5.861988700564970713e+02
5.863152542372881726e+02
5.864723163841807718e+02
5.866418079096044949e+02
5.868225988700564812e+02
5.870384180790960045e+02
5.870327683615819296e+02
5.868282485875706698e+02
5.866350282485875596e+02
5.864497175141243588e+02
5.863276836158192964e+02
5.862564971751412486e+02
5.862723163841808400e+02
5.863751412429378433e+02
5.865774011299436097e+02
5.868587570621468785e+02
5.872406779661017708e+02
5.877254237288136665e+02
5.882994350282485811e+02
5.889638418079096027e+02
5.897209039548022247e+02
5.905853107344632917e+02
5.915118644067795231e+02
5.924870056497175028e+02
5.933593220338982519e+02
5.941378531073446538e+02
5.948259887005649489e+02
5.954248587570621112e+02
5.959276836158192054e+02
5.963254237288135755e+02
5.966022598870056299e+02
5.967672316384180249e+02
5.967909604519772984e+02
5.966485875706214301e+02
5.963604519774011123e+02
5.961288135593219977e+02
5.961468926553673100e+02
5.964192090395480363e+02
5.969638418079096027e+02
5.978045197740112826e+02
5.987265536723164132e+02
5.996903954802260159e+02
6.006485875706214301e+02
6.015751412429378888e+02
6.024146892655367083e+02
6.031548022598869920e+02
6.037457627118644723e+02
6.041954802259886037e+02
6.044734463276836323e+02
6.045932203389830875e+02
6.045717514124293075e+02
6.044090395480225197e+02
6.041367231638417934e+02
6.037807909604518954e+02
6.033525423728813166e+02
6.028632768361582066e+02
6.023175141242938935e+02
6.017299435028248809e+02
6.011107344632769127e+02
6.004870056497175028e+02
5.998519774011299432e+02
5.992259887005649261e+02
5.985999999999999091e+02
5.980033898305084676e+02
5.974259887005648579e+02
5.968892655367230873e+02
5.964214689265536435e+02
5.962282485875706470e+02
5.963242937853108288e+02
5.966146892655367537e+02
5.968124293785310783e+02
5.969118644067796140e+02
5.968655367231638138e+02
5.966836158192089670e+02
5.963480225988701022e+02
5.958395480225989331e+02
5.951728813559321907e+02
5.943310734463276503e+02
5.933389830508474461e+02
5.921920903954802498e+02
5.909378531073447220e+02
5.895909604519774803e+02
5.881638418079096482e+02
5.867401129943502838e+02
5.853694915254237685e+02
5.841593220338983201e+02
5.831254237288135300e+02
5.822485875706215666e+02
5.815265536723163677e+02
5.809344632768361407e+02
5.804700564971751646e+02
5.801175141242938480e+02
5.798677966101695347e+02
5.796915254237288764e+02
5.795819209039548241e+02
5.795084745762712828e+02
5.794802259887005675e+02
5.794655367231638365e+02
5.794327683615820206e+02
5.794271186440678321e+02
5.794203389830508968e+02
5.794248587570621112e+02
5.794542372881355732e+02
5.795050847457628151e+02
5.796033898305086041e+02
5.797570621468926220e+02
5.799988700564972532e+02
5.803141242937853121e+02
5.807231638418079456e+02
5.812316384180791147e+02
5.818203389830508740e+02
5.825118644067797504e+02
5.833197740112993870e+02
5.842000000000000455e+02
5.851875706214689217e+02
5.862813559322033825e+02
5.874248587570621112e+02
5.884237288135593644e+02
5.893118644067795913e+02
5.901265536723162768e+02
5.908372881355932122e+02
5.914666666666666970e+02
5.920316384180790692e+02
5.924858757062147561e+02
5.928372881355930986e+02
5.930700564971750737e+02
5.931807909604519864e+02
5.931502824858756640e+02
5.929593220338981610e+02
5.926350282485875596e+02
5.922271186440677866e+02
5.920632768361581384e+02
5.921593220338982064e+02
5.925525423728813621e+02
5.932418079096044039e+02
5.941457627118643359e+02
5.950802259887005903e+02
5.959920903954800906e+02
5.968350282485876050e+02
5.975988700564971623e+02
5.982372881355931895e+02
5.987118644067795685e+02
5.990259887005649944e+02
5.991887005649716684e+02
5.992033898305082857e+02
5.990711864406778204e+02
5.988237288135592280e+02
5.984689265536721905e+02
5.980361581920902836e+02
5.975107344632767763e+02
5.969446327683615436e+02
5.963378531073445856e+02
5.956757062146891712e+02
5.950033898305084676e+02
5.943050847457626560e+02
5.936022598870056299e+02
5.929129943502823608e+02
5.922440677966101248e+02
5.915853107344631781e+02
5.909593220338982746e+02
5.905819209039548241e+02
5.904531073446327127e+02
5.905796610169491032e+02
5.909898305084744834e+02
5.913129943502824517e+02
5.915604519774010441e+02
5.916768361581920317e+02
5.916621468926553007e+02
5.915084745762710554e+02
5.911706214689265835e+02
5.906745762711864245e+02
5.900135593220338706e+02
5.891988700564971850e+02
5.882203389830507376e+02
5.870949152542373213e+02
5.858847457627118729e+02
5.845830508474575709e+02
5.832169491525422700e+02
5.818531073446326900e+02
5.805209039548021792e+02
5.793502824858757094e+02
5.783683615819209081e+02
5.775717514124293075e+02
5.769254237288134846e+02
5.764316384180790465e+02
5.760802259887004766e+02
5.758542372881355504e+02
5.757468926553672190e+02
5.757039548022598865e+02
5.757536723163841543e+02
5.758485875706214756e+02
5.759954802259885582e+02
5.761593220338983201e+02
5.763514124293785699e+02
5.765435028248587059e+02
5.765559322033898297e+02
5.763412429378531669e+02
5.760903954802258795e+02
5.758474576271186152e+02
5.756429378531072416e+02
5.754994350282485129e+02
5.754203389830508968e+02
5.754090395480226334e+02
5.754802259887005675e+02
5.756271186440677639e+02
5.758632768361582066e+02
5.761830508474575936e+02
5.765920903954802270e+02
5.770926553672316004e+02
5.776983050847456980e+02
5.783819209039547786e+02
5.791288135593219977e+02
5.799401129943503292e+02
5.808011299435029287e+02
5.815898305084746198e+02
5.823016949152543020e+02
5.829322033898305335e+02
5.834655367231638365e+02
5.839005649717514643e+02
5.842090395480227016e+02
5.844033898305085586e+02
5.844644067796609761e+02
5.843672316384181613e+02
5.841276836158192509e+02
5.839740112994350056e+02
5.840316384180790692e+02
5.843242937853108288e+02
5.848858757062147333e+02
5.857118644067796822e+02
5.866248587570621567e+02
5.875570621468925765e+02
5.884949152542372985e+02
5.893920903954801815e+02
5.902180790960452441e+02
5.909265536723164587e+02
5.915084745762712828e+02
5.919333333333333940e+02
5.921841807909604540e+02
5.922847457627119638e+02
5.922418079096046313e+02
5.920632768361582521e+02
5.917638418079095572e+02
5.913638418079096937e+02
5.908915254237288082e+02
5.903367231638418389e+02
5.897265536723164132e+02
5.890632768361582521e+02
5.883649717514124404e+02
5.876406779661017481e+02
5.868903954802260614e+02
5.861412429378531215e+02
5.853875706214689671e+02
5.846485875706214301e+02
5.839796610169493079e+02
5.835129943502826109e+02
5.833028248587571625e+02
5.833604519774012260e+02
5.837005649717514189e+02
5.841954802259888311e+02
5.846067796610170717e+02
5.849107344632768672e+02
5.850870056497176392e+02
5.851378531073446538e+02
5.850451977401130534e+02
5.847909604519775257e+02
5.843774011299435642e+02
5.838000000000000682e+02
5.830610169491526449e+02
5.821898305084746426e+02
5.811807909604519864e+02
5.800779661016949831e+02
5.789141242937853349e+02
5.777231638418079456e+02
5.765423728813559592e+02
5.753672316384181613e+02
5.742519774011299205e+02
5.733141242937853121e+02
5.725435028248587059e+02
5.719344632768361407e+02
5.714734463276836323e+02
5.711435028248588424e+02
5.709333333333333940e+02
5.708350282485876050e+02
5.708045197740113963e+02
5.708451977401130080e+02
5.709288135593221796e+02
5.710372881355932577e+02
5.711785310734463792e+02
5.713344632768362317e+02
5.713163841807910330e+02
5.711096045197741660e+02
5.709107344632768672e+02
5.707152542372882635e+02
5.705581920903955506e+02
5.704384180790960954e+02
5.704011299435028377e+02
5.704225988700565040e+02
5.705231638418079001e+02
5.707333333333333485e+02
5.710124293785311238e+02
5.713740112994350966e+02
5.718553672316384109e+02
5.724248587570622249e+02
5.730994350282486494e+02
5.738677966101695347e+02
5.747378531073445629e+02
5.756790960451978663e+02
5.766350282485875596e+02
5.774485875706213847e+02
5.781909604519773893e+02
5.788316384180791374e+02
5.793649717514124404e+02
5.798079096045198639e+02
5.801141242937853804e+02
5.803118644067797050e+02
5.803830508474576391e+02
5.802881355932203178e+02
5.800587570621469240e+02
5.796790960451977526e+02
5.793581920903955051e+02
5.792813559322034962e+02
5.794497175141243588e+02
5.798892655367232010e+02
5.806282485875706243e+02
5.816293785310734847e+02
5.826621468926554144e+02
5.836813559322033598e+02
5.846564971751412259e+02
5.855536723163841089e+02
5.863118644067797050e+02
5.869570621468926674e+02
5.874259887005649716e+02
5.877514124293785471e+02
5.879005649717514643e+02
5.879276836158192054e+02
5.878350282485876050e+02
5.876180790960452214e+02
5.873355932203389784e+02
5.869661016949153236e+02
5.865559322033898297e+02
5.860870056497175256e+02
5.855796610169491032e+02
5.850327683615819296e+02
5.844610169491525085e+02
5.838790960451977980e+02
5.832971751412428603e+02
5.827310734463276276e+02
5.821807909604519864e+02
5.816395480225988877e+02
5.812361581920904428e+02
5.810576271186441772e+02
5.811435028248588424e+02
5.814870056497175028e+02
5.817581920903955961e+02
5.819197740112995234e+02
5.819807909604520546e+02
5.819242937853107378e+02
5.817129943502825427e+02
5.813570621468927584e+02
5.808293785310734165e+02
5.801457627118644496e+02
5.792903954802261524e+02
5.782994350282486948e+02
5.771593220338984338e+02
5.759242937853107378e+02
5.746067796610169580e+02
5.732418079096046313e+02
5.718666666666667879e+02
5.706711864406780705e+02
5.696519774011300115e+02
5.688350282485876050e+02
5.681966101694915778e+02
5.677084745762713283e+02
5.673864406779662204e+02
5.671920903954802498e+02
5.671480225988700568e+02
5.672022598870057664e+02
5.673559322033898979e+02
5.675807909604520773e+02
5.678598870056498527e+02
5.681785310734464929e+02
5.685209039548024066e+02
5.688632768361582066e+02
5.690384180790961182e+02
5.690180790960453123e+02
5.687819209039548696e+02
5.683638418079096937e+02
5.679751412429378661e+02
5.676259887005649034e+02
5.673378531073446993e+02
5.671152542372881271e+02
5.669774011299434733e+02
5.669333333333333940e+02
5.669604519774011351e+02
5.670790960451977298e+02
5.673073446327683769e+02
5.676395480225988877e+02
5.680531073446327355e+02
5.685672316384179794e+02
5.691853107344632008e+02
5.698881355932203405e+02
5.706485875706214301e+02
5.714711864406779114e+02
5.722350282485874686e+02
5.729197740112995234e+02
5.734983050847458799e+02
5.739898305084745971e+02
5.743717514124293757e+02
5.746305084745763452e+02
5.747683615819208853e+02
5.747525423728814076e+02
5.746079096045198185e+02
5.743118644067795913e+02
5.741254237288135300e+02
5.741378531073446538e+02
5.744033898305085586e+02
5.749333333333333940e+02
5.757367231638418161e+02
5.767389830508474233e+02
5.777796610169491487e+02
5.788406779661015662e+02
5.798655367231638138e+02
5.808282485875706698e+02
5.816847457627118274e+02
5.824101694915254939e+02
5.829909604519773438e+02
5.834158192090395687e+02
5.836892655367232692e+02
5.838214689265537345e+02
5.838214689265537345e+02
5.837175141242938707e+02
5.834994350282486266e+02
5.832045197740112599e+02
5.828451977401130080e+02
5.824259887005650853e+02
5.819514124293785926e+02
5.814384180790959817e+02
5.808847457627118729e+02
5.803197740112993870e+02
5.797593220338983429e+02
5.791796610169491260e+02
5.786180790960452214e+02
5.780644067796609988e+02
5.775864406779660385e+02
5.773559322033897843e+02
5.774000000000000909e+02
5.777412429378531442e+02
5.780836158192090579e+02
5.783491525423728490e+02
5.785129943502824972e+02
5.785740112994351421e+02
5.784926553672316913e+02
5.782881355932204315e+02
5.779186440677966630e+02
5.774079096045197730e+02
5.767197740112994779e+02
5.758802259887006585e+02
5.749129943502824744e+02
5.738259887005650626e+02
5.726542372881356187e+02
5.714033898305085586e+02
5.701322033898304653e+02
5.688531073446326900e+02
5.675966101694915551e+02
5.664022598870055845e+02
5.652700564971751191e+02
5.642305084745762542e+02
5.633559322033897843e+02
5.626225988700564358e+02
5.620259887005649944e+02
5.615457627118644268e+02
5.611593220338983201e+02
5.608745762711864700e+02
5.606564971751413395e+02
5.605084745762712828e+02
5.603830508474577528e+02
5.602847457627119638e+02
5.602327683615819751e+02
5.602214689265537118e+02
5.602350282485875823e+02
5.602101694915254484e+02
5.601932203389831102e+02
5.601932203389831102e+02
5.602384180790960500e+02
5.603209039548023611e+02
5.604666666666666970e+02
5.606734463276836777e+02
5.609559322033898070e+02
5.613016949152543020e+02
5.617265536723164132e+02
5.622440677966101248e+02
5.628305084745763907e+02
5.634915254237289446e+02
5.642327683615819751e+02
5.650700564971751874e+02
5.659480225988700113e+02
5.668960451977402499e+02
5.677796610169491487e+02
5.685548022598870830e+02
5.692451977401130989e+02
5.698655367231638138e+02
5.703807909604520319e+02
5.707864406779661977e+02
5.710644067796611125e+02
5.712112994350284225e+02
5.712067796610169808e+02
5.710666666666667197e+02
5.707717514124294667e+02
5.706248587570621567e+02
5.706779661016948921e+02
5.709977401129943928e+02
5.715717514124294212e+02
5.724169491525424291e+02
5.733548022598870375e+02
5.743163841807910330e+02
5.752779661016950286e+02
5.761887005649718958e+02
5.770271186440678548e+02
5.777525423728814076e+02
5.783457627118643813e+02
5.787853107344633372e+02
5.790610169491526449e+02
5.792067796610169808e+02
5.792067796610169808e+02
5.790937853107345745e+02
5.788666666666667879e+02
5.785593220338984111e+02
5.781672316384181158e+02
5.777107344632768218e+02
5.772146892655367765e+02
5.766497175141242906e+02
5.760519774011299887e+02
5.754327683615820206e+02
5.747920903954802725e+02
5.741502824858757776e+02
5.735039548022598410e+02
5.728824858757062657e+02
5.722836158192089897e+02
5.719242937853107378e+02
5.718146892655367992e+02
5.719683615819208171e+02
5.723909604519774348e+02
5.727864406779660840e+02
5.730802259887007040e+02
5.732802259887005221e+02
5.733435028248587741e+02
5.732870056497175710e+02
5.730666666666666060e+02
5.726937853107344836e+02
5.721615819209040410e+02
5.714723163841808855e+02
5.706429378531072416e+02
5.696689265536722360e+02
5.685819209039548241e+02
5.674135593220339615e+02
5.661853107344633145e+02
5.649423728813559364e+02
5.637107344632768218e+02
5.625401129943502383e+02
5.614169491525424291e+02
5.604621468926552552e+02
5.596881355932202950e+02
5.590621468926552780e+02
5.585864406779660385e+02
5.582451977401128715e+02
5.580406779661016117e+02
5.579344632768361407e+02
5.579073446327683996e+02
5.579502824858756185e+02
5.580180790960450850e+02
5.581536723163841316e+02
5.583084745762711236e+02
5.584101694915253802e+02
5.583141242937851985e+02
5.580531073446327355e+02
5.577853107344631098e+02
5.575344632768360498e+02
5.573062146892655164e+02
5.571220338983050624e+02
5.569853107344631553e+02
5.569141242937851075e+02
5.569028248587569578e+02
5.569728813559321452e+02
5.571299435028247444e+02
5.573649717514123267e+02
5.576734463276834504e+02
5.580723163841807946e+02
5.585740112994349147e+02
5.591514124293785244e+02
5.598192090395480136e+02
5.605536723163841089e+02
5.613367231638417252e+02
5.621581920903954597e+02
5.629457627118642904e+02
5.636451977401129625e+02
5.642564971751412486e+02
5.647672316384180249e+02
5.651525423728812711e+02
5.654169491525424291e+02
5.655242937853106469e+02
5.655028248587569806e+02
5.653389830508474461e+02
5.651129943502824062e+02
5.650790960451977298e+02
5.652689265536722587e+02
5.657118644067795685e+02
5.664192090395479227e+02
5.673231638418078546e+02
5.682745762711863335e+02
5.692440677966101248e+02
5.702022598870055390e+02
5.711039548022597501e+02
5.719163841807909421e+02
5.726056497175140976e+02
5.731728813559321907e+02
5.735954802259886947e+02
5.738677966101695347e+02
5.740124293785311238e+02
5.740237288135592735e+02
5.739344632768361407e+02
5.737548022598870148e+02
5.735062146892655619e+02
5.731909604519773893e+02
5.728146892655366855e+02
5.723661016949153009e+02
5.718994350282486039e+02
5.714112994350282406e+02
5.709084745762711464e+02
5.703796610169491714e+02
5.698576271186441318e+02
5.693525423728813166e+02
5.688372881355933259e+02
5.683615819209039728e+02
5.680316384180791829e+02
5.679389830508474688e+02
5.681265536723163905e+02
5.684237288135593644e+02
5.686293785310734847e+02
5.687604519774010896e+02
5.687751412429379343e+02
5.686711864406779569e+02
5.684192090395480363e+02
5.680158192090395914e+02
5.674542372881355732e+02
5.667389830508475370e+02
5.658508474576271965e+02
5.648192090395481273e+02
5.636757062146893986e+02
5.624293785310735529e+02
5.611231638418080365e+02
5.597762711864407947e+02
5.584282485875708062e+02
5.570892655367233601e+02
5.558768361581921909e+02
5.548384180790960727e+02
5.539355932203391149e+02
5.532045197740113736e+02
5.526146892655367537e+02
5.521604519774011806e+02
5.518135593220339388e+02
5.515841807909605450e+02
5.513966101694916233e+02
5.513152542372881726e+02
5.512734463276837005e+02
5.512519774011300342e+02
5.512723163841808400e+02
5.513175141242938935e+02
5.513864406779662204e+02
5.513231638418078546e+02
5.512192090395481046e+02
5.511333333333333258e+02
5.510711864406780478e+02
5.510497175141243815e+02
5.510949152542373213e+02
5.511943502824858570e+02
5.513593220338984793e+02
5.516000000000001364e+02
5.519197740112995234e+02
5.523084745762712373e+02
5.527920903954802725e+02
5.533728813559322361e+02
5.540406779661018390e+02
5.547988700564972078e+02
5.556259887005651308e+02
5.565299435028249491e+02
5.574937853107345518e+02
5.583683615819209081e+02
5.591435028248588424e+02
5.598384180790960727e+02
5.604463276836158911e+02
5.609627118644068560e+02
5.613807909604520319e+02
5.616711864406779569e+02
5.618418079096045403e+02
5.618745762711864700e+02
5.617661016949152781e+02
5.615152542372882181e+02
5.612779661016949149e+02
5.612508474576271738e+02
5.614666666666666970e+02
5.619593220338983883e+02
5.627276836158191600e+02
5.636497175141244043e+02
5.646056497175142113e+02
5.655717514124294212e+02
5.664836158192091489e+02
5.673141242937854258e+02
5.680610169491526449e+02
5.686711864406779569e+02
5.691220338983051761e+02
5.694338983050847673e+02
5.695977401129944155e+02
5.696418079096044949e+02
5.695559322033898297e+02
5.693683615819209081e+02
5.690960451977401817e+02
5.687480225988701932e+02
5.683333333333333712e+02
5.678542372881356641e+02
5.673333333333333712e+02
5.667819209039548696e+02
5.662158192090395232e+02
5.656124293785310329e+02
5.650033898305084676e+02
5.644259887005650853e+02
5.638327683615818842e+02
5.632429378531073780e+02
5.627096045197740750e+02
5.624338983050847673e+02
5.624112994350282406e+02
5.626745762711864245e+02
5.630248587570622476e+02
5.632937853107346200e+02
5.634542372881355732e+02
5.634926553672316913e+02
5.633762711864408175e+02
5.631209039548023156e+02
5.626949152542373440e+02
5.621231638418080365e+02
5.613694915254237685e+02
5.604700564971751646e+02
5.594361581920904882e+02
5.582937853107345063e+02
5.570542372881355959e+02
5.557717514124294667e+02
5.544621468926553689e+02
5.531570621468927129e+02
5.518813559322034052e+02
5.507740112994350739e+02
5.498214689265537345e+02
5.490327683615819296e+02
5.483920903954801815e+02
5.478994350282487176e+02
5.475344632768361635e+02
5.472779661016950286e+02
5.471141242937853804e+02
5.470135593220338706e+02
5.469830508474576618e+02
5.469819209039548014e+02
5.470316384180790692e+02
5.471186440677965948e+02
5.472248587570621794e+02
5.472158192090396369e+02
5.470497175141242678e+02
5.468994350282486039e+02
5.467570621468927357e+02
5.466519774011300115e+02
5.465875706214690126e+02
5.465740112994351421e+02
5.466327683615820661e+02
5.467480225988701932e+02
5.469378531073447220e+02
5.472000000000000455e+02
5.475514124293786153e+02
5.479796610169491942e+02
5.485039548022599547e+02
5.491163841807911012e+02
5.498169491525424064e+02
5.505796610169492169e+02
5.514056497175142795e+02
5.523050847457627697e+02
5.532293785310735075e+02
5.540700564971753010e+02
5.548248587570622021e+02
5.554881355932203633e+02
5.560429378531074462e+02
5.564870056497175028e+02
5.568067796610168898e+02
5.570079096045197957e+02
5.570497175141242678e+02
5.569751412429379798e+02
5.567581920903955961e+02
5.566519774011298978e+02
5.567920903954802725e+02
5.571785310734464929e+02
5.578361581920904655e+02
5.586180790960452214e+02
5.594519774011300797e+02
5.603005649717515553e+02
5.611220338983052898e+02
5.618847457627119866e+02
5.625672316384182068e+02
5.631310734463277186e+02
5.635570621468926902e+02
5.638327683615819979e+02
5.639638418079097164e+02
5.639401129943503292e+02
5.638135593220339388e+02
5.635638418079096255e+02
5.632135593220339160e+02
5.627785310734464019e+02
5.622768361581921681e+02
5.617163841807910103e+02
5.610813559322034507e+02
5.604135593220339615e+02
5.597231638418079456e+02
5.590271186440678548e+02
5.583096045197740978e+02
5.575920903954803407e+02
5.568768361581921909e+02
5.561819209039548468e+02
5.554949152542374122e+02
5.550158192090395914e+02
5.547853107344633372e+02
5.548112994350283316e+02
5.551209039548023156e+02
5.555446327683616801e+02
5.558497175141243360e+02
5.560689265536723269e+02
5.561457627118645632e+02
5.560745762711865154e+02
5.558440677966102612e+02
5.554564971751412941e+02
5.549096045197741205e+02
5.542033898305085131e+02
5.533435028248587741e+02
5.523468926553673555e+02
5.512508474576270601e+02
5.500734463276836550e+02
5.488350282485876050e+02
5.476011299435028832e+02
5.463830508474576391e+02
5.453152542372881726e+02
5.444248587570622249e+02
5.436994350282486721e+02
5.431209039548022020e+02
5.426937853107344836e+02
5.424011299435028377e+02
5.422395480225987967e+02
5.421898305084746426e+02
5.422180790960451304e+02
5.423141242937851985e+02
5.424519774011298523e+02
5.426192090395479681e+02
5.428316384180791374e+02
5.430666666666666060e+02
5.432610169491524630e+02
5.432564971751412486e+02
5.430531073446327355e+02
5.427819209039548696e+02
5.425276836158193419e+02
5.423231638418078546e+02
5.421943502824858570e+02
5.421186440677965948e+02
5.421163841807908739e+02
5.422011299435027922e+02
5.423762711864405901e+02
5.426203389830508286e+02
5.429649717514123495e+02
5.434293785310735529e+02
5.440033898305084676e+02
5.446632768361582748e+02
5.454338983050847673e+02
5.462790960451977753e+02
5.471073446327683314e+02
5.478531073446326900e+02
5.485129943502824972e+02
5.490881355932203860e+02
5.495762711864406356e+02
5.499694915254236776e+02
5.502542372881356414e+02
5.504372881355932350e+02
5.504847457627117819e+02
5.504101694915254939e+02
5.502011299435027922e+02
5.498621468926553462e+02
5.494248587570621112e+02
5.491853107344632008e+02
5.491762711864406583e+02
5.494135593220339615e+02
5.499107344632768672e+02
5.506836158192090807e+02
5.517016949152541656e+02
5.527096045197740750e+02
5.536971751412429512e+02
5.545954802259886947e+02
5.554067796610169125e+02
5.560655367231638593e+02
5.565966101694914414e+02
5.569615819209038818e+02
5.571898305084745289e+02
5.572813559322033825e+02
5.572418079096045176e+02
5.571096045197739386e+02
5.568666666666666742e+02
5.565717514124294212e+02
5.561864406779661749e+02
5.557480225988700795e+02
5.552485875706214529e+02
5.547141242937852894e+02
5.541502824858757776e+02
5.535570621468926902e+02
5.529570621468926674e+02
5.523491525423728490e+02
5.517548022598870148e+02
5.511706214689265835e+02
5.507423728813558910e+02
5.505570621468925765e+02
5.506316384180790919e+02
5.509593220338982746e+02
5.513581920903955051e+02
5.516497175141242906e+02
5.518598870056496253e+02
5.519593220338982746e+02
5.519254237288134846e+02
5.517389830508475370e+02
5.513909604519774348e+02
5.508813559322032916e+02
5.501920903954801361e+02
5.493661016949151872e+02
5.483954802259886492e+02
5.473107344632768445e+02
5.461209039548022020e+02
5.448700564971751419e+02
5.436033898305084904e+02
5.423265536723163223e+02
5.410711864406780478e+02
5.399785310734463337e+02
5.390610169491525312e+02
5.383073446327683769e+02
5.377062146892656074e+02
5.372519774011299205e+02
5.369367231638418616e+02
5.367412429378531442e+02
5.366372881355931668e+02
5.366124293785310329e+02
5.366418079096044949e+02
5.367062146892656074e+02
5.368327683615818842e+02
5.369909604519773438e+02
5.371819209039547331e+02
5.373581920903955051e+02
5.373344632768362317e+02
5.371084745762711918e+02
5.368994350282486039e+02
5.367141242937852894e+02
5.365728813559321679e+02
5.364994350282486266e+02
5.364836158192090352e+02
5.365288135593219749e+02
5.366711864406779569e+02
5.368757062146892167e+02
5.371694915254237230e+02
5.375581920903955506e+02
5.380418079096045858e+02
5.386237288135592962e+02
5.392881355932204315e+02
5.400497175141242678e+02
5.408644067796610670e+02
5.416903954802260159e+02
5.424429378531073098e+02
5.431220338983050624e+02
5.437084745762711009e+02
5.442056497175141203e+02
5.446192090395479681e+02
5.449310734463276731e+02
5.451175141242937343e+02
5.451694915254236093e+02
5.451254237288135300e+02
5.449355932203388875e+02
5.446180790960452214e+02
5.443774011299434505e+02
5.443570621468925310e+02
5.445909604519773666e+02
5.450790960451977298e+02
5.458451977401130080e+02
5.467728813559322134e+02
5.477096045197740750e+02
5.486338983050848128e+02
5.494960451977401590e+02
5.502745762711865609e+02
5.509355932203390012e+02
5.514711864406780251e+02
5.518497175141244497e+02
5.520677966101695802e+02
5.521502824858757776e+02
5.521084745762711918e+02
5.519412429378530760e+02
5.516870056497175483e+02
5.513333333333333712e+02
5.508926553672316686e+02
5.503999999999999773e+02
5.498350282485876050e+02
5.492282485875706470e+02
5.485661016949153463e+02
5.478734463276837232e+02
5.471785310734462655e+02
5.464372881355932350e+02
5.456926553672316231e+02
5.449559322033898070e+02
5.442745762711864472e+02
5.438282485875706698e+02
5.436101694915254257e+02
5.436497175141244043e+02
5.439468926553672645e+02
5.444644067796610898e+02
5.449163841807909421e+02
5.452666666666666515e+02
5.455016949152541201e+02
5.455909604519773666e+02
5.455288135593220886e+02
5.453016949152543020e+02
5.449310734463276731e+02
5.443887005649717139e+02
5.437016949152541656e+02
5.428836158192090124e+02
5.419762711864406128e+02
5.409920903954802043e+02
5.399367231638418616e+02
5.388644067796610670e+02
5.378033898305084222e+02
5.367819209039548696e+02
5.358372881355933259e+02
5.350598870056496708e+02
5.344598870056497617e+02
5.340033898305084676e+02
5.336870056497175483e+02
5.335050847457627015e+02
5.334214689265536435e+02
5.334372881355932350e+02
5.335096045197740295e+02
5.336338983050848128e+02
5.338146892655367992e+02
5.340293785310734620e+02
5.342824858757062430e+02
5.343615819209039728e+02
5.342666666666666515e+02
5.339774011299434733e+02
5.336632768361582748e+02
5.333706214689266289e+02
5.330903954802261069e+02
5.328779661016949376e+02
5.327220338983050851e+02
5.326293785310734847e+02
5.325954802259886947e+02
5.326553672316383654e+02
5.327943502824858797e+02
5.330124293785311238e+02
5.333412429378531669e+02
5.337706214689266062e+02
5.342824858757062430e+02
5.348937853107345290e+02
5.355909604519773666e+02
5.363548022598870375e+02
5.371807909604519864e+02
5.379209039548022702e+02
5.385785310734463565e+02
5.391175141242938480e+02
5.395853107344632917e+02
5.399355932203390012e+02
5.401740112994350511e+02
5.402858757062147106e+02
5.402700564971751191e+02
5.401299435028249718e+02
5.398384180790960727e+02
5.394282485875705788e+02
5.391988700564971850e+02
5.391887005649717821e+02
5.394112994350282406e+02
5.398790960451976844e+02
5.405887005649717594e+02
5.415401129943502383e+02
5.425389830508474915e+02
5.435096045197740295e+02
5.444079096045197730e+02
5.452090395480225880e+02
5.458768361581920772e+02
5.464045197740113053e+02
5.467853107344632235e+02
5.470214689265537800e+02
5.471322033898305790e+02
5.471062146892655846e+02
5.469762711864407265e+02
5.467627118644068105e+02
5.464418079096045631e+02
5.460587570621469240e+02
5.456158192090396142e+02
5.451118644067796595e+02
5.445627118644068787e+02
5.439853107344633827e+02
5.433774011299435642e+02
5.427457627118644723e+02
5.421039548022599774e+02
5.414734463276836323e+02
5.410271186440678548e+02
5.407672316384181386e+02
5.407152542372882635e+02
5.409028248587571852e+02
5.413378531073446993e+02
5.418158192090395460e+02
5.422112994350283088e+02
5.425197740112995461e+02
5.427141242937852894e+02
5.427977401129944610e+02
5.427197740112994779e+02
5.425039548022599547e+02
5.421163841807911012e+02
5.415728813559321679e+02
5.408870056497175938e+02
5.400598870056497844e+02
5.391050847457628379e+02
5.380632768361582521e+02
5.369615819209041092e+02
5.358237288135593417e+02
5.346745762711864245e+02
5.335491525423728945e+02
5.325457627118644268e+02
5.317231638418079456e+02
5.310836158192090579e+02
5.306225988700565495e+02
5.303265536723163223e+02
5.301875706214689217e+02
5.301807909604519864e+02
5.302926553672316459e+02
5.305016949152542338e+02
5.307864406779660840e+02
5.311299435028248581e+02
5.315367231638417707e+02
5.319502824858757322e+02
5.322090395480225880e+02
5.323096045197739841e+02
5.322101694915254484e+02
5.318858757062147333e+02
5.313491525423728490e+02
5.307954802259887401e+02
5.302813559322033825e+02
5.298316384180791374e+02
5.294112994350282406e+02
5.290576271186440636e+02
5.287627118644068105e+02
5.285536723163841089e+02
5.284214689265536435e+02
5.283853107344632463e+02
5.284542372881355732e+02
5.286259887005649034e+02
5.288757062146892167e+02
5.292169491525423837e+02
5.296485875706214301e+02
5.301536723163842453e+02
5.307175141242937570e+02
5.313254237288135755e+02
5.318576271186441318e+02
5.322870056497174573e+02
5.326225988700564358e+02
5.328553672316384109e+02
5.329559322033898070e+02
5.329344632768361407e+02
5.327819209039548696e+02
5.324903954802259705e+02
5.322474576271187061e+02
5.321728813559323044e+02
5.322994350282485811e+02
5.326440677966102157e+02
5.332248587570620657e+02
5.340519774011299887e+02
5.350983050847457889e+02
5.361627118644066741e+02
5.372090395480225880e+02
5.382169491525423837e+02
5.391446327683615891e+02
5.399581920903954142e+02
5.406384180790960272e+02
5.411740112994350511e+02
5.415435028248588196e+02
5.417751412429379343e+02
5.419107344632768672e+02
5.418903954802260614e+02
5.417864406779660840e+02
5.415875706214690126e+02
5.412937853107346200e+02
5.409310734463276731e+02
5.405186440677966857e+02
5.400293785310734620e+02
5.395084745762711691e+02
5.389502824858757322e+02
5.383638418079095800e+02
5.377694915254237458e+02
5.371446327683615891e+02
5.365412429378530987e+02
5.359796610169491942e+02
5.356519774011298978e+02
5.355457627118644268e+02
5.356700564971752101e+02
5.360768361581921226e+02
5.365491525423728945e+02
5.369209039548022702e+02
5.372192090395481046e+02
5.373932203389830420e+02
5.374237288135593644e+02
5.373231638418078546e+02
5.370757062146892622e+02
5.366802259887006130e+02
5.361310734463277186e+02
5.354169491525424291e+02
5.345898305084745061e+02
5.336474576271186834e+02
5.326372881355932805e+02
5.315762711864406356e+02
5.305265536723164814e+02
5.294587570621470149e+02
5.284271186440678321e+02
5.274327683615820206e+02
5.265751412429378888e+02
5.258971751412429967e+02
5.253548022598870375e+02
5.249649717514124632e+02
5.247050847457627469e+02
5.245570621468926902e+02
5.244983050847458799e+02
5.245209039548024066e+02
5.245977401129944155e+02
5.247129943502825427e+02
5.248723163841808628e+02
5.250790960451977298e+02
5.252192090395481046e+02
5.251762711864407720e+02
5.249581920903955279e+02
5.246960451977402045e+02
5.244485875706213847e+02
5.242621468926554371e+02
5.241073446327684451e+02
5.240011299435028604e+02
5.239649717514123495e+02
5.239875706214688762e+02
5.240983050847457889e+02
5.242824858757062430e+02
5.245683615819209535e+02
5.249299435028249263e+02
5.253977401129943701e+02
5.259581920903956416e+02
5.266146892655367537e+02
5.273423728813559137e+02
5.281491525423728035e+02
5.288576271186441318e+02
5.294768361581920999e+02
5.300033898305084676e+02
5.304248587570622249e+02
5.307468926553673327e+02
5.309683615819210445e+02
5.310745762711865154e+02
5.310474576271186606e+02
5.309028248587571852e+02
5.306180790960452214e+02
5.301920903954803634e+02
5.297649717514125314e+02
5.295344632768362771e+02
5.295254237288136210e+02
5.297491525423729399e+02
5.302180790960452441e+02
5.309389830508473551e+02
5.319175141242938025e+02
5.330870056497176392e+02
5.342316384180790010e+02
5.353050847457627697e+02
5.362881355932203178e+02
5.371435028248588424e+02
5.378508474576271965e+02
5.384146892655367083e+02
5.388463276836158684e+02
5.391435028248588424e+02
5.393050847457627697e+02
5.393514124293785699e+02
5.393096045197740978e+02
5.391875706214689217e+02
5.389728813559322589e+02
5.387050847457627469e+02
5.383683615819209081e+02
5.379740112994350056e+02
5.375615819209040183e+02
5.370983050847457889e+02
5.366180790960452214e+02
5.361152542372881271e+02
5.356000000000001364e+02
5.350847457627119184e+02
5.347457627118644723e+02
5.346429378531074690e+02
5.347875706214690581e+02
5.351728813559323044e+02
5.355627118644067650e+02
5.359084745762713737e+02
5.361604519774011806e+02
5.363209039548023611e+02
5.363559322033898979e+02
5.362508474576271738e+02
5.360033898305084676e+02
5.356146892655367537e+02
5.350666666666667197e+02
5.343683615819209081e+02
5.335468926553672873e+02
5.325909604519774803e+02
5.315615819209041319e+02
5.304632768361582293e+02
5.293378531073446993e+02
5.282056497175142340e+02
5.270960451977402954e+02
5.260248587570622476e+02
5.249977401129943928e+02
5.240926553672316004e+02
5.233672316384181613e+02
5.228045197740113963e+02
5.224101694915254939e+02
5.221310734463277186e+02
5.219830508474576618e+02
5.219355932203390012e+02
5.219570621468926674e+02
5.220474576271187743e+02
5.222101694915254484e+02
5.224338983050847673e+02
5.226677966101694892e+02
5.227186440677966175e+02
5.225909604519773666e+02
5.222271186440677866e+02
5.218338983050848583e+02
5.214531073446328264e+02
5.210870056497176392e+02
5.207491525423729399e+02
5.204666666666666970e+02
5.202045197740112599e+02
5.200214689265536663e+02
5.198802259887005448e+02
5.198293785310734165e+02
5.198485875706214756e+02
5.199457627118644041e+02
5.201220338983050624e+02
5.203796610169491714e+02
5.207254237288136665e+02
5.211355932203389330e+02
5.216158192090397279e+02
5.221807909604519864e+02
5.227604519774012033e+02
5.233627118644069469e+02
5.239480225988701250e+02
5.244293785310735529e+02
5.248022598870057891e+02
5.250632768361583658e+02
5.252067796610169808e+02
5.252225988700565722e+02
5.250960451977401817e+02
5.248881355932203405e+02
5.248418079096045403e+02
5.250000000000000000e+02
5.253785310734464247e+02
5.259807909604520546e+02
5.268225988700565949e+02
5.277310734463278550e+02
5.286813559322033598e+02
5.296180790960452214e+02
5.305084745762712828e+02
5.313378531073446993e+02
5.320463276836159139e+02
5.326271186440677639e+02
5.330892655367232464e+02
5.334045197740114190e+02
5.335728813559322816e+02
5.336158192090396142e+02
5.335581920903955506e+02
5.334033898305085586e+02
5.331502824858757776e+02
5.328248587570622021e+02
5.324169491525424291e+02
5.319514124293785926e+02
5.314384180790962091e+02
5.308677966101695347e+02
5.302644067796611580e+02
5.296350282485876733e+02
5.289819209039549150e+02
5.283039548022599092e+02
5.276700564971752101e+02
5.272418079096046313e+02
5.270248587570622476e+02
5.270327683615819296e+02
5.272903954802260387e+02
5.278180790960452669e+02
5.283536723163842908e+02
5.288519774011299432e+02
5.292429378531073780e+02
5.295288135593220886e+02
5.296937853107344836e+02
5.297107344632769355e+02
5.295943502824859479e+02
5.293163841807909193e+02
5.288949152542372758e+02
5.283129943502824517e+02
5.276124293785311465e+02
5.268045197740113963e+02
5.259209039548022702e+02
5.249954802259887856e+02
5.240327683615819296e+02
5.230983050847457889e+02
5.221762711864407720e+02
5.213084745762712373e+02
5.204757062146893531e+02
5.196847457627119411e+02
5.189954802259887856e+02
5.184655367231639502e+02
5.180790960451978435e+02
5.178327683615819979e+02
5.176802259887006130e+02
5.176293785310735984e+02
5.176497175141244043e+02
5.177322033898306017e+02
5.178723163841808628e+02
5.180553672316385700e+02
5.180734463276837687e+02
5.179220338983052443e+02
5.176112994350283998e+02
5.172813559322034962e+02
5.169367231638418616e+02
5.166305084745763452e+02
5.163661016949154146e+02
5.161310734463278322e+02
5.159310734463277868e+02
5.158033898305085359e+02
5.157242937853108060e+02
5.157186440677967312e+02
5.158000000000000682e+02
5.159570621468927811e+02
5.162022598870057664e+02
5.165412429378532124e+02
5.169706214689265380e+02
5.174700564971751646e+02
5.180508474576272420e+02
5.187005649717514189e+02
5.194000000000000909e+02
5.201096045197740523e+02
5.207344632768362089e+02
5.212587570621469695e+02
5.216858757062148015e+02
5.219909604519774575e+02
5.221740112994350511e+02
5.222079096045198412e+02
5.221062146892655846e+02
5.218779661016949376e+02
5.215988700564971623e+02
5.215107344632770037e+02
5.216282485875706243e+02
5.219604519774011351e+02
5.225435028248587059e+02
5.233683615819209081e+02
5.243977401129943701e+02
5.254350282485875141e+02
5.264519774011299660e+02
5.274305084745762997e+02
5.283220338983051079e+02
5.291175141242938480e+02
5.297785310734464019e+02
5.303050847457627697e+02
5.307073446327684678e+02
5.309774011299437007e+02
5.311468926553673100e+02
5.312112994350283088e+02
5.311988700564972987e+02
5.310949152542373213e+02
5.309276836158193191e+02
5.306723163841809310e+02
5.303785310734464247e+02
5.300395480225989786e+02
5.296632768361582748e+02
5.292689265536723724e+02
5.288474576271187289e+02
5.284180790960452896e+02
5.279807909604521683e+02
5.275355932203390239e+02
5.270881355932203860e+02
5.267728813559323271e+02
5.266621468926555281e+02
5.268101694915255848e+02
5.271265536723165042e+02
5.273819209039548923e+02
5.275694915254238140e+02
5.276677966101694892e+02
5.276293785310735984e+02
5.274451977401130307e+02
5.271344632768361862e+02
5.266734463276836777e+02
5.260463276836159139e+02
5.252790960451978890e+02
5.243638418079096937e+02
5.233299435028250173e+02
5.221943502824859706e+02
5.209841807909605222e+02
5.197502824858758004e+02
5.185073446327685360e+02
5.172903954802260387e+02
5.162112994350284225e+02
5.152960451977401135e+02
5.145615819209040183e+02
5.139717514124295121e+02
5.135435028248588196e+02
5.132655367231639048e+02
5.130949152542373213e+02
5.130418079096045858e+02
5.130655367231639730e+02
5.131593220338984338e+02
5.133039548022600229e+02
5.134994350282486266e+02
5.137661016949152781e+02
5.140564971751412031e+02
5.142700564971752328e+02
5.142949152542373668e+02
5.141288135593221114e+02
5.137774011299435415e+02
5.134463276836158911e+02
5.131322033898305790e+02
5.128655367231639275e+02
5.126406779661017481e+02
5.124711864406780251e+02
5.123661016949153009e+02
5.123197740112995007e+02
5.123762711864408175e+02
5.125242937853108742e+02
5.127389830508475370e+02
5.130485875706215211e+02
5.134395480225989559e+02
5.139242937853108515e+02
5.144847457627120093e+02
5.151220338983050624e+02
5.158203389830509877e+02
5.165016949152543475e+02
5.171005649717515098e+02
5.176045197740113508e+02
5.180067796610169353e+02
5.183186440677966402e+02
5.185028248587570943e+02
5.185920903954803407e+02
5.185401129943504657e+02
5.183875706214689671e+02
5.180621468926553916e+02
5.178395480225989331e+02
5.178361581920905792e+02
5.180542372881357096e+02
5.184937853107346655e+02
5.191774011299436324e+02
5.201062146892656983e+02
5.211005649717515098e+02
5.220892655367232464e+02
5.230508474576272420e+02
5.239389830508475825e+02
5.247107344632769355e+02
5.253706214689266289e+02
5.258881355932204542e+02
5.262802259887006358e+02
5.265344632768362771e+02
5.266734463276836777e+02
5.266858757062148015e+02
5.266067796610170717e+02
5.264316384180791601e+02
5.261796610169492396e+02
5.258644067796611807e+02
5.254813559322035417e+02
5.250508474576271283e+02
5.245706214689266744e+02
5.240553672316384564e+02
5.235129943502824972e+02
5.229581920903955279e+02
5.223785310734464247e+02
5.217898305084745516e+02
5.212022598870057664e+02
5.207954802259887401e+02
5.206112994350282861e+02
5.206700564971752101e+02
5.209909604519774575e+02
5.214451977401129170e+02
5.218293785310734165e+02
5.221468926553673100e+02
5.223559322033897843e+02
5.224338983050847673e+02
5.223785310734463110e+02
5.221830508474577073e+02
5.218135593220340525e+02
5.213028248587571625e+02
5.206621468926555281e+02
5.198790960451977980e+02
5.189966101694915324e+02
5.180485875706215211e+02
5.170418079096045858e+02
5.160180790960451986e+02
5.149932203389830647e+02
5.140022598870057209e+02
5.130395480225988649e+02
5.121231638418079228e+02
5.112451977401130989e+02
5.105186440677966857e+02
5.099706214689265948e+02
5.095299435028248922e+02
5.092237288135593190e+02
5.089977401129943928e+02
5.088564971751412713e+02
5.087683615819209422e+02
5.087491525423728831e+02
5.087796610169492055e+02
5.088779661016949376e+02
5.089898305084745971e+02
5.089209039548023270e+02
5.087276836158192737e+02
5.085299435028248922e+02
5.083209039548022474e+02
5.081322033898305222e+02
5.079683615819209308e+02
5.078598870056497390e+02
5.077932203389831329e+02
5.077661016949152781e+02
5.078135593220339388e+02
5.079322033898305335e+02
5.081288135593221114e+02
5.084022598870056981e+02
5.087706214689266062e+02
5.092124293785311124e+02
5.097378531073446766e+02
5.103378531073446993e+02
5.110169491525424519e+02
5.117661016949153350e+02
5.125570621468926902e+02
5.132723163841808400e+02
5.139186440677966630e+02
5.144474576271186379e+02
5.148779661016949376e+02
5.151977401129943246e+02
5.154067796610170262e+02
5.154824858757062884e+02
5.154463276836158911e+02
5.152824858757062430e+02
5.149751412429378661e+02
5.148101694915254711e+02
5.148338983050848583e+02
5.150971751412429285e+02
5.155977401129944155e+02
5.163344632768362317e+02
5.172576271186441090e+02
5.181887005649718958e+02
5.190983050847457889e+02
5.199378531073446084e+02
5.207039548022598865e+02
5.213536723163842908e+02
5.218790960451976844e+02
5.222802259887005221e+02
5.225355932203390239e+02
5.226621468926554144e+02
5.226745762711864245e+02
5.225762711864406356e+02
5.223819209039547786e+02
5.221197740112994552e+02
5.217502824858756867e+02
5.213310734463277640e+02
5.208564971751411576e+02
5.203265536723164360e+02
5.197559322033898752e+02
5.191548022598869920e+02
5.185265536723163677e+02
5.178836158192090124e+02
5.172372881355931895e+02
5.165943502824859479e+02
5.161468926553673100e+02
5.158723163841807491e+02
5.158429378531072871e+02
5.160553672316384564e+02
5.165288135593220886e+02
5.170158192090395914e+02
5.174384180790960954e+02
5.177604519774010896e+02
5.179627118644067423e+02
5.180248587570620202e+02
5.179502824858757322e+02
5.177186440677966175e+02
5.173446327683616346e+02
5.167999999999999545e+02
5.161073446327683314e+02
5.153039548022599092e+02
5.143819209039547786e+02
5.133841807909604995e+02
5.123548022598870375e+02
5.113197740112993870e+02
5.102757062146892508e+02
5.092598870056497162e+02
5.082937853107344495e+02
5.074892655367231669e+02
5.068644067796610670e+02
5.063898305084745743e+02
5.060926553672316572e+02
5.059073446327683996e+02
5.058418079096045403e+02
5.058632768361582066e+02
5.059683615819209308e+02
5.061254237288135300e+02
5.063525423728813735e+02
5.066305084745762315e+02
5.069661016949152099e+02
5.071548022598869920e+02
5.071864406779661181e+02
5.070112994350282634e+02
5.066192090395480250e+02
5.062192090395480477e+02
5.058587570621469354e+02
5.055254237288136210e+02
5.052372881355932464e+02
5.050158192090395346e+02
5.048497175141243360e+02
5.047536723163842112e+02
5.047457627118644155e+02
5.048203389830508740e+02
5.049864406779661294e+02
5.052497175141243133e+02
5.055977401129944155e+02
5.060429378531073894e+02
5.065774011299434960e+02
5.071920903954802498e+02
5.078644067796610670e+02
5.084858757062146992e+02
5.090225988700565267e+02
5.094723163841808287e+02
5.098361581920904086e+02
5.100768361581921226e+02
5.102158192090396369e+02
5.102418079096045744e+02
5.101401129943503179e+02
5.099175141242938025e+02
5.095638418079096255e+02
5.092146892655367196e+02
5.090451977401130534e+02
5.090813559322034507e+02
5.093412429378531669e+02
5.098338983050847446e+02
5.105457627118644268e+02
5.115084745762711691e+02
5.125378531073447448e+02
5.135389830508474915e+02
5.144644067796609761e+02
5.152960451977401135e+02
5.160045197740114418e+02
5.165841807909604313e+02
5.170158192090395914e+02
5.173209039548023611e+02
5.175265536723163677e+02
5.175988700564971623e+02
5.175672316384182068e+02
5.174282485875705788e+02
5.172305084745762542e+02
5.169344632768361407e+02
5.165807909604519637e+02
5.161751412429379116e+02
5.157152542372882635e+02
5.152079096045198412e+02
5.146734463276836777e+02
5.141062146892656983e+02
5.135197740112994325e+02
5.129118644067797277e+02
5.123254237288135755e+02
5.119367231638418616e+02
5.117502824858756867e+02
5.117830508474576163e+02
5.120508474576271283e+02
5.125446327683616801e+02
5.129909604519774575e+02
5.133581920903955051e+02
5.136237288135594099e+02
5.137694915254237458e+02
5.137807909604520091e+02
5.136531073446328719e+02
5.133785310734463110e+02
5.129401129943503292e+02
5.123638418079095800e+02
5.116463276836158229e+02
5.108271186440678662e+02
5.099039548022599320e+02
5.089299435028248695e+02
5.079355932203390012e+02
5.069401129943503292e+02
5.059604519774011351e+02
5.049887005649717935e+02
5.041762711864407152e+02
5.035073446327684223e+02
5.030316384180791260e+02
5.026971751412429512e+02
5.025175141242938253e+02
5.024508474576272192e+02
5.024790960451978208e+02
5.026011299435028832e+02
5.027830508474577300e+02
5.030395480225988649e+02
5.033423728813560274e+02
5.036903954802260159e+02
5.039401129943503292e+02
5.040237288135593872e+02
5.038949152542373326e+02
5.035762711864407493e+02
5.031355932203390466e+02
5.027242937853108060e+02
5.023310734463277640e+02
5.019796610169491942e+02
5.016824858757062202e+02
5.014474576271186379e+02
5.013016949152543020e+02
5.012350282485875823e+02
5.012497175141243133e+02
5.013536723163841771e+02
5.015514124293786153e+02
5.018440677966101475e+02
5.022338983050847787e+02
5.027197740112994779e+02
5.032813559322033825e+02
5.039231638418079342e+02
5.046293785310734847e+02
5.052711864406779796e+02
5.058192090395480705e+02
5.062734463276836436e+02
5.066259887005650171e+02
5.068802259887006016e+02
5.070192090395480591e+02
5.070508474576271283e+02
5.069491525423729286e+02
5.067197740112994779e+02
5.063536723163841771e+02
5.060372881355932577e+02
5.059084745762712600e+02
5.059819209039548582e+02
5.062881355932203746e+02
5.068112994350282179e+02
5.075887005649717594e+02
5.085966101694915551e+02
5.095694915254237571e+02
5.105062146892655619e+02
5.113536723163841771e+02
5.120881355932203860e+02
5.126926553672317368e+02
5.131649717514123950e+02
5.134994350282486266e+02
5.137005649717514189e+02
5.137966101694914869e+02
5.137672316384181386e+02
5.136519774011300115e+02
5.134474576271186379e+02
5.131570621468927129e+02
5.127887005649718049e+02
5.123672316384180476e+02
5.118892655367232010e+02
5.113435028248587741e+02
5.107661016949152781e+02
5.101672316384181158e+02
5.095435028248588196e+02
5.088971751412429967e+02
5.083129943502825085e+02
5.079084745762712600e+02
5.077152542372882067e+02
5.077073446327684678e+02
5.079401129943503292e+02
5.084237288135593644e+02
5.089649717514124632e+02
5.094372881355932350e+02
5.098282485875706698e+02
5.101073446327684451e+02
5.102474576271186493e+02
5.102666666666667084e+02
5.101299435028248581e+02
5.098519774011299432e+02
5.094169491525424291e+02
5.088350282485876050e+02
5.081276836158192509e+02
5.073028248587571056e+02
5.064101694915254939e+02
5.054677966101695006e+02
5.045163841807909648e+02
5.035514124293785585e+02
5.026090395480225652e+02
5.017028248587570829e+02
5.008802259887006016e+02
5.002327683615819751e+02
4.997435028248588083e+02
4.994225988700565040e+02
4.992350282485875823e+02
4.991638418079096482e+02
4.992112994350283088e+02
4.993197740112995007e+02
4.995220338983050965e+02
4.998045197740113395e+02
5.001423728813559819e+02
5.004870056497175028e+02
5.006745762711864813e+02
5.006949152542372872e+02
5.005299435028249491e+02
5.001548022598869920e+02
4.996542372881356187e+02
4.991525423728813848e+02
4.986723163841808173e+02
4.982271186440677866e+02
4.978384180790960727e+02
4.975118644067796367e+02
4.972440677966101816e+02
4.970327683615819296e+02
4.969220338983051306e+02
4.968892655367232010e+02
4.969355932203390012e+02
4.970768361581921226e+02
4.972994350282485811e+02
4.976090395480226221e+02
4.980067796610169353e+02
4.984802259887006244e+02
4.989920903954802043e+02
4.995050847457627015e+02
4.999423728813559364e+02
5.002542372881355845e+02
5.004858757062146992e+02
5.005887005649717594e+02
5.005954802259887515e+02
5.004666666666666970e+02
5.002192090395481046e+02
4.998858757062147333e+02
4.996870056497175483e+02
4.996587570621469467e+02
4.998248587570622021e+02
5.001841807909604540e+02
5.007717514124294098e+02
5.015728813559321679e+02
5.026045197740112940e+02
5.036666666666666288e+02
5.046983050847458117e+02
5.056644067796610216e+02
5.065333333333334167e+02
5.072858757062147106e+02
5.079005649717514643e+02
5.083920903954802952e+02
5.087457627118644723e+02
5.089751412429378661e+02
5.090937853107344608e+02
5.091005649717513961e+02
5.089977401129943928e+02
5.088214689265536776e+02
5.085435028248588196e+02
5.082146892655367765e+02
5.078248587570622021e+02
5.073728813559322361e+02
5.068711864406780023e+02
5.063389830508475029e+02
5.057785310734464019e+02
5.051717514124294439e+02
5.045491525423728945e+02
5.040463276836158570e+02
5.037152542372881499e+02
5.035864406779661522e+02
5.036689265536722928e+02
5.039966101694915324e+02
5.045740112994350284e+02
5.051107344632768559e+02
5.055661016949152327e+02
5.059389830508474688e+02
5.062135593220339160e+02
5.063661016949153009e+02
5.063932203389831557e+02
5.062564971751412486e+02
5.059830508474576618e+02
5.055683615819209535e+02
5.050135593220339842e+02
5.043559322033898979e+02
5.036237288135594099e+02
5.028293785310734734e+02
5.020124293785310670e+02
5.011819209039548468e+02
5.003593220338983087e+02
4.995683615819209535e+02
4.987966101694914869e+02
4.981514124293785244e+02
4.976734463276836777e+02
4.973627118644068332e+02
4.972112994350281951e+02
4.971830508474576504e+02
4.972519774011299205e+02
4.974090395480225766e+02
4.976553672316384223e+02
4.979807909604519409e+02
4.983536723163841771e+02
4.986158192090395005e+02
4.987559322033898752e+02
4.987412429378530874e+02
4.985536723163842225e+02
4.981762711864406583e+02
4.975954802259886947e+02
4.970338983050847332e+02
4.964983050847457662e+02
4.960101694915254598e+02
4.955604519774011010e+02
4.951762711864406583e+02
4.948508474576271396e+02
4.946090395480226221e+02
4.944429378531074235e+02
4.943672316384181045e+02
4.943920903954802952e+02
4.945141242937853008e+02
4.947299435028248809e+02
4.950474576271186606e+02
4.954598870056497049e+02
4.959593220338983883e+02
4.965344632768361635e+02
4.970836158192090579e+02
4.975423728813559592e+02
4.978903954802260614e+02
4.981446327683615891e+02
4.982779661016949149e+02
4.983005649717514416e+02
4.982056497175141772e+02
4.979728813559322589e+02
4.976067796610169580e+02
4.971163841807909876e+02
4.967751412429378775e+02
4.966090395480226221e+02
4.966180790960452214e+02
4.968451977401130080e+02
4.972802259887005789e+02
4.979288135593220659e+02
4.988135593220339388e+02
4.998971751412429967e+02
5.009853107344632690e+02
5.019943502824859252e+02
5.028824858757062088e+02
5.036564971751412259e+02
5.043107344632768445e+02
5.048384180790960727e+02
5.052327683615819751e+02
5.055107344632768331e+02
5.056836158192090238e+02
5.057423728813558910e+02
5.057050847457627469e+02
5.055932203389830306e+02
5.054067796610169125e+02
5.051536723163841316e+02
5.048282485875706698e+02
5.044666666666666970e+02
5.040644067796609988e+02
5.036203389830508286e+02
5.031423728813559819e+02
5.026621468926554144e+02
5.023096045197740978e+02
5.021378531073446538e+02
5.021231638418079228e+02
5.023299435028249036e+02
5.027717514124293530e+02
5.032632768361581839e+02
5.037186440677966175e+02
5.041152542372881271e+02
5.044361581920903745e+02
5.046621468926553575e+02
5.047807909604520091e+02
5.047581920903954824e+02
5.046135593220338933e+02
5.043265536723163791e+02
5.038926553672316686e+02
5.033209039548022474e+02
5.026237288135593531e+02
5.018338983050847446e+02
5.009672316384180704e+02
5.000666666666666629e+02
4.991548022598869920e+02
4.982237288135593190e+02
4.973254237288135755e+02
4.964542372881355732e+02
4.956056497175140976e+02
4.948734463276836095e+02
4.943186440677965834e+02
4.939175141242938025e+02
4.936677966101694892e+02
4.935435028248587628e+02
4.935197740112994325e+02
4.935954802259886947e+02
4.937480225988700226e+02
4.940011299435028036e+02
4.943073446327683200e+02
4.946429378531072985e+02
4.948090395480225538e+02
4.948225988700564812e+02
4.946564971751412259e+02
4.942768361581920544e+02
4.937322033898304880e+02
4.932203389830508513e+02
4.927084745762711577e+02
4.922372881355931895e+02
4.917943502824858228e+02
4.913988700564971168e+02
4.910711864406779341e+02
4.908079096045197502e+02
4.906090395480225652e+02
4.905016949152541770e+02
4.904757062146892395e+02
4.905344632768361066e+02
4.906655367231638252e+02
4.908870056497174801e+02
4.911751412429377979e+02
4.915536723163841657e+02
4.919694915254236776e+02
4.924271186440677752e+02
4.928135593220338819e+02
4.930858757062146651e+02
4.932824858757062430e+02
4.933593220338982519e+02
4.933050847457626560e+02
4.931502824858756640e+02
4.928790960451977412e+02
4.926124293785310329e+02
4.924915254237288309e+02
4.925322033898304994e+02
4.927570621468926220e+02
4.931841807909604540e+02
4.938463276836157547e+02
4.947435028248587514e+02
4.958429378531072871e+02
4.970067796610169353e+02
4.981389830508474574e+02
4.991909604519773893e+02
5.001627118644067878e+02
5.010305084745762088e+02
5.017683615819208853e+02
5.023853107344632463e+02
5.028655367231638138e+02
5.032225988700565154e+02
5.034621468926553689e+02
5.036112994350282861e+02
5.036564971751412259e+02
5.036112994350282293e+02
5.034870056497175028e+02
5.032836158192090465e+02
5.030214689265536663e+02
5.027107344632768218e+02
5.023491525423728490e+02
5.019344632768361407e+02
5.014892655367232237e+02
5.010124293785311238e+02
5.005084745762711691e+02
5.000056497175141317e+02
4.996870056497175483e+02
4.995649717514124859e+02
4.996836158192090807e+02
5.000531073446327923e+02
5.005627118644067650e+02
5.010225988700565267e+02
5.014169491525423723e+02
5.017333333333333485e+02
5.019548022598870034e+02
5.020644067796609988e+02
5.020485875706215211e+02
5.018994350282486039e+02
5.016033898305084904e+02
5.011728813559322475e+02
5.006158192090395573e+02
4.999548022598870602e+02
4.992225988700565722e+02
4.984372881355932350e+02
4.976203389830508854e+02
4.968079096045198071e+02
4.960056497175141317e+02
4.952395480225989104e+02
4.945163841807910217e+02
4.938192090395480705e+02
4.931525423728813848e+02
4.925265536723164814e+02
4.920542372881356528e+02
4.917175141242938707e+02
4.914779661016949603e+02
4.913514124293785699e+02
4.913152542372882294e+02
4.913581920903955051e+02
4.914858757062147561e+02
4.916892655367232692e+02
4.917661016949152781e+02
4.916926553672317368e+02
4.914316384180791601e+02
4.910497175141243815e+02
4.906644067796611353e+02
4.902587570621469695e+02
4.898745762711865268e+02
4.895039548022599547e+02
4.891785310734463792e+02
4.888994350282486039e+02
4.886553672316384791e+02
4.884824858757062884e+02
4.883536723163842339e+02
4.883186440677966402e+02
4.883525423728814303e+02
4.884711864406780251e+02
4.886824858757063339e+02
4.889706214689266517e+02
4.893457627118644382e+02
4.897830508474576732e+02
4.902892655367232351e+02
4.908305084745763338e+02
4.914384180790960954e+02
4.919796610169491942e+02
4.924169491525424291e+02
4.927423728813560047e+02
4.929367231638418616e+02
4.930248587570621339e+02
4.929728813559322589e+02
4.927774011299435415e+02
4.924542372881356300e+02
4.922497175141243133e+02
4.921954802259887742e+02
4.923333333333333712e+02
4.926677966101694892e+02
4.932271186440677866e+02
4.939988700564971964e+02
4.950000000000000000e+02
4.960350282485875937e+02
4.970101694915254029e+02
4.979412429378531897e+02
4.987627118644068105e+02
4.994655367231638365e+02
5.000666666666667197e+02
5.005322033898305563e+02
5.008813559322034052e+02
5.011152542372881840e+02
5.012406779661017708e+02
5.012745762711864472e+02
5.012180790960452441e+02
5.010790960451977867e+02
5.008531073446328037e+02
5.005830508474576845e+02
5.002418079096045744e+02
4.998418079096045403e+02
4.994000000000000909e+02
4.989118644067797277e+02
4.984000000000000909e+02
4.978621468926554599e+02
4.974632768361582293e+02
4.972158192090396369e+02
4.971502824858757776e+02
4.972960451977401135e+02
4.976700564971752101e+02
4.982395480225989104e+02
4.987672316384181386e+02
4.992384180790960500e+02
4.996395480225989445e+02
4.999491525423729286e+02
5.001514124293785244e+02
5.002338983050847787e+02
5.001864406779661181e+02
4.999819209039548582e+02
4.996429378531074121e+02
4.991627118644067878e+02
4.985830508474576845e+02
4.979016949152542679e+02
4.971299435028248581e+02
4.963242937853107719e+02
4.955005649717514302e+02
4.946802259887006130e+02
4.938666666666666742e+02
4.930757062146892622e+02
4.923355932203389784e+02
4.916214689265536890e+02
4.910531073446327923e+02
4.906655367231638820e+02
4.904237288135593644e+02
4.903141242937853121e+02
4.903355932203389784e+02
4.904655367231638365e+02
4.906802259887006130e+02
4.909932203389831216e+02
4.913412429378531669e+02
4.915694915254238140e+02
4.916632768361582748e+02
4.916045197740113508e+02
4.913491525423729627e+02
4.909050847457627924e+02
4.902372881355933032e+02
4.895412429378532124e+02
4.888632768361582066e+02
4.882169491525423837e+02
4.875887005649717594e+02
4.870112994350282634e+02
4.864836158192090920e+02
4.860112994350282634e+02
4.856124293785311465e+02
4.852971751412429740e+02
4.850576271186440636e+02
4.849050847457626787e+02
4.848406779661016799e+02
4.848655367231638706e+02
4.849751412429378661e+02
4.851242937853107264e+02
4.853638418079095800e+02
4.856451977401130193e+02
4.859638418079096027e+02
4.863005649717514416e+02
4.866259887005649603e+02
4.868248587570621453e+02
4.869107344632768672e+02
4.868711864406780023e+02
4.866971751412429512e+02
4.865107344632768900e+02
4.864587570621469581e+02
4.865480225988700909e+02
4.868158192090396028e+02
4.872757062146893077e+02
4.879412429378531897e+02
4.888192090395480705e+02
4.898949152542373326e+02
4.909796610169491942e+02
4.920790960451977867e+02
4.931016949152542566e+02
4.940305084745762656e+02
4.948723163841808059e+02
4.956011299435028832e+02
4.962124293785311124e+02
4.967062146892655505e+02
4.970790960451978435e+02
4.973401129943503065e+02
4.975118644067797504e+02
4.975966101694915551e+02
4.975966101694915551e+02
4.975129943502825540e+02
4.973751412429379002e+02
4.971796610169492396e+02
4.969220338983051306e+02
4.966169491525423609e+02
4.962870056497175142e+02
4.959231638418078774e+02
4.955288135593220886e+02
4.951005649717513961e+02
4.946610169491525539e+02
4.942418079096045176e+02
4.940259887005649944e+02
4.940361581920903973e+02
4.942644067796610443e+02
4.946644067796610216e+02
4.950282485875706016e+02
4.953186440677966402e+02
4.955559322033898297e+02
4.956847457627118843e+02
4.956915254237288764e+02
4.955785310734463565e+02
4.953288135593220431e+02
4.949412429378531328e+02
4.944067796610170262e+02
4.937604519774012033e+02
4.929920903954802043e+02
4.921514124293785244e+02
4.912440677966101816e+02
4.903039548022599092e+02
4.893514124293785699e+02
4.884056497175141658e+02
4.875028248587570374e+02
4.866203389830508286e+02
4.857683615819208853e+02
4.849977401129943928e+02
4.844033898305085586e+02
4.839344632768361976e+02
4.835807909604519637e+02
4.833435028248587741e+02
4.831728813559321907e+02
4.831039548022599206e+02
4.830937853107344608e+02
4.831548022598869920e+02
4.832915254237287854e+02
4.834870056497175028e+02
4.836067796610169580e+02
4.835785310734462996e+02
4.833412429378530533e+02
4.830587570621468103e+02
4.827740112994350170e+02
4.825096045197740295e+02
4.822542372881355845e+02
4.820418079096044721e+02
4.818926553672316118e+02
4.817785310734462882e+02
4.817367231638418161e+02
4.817593220338983429e+02
4.818485875706214756e+02
4.820327683615819296e+02
4.822960451977401135e+02
4.826406779661016913e+02
4.830836158192090579e+02
4.835966101694915551e+02
4.841875706214689217e+02
4.848271186440678093e+02
4.854124293785311011e+02
4.859016949152542679e+02
4.862824858757062430e+02
4.865864406779660953e+02
4.867785310734463451e+02
4.868689265536723383e+02
4.868429378531074008e+02
4.866847457627118274e+02
4.863875706214689671e+02
4.859694915254237344e+02
4.856361581920904200e+02
4.854711864406779682e+02
4.854971751412429626e+02
4.857412429378531442e+02
4.862022598870056527e+02
4.869129943502824744e+02
4.878384180790960727e+02
4.889525423728813394e+02
4.900203389830508627e+02
4.910338983050847332e+02
4.919412429378530760e+02
4.927502824858757435e+02
4.934451977401129739e+02
4.940056497175141317e+02
4.944711864406780251e+02
4.947853107344632804e+02
4.950011299435028604e+02
4.951480225988700568e+02
4.952033898305085131e+02
4.951604519774011806e+02
4.950531073446328492e+02
4.948745762711864700e+02
4.946225988700565495e+02
4.943322033898305676e+02
4.939909604519774575e+02
4.936090395480226221e+02
4.931875706214689217e+02
4.927446327683616119e+02
4.922711864406779796e+02
4.918350282485876050e+02
4.915649717514124859e+02
4.915084745762712259e+02
4.916677966101695461e+02
4.920881355932203860e+02
4.925435028248587628e+02
4.929457627118644609e+02
4.932757062146893077e+02
4.935389830508474915e+02
4.936892655367231555e+02
4.937276836158192168e+02
4.936485875706214870e+02
4.934259887005649716e+02
4.930542372881355959e+02
4.925559322033898297e+02
4.919514124293785926e+02
4.912350282485876392e+02
4.904610169491525653e+02
4.896282485875706243e+02
4.887762711864406810e+02
4.879367231638418616e+02
4.871186440677966516e+02
4.863197740112994438e+02
4.855514124293785585e+02
4.848056497175141430e+02
4.841096045197740523e+02
4.835774011299434960e+02
4.831819209039548468e+02
4.829016949152542111e+02
4.827333333333333485e+02
4.826587570621469467e+02
4.826757062146892849e+02
4.827819209039548696e+02
4.829627118644067991e+02
4.832237288135593190e+02
4.833570621468926447e+02
4.833367231638418389e+02
4.831367231638418502e+02
4.827310734463276845e+02
4.822903954802260387e+02
4.818587570621469354e+02
4.814203389830508968e+02
4.810124293785311238e+02
4.806214689265536890e+02
4.802790960451977753e+02
4.799694915254237344e+02
4.797412429378530874e+02
4.795694915254237003e+02
4.794564971751411804e+02
4.794338983050847673e+02
4.794847457627118388e+02
4.796033898305084904e+02
4.798045197740112826e+02
4.800779661016948694e+02
4.804225988700565040e+02
4.808203389830508740e+02
4.812519774011299205e+02
4.817333333333332916e+02
4.822361581920903859e+02
4.826474576271186265e+02
4.829367231638417479e+02
4.831355932203389330e+02
4.832067796610169808e+02
4.831638418079096482e+02
4.829932203389830647e+02
4.828124293785310783e+02
4.827661016949152781e+02
4.829084745762712032e+02
4.832237288135593190e+02
4.837536723163842112e+02
4.844994350282486266e+02
4.854011299435028377e+02
4.863141242937853121e+02
4.872293785310734506e+02
4.880813559322033939e+02
4.888677966101695347e+02
4.895446327683616232e+02
4.900994350282486494e+02
4.905367231638418275e+02
4.908644067796610670e+02
4.910734463276836550e+02
4.911717514124293871e+02
4.911672316384181158e+02
4.910677966101695233e+02
4.908824858757062657e+02
4.906248587570621567e+02
4.902937853107345063e+02
4.899107344632768672e+02
4.894576271186440977e+02
4.889717514124293984e+02
4.884271186440678321e+02
4.878576271186441318e+02
4.872610169491525767e+02
4.866508474576271510e+02
4.861446327683615891e+02
4.858135593220339388e+02
4.856734463276836777e+02
4.857322033898305449e+02
4.860372881355932577e+02
4.865932203389830875e+02
4.871491525423729172e+02
4.876587570621469467e+02
4.880870056497176392e+02
4.884225988700565040e+02
4.886440677966102157e+02
4.887299435028248809e+02
4.886903954802260728e+02
4.885175141242938253e+02
4.882067796610169808e+02
4.877401129943502838e+02
4.871830508474576504e+02
4.865220338983051533e+02
4.857887005649718049e+02
4.850305084745763224e+02
4.842621468926554371e+02
4.835016949152542907e+02
4.827649717514125314e+02
4.820519774011299887e+02
4.813468926553672986e+02
4.806745762711865382e+02
4.801717514124294439e+02
4.798079096045198639e+02
4.795740112994351421e+02
4.794666666666666970e+02
4.794757062146892963e+02
4.795830508474576845e+02
4.797615819209040069e+02
4.800237288135593872e+02
4.803559322033898979e+02
4.805875706214690126e+02
4.806836158192090807e+02
4.806079096045198185e+02
4.803423728813559705e+02
4.798813559322034621e+02
4.793333333333333712e+02
4.787740112994350739e+02
4.782327683615819751e+02
4.777254237288136665e+02
4.772677966101695688e+02
4.768519774011300569e+02
4.765062146892656187e+02
4.762259887005650398e+02
4.760316384180792397e+02
4.759276836158193191e+02
4.758926553672317254e+02
4.759604519774011919e+02
4.761209039548023156e+02
4.763807909604520319e+02
4.767118644067796822e+02
4.771062146892655846e+02
4.775694915254238140e+02
4.780734463276836550e+02
4.784813559322034280e+02
4.787774011299435415e+02
4.789966101694916460e+02
4.790926553672317141e+02
4.790824858757063112e+02
4.789299435028249263e+02
4.786440677966102157e+02
4.782316384180791715e+02
4.779468926553673214e+02
4.777988700564972646e+02
4.778259887005650626e+02
4.780508474576271283e+02
4.784971751412429057e+02
4.791367231638418502e+02
4.800033898305084676e+02
4.810937853107345177e+02
4.821638418079096482e+02
4.831661016949152554e+02
4.840745762711864586e+02
4.848915254237288082e+02
4.855853107344632917e+02
4.861480225988700568e+02
4.866067796610169580e+02
4.869502824858757322e+02
4.871796610169491828e+02
4.872983050847457775e+02
4.873333333333333712e+02
4.872858757062147106e+02
4.871604519774011237e+02
4.869683615819209308e+02
4.867265536723164132e+02
4.864305084745762997e+02
4.860790960451977298e+02
4.856768361581920885e+02
4.852293785310734506e+02
4.847559322033898752e+02
4.842768361581921681e+02
4.838485875706214756e+02
4.835853107344632917e+02
4.835096045197740295e+02
4.836485875706214870e+02
4.840169491525424519e+02
4.845050847457627583e+02
4.849548022598870602e+02
4.853389830508474461e+02
4.856429378531073553e+02
4.858485875706214756e+02
4.859480225988700113e+02
4.859028248587570715e+02
4.857242937853106923e+02
4.854033898305084449e+02
4.849480225988700113e+02
4.843683615819209081e+02
4.836903954802259591e+02
4.829254237288135982e+02
4.821242937853107264e+02
4.812858757062147106e+02
4.804180790960452327e+02
4.795785310734462996e+02
4.787525423728814076e+02
4.779548022598870034e+02
4.772632768361581839e+02
4.767615819209039500e+02
4.764237288135593644e+02
4.762192090395480477e+02
4.761367231638417934e+02
4.761615819209039273e+02
4.762790960451977753e+02
4.764768361581920999e+02
4.767751412429379343e+02
4.771548022598870489e+02
4.775683615819209535e+02
4.778463276836158684e+02
4.779728813559322020e+02
4.779423728813559933e+02
4.777073446327683541e+02
4.772677966101695120e+02
4.766790960451977526e+02
4.760949152542373213e+02
4.755570621468926902e+02
4.750564971751413168e+02
4.746079096045197616e+02
4.742124293785310556e+02
4.738915254237288082e+02
4.736316384180790919e+02
4.734666666666666970e+02
4.733920903954802384e+02
4.734079096045197730e+02
4.735276836158192282e+02
4.737333333333332916e+02
4.740259887005649944e+02
4.743887005649717707e+02
4.748135593220338251e+02
4.753073446327683769e+02
4.757457627118644155e+02
4.760994350282485357e+02
4.763355932203389784e+02
4.764824858757061747e+02
4.765039548022598410e+02
4.764203389830508968e+02
4.762112994350282520e+02
4.758666666666666742e+02
4.754983050847457662e+02
4.752542372881355845e+02
4.751864406779660612e+02
4.753062146892655164e+02
4.756158192090395573e+02
4.761310734463277186e+02
4.768858757062147333e+02
4.778361581920903518e+02
4.789141242937853349e+02
4.799446327683616005e+02
4.809039548022598751e+02
4.817570621468926220e+02
4.824926553672315777e+02
4.831084745762711918e+02
4.835954802259886947e+02
4.839762711864406697e+02
4.842327683615819183e+02
4.843807909604519182e+02
4.844282485875705788e+02
4.843898305084745743e+02
4.842734463276835868e+02
4.840745762711864018e+02
4.838022598870056754e+02
4.834903954802259705e+02
4.831209039548022588e+02
4.826870056497175483e+02
4.822112994350281951e+02
4.817073446327683541e+02
4.811638418079095914e+02
4.806632768361581611e+02
4.803028248587570488e+02
4.801073446327683314e+02
4.801152542372881271e+02
4.803502824858757094e+02
4.808282485875706698e+02
4.814079096045197730e+02
4.819209039548022702e+02
4.823796610169491714e+02
4.827435028248587514e+02
4.830237288135593872e+02
4.831740112994350511e+02
4.831819209039548468e+02
4.830644067796609988e+02
4.828112994350282179e+02
4.824316384180791033e+02
4.819355932203390012e+02
4.813536723163841771e+02
4.807175141242937570e+02
4.800225988700565267e+02
4.793288135593220431e+02
4.786271186440677639e+02
4.779593220338982746e+02
4.772915254237287854e+02
4.766497175141242906e+02
4.760372881355932577e+02
4.755615819209039614e+02
4.752440677966101816e+02
4.750497175141242678e+02
4.749943502824858683e+02
4.750395480225988649e+02
4.751785310734463224e+02
4.754112994350282406e+02
4.757276836158191600e+02
4.760463276836158002e+02
4.762587570621469126e+02
4.763288135593220431e+02
4.762508474576271169e+02
4.760033898305084676e+02
4.755491525423728945e+02
4.749152542372881953e+02
4.742813559322033825e+02
4.736632768361581611e+02
4.730553672316384564e+02
4.724813559322034280e+02
4.719581920903955279e+02
4.714926553672316913e+02
4.710813559322033939e+02
4.707502824858757435e+02
4.705005649717514871e+02
4.703344632768362317e+02
4.702587570621469126e+02
4.702870056497174573e+02
4.703977401129943701e+02
4.705830508474575709e+02
4.708519774011298864e+02
4.711593220338982633e+02
4.715299435028248354e+02
4.718881355932203405e+02
4.721514124293785244e+02
4.723186440677966402e+02
4.723559322033897843e+02
4.722915254237287854e+02
4.721073446327683314e+02
4.717830508474576163e+02
4.714293785310734393e+02
4.711661016949152554e+02
4.710463276836158002e+02
4.710960451977401249e+02
4.713276836158192395e+02
4.717299435028248809e+02
4.723559322033898979e+02
4.731717514124293871e+02
4.741999999999999886e+02
4.753220338983051079e+02
4.763853107344632463e+02
4.773728813559322361e+02
4.782395480225987967e+02
4.790033898305084676e+02
4.796248587570621567e+02
4.801322033898305222e+02
4.805276836158192282e+02
4.808101694915254143e+02
4.809864406779660726e+02
4.810723163841807946e+02
4.810564971751412031e+02
4.809604519774011351e+02
4.808090395480225538e+02
4.805717514124293643e+02
4.802621468926553234e+02
4.799141242937853349e+02
4.795129943502824972e+02
4.790553672316384564e+02
4.786316384180790919e+02
4.783084745762712373e+02
4.781457627118644496e+02
4.781446327683615891e+02
4.783378531073445856e+02
4.787265536723164132e+02
4.793175141242937798e+02
4.799005649717514643e+02
4.804451977401130307e+02
4.809310734463276731e+02
4.813717514124293757e+02
4.817039548022598865e+02
4.819457627118644041e+02
4.820734463276836550e+02
4.820655367231638593e+02
4.819288135593220090e+02
4.816621468926553575e+02
4.812858757062147106e+02
4.807966101694915437e+02
4.802395480225989104e+02
4.796395480225988877e+02
4.790090395480225993e+02
4.783762711864407038e+02
4.777502824858756867e+02
4.771344632768361862e+02
4.765581920903954938e+02
4.759740112994350625e+02
4.754429378531073098e+02
4.749062146892655392e+02
4.745050847457627015e+02
4.742587570621469126e+02
4.741378531073446538e+02
4.741152542372881271e+02
4.742090395480225880e+02
4.744158192090395687e+02
4.747242937853107492e+02
4.749740112994350056e+02
4.751209039548023156e+02
4.751163841807909876e+02
4.749649717514124632e+02
4.746282485875706243e+02
4.740881355932203292e+02
4.734474576271186947e+02
4.728158192090395460e+02
4.721785310734463792e+02
4.715604519774011578e+02
4.709649717514124632e+02
4.704124293785311011e+02
4.699265536723164587e+02
4.695039548022598979e+02
4.691480225988701136e+02
4.688700564971752556e+02
4.686949152542373440e+02
4.685954802259888083e+02
4.685909604519774803e+02
4.686440677966102726e+02
4.687841807909605336e+02
4.689920903954803180e+02
4.692587570621469126e+02
4.696000000000000227e+02
4.698994350282486039e+02
4.701050847457627242e+02
4.702033898305085131e+02
4.701932203389830534e+02
4.700508474576271283e+02
4.697920903954802725e+02
4.694508474576271624e+02
4.692112994350283088e+02
4.690768361581921795e+02
4.691005649717514530e+02
4.692779661016950286e+02
4.696451977401130762e+02
4.702158192090396369e+02
4.709988700564972532e+02
4.719830508474576618e+02
4.731378531073446538e+02
4.742553672316385018e+02
4.753107344632769582e+02
4.762542372881356414e+02
4.770937853107345177e+02
4.778146892655367992e+02
4.784180790960451759e+02
4.788949152542373326e+02
4.792700564971751760e+02
4.795310734463277527e+02
4.796915254237288764e+02
4.797694915254238026e+02
4.797615819209039500e+02
4.796768361581921454e+02
4.795096045197740295e+02
4.792892655367232351e+02
4.789875706214689899e+02
4.786451977401130193e+02
4.782677966101695120e+02
4.778429378531074008e+02
4.773853107344633031e+02
4.770011299435028604e+02
4.767627118644068105e+02
4.766790960451977526e+02
4.768045197740113395e+02
4.771446327683615891e+02
4.777197740112994779e+02
4.782655367231639048e+02
4.787774011299435415e+02
4.792384180790960500e+02
4.796146892655367537e+02
4.799129943502825313e+02
4.800915254237288536e+02
4.801536723163842453e+02
4.800994350282486494e+02
4.799129943502824744e+02
4.795988700564972191e+02
4.791966101694915210e+02
4.787005649717514189e+02
4.781389830508474574e+02
4.775412429378530987e+02
4.769355932203390012e+02
4.763412429378531669e+02
4.757480225988700795e+02
4.751796610169491828e+02
4.746418079096046085e+02
4.741254237288135869e+02
4.736418079096044949e+02
4.732813559322033825e+02
4.730790960451977298e+02
4.729988700564972532e+02
4.730158192090395914e+02
4.731412429378531215e+02
4.733796610169491714e+02
4.736903954802260159e+02
4.739344632768361976e+02
4.740677966101695802e+02
4.740858757062147220e+02
4.739446327683616573e+02
4.736395480225988877e+02
4.731355932203390466e+02
4.724508474576271624e+02
4.717762711864406810e+02
4.711016949152542566e+02
4.704485875706214983e+02
4.698135593220339388e+02
4.692350282485875823e+02
4.686994350282486153e+02
4.682225988700565154e+02
4.678101694915254711e+02
4.674734463276836323e+02
4.672259887005650398e+02
4.670677966101695233e+02
4.670045197740113281e+02
4.670180790960452555e+02
4.671231638418079228e+02
4.672915254237288423e+02
4.675220338983051533e+02
4.678090395480226107e+02
4.681604519774011806e+02
4.684824858757061747e+02
4.687005649717514757e+02
4.688045197740113395e+02
4.687875706214689444e+02
4.686451977401130762e+02
4.683661016949153009e+02
4.680587570621469240e+02
4.678723163841808628e+02
4.677887005649718049e+02
4.678689265536723951e+02
4.681197740112994552e+02
4.685627118644068219e+02
4.692090395480225880e+02
4.700451977401130534e+02
4.710870056497175256e+02
4.722870056497175710e+02
4.734146892655367651e+02
4.744576271186441545e+02
4.754158192090395687e+02
4.762768361581921113e+02
4.770225988700565267e+02
4.776293785310734847e+02
4.781355932203389898e+02
4.785525423728813621e+02
4.788531073446328037e+02
4.790689265536723269e+02
4.791875706214689785e+02
4.792542372881355845e+02
4.792225988700565154e+02
4.791288135593220545e+02
4.789819209039548582e+02
4.787683615819209422e+02
4.785141242937853576e+02
4.782124293785311693e+02
4.778790960451977412e+02
4.775468926553672873e+02
4.773683615819209081e+02
4.773706214689265721e+02
4.775435028248588196e+02
4.779322033898305335e+02
4.784135593220339047e+02
4.788734463276836095e+02
4.793242937853107719e+02
4.797254237288135528e+02
4.800564971751412600e+02
4.803062146892656301e+02
4.804542372881356300e+02
4.804915254237288309e+02
4.803887005649717707e+02
4.801785310734463792e+02
4.798372881355932691e+02
4.793864406779661635e+02
4.788316384180791374e+02
4.782033898305085131e+02
4.775344632768362203e+02
4.768406779661017367e+02
4.761536723163842453e+02
4.754745762711864927e+02
4.748112994350283316e+02
4.741774011299435756e+02
4.735548022598870830e+02
4.729672316384180704e+02
4.723966101694916233e+02
4.718644067796610670e+02
4.714531073446328833e+02
4.711909604519775030e+02
4.710384180790961182e+02
4.710112994350283202e+02
4.711005649717514530e+02
4.712768361581921681e+02
4.715378531073446311e+02
4.716937853107344836e+02
4.717175141242938707e+02
4.715672316384180931e+02
4.712214689265537118e+02
4.706757062146892849e+02
4.700485875706215211e+02
4.693954802259887629e+02
4.687457627118644723e+02
4.681118644067797163e+02
4.674847457627118956e+02
4.668836158192090693e+02
4.663096045197740978e+02
4.657751412429379343e+02
4.653175141242938935e+02
4.649096045197741205e+02
4.645853107344634054e+02
4.643367231638418957e+02
4.641536723163842453e+02
4.640542372881357096e+02
4.639943502824859252e+02
4.640180790960452555e+02
4.640757062146893190e+02
4.641751412429379116e+02
4.643209039548023611e+02
4.645141242937853576e+02
4.647209039548023384e+02
4.648237288135594554e+02
4.647988700564973215e+02
4.646508474576271510e+02
4.645457627118644837e+02
4.645299435028248922e+02
4.646395480225989445e+02
4.648858757062147333e+02
4.653016949152543589e+02
4.659062146892656529e+02
4.666960451977402045e+02
4.676813559322034735e+02
4.687988700564972078e+02
4.699209039548022702e+02
4.710079096045197957e+02
4.720237288135593872e+02
4.729536723163841998e+02
4.737785310734464019e+02
4.744949152542373554e+02
4.750983050847458458e+02
4.755694915254238140e+02
4.759638418079097164e+02
4.762225988700565722e+02
4.763920903954802952e+02
4.764870056497176165e+02
4.764892655367232237e+02
4.764158192090396824e+02
4.762689265536724292e+02
4.760666666666667766e+02
4.757943502824859934e+02
4.754768361581922136e+02
4.751016949152543134e+02
4.746903954802260728e+02
4.742338983050848356e+02
4.737514124293786040e+02
4.734316384180791601e+02
4.732836158192091034e+02
4.733491525423729627e+02
4.736474576271186834e+02
4.741853107344633145e+02
4.747480225988700795e+02
4.752757062146893077e+02
4.757581920903955393e+02
4.761672316384181158e+02
4.764960451977401590e+02
4.767118644067796822e+02
4.768158192090396028e+02
4.767909604519774120e+02
4.766610169491526108e+02
4.764000000000000909e+02
4.760406779661017822e+02
4.756090395480226789e+02
4.751107344632769127e+02
4.745785310734463565e+02
4.740440677966102498e+02
4.735039548022599547e+02
4.729887005649717366e+02
4.724960451977401021e+02
4.720237288135593303e+02
4.715875706214688989e+02
4.711898305084746426e+02
4.707830508474576732e+02
4.704338983050847673e+02
4.702124293785310556e+02
4.701107344632767990e+02
4.701412429378531215e+02
4.702666666666666515e+02
4.704903954802259705e+02
4.706395480225988877e+02
4.707039548022598865e+02
4.706474576271186834e+02
4.704338983050847673e+02
4.700485875706215211e+02
4.694757062146892395e+02
4.688395480225988763e+02
4.681943502824859138e+02
4.675491525423728945e+02
4.669242937853107378e+02
4.663288135593220431e+02
4.657401129943503406e+02
4.652045197740113736e+02
4.647333333333333485e+02
4.643129943502825085e+02
4.639672316384180704e+02
4.637005649717514189e+02
4.635333333333334167e+02
4.634564971751412941e+02
4.634451977401130307e+02
4.635220338983051533e+02
4.636655367231638252e+02
4.638745762711864700e+02
4.641491525423729172e+02
4.644757062146892395e+02
4.648531073446328037e+02
4.651649717514123950e+02
4.653446327683616346e+02
4.653943502824858456e+02
4.653355932203389784e+02
4.651197740112994552e+02
4.647830508474576163e+02
4.645514124293785585e+02
4.644305084745762997e+02
4.644711864406780251e+02
4.646734463276836777e+02
4.650508474576271851e+02
4.656293785310734847e+02
4.664192090395480932e+02
4.674056497175141658e+02
4.686000000000000227e+02
4.697514124293785471e+02
4.708316384180791374e+02
4.718214689265537345e+02
4.727242937853108060e+02
4.735118644067796936e+02
4.741875706214689217e+02
4.747751412429378775e+02
4.752553672316385018e+02
4.756316384180791488e+02
4.759299435028248126e+02
4.761367231638417934e+02
4.762779661016949149e+02
4.763423728813559137e+02
4.763367231638417820e+02
4.762847457627118501e+02
4.761706214689265835e+02
4.760033898305084676e+02
4.757954802259887401e+02
4.755683615819208967e+02
4.752802259887005789e+02
4.750090395480226562e+02
4.748937853107345290e+02
4.749649717514124632e+02
4.752440677966101816e+02
4.756350282485875596e+02
4.759932203389830647e+02
4.763423728813559137e+02
4.766508474576271510e+02
4.768824858757062657e+02
4.770463276836158002e+02
4.771175141242938480e+02
4.770711864406780478e+02
4.769141242937853349e+02
4.766090395480226789e+02
4.762022598870057095e+02
4.756790960451977526e+02
4.750632768361582521e+02
4.743740112994350397e+02
4.736293785310734847e+02
4.728632768361582066e+02
4.720971751412429853e+02
4.713378531073446425e+02
4.705920903954802270e+02
4.698644067796610102e+02
4.691649717514125086e+02
4.684858757062146992e+02
4.678282485875706698e+02
4.672824858757062430e+02
4.668802259887005448e+02
4.665966101694915551e+02
4.664338983050847673e+02
4.663728813559322361e+02
4.664225988700565040e+02
4.665661016949152327e+02
4.668022598870056754e+02
4.670802259887005903e+02
4.672180790960452441e+02
4.672056497175141203e+02
4.670146892655367310e+02
4.666180790960452214e+02
4.660790960451977298e+02
4.655344632768361635e+02
4.649717514124293984e+02
4.644282485875706357e+02
4.639118644067796708e+02
4.634056497175141658e+02
4.629435028248587969e+02
4.625322033898305563e+02
4.621796610169491260e+02
4.618836158192090124e+02
4.616542372881356187e+02
4.615141242937853576e+02
4.614519774011299660e+02
4.614519774011299660e+02
4.615265536723164246e+02
4.616564971751413395e+02
4.618271186440678093e+02
4.620327683615819296e+02
4.622971751412429740e+02
4.625480225988700340e+02
4.626915254237288195e+02
4.627231638418078887e+02
4.626610169491525539e+02
4.624700564971751078e+02
4.622745762711864472e+02
4.621502824858756640e+02
4.621559322033898525e+02
4.623016949152542452e+02
4.626067796610169580e+02
4.630858757062146651e+02
4.637819209039547559e+02
4.646711864406779569e+02
4.657694915254237458e+02
4.669096045197740068e+02
4.680282485875706016e+02
4.690734463276835982e+02
4.700384180790960045e+02
4.709096045197740068e+02
4.716553672316384791e+02
4.722915254237288423e+02
4.728237288135593417e+02
4.732361581920904428e+02
4.735548022598870261e+02
4.737717514124294098e+02
4.739039548022598751e+02
4.739559322033898070e+02
4.739265536723164018e+02
4.738282485875706129e+02
4.736542372881356187e+02
4.734361581920903745e+02
4.731570621468925992e+02
4.728372881355932122e+02
4.724745762711864927e+02
4.720689265536723269e+02
4.716225988700564926e+02
4.712271186440677866e+02
4.710022598870057209e+02
4.709954802259887288e+02
4.712146892655367765e+02
4.716723163841808173e+02
4.722045197740113167e+02
4.726994350282486153e+02
4.731355932203390466e+02
4.735039548022599547e+02
4.738090395480226107e+02
4.739819209039548014e+02
4.740508474576271283e+02
4.739943502824859252e+02
4.738350282485876050e+02
4.735457627118644268e+02
4.731751412429379116e+02
4.727096045197740750e+02
4.721875706214689785e+02
4.716259887005650171e+02
4.710361581920903973e+02
4.704768361581920999e+02
4.699129943502824744e+02
4.693796610169491714e+02
4.688621468926553462e+02
4.683875706214689103e+02
4.679220338983051306e+02
4.674711864406780251e+02
4.670338983050847901e+02
4.666124293785310897e+02
4.662915254237287854e+02
4.660711864406779341e+02
4.659751412429378661e+02
4.659796610169491942e+02
4.660621468926553916e+02
4.661875706214689217e+02
4.661932203389831102e+02
4.660519774011299319e+02
4.657333333333333485e+02
4.653344632768361180e+02
4.649084745762712032e+02
4.644677966101695006e+02
4.640259887005649944e+02
4.635706214689265607e+02
4.631299435028248581e+02
4.627039548022598865e+02
4.623039548022599092e+02
4.619548022598870034e+02
4.616485875706214301e+02
4.614135593220338478e+02
4.612395480225989104e+02
4.611548022598870489e+02
4.611446327683615891e+02
4.612124293785311124e+02
4.613514124293785699e+02
4.615276836158192282e+02
4.617683615819208853e+02
4.620632768361581952e+02
4.624169491525424291e+02
4.628146892655367992e+02
4.632350282485875823e+02
4.635423728813559592e+02
4.637254237288136096e+02
4.638056497175141430e+02
4.637661016949153350e+02
4.635887005649718162e+02
4.633491525423729058e+02
4.632361581920904428e+02
4.632644067796610443e+02
4.634598870056497617e+02
4.638542372881356641e+02
4.644338983050848242e+02
4.652112994350283088e+02
4.661909604519775030e+02
4.671954802259887742e+02
4.681378531073447107e+02
4.690214689265537800e+02
4.698169491525424064e+02
4.705276836158192850e+02
4.711220338983051761e+02
4.716237288135594099e+02
4.719909604519774575e+02
4.722745762711865609e+02
4.724621468926554257e+02
4.725593220338982974e+02
4.725785310734463565e+02
4.725175141242938253e+02
4.723841807909604995e+02
4.722056497175141772e+02
4.719468926553672645e+02
4.716406779661017481e+02
4.713039548022599092e+02
4.709050847457627924e+02
4.704666666666667538e+02
4.700056497175141885e+02
4.696745762711865382e+02
4.695016949152542907e+02
4.694949152542373554e+02
4.696915254237288764e+02
4.701175141242938480e+02
4.706802259887006130e+02
4.712203389830508513e+02
4.717073446327684110e+02
4.721423728813559819e+02
4.724983050847458230e+02
4.727514124293786040e+02
4.728983050847458003e+02
4.729333333333333940e+02
4.728259887005650626e+02
4.725988700564972760e+02
4.722451977401130989e+02
4.717966101694916006e+02
4.712847457627119638e+02
4.707265536723164701e+02
4.701186440677967084e+02
4.694903954802260841e+02
4.688711864406780592e+02
4.682711864406780364e+02
4.676836158192090807e+02
4.671084745762712487e+02
4.665401129943503520e+02
4.660372881355932577e+02
4.656858757062148015e+02
4.654926553672317482e+02
4.654158192090396824e+02
4.654757062146893531e+02
4.656519774011300115e+02
4.659536723163842566e+02
4.663423728813559705e+02
4.666994350282486721e+02
4.669457627118645178e+02
4.670734463276836550e+02
4.670542372881356528e+02
4.668497175141243360e+02
4.664587570621470149e+02
4.658587570621469922e+02
4.650576271186441772e+02
4.642440677966102385e+02
4.634372881355932350e+02
4.626734463276836777e+02
4.619435028248587969e+02
4.612372881355933032e+02
4.605807909604520773e+02
4.600011299435028604e+02
4.595084745762712828e+02
4.590926553672317141e+02
4.587638418079096709e+02
4.585231638418080138e+02
4.583570621468927015e+02
4.582700564971752328e+02
4.582372881355933032e+02
4.582824858757062430e+02
4.583932203389831557e+02
4.585638418079096823e+02
4.588124293785310783e+02
4.589480225988701250e+02
4.589875706214689899e+02
4.589152542372881953e+02
4.587288135593221341e+02
4.584553672316384336e+02
4.582598870056498299e+02
4.581796610169492396e+02
4.582056497175141203e+02
4.583864406779661635e+02
4.587050847457627469e+02
4.592259887005649830e+02
4.599401129943503292e+02
4.608497175141243360e+02
4.619435028248587969e+02
4.630994350282486494e+02
4.642112994350283088e+02
4.652372881355933032e+02
4.661751412429379116e+02
4.669988700564971964e+02
4.677220338983050851e+02
4.683231638418079115e+02
4.688112994350282747e+02
4.691954802259887174e+02
4.694847457627118956e+02
4.696847457627118843e+02
4.697988700564972078e+02
4.698372881355932122e+02
4.697932203389830192e+02
4.696813559322034166e+02
4.695231638418079001e+02
4.692983050847457775e+02
4.690225988700565267e+02
4.686983050847458117e+02
4.683536723163841771e+02
4.679389830508475256e+02
4.676338983050848128e+02
4.674971751412430194e+02
4.675378531073446311e+02
4.678011299435028718e+02
4.682949152542373668e+02
4.687864406779661408e+02
4.692553672316384450e+02
4.696745762711864813e+02
4.700305084745762656e+02
4.703062146892655164e+02
4.704915254237288309e+02
4.705514124293785585e+02
4.704847457627118956e+02
4.703039548022599092e+02
4.700022598870056640e+02
4.695977401129944155e+02
4.690983050847457889e+02
4.685254237288136210e+02
4.679163841807909989e+02
4.672870056497175710e+02
4.666474576271186834e+02
4.660203389830509195e+02
4.654203389830508968e+02
4.648395480225989331e+02
4.642711864406780364e+02
4.637242937853108060e+02
4.632225988700565722e+02
4.628406779661017936e+02
4.625966101694915551e+02
4.624768361581921567e+02
4.624689265536723042e+02
4.625830508474576845e+02
4.627694915254237458e+02
4.630587570621469240e+02
4.633299435028249036e+02
4.634824858757062884e+02
4.635118644067796936e+02
4.633683615819209649e+02
4.630305084745763224e+02
4.624994350282486266e+02
4.618949152542373895e+02
4.612858757062147106e+02
4.606836158192090807e+02
4.600983050847457889e+02
4.595468926553672873e+02
4.590406779661016685e+02
4.585898305084746198e+02
4.581920903954802498e+02
4.578655367231639275e+02
4.576146892655367537e+02
4.574711864406780251e+02
4.573966101694916233e+02
4.574033898305085586e+02
4.574870056497175597e+02
4.576418079096046085e+02
4.578779661016949376e+02
4.581706214689265835e+02
4.585175141242938253e+02
4.588327683615819979e+02
4.590372881355933146e+02
4.591355932203390466e+02
4.591231638418080365e+02
4.589864406779661863e+02
4.587310734463277981e+02
4.583412429378531669e+02
4.580237288135593872e+02
4.578158192090396028e+02
4.577322033898305449e+02
4.578192090395480705e+02
4.580892655367231896e+02
4.585446327683616232e+02
4.591898305084746426e+02
4.600644067796610557e+02
4.611152542372882408e+02
4.622655367231639048e+02
4.633751412429379570e+02
4.643717514124294325e+02
4.652779661016950286e+02
4.660610169491526449e+02
4.667310734463277413e+02
4.672926553672317027e+02
4.677468926553673327e+02
4.680903954802259932e+02
4.683254237288135755e+02
4.684881355932203633e+02
4.685559322033898297e+02
4.685559322033898866e+02
4.684632768361582293e+02
4.683163841807909762e+02
4.681175141242938480e+02
4.678451977401130648e+02
4.675231638418079569e+02
4.671570621468927129e+02
4.667367231638418730e+02
4.664056497175141658e+02
4.662406779661017708e+02
4.662406779661017708e+02
4.664463276836158911e+02
4.668757062146893304e+02
4.674542372881356869e+02
4.680214689265537231e+02
4.685615819209040183e+02
4.690451977401130534e+02
4.694655367231638934e+02
4.697943502824858797e+02
4.700225988700565267e+02
4.701457627118644496e+02
4.701468926553673100e+02
4.700271186440678548e+02
4.697977401129944042e+02
4.694824858757062884e+02
4.690870056497175824e+02
4.686497175141243474e+02
4.681717514124294439e+02
4.676734463276836777e+02
4.671920903954802498e+02
4.667254237288135528e+02
4.662768361581921113e+02
4.658429378531074008e+02
4.654248587570622249e+02
4.650124293785311238e+02
4.646203389830508286e+02
4.642203389830508513e+02
4.639457627118644041e+02
4.638079096045198071e+02
4.637909604519774120e+02
4.638711864406779455e+02
4.640689265536723269e+02
4.642903954802259818e+02
4.644418079096045062e+02
4.644700564971751646e+02
4.643661016949153009e+02
4.640858757062147220e+02
4.636248587570622135e+02
4.629638418079096027e+02
4.622892655367231782e+02
4.615988700564971623e+02
4.609073446327683996e+02
4.602350282485875823e+02
4.595649717514123722e+02
4.589423728813559364e+02
4.583615819209039728e+02
4.578214689265536208e+02
4.573581920903954483e+02
4.569717514124293416e+02
4.566723163841807605e+02
4.564305084745762429e+02
4.562858757062146537e+02
4.562022598870056527e+02
4.561762711864406583e+02
4.561943502824858570e+02
4.563084745762711805e+02
4.564587570621469013e+02
4.566790960451976957e+02
4.568259887005649489e+02
4.568429378531073439e+02
4.567751412429378206e+02
4.565694915254237003e+02
4.563096045197740409e+02
4.561152542372881271e+02
4.560135593220339842e+02
4.560259887005649944e+02
4.561717514124293871e+02
4.564813559322033711e+02
4.569672316384180704e+02
4.576327683615819524e+02
4.584723163841807718e+02
4.595096045197740295e+02
4.606723163841808173e+02
4.617966101694915437e+02
4.628361581920904086e+02
4.637841807909604768e+02
4.646406779661017481e+02
4.653717514124293757e+02
4.659932203389830647e+02
4.664915254237287741e+02
4.668960451977401362e+02
4.671920903954801929e+02
4.674135593220338478e+02
4.675344632768361066e+02
4.675593220338982974e+02
4.675265536723163677e+02
4.674112994350282406e+02
4.672293785310733938e+02
4.670000000000000000e+02
4.667163841807909535e+02
4.663875706214688535e+02
4.660406779661017254e+02
4.658112994350282179e+02
4.657344632768361521e+02
4.657943502824858797e+02
4.660485875706214642e+02
4.665039548022598979e+02
4.671016949152542566e+02
4.677028248587570260e+02
4.682870056497175710e+02
4.688372881355932122e+02
4.693242937853107151e+02
4.697491525423728262e+02
4.700779661016948694e+02
4.703016949152541883e+02
4.704135593220339047e+02
4.704203389830508399e+02
4.702915254237287854e+02
4.700745762711864586e+02
4.698000000000000682e+02
4.694440677966101703e+02
4.690621468926553916e+02
4.686587570621469467e+02
4.682666666666667084e+02
4.678700564971751419e+02
4.674915254237288309e+02
4.671378531073446538e+02
4.668067796610170035e+02
4.665005649717514302e+02
4.661898305084746426e+02
4.658745762711864700e+02
4.656293785310734847e+02
4.655073446327684223e+02
4.655401129943503520e+02
4.656813559322034166e+02
4.658960451977401362e+02
4.660655367231638593e+02
4.661638418079096482e+02
4.661446327683615891e+02
4.660000000000000000e+02
4.657129943502825427e+02
4.652519774011299774e+02
4.645796610169492169e+02
4.637423728813560047e+02
4.628824858757062657e+02
4.620090395480226562e+02
4.611491525423729172e+02
4.603016949152543020e+02
4.594598870056497617e+02
4.586610169491526108e+02
4.579107344632768672e+02
4.572248587570621794e+02
4.566011299435028832e+02
4.560689265536723269e+02
4.556079096045198185e+02
4.552248587570621794e+02
4.549231638418079342e+02
4.546881355932203519e+02
4.545197740112994325e+02
4.544214689265536435e+02
4.544090395480226334e+02
4.544723163841807718e+02
4.545796610169491601e+02
4.547480225988700795e+02
4.548248587570622021e+02
4.547468926553672190e+02
4.545581920903955506e+02
4.544158192090395687e+02
4.543254237288135755e+02
4.543186440677966402e+02
4.544293785310734961e+02
4.546926553672316800e+02
4.550903954802260500e+02
4.556632768361582180e+02
4.564158192090395687e+02
4.573502824858757094e+02
4.584587570621469013e+02
4.596135593220338933e+02
4.607175141242938707e+02
4.617457627118644723e+02
4.626903954802260159e+02
4.635299435028248922e+02
4.642745762711864472e+02
4.648994350282486039e+02
4.654169491525424291e+02
4.658338983050847446e+02
4.661627118644067878e+02
4.663887005649717707e+02
4.665457627118644268e+02
4.666101694915254257e+02
4.666327683615819524e+02
4.665717514124293643e+02
4.664429378531073098e+02
4.662689265536722587e+02
4.660350282485875368e+02
4.657502824858756867e+02
4.654768361581920999e+02
4.653050847457627128e+02
4.652858757062147106e+02
4.654440677966101703e+02
4.657853107344633372e+02
4.663096045197740978e+02
4.668271186440678093e+02
4.673480225988701022e+02
4.678429378531074008e+02
4.683141242937853121e+02
4.687129943502825427e+02
4.690350282485875937e+02
4.692508474576271738e+02
4.693672316384180476e+02
4.693751412429378433e+02
4.692598870056497162e+02
4.690372881355932577e+02
4.687276836158192168e+02
4.683435028248587741e+02
4.679084745762712032e+02
4.674440677966101703e+02
4.669740112994350056e+02
4.665016949152542338e+02
4.660711864406779341e+02
4.656553672316384791e+02
4.652372881355931895e+02
4.648406779661016799e+02
4.644474576271186379e+02
4.640689265536723269e+02
4.636790960451977526e+02
4.634237288135593644e+02
4.632903954802260387e+02
4.632813559322033825e+02
4.633966101694915096e+02
4.636237288135592962e+02
4.638508474576271965e+02
4.639909604519774575e+02
4.640237288135593303e+02
4.639288135593220659e+02
4.636587570621468899e+02
4.632022598870056527e+02
4.625593220338982974e+02
4.617785310734463451e+02
4.609796610169491942e+02
4.601943502824858570e+02
4.593887005649717707e+02
4.586090395480226221e+02
4.578497175141243360e+02
4.571265536723163905e+02
4.564463276836158343e+02
4.558338983050847446e+02
4.553050847457627697e+02
4.548632768361582066e+02
4.544689265536723042e+02
4.541548022598869920e+02
4.538937853107344722e+02
4.536960451977400908e+02
4.535627118644067650e+02
4.535197740112994893e+02
4.535254237288135641e+02
4.535853107344632917e+02
4.536881355932203519e+02
4.537073446327684110e+02
4.535977401129944155e+02
4.534587570621469013e+02
4.533514124293785699e+02
4.533039548022599092e+02
4.533355932203389784e+02
4.534768361581920999e+02
4.537446327683616119e+02
4.541762711864406583e+02
4.547920903954802156e+02
4.555717514124293643e+02
4.565435028248587628e+02
4.577163841807909535e+02
4.590350282485875368e+02
4.602892655367231214e+02
4.614870056497175028e+02
4.626045197740112940e+02
4.636237288135592962e+02
4.645333333333333030e+02
4.653378531073446993e+02
4.660282485875706016e+02
4.666225988700564926e+02
4.671231638418079228e+02
4.675197740112994325e+02
4.678463276836158116e+02
4.680779661016949262e+02
4.682418079096045176e+02
4.683209039548022474e+02
4.683446327683616346e+02
4.683163841807909193e+02
4.682146892655367765e+02
4.680644067796609988e+02
4.678621468926553462e+02
4.675966101694915551e+02
4.673276836158191827e+02
4.672248587570621225e+02
4.673254237288135755e+02
4.676384180790960272e+02
4.680802259887005903e+02
4.685141242937853576e+02
4.689559322033898070e+02
4.693740112994350397e+02
4.697457627118644155e+02
4.700451977401129966e+02
4.702531073446327810e+02
4.703841807909604995e+02
4.703909604519774348e+02
4.702813559322033825e+02
4.700689265536723269e+02
4.697785310734462882e+02
4.693864406779661067e+02
4.689581920903954710e+02
4.684802259887005675e+02
4.680056497175140748e+02
4.675276836158192282e+02
4.670576271186440636e+02
4.666327683615819524e+02
4.662282485875706470e+02
4.658485875706214756e+02
4.654677966101695006e+02
4.651186440677965948e+02
4.647774011299434846e+02
4.644384180790960954e+02
4.641887005649717821e+02
4.640768361581921226e+02
4.640926553672317141e+02
4.642112994350282520e+02
4.643909604519774348e+02
4.644926553672316913e+02
4.644926553672316345e+02
4.643525423728813735e+02
4.640598870056496708e+02
4.635864406779661522e+02
4.629062146892655960e+02
4.621627118644067878e+02
4.613943502824859024e+02
4.606271186440678207e+02
4.598418079096045403e+02
4.590632768361582521e+02
4.582971751412429740e+02
4.575581920903954938e+02
4.568474576271186152e+02
4.562033898305084563e+02
4.556169491525423609e+02
4.551175141242937912e+02
4.546847457627118274e+02
4.543163841807909193e+02
4.540112994350282065e+02
4.537706214689265494e+02
4.535988700564971623e+02
4.534847457627118388e+02
4.534361581920903745e+02
4.534666666666666401e+02
4.535378531073446311e+02
4.536723163841807605e+02
4.537988700564972078e+02
4.538033898305084222e+02
4.536734463276836209e+02
4.535683615819208967e+02
4.535333333333333030e+02
4.535796610169491032e+02
4.537491525423728262e+02
4.540429378531073326e+02
4.545129943502824972e+02
4.551355932203389898e+02
4.559299435028248695e+02
4.568971751412429398e+02
4.580418079096044721e+02
4.592203389830507945e+02
4.603649717514124404e+02
4.614327683615819069e+02
4.624045197740112485e+02
4.632983050847457207e+02
4.640711864406779341e+02
4.647593220338982860e+02
4.653412429378530533e+02
4.658101694915254143e+02
4.662101694915253915e+02
4.665005649717513734e+02
4.667129943502824290e+02
4.668632768361582066e+02
4.669186440677966061e+02
4.669152542372881385e+02
4.668293785310734734e+02
4.667129943502825427e+02
4.665220338983051533e+02
4.662836158192090465e+02
4.660757062146893190e+02
4.659977401129943928e+02
4.660711864406779910e+02
4.663220338983051079e+02
4.667774011299435415e+02
4.672847457627119070e+02
4.678022598870056754e+02
4.683288135593220431e+02
4.688259887005649489e+02
4.692847457627119070e+02
4.697039548022598865e+02
4.700531073446327355e+02
4.703118644067796481e+02
4.704542372881356300e+02
4.704836158192090352e+02
4.704135593220338478e+02
4.702474576271186493e+02
4.699932203389830647e+02
4.696700564971750964e+02
4.692858757062146537e+02
4.688915254237288082e+02
4.684779661016948467e+02
4.680700564971751874e+02
4.676983050847458117e+02
4.673457627118644382e+02
4.670124293785310670e+02
4.666836158192090807e+02
4.663785310734463678e+02
4.660881355932203860e+02
4.657932203389830761e+02
4.655107344632768331e+02
4.652451977401129852e+02
4.650056497175141317e+02
4.649073446327683996e+02
4.649242937853107378e+02
4.650508474576271283e+02
4.650903954802259932e+02
4.650203389830508627e+02
4.648158192090395460e+02
4.644451977401130307e+02
4.638892655367232010e+02
4.632700564971751191e+02
4.626067796610169580e+02
4.619107344632768672e+02
4.612112994350283088e+02
4.604768361581920999e+02
4.597468926553672190e+02
4.590192090395480591e+02
4.583152542372881726e+02
4.576519774011300115e+02
4.570406779661017254e+02
4.564960451977401590e+02
4.560079096045197957e+02
4.555785310734463565e+02
4.552101694915254484e+02
4.548960451977401362e+02
4.546282485875706811e+02
4.544395480225989559e+02
4.542926553672317027e+02
4.542180790960452441e+02
4.541864406779661749e+02
4.541887005649718390e+02
4.542282485875707607e+02
4.542485875706215666e+02
4.542011299435029059e+02
4.541841807909605109e+02
4.542124293785311693e+02
4.543231638418079683e+02
4.545446327683616232e+02
4.549028248587571284e+02
4.554011299435028377e+02
4.560723163841808514e+02
4.569344632768361976e+02
4.579694915254237912e+02
4.591875706214689785e+02
4.604316384180791601e+02
4.616429378531073553e+02
4.628101694915254711e+02
4.638779661016949944e+02
4.648508474576271965e+02
4.657581920903955393e+02
4.665514124293786153e+02
4.672519774011300342e+02
4.678621468926554599e+02
4.683694915254238254e+02
4.687920903954803293e+02
4.691175141242938480e+02
4.693627118644068332e+02
4.695548022598870830e+02
4.696700564971752101e+02
4.697276836158192737e+02
4.697322033898305449e+02
4.696858757062147447e+02
4.695796610169492169e+02
4.694327683615820206e+02
4.692203389830509082e+02
4.689796610169491942e+02
4.687491525423729399e+02
4.686903954802260159e+02
4.688451977401130080e+02
4.692169491525424974e+02
4.695853107344633486e+02
4.699672316384181840e+02
4.703028248587571625e+02
4.705988700564972760e+02
4.708327683615819979e+02
4.709796610169491942e+02
4.710384180790961182e+02
4.709706214689266517e+02
4.707785310734464019e+02
4.705050847457628151e+02
4.701378531073446538e+02
4.696870056497176051e+02
4.691785310734463792e+02
4.686440677966102157e+02
4.680937853107345177e+02
4.675378531073447448e+02
4.670101694915254598e+02
4.665062146892655619e+02
4.660124293785311238e+02
4.655604519774011578e+02
4.651152542372881840e+02
4.646858757062146879e+02
4.642790960451977753e+02
4.638768361581921340e+02
4.635615819209040183e+02
4.633717514124293757e+02
4.632926553672317027e+02
4.633175141242938935e+02
4.634666666666666970e+02
4.636531073446328719e+02
4.637446327683616119e+02
4.637028248587571397e+02
4.635197740112995461e+02
4.631333333333334394e+02
4.625774011299436097e+02
4.619807909604520546e+02
4.613468926553673555e+02
4.607220338983051420e+02
4.600847457627119184e+02
4.594406779661017595e+02
4.588214689265537345e+02
4.582214689265537118e+02
4.576655367231638820e+02
4.571604519774011806e+02
4.567310734463277413e+02
4.563468926553672986e+02
4.560384180790961182e+02
4.558022598870057323e+02
4.556293785310734847e+02
4.555197740112994893e+02
4.554779661016949603e+02
4.554903954802260841e+02
4.555819209039548809e+02
4.557231638418079456e+02
4.559175141242938594e+02
4.561548022598871057e+02
4.563118644067797050e+02
4.563672316384181613e+02
4.562903954802260387e+02
4.560768361581921226e+02
4.559220338983051306e+02
4.558406779661017936e+02
4.558779661016949944e+02
4.560542372881356528e+02
4.563875706214689671e+02
4.568949152542373326e+02
4.575807909604520773e+02
4.584440677966102839e+02
4.595039548022599547e+02
4.606485875706215438e+02
4.617559322033899321e+02
4.628045197740113963e+02
4.637649717514125314e+02
4.646361581920904769e+02
4.654101694915254939e+02
4.660892655367232464e+02
4.666700564971752101e+02
4.671604519774011806e+02
4.675785310734464133e+02
4.679016949152543248e+02
4.681355932203390466e+02
4.683039548022599661e+02
4.684022598870056981e+02
4.684271186440678321e+02
4.684022598870056981e+02
4.683163841807910330e+02
4.681909604519775030e+02
4.680169491525424519e+02
4.677887005649718617e+02
4.675864406779662090e+02
4.675423728813560160e+02
4.676564971751413395e+02
4.679581920903956416e+02
4.683649717514124973e+02
4.688112994350283316e+02
4.692372881355933032e+02
4.696564971751413395e+02
4.700474576271187743e+02
4.703932203389831557e+02
4.706542372881356755e+02
4.708338983050848583e+02
4.709084745762712600e+02
4.708802259887006585e+02
4.707276836158192737e+02
4.704745762711865495e+02
4.701412429378532352e+02
4.697423728813560047e+02
4.693005649717514984e+02
4.688406779661017936e+02
4.683559322033898979e+02
4.678915254237289219e+02
4.674361581920904882e+02
4.669943502824859820e+02
4.665740112994351421e+02
4.661853107344633713e+02
4.657977401129944610e+02
4.654237288135593644e+02
4.650666666666667197e+02
4.647016949152542793e+02
4.643468926553673555e+02
4.641028248587571170e+02
4.639898305084746539e+02
4.639966101694916460e+02
4.641220338983051761e+02
4.642621468926554371e+02
4.643039548022600229e+02
4.641954802259887742e+02
4.639288135593221227e+02
4.634926553672316913e+02
4.628723163841808628e+02
4.622067796610169808e+02
4.615175141242938821e+02
4.607966101694916006e+02
4.600485875706215211e+02
4.593163841807910330e+02
4.585683615819209535e+02
4.578350282485876619e+02
4.571333333333334394e+02
4.564790960451978208e+02
4.558757062146893304e+02
4.553299435028249604e+02
4.548282485875707266e+02
4.543954802259888197e+02
4.540248587570622476e+02
4.536824858757063339e+02
4.534237288135594213e+02
4.531988700564972419e+02
4.530406779661017822e+02
4.529344632768362544e+02
4.528734463276837232e+02
4.528474576271187289e+02
4.528384180790961295e+02
4.528282485875706698e+02
4.528700564971751987e+02
4.529615819209040524e+02
4.531220338983051761e+02
4.533819209039548923e+02
4.537751412429379343e+02
4.543141242937854258e+02
4.550045197740113849e+02
4.558768361581921909e+02
4.569322033898305904e+02
4.580553672316385132e+02
4.591728813559323044e+02
4.602463276836159594e+02
4.612655367231639048e+02
4.622192090395481046e+02
4.630892655367232464e+02
4.638700564971751987e+02
4.645502824858757549e+02
4.651265536723164473e+02
4.656135593220339501e+02
4.659887005649717935e+02
4.662847457627119638e+02
4.664870056497175597e+02
4.666158192090396142e+02
4.666689265536723497e+02
4.666644067796610784e+02
4.665909604519774803e+02
4.664632768361582293e+02
4.662824858757062430e+02
4.660350282485876505e+02
4.657367231638419298e+02
4.653932203389831557e+02
4.650146892655367310e+02
4.648011299435028150e+02
4.647615819209040069e+02
4.649209039548023270e+02
4.652926553672316459e+02
4.658350282485876050e+02
4.663785310734463678e+02
4.669073446327683996e+02
4.673819209039548923e+02
4.677875706214690013e+02
4.681186440677966516e+02
4.683593220338984224e+02
4.684926553672316913e+02
4.685028248587571511e+02
4.684248587570622249e+02
4.682293785310735075e+02
4.679570621468927243e+02
4.676225988700565495e+02
4.672406779661017708e+02
4.668350282485876050e+02
4.664429378531073667e+02
4.660519774011299319e+02
4.656847457627118843e+02
4.653254237288135755e+02
4.649740112994350625e+02
4.646508474576271510e+02
4.643344632768361748e+02
4.640112994350282634e+02
4.637028248587570829e+02
4.634598870056497617e+02
4.633344632768362317e+02
4.633412429378531669e+02
4.634757062146892963e+02
4.637073446327684110e+02
4.638790960451977980e+02
4.639536723163841998e+02
4.639073446327683996e+02
4.637163841807910103e+02
4.633593220338983656e+02
4.628135593220339388e+02
4.620903954802259932e+02
4.613491525423729627e+02
4.605864406779660953e+02
4.598225988700564812e+02
4.590700564971751874e+02
4.583265536723164360e+02
4.575966101694916119e+02
4.569186440677966630e+02
4.563107344632769014e+02
4.557694915254237458e+02
4.552915254237288991e+02
4.548949152542373895e+02
4.545548022598870261e+02
4.542881355932203746e+02
4.541050847457627242e+02
4.539887005649717366e+02
4.539423728813559364e+02
4.539774011299434733e+02
4.540915254237288536e+02
4.542757062146893077e+02
4.544610169491526221e+02
4.545175141242938253e+02
4.544677966101695574e+02
4.543016949152543020e+02
4.540225988700565267e+02
4.537988700564972078e+02
4.536361581920903632e+02
4.535785310734463565e+02
4.536508474576271510e+02
4.538666666666667311e+02
4.542576271186441090e+02
4.548033898305085359e+02
4.555378531073446311e+02
4.564395480225988990e+02
4.575220338983050397e+02
4.587548022598870148e+02
4.599322033898305335e+02
4.610316384180791829e+02
4.620225988700565267e+02
4.629254237288135982e+02
4.637355932203390125e+02
4.644508474576272192e+02
4.650576271186440636e+02
4.655774011299434960e+02
4.659988700564972532e+02
4.663389830508474461e+02
4.666101694915254257e+02
4.668090395480226107e+02
4.669367231638418616e+02
4.670146892655367310e+02
4.670158192090395914e+02
4.669649717514124632e+02
4.668677966101695347e+02
4.666949152542373440e+02
4.664926553672316913e+02
4.664169491525424291e+02
4.664836158192090352e+02
4.667254237288135528e+02
4.671163841807909876e+02
4.675209039548022929e+02
4.679457627118644041e+02
4.683491525423728490e+02
4.687197740112994779e+02
4.690564971751413168e+02
4.693186440677966402e+02
4.695028248587570943e+02
4.695706214689266176e+02
4.695423728813559592e+02
4.694124293785311011e+02
4.691683615819209763e+02
4.688372881355932691e+02
4.684384180790960386e+02
4.679898305084745971e+02
4.675129943502825540e+02
4.670293785310734620e+02
4.665514124293785585e+02
4.660960451977401817e+02
4.656361581920904200e+02
4.652079096045198412e+02
4.647988700564972078e+02
4.643920903954802952e+02
4.639887005649717935e+02
4.636079096045198185e+02
4.632338983050848356e+02
4.629920903954803180e+02
4.628847457627119297e+02
4.629175141242938594e+02
4.630372881355932577e+02
4.632847457627119638e+02
4.634824858757062884e+02
4.635706214689266176e+02
4.635457627118644837e+02
4.633491525423729627e+02
4.629774011299435870e+02
4.624158192090395687e+02
4.616994350282486721e+02
4.609706214689265380e+02
4.602146892655367765e+02
4.594463276836158911e+02
4.586745762711864813e+02
4.579344632768361976e+02
4.572192090395480477e+02
4.565468926553672873e+02
4.559220338983051306e+02
4.553638418079096937e+02
4.548779661016949376e+02
4.544666666666666970e+02
4.541242937853107833e+02
4.538316384180791374e+02
4.536146892655367537e+02
4.534553672316384336e+02
4.533581920903955051e+02
4.533367231638418389e+02
4.533853107344633599e+02
4.534802259887006244e+02
4.535740112994351421e+02
4.535683615819209535e+02
4.534531073446328264e+02
4.532960451977401704e+02
4.531706214689266403e+02
4.531129943502825768e+02
4.531604519774011806e+02
4.532983050847458344e+02
4.536011299435028832e+02
4.540655367231638593e+02
4.546847457627119411e+02
4.554858757062147561e+02
4.564745762711864927e+02
4.576293785310734847e+02
4.588124293785310783e+02
4.599412429378531897e+02
4.610056497175141885e+02
4.619728813559322589e+02
4.628451977401130080e+02
4.636124293785311465e+02
4.642632768361582407e+02
4.648259887005650057e+02
4.652960451977401135e+02
4.656655367231638820e+02
4.659163841807909989e+02
4.661197740112994552e+02
4.662282485875706470e+02
4.662711864406780364e+02
4.662553672316385018e+02
4.661536723163842453e+02
4.659954802259887856e+02
4.657932203389831329e+02
4.655118644067796936e+02
4.651841807909605677e+02
4.649661016949153236e+02
4.649084745762712600e+02
4.650101694915254598e+02
4.653186440677966402e+02
4.658531073446328037e+02
4.664237288135593644e+02
4.669898305084746539e+02
4.675559322033898866e+02
4.680745762711865154e+02
4.685514124293786153e+02
4.689457627118644609e+02
4.692474576271187061e+02
4.694338983050847673e+02
4.695265536723164814e+02
4.695107344632768900e+02
4.693819209039548923e+02
4.691954802259887742e+02
4.689367231638418616e+02
4.686451977401130193e+02
4.683254237288136324e+02
4.680079096045197957e+02
4.677050847457627469e+02
4.674146892655367651e+02
4.671627118644067878e+02
4.669073446327683996e+02
4.666700564971752101e+02
4.664293785310734961e+02
4.662022598870057095e+02
4.659694915254237912e+02
4.657468926553672759e+02
4.655412429378531556e+02
4.654158192090395687e+02
4.654045197740113053e+02
4.655299435028248922e+02
4.656214689265536890e+02
4.656192090395480818e+02
4.655107344632768900e+02
4.652576271186441090e+02
4.648531073446328605e+02
4.642418079096046313e+02
4.635367231638418843e+02
4.627898305084746653e+02
4.620248587570622476e+02
4.612214689265537118e+02
4.604033898305085586e+02
4.595887005649718162e+02
4.587751412429379343e+02
4.579841807909605222e+02
4.572429378531073780e+02
4.565423728813560160e+02
4.558926553672317254e+02
4.553163841807910330e+02
4.547875706214690013e+02
4.543220338983051647e+02
4.539163841807910558e+02
4.535830508474576845e+02
4.532971751412430876e+02
4.530937853107345745e+02
4.529638418079097164e+02
4.528790960451978549e+02
4.528621468926554599e+02
4.528666666666667879e+02
4.529028248587571284e+02
4.528564971751413282e+02
4.528259887005650626e+02
4.528305084745763907e+02
4.529005649717515212e+02
4.530598870056497844e+02
4.533288135593221568e+02
4.537480225988701932e+02
4.543073446327684906e+02
4.550101694915255166e+02
4.558824858757062657e+02
4.569129943502825881e+02
4.580926553672317141e+02
4.592451977401130989e+02
4.603468926553672986e+02
4.613694915254237685e+02
4.623118644067797050e+02
4.631627118644068446e+02
4.639118644067797277e+02
4.645728813559322816e+02
4.651276836158193078e+02
4.655830508474576845e+02
4.659706214689265948e+02
4.662564971751413054e+02
4.664689265536723610e+02
4.666000000000000796e+02
4.666655367231638820e+02
4.666723163841808173e+02
4.666248587570622703e+02
4.664983050847458230e+02
4.663310734463277072e+02
4.661028248587571170e+02
4.659966101694915892e+02
4.660361581920904541e+02
4.662056497175142340e+02
4.665615819209040183e+02
4.670542372881356528e+02
4.675649717514124859e+02
4.681039548022599206e+02
4.686372881355933373e+02
4.691638418079096482e+02
4.696384180790961409e+02
4.700531073446328492e+02
4.703819209039548923e+02
4.706327683615819524e+02
4.707785310734464019e+02
4.708338983050848583e+02
4.707796610169492055e+02
4.706519774011300115e+02
4.704587570621469581e+02
4.702090395480225880e+02
4.699401129943503292e+02
4.696632768361581611e+02
4.694135593220339615e+02
4.691570621468926561e+02
4.689163841807909989e+02
4.686881355932203519e+02
4.684949152542372985e+02
4.683039548022599092e+02
4.681118644067796595e+02
4.679322033898305335e+02
4.677491525423728831e+02
4.675694915254237003e+02
4.674757062146892395e+02
4.675197740112994325e+02
4.676768361581920885e+02
4.677762711864406810e+02
4.678011299435028150e+02
4.677581920903954824e+02
4.675875706214689558e+02
4.672723163841808400e+02
4.667909604519774120e+02
4.661299435028249150e+02
4.652700564971752328e+02
4.643096045197740978e+02
4.633186440677966402e+02
4.623050847457627128e+02
4.612711864406779796e+02
4.602542372881355845e+02
4.592497175141243133e+02
4.582677966101695120e+02
4.573593220338983087e+02
4.564915254237288309e+02
4.556847457627118843e+02
4.549378531073446652e+02
4.542564971751412486e+02
4.536418079096044949e+02
4.530881355932203292e+02
4.526112994350282861e+02
4.522056497175141203e+02
4.518790960451977412e+02
4.516237288135592962e+02
4.514338983050847105e+02
4.513129943502824517e+02
4.513163841807909762e+02
4.513751412429378433e+02
4.514350282485875709e+02
4.515039548022598410e+02
4.516338983050846991e+02
4.518214689265536776e+02
4.521118644067796595e+02
4.525118644067796367e+02
4.530451977401129966e+02
4.537276836158191600e+02
4.545627118644067650e+02
4.555559322033898297e+02
4.567231638418078887e+02
4.580045197740112712e+02
4.592632768361581839e+02
4.604395480225988422e+02
4.615423728813559592e+02
4.625423728813559592e+02
4.634666666666666970e+02
4.642903954802260387e+02
4.650045197740113281e+02
4.656372881355932236e+02
4.661898305084745857e+02
4.666531073446327582e+02
4.670327683615819296e+02
4.673242937853107151e+02
4.675514124293785017e+02
4.677096045197739613e+02
4.677954802259886833e+02
4.678350282485876050e+02
4.678011299435028150e+02
4.677084745762712146e+02
4.675536723163842225e+02
4.674338983050847673e+02
4.674553672316384336e+02
4.676542372881356187e+02
4.680259887005649944e+02
4.684361581920904314e+02
4.688915254237288082e+02
4.693581920903955051e+02
4.698214689265537345e+02
4.702519774011299774e+02
4.706451977401130193e+02
4.709807909604519978e+02
4.712158192090395801e+02
4.713548022598870375e+02
4.714022598870056981e+02
4.713593220338983656e+02
4.712293785310735075e+02
4.710237288135593872e+02
4.707638418079096141e+02
4.704689265536723042e+02
4.701514124293785244e+02
4.698474576271186720e+02
4.695412429378531556e+02
4.692576271186441090e+02
4.690000000000000000e+02
4.687570621468926788e+02
4.685197740112994893e+02
4.682983050847458344e+02
4.680768361581921226e+02
4.678734463276836664e+02
4.676802259887006130e+02
4.674870056497175597e+02
4.674169491525424291e+02
4.674858757062147561e+02
4.676101694915255393e+02
4.677118644067797391e+02
4.677096045197740750e+02
4.675954802259888083e+02
4.673683615819210218e+02
4.669717514124293984e+02
4.664158192090396255e+02
4.656598870056497503e+02
4.648203389830508740e+02
4.639367231638418616e+02
4.630225988700565836e+02
4.620757062146893759e+02
4.611367231638419071e+02
4.602011299435029059e+02
4.592983050847458344e+02
4.584395480225989559e+02
4.576124293785311465e+02
4.568644067796611239e+02
4.561593220338983770e+02
4.555118644067797504e+02
4.549129943502825881e+02
4.543943502824859024e+02
4.539333333333333940e+02
4.535242937853107605e+02
4.531796610169492396e+02
4.529265536723164587e+02
4.527389830508475370e+02
4.525977401129944155e+02
4.525175141242938253e+02
4.525502824858758117e+02
4.526101694915255393e+02
4.526779661016950058e+02
4.527762711864407379e+02
4.529401129943503292e+02
4.531853107344633145e+02
4.535435028248588196e+02
4.540372881355932577e+02
4.546745762711865382e+02
4.554576271186441545e+02
4.564146892655367651e+02
4.575480225988701477e+02
4.588237288135593985e+02
4.601841807909605677e+02
4.614971751412430194e+02
4.627344632768362658e+02
4.639050847457627924e+02
4.649977401129944496e+02
4.659853107344633827e+02
4.668779661016949944e+02
4.676949152542373440e+02
4.684135593220339615e+02
4.690271186440678548e+02
4.695536723163842225e+02
4.700203389830509195e+02
4.703920903954802952e+02
4.707107344632768786e+02
4.709502824858758459e+02
4.711435028248588424e+02
4.712406779661017708e+02
4.712734463276837005e+02
4.712621468926554371e+02
4.711740112994351080e+02
4.711627118644069014e+02
4.713175141242938935e+02
4.715774011299436097e+02
4.718802259887006585e+02
4.722214689265537118e+02
4.725954802259888083e+02
4.729717514124295121e+02
4.733435028248588878e+02
4.736903954802260159e+02
4.739581920903955279e+02
4.741807909604521001e+02
4.743141242937854258e+02
4.743389830508475598e+02
4.742711864406780364e+02
4.741231638418079228e+02
4.738824858757062657e+02
4.735751412429378888e+02
4.732474576271187061e+02
4.728847457627119866e+02
4.725175141242938253e+02
4.721740112994350511e+02
4.718384180790960727e+02
4.715367231638418843e+02
4.712598870056497162e+02
4.709898305084745971e+02
4.707525423728814076e+02
4.705265536723164246e+02
4.703175141242938366e+02
4.701129943502825199e+02
4.699186440677966630e+02
4.697423728813559478e+02
4.695774011299435529e+02
4.694485875706214983e+02
4.694056497175141658e+02
4.694327683615819637e+02
4.693615819209039728e+02
4.691559322033899093e+02
4.688045197740113963e+02
4.683423728813560274e+02
4.678169491525424064e+02
4.672225988700565722e+02
4.665796610169492169e+02
4.658903954802260614e+02
4.651615819209040410e+02
4.644124293785311579e+02
4.636485875706215438e+02
4.628824858757062657e+02
4.621355932203390466e+02
4.614192090395480363e+02
4.607401129943502838e+02
4.601084745762711918e+02
4.595152542372881612e+02
4.589728813559322589e+02
4.584757062146892963e+02
4.580259887005649944e+02
4.576338983050847560e+02
4.572937853107345063e+02
4.570101694915254598e+02
4.567932203389831329e+02
4.566316384180791488e+02
4.565073446327684223e+02
4.564146892655367083e+02
4.564282485875706925e+02
4.565050847457627583e+02
4.566124293785311465e+02
4.567706214689266062e+02
4.570135593220339274e+02
4.573536723163841771e+02
4.578180790960452669e+02
4.584135593220339615e+02
4.591683615819209194e+02
4.600824858757062543e+02
4.611570621468926561e+02
4.624135593220339615e+02
4.636666666666666856e+02
4.648926553672316686e+02
4.660485875706215211e+02
4.671254237288136437e+02
4.681242937853107264e+02
4.690451977401129966e+02
4.698677966101694778e+02
4.705920903954802270e+02
4.712259887005650398e+02
4.717807909604520091e+02
4.722271186440677866e+02
4.725875706214689558e+02
4.728768361581920772e+02
4.730983050847457889e+02
4.732338983050847787e+02
4.733050847457627128e+02
4.733276836158191827e+02
4.732813559322033825e+02
4.731593220338983201e+02
4.729706214689265948e+02
4.728124293785310783e+02
4.728225988700565381e+02
4.730203389830508627e+02
4.733988700564971737e+02
4.738508474576270828e+02
4.743141242937853121e+02
4.748045197740112826e+02
4.753016949152542452e+02
4.757694915254237458e+02
4.761740112994350511e+02
4.765322033898304994e+02
4.768192090395480705e+02
4.770158192090395914e+02
4.771254237288135300e+02
4.771288135593220545e+02
4.770338983050847332e+02
4.768655367231638138e+02
4.766576271186440863e+02
4.764067796610169694e+02
4.761604519774011806e+02
4.759005649717514643e+02
4.756666666666666856e+02
4.754587570621469013e+02
4.752587570621469126e+02
4.750994350282486494e+02
4.749581920903955279e+02
4.748124293785311352e+02
4.747073446327684678e+02
4.746135593220339501e+02
4.745220338983051533e+02
4.744271186440678321e+02
4.743593220338983656e+02
4.743276836158192395e+02
4.743344632768362317e+02
4.742926553672316459e+02
4.741581920903955165e+02
4.739333333333333940e+02
4.735548022598869693e+02
4.730237288135593303e+02
4.723175141242937798e+02
4.715197740112994325e+02
4.706723163841808173e+02
4.697841807909604768e+02
4.688418079096045403e+02
4.678621468926554030e+02
4.668564971751412713e+02
4.658790960451977980e+02
4.649028248587570715e+02
4.639570621468926674e+02
4.630451977401130534e+02
4.621728813559323044e+02
4.613525423728814303e+02
4.605796610169492169e+02
4.598587570621469354e+02
4.592067796610169808e+02
4.586033898305084904e+02
4.580700564971751874e+02
4.576169491525424178e+02
4.572180790960452441e+02
4.568836158192091261e+02
4.566045197740113508e+02
4.563740112994350966e+02
4.561909604519775030e+02
4.561480225988701136e+02
4.562225988700565722e+02
4.564485875706214983e+02
4.567129943502825427e+02
4.570644067796611125e+02
4.575141242937853576e+02
4.580700564971751874e+02
4.587774011299435415e+02
4.596203389830508854e+02
4.606271186440678775e+02
4.617932203389831329e+02
4.629762711864407265e+02
4.641627118644067878e+02
4.653073446327684337e+02
4.663830508474576959e+02
4.674011299435028377e+02
4.683514124293785699e+02
4.692214689265537118e+02
4.700090395480226562e+02
4.707050847457627469e+02
4.713152542372881726e+02
4.718474576271186720e+02
4.723016949152543020e+02
4.727005649717514189e+02
4.730259887005649944e+02
4.732903954802260387e+02
4.734994350282486266e+02
4.736361581920904200e+02
4.737242937853108060e+02
4.737581920903954824e+02
4.737322033898306017e+02
4.736587570621469467e+02
4.736158192090396142e+02
4.737163841807910103e+02
4.739435028248587969e+02
4.742169491525423837e+02
4.745209039548022929e+02
4.748440677966102044e+02
4.751717514124293871e+02
4.754971751412429626e+02
4.757864406779661408e+02
4.760033898305085245e+02
4.761570621468927129e+02
4.762282485875706470e+02
4.761977401129944383e+02
4.760564971751413168e+02
4.758485875706215324e+02
4.755276836158192282e+02
4.751683615819209194e+02
4.747570621468926220e+02
4.743152542372881726e+02
4.738711864406780023e+02
4.734192090395480363e+02
4.729830508474576618e+02
4.725740112994350284e+02
4.721774011299435188e+02
4.718079096045198071e+02
4.714587570621469013e+02
4.711096045197740523e+02
4.707830508474576163e+02
4.704576271186441545e+02
4.701333333333333258e+02
4.698124293785310783e+02
4.695073446327684223e+02
4.692949152542373668e+02
4.692112994350283088e+02
4.692406779661017708e+02
4.693446327683616346e+02
4.693084745762712373e+02
4.691525423728813848e+02
4.688124293785311920e+02
4.683265536723164360e+02
4.677762711864406810e+02
4.671740112994350511e+02
4.665118644067797504e+02
4.658225988700565381e+02
4.650960451977401817e+02
4.643581920903955051e+02
4.636282485875706243e+02
4.629186440677966630e+02
4.622259887005649830e+02
4.615615819209040183e+02
4.609446327683615436e+02
4.603762711864407038e+02
4.598350282485876050e+02
4.593401129943503065e+02
4.588983050847457434e+02
4.584915254237288877e+02
4.581480225988700568e+02
4.578757062146893304e+02
4.576440677966102157e+02
4.574587570621469581e+02
4.573197740112995007e+02
4.572429378531073780e+02
4.573039548022599661e+02
4.574011299435028945e+02
4.575389830508474915e+02
4.577299435028248809e+02
4.580011299435028604e+02
4.583649717514124404e+02
4.588655367231638706e+02
4.595062146892655619e+02
4.602949152542372531e+02
4.612350282485875823e+02
4.623683615819209081e+02
4.636587570621469467e+02
4.649638418079096027e+02
4.662237288135593190e+02
4.674293785310734393e+02
4.685649717514124859e+02
4.696316384180790919e+02
4.706124293785311465e+02
4.715209039548022929e+02
4.723254237288135755e+02
4.730485875706215211e+02
4.736757062146892849e+02
4.742372881355932464e+02
4.747141242937852894e+02
4.751073446327684451e+02
4.754293785310734961e+02
4.757005649717514189e+02
4.758983050847457434e+02
4.760327683615819296e+02
4.760994350282485357e+02
4.761175141242937343e+02
4.760644067796609988e+02
4.759457627118644041e+02
4.757774011299434846e+02
4.756858757062146879e+02
4.757887005649718049e+02
4.760983050847457889e+02
4.764610169491525653e+02
4.768576271186441318e+02
4.772485875706214529e+02
4.776146892655367537e+02
4.779536723163842566e+02
4.782327683615819751e+02
4.784237288135593644e+02
4.785457627118644268e+02
4.785615819209040183e+02
4.784926553672316913e+02
4.783254237288135755e+02
4.781062146892655846e+02
4.778361581920904655e+02
4.775186440677966289e+02
4.772079096045197275e+02
4.768926553672316686e+02
4.765932203389830306e+02
4.763050847457627128e+02
4.760338983050847332e+02
4.758158192090395460e+02
4.756033898305084904e+02
4.754237288135593076e+02
4.752542372881356414e+02
4.751039548022598638e+02
4.749401129943503292e+02
4.747977401129943473e+02
4.746587570621469467e+02
4.745322033898305563e+02
4.745152542372881044e+02
4.745514124293785017e+02
4.745039548022599547e+02
4.743514124293785130e+02
4.740723163841808514e+02
4.736474576271186265e+02
4.730655367231638593e+02
4.724271186440678321e+02
4.717220338983050851e+02
4.709762711864407265e+02
4.701830508474576504e+02
4.693672316384180476e+02
4.685242937853107605e+02
4.676824858757062202e+02
4.668463276836158684e+02
4.660587570621468672e+02
4.653073446327683769e+02
4.645966101694914414e+02
4.639197740112994097e+02
4.632836158192089897e+02
4.627039548022598865e+02
4.621819209039547331e+02
4.617197740112994211e+02
4.613209039548022474e+02
4.609887005649717366e+02
4.607401129943502838e+02
4.605468926553672304e+02
4.603988700564971737e+02
4.603118644067796481e+02
4.602485875706214529e+02
4.602045197740113167e+02
4.602305084745762542e+02
4.603107344632768445e+02
4.604316384180791033e+02
4.606293785310734847e+02
4.609220338983051306e+02
4.613322033898305108e+02
4.618847457627118729e+02
4.625785310734463565e+02
4.634440677966101703e+02
4.644576271186440408e+02
4.655954802259886947e+02
4.667322033898304880e+02
4.678338983050847446e+02
4.688870056497174801e+02
4.698632768361582066e+02
4.707593220338983429e+02
4.715898305084745061e+02
4.723502824858757094e+02
4.730293785310734620e+02
4.736158192090395573e+02
4.741209039548022588e+02
4.745457627118644268e+02
4.749141242937853349e+02
4.751966101694915210e+02
4.754180790960451759e+02
4.755932203389830306e+02
4.756960451977400908e+02
4.757468926553672190e+02
4.757355932203389557e+02
4.756632768361581611e+02
4.755310734463276958e+02
4.755242937853107037e+02
4.756757062146892281e+02
4.759785310734463337e+02
4.763276836158191827e+02
4.767288135593220204e+02
4.771559322033898525e+02
4.775887005649717594e+02
4.780214689265536663e+02
4.784146892655367083e+02
4.787694915254237458e+02
4.790508474576270714e+02
4.792361581920903859e+02
4.793423728813559137e+02
4.793570621468925879e+02
4.792779661016949149e+02
4.790971751412429285e+02
4.788632768361582066e+02
4.785830508474575709e+02
4.782745762711863904e+02
4.779514124293785358e+02
4.776338983050846991e+02
4.773389830508473892e+02
4.770632768361581384e+02
4.767887005649716912e+02
4.765491525423728945e+02
4.763050847457627697e+02
4.760734463276836550e+02
4.758440677966101475e+02
4.756271186440677639e+02
4.754180790960451759e+02
4.751841807909604540e+02
4.749751412429378661e+02
4.748485875706214188e+02
4.748406779661016799e+02
4.749333333333332803e+02
4.749389830508474120e+02
4.748508474576270828e+02
4.746214689265536890e+02
4.742293785310733938e+02
4.736542372881356187e+02
4.729841807909604654e+02
4.722474576271185924e+02
4.714711864406779114e+02
4.706576271186440863e+02
4.698045197740112826e+02
4.689423728813559364e+02
4.680858757062146651e+02
4.672418079096045176e+02
4.664214689265536435e+02
4.656621468926553007e+02
4.649175141242937457e+02
4.642225988700564585e+02
4.635774011299434392e+02
4.629864406779660726e+02
4.624474576271186379e+02
4.619672316384180704e+02
4.615401129943502383e+02
4.611807909604519864e+02
4.609016949152542111e+02
4.606689265536722360e+02
4.604870056497175028e+02
4.604180790960451759e+02
4.604564971751412372e+02
4.605548022598869693e+02
4.606644067796610216e+02
4.608259887005649489e+02
4.610440677966101362e+02
4.613435028248587741e+02
4.617559322033897615e+02
4.622847457627118501e+02
4.629841807909604654e+02
4.638305084745762770e+02
4.648429378531072871e+02
4.660067796610169353e+02
4.673152542372881726e+02
4.685943502824858342e+02
4.698350282485876050e+02
4.709932203389830647e+02
4.720813559322033939e+02
4.730802259887005334e+02
4.739966101694915324e+02
4.748203389830508172e+02
4.755480225988700340e+02
4.761920903954802498e+02
4.767536723163841543e+02
4.772305084745762542e+02
4.776350282485875596e+02
4.779740112994350056e+02
4.782158192090395232e+02
4.784135593220338478e+02
4.785299435028248354e+02
4.785954802259886947e+02
4.785807909604519637e+02
4.785028248587569806e+02
4.783581920903954483e+02
4.782293785310733938e+02
4.782271186440677866e+02
4.784237288135593076e+02
4.787887005649717480e+02
4.791875706214689217e+02
4.796112994350282293e+02
4.800451977401129966e+02
4.804542372881355732e+02
4.808372881355932122e+02
4.811412429378530646e+02
4.814056497175140521e+02
4.815548022598869693e+02
4.816180790960451645e+02
4.815762711864406356e+02
4.814508474576271055e+02
4.812497175141242565e+02
4.809920903954802043e+02
4.807107344632768218e+02
4.803909604519773779e+02
4.800813559322033370e+02
4.797627118644067536e+02
4.794644067796610329e+02
4.792011299435027922e+02
4.789491525423728717e+02
4.787152542372880930e+02
4.784858757062146424e+02
4.782824858757061861e+02
4.780711864406779341e+02
4.778768361581920772e+02
4.776836158192090238e+02
4.774926553672316345e+02
4.773581920903955051e+02
4.773604519774011123e+02
4.774587570621469013e+02
4.774858757062146424e+02
4.774158192090395119e+02
4.772327683615819183e+02
4.768881355932203405e+02
4.763627118644068332e+02
4.757288135593220204e+02
4.750508474576271283e+02
4.743276836158191827e+02
4.735548022598869693e+02
4.727502824858756867e+02
4.719299435028248126e+02
4.711322033898305222e+02
4.703288135593220431e+02
4.695672316384180931e+02
4.688440677966101475e+02
4.681627118644067878e+02
4.675152542372881044e+02
4.669231638418078774e+02
4.663785310734463110e+02
4.659039548022598751e+02
4.654734463276835754e+02
4.651005649717513961e+02
4.648338983050847446e+02
4.646033898305084904e+02
4.644598870056497617e+02
4.643683615819209081e+02
4.643389830508474461e+02
4.643265536723163791e+02
4.643367231638417820e+02
4.643152542372881157e+02
4.643276836158191827e+02
4.643638418079095800e+02
4.644768361581920999e+02
4.646824858757062202e+02
4.650090395480225425e+02
4.654632768361582293e+02
4.660621468926553916e+02
4.668259887005649489e+02
4.677536723163842112e+02
4.688271186440678093e+02
4.700112994350282634e+02
4.711570621468926561e+02
4.722553672316384450e+02
4.732790960451977753e+02
4.742259887005649261e+02
4.750858757062146651e+02
4.758587570621468785e+02
4.765491525423728945e+02
4.771570621468927129e+02
4.776711864406779569e+02
4.781028248587571170e+02
4.784542372881355732e+02
4.787333333333333485e+02
4.789457627118644041e+02
4.790824858757061975e+02
4.791717514124293871e+02
4.792022598870056527e+02
4.791627118644067878e+02
4.790429378531073326e+02
4.789050847457626787e+02
4.789084745762712032e+02
4.790587570621469240e+02
4.793502824858756526e+02
4.797480225988700226e+02
4.802112994350281951e+02
4.806960451977400908e+02
4.811932203389829965e+02
4.816892655367231555e+02
4.821615819209039273e+02
4.825898305084745630e+02
4.829423728813559364e+02
4.832169491525423268e+02
4.834033898305084449e+02
4.834949152542372985e+02
4.835005649717513734e+02
4.834214689265536435e+02
4.832745762711864472e+02
4.830813559322033939e+02
4.828576271186440181e+02
4.826237288135592962e+02
4.823977401129943132e+02
4.821932203389829965e+02
4.819966101694915324e+02
4.818248587570621453e+02
4.816734463276836209e+02
4.815310734463276958e+02
4.813875706214689671e+02
4.812531073446327810e+02
4.811152542372881271e+02
4.809932203389830647e+02
4.808632768361582066e+02
4.807389830508474233e+02
4.806598870056496935e+02
4.807242937853106923e+02
4.807548022598870148e+02
4.807005649717514189e+02
4.805593220338982974e+02
4.802824858757062430e+02
4.798248587570621453e+02
4.792158192090395232e+02
4.784214689265536435e+02
4.775468926553672304e+02
4.766192090395480250e+02
4.756146892655366969e+02
4.745841807909604313e+02
4.735276836158191713e+02
4.724790960451977071e+02
4.714271186440678321e+02
4.703954802259887060e+02
4.694022598870056981e+02
4.684248587570621112e+02
4.674870056497175028e+02
4.665864406779660953e+02
4.657401129943502838e+02
4.649740112994350056e+02
4.642983050847458344e+02
4.637231638418079456e+02
4.632293785310734506e+02
4.628418079096045403e+02
4.625435028248587059e+02
4.623627118644067195e+02
4.622813559322033825e+02
4.623084745762711805e+02
4.624632768361582293e+02
4.627570621468926788e+02
4.631152542372881271e+02
4.635254237288135073e+02
4.640067796610169353e+02
4.645774011299434960e+02
4.652677966101694551e+02
4.660655367231638593e+02
4.670316384180790692e+02
4.681231638418079228e+02
4.693785310734463110e+02
4.706881355932204087e+02
4.719728813559322589e+02
4.732112994350282520e+02
4.743943502824859024e+02
4.755096045197740295e+02
4.765197740112994325e+02
4.774689265536723610e+02
4.783355932203389784e+02
4.790937853107344608e+02
4.797841807909604768e+02
4.803954802259887629e+02
4.809073446327683996e+02
4.813457627118644382e+02
4.817163841807910103e+02
4.820192090395480591e+02
4.822406779661017140e+02
4.824045197740113053e+02
4.825107344632768900e+02
4.825220338983050965e+02
4.824813559322034280e+02
4.823728813559322361e+02
4.823853107344633031e+02
4.825559322033898297e+02
4.828689265536723383e+02
4.832485875706215097e+02
4.836666666666667425e+02
4.841288135593220545e+02
4.846124293785310897e+02
4.850915254237288536e+02
4.855231638418079569e+02
4.859175141242938025e+02
4.862632768361582976e+02
4.865265536723164246e+02
4.867141242937854031e+02
4.868146892655367992e+02
4.868282485875706698e+02
4.867706214689266062e+02
4.866723163841808741e+02
4.865242937853107605e+02
4.863593220338983656e+02
4.861920903954802498e+02
4.860440677966101930e+02
4.859344632768361976e+02
4.858485875706214756e+02
4.857548022598870148e+02
4.856903954802260159e+02
4.856463276836158229e+02
4.856090395480226221e+02
4.855807909604519637e+02
4.855548022598870261e+02
4.855344632768361635e+02
4.855129943502824972e+02
4.854903954802259705e+02
4.854847457627118956e+02
4.854361581920904314e+02
4.853322033898305108e+02
4.851457627118644496e+02
4.848474576271186152e+02
4.843819209039547786e+02
4.837774011299435415e+02
4.830192090395480591e+02
4.821887005649717821e+02
4.812926553672316459e+02
4.803378531073446993e+02
4.793468926553672418e+02
4.783333333333333712e+02
4.773084745762712373e+02
4.762824858757062430e+02
4.752824858757062430e+02
4.743175141242937798e+02
4.733694915254237685e+02
4.724824858757062884e+02
4.716135593220339501e+02
4.708033898305085359e+02
4.700463276836159139e+02
4.693378531073446993e+02
4.687141242937853463e+02
4.681706214689265835e+02
4.676903954802260159e+02
4.672711864406779796e+02
4.669412429378530760e+02
4.667005649717514189e+02
4.665740112994350284e+02
4.665593220338982974e+02
4.666892655367231555e+02
4.668666666666666742e+02
4.670870056497175256e+02
4.673468926553672418e+02
4.676960451977400908e+02
4.681322033898305222e+02
4.686779661016950058e+02
4.693559322033898411e+02
4.701887005649717821e+02
4.711548022598869920e+02
4.722802259887006358e+02
4.735502824858757549e+02
4.748485875706215324e+02
4.760994350282485925e+02
4.773186440677966402e+02
4.784598870056497617e+02
4.795197740112994325e+02
4.805096045197740295e+02
4.814259887005649716e+02
4.822655367231638479e+02
4.830293785310734620e+02
4.836983050847457548e+02
4.842994350282485811e+02
4.848293785310734734e+02
4.852892655367231782e+02
4.856655367231638820e+02
4.859954802259886719e+02
4.862655367231638479e+02
4.864519774011299660e+02
4.865762711864406924e+02
4.866282485875706243e+02
4.866463276836158229e+02
4.867412429378531442e+02
4.868881355932203405e+02
4.871197740112994552e+02
4.873932203389830420e+02
4.877118644067796822e+02
4.880723163841807946e+02
4.884282485875706357e+02
4.887796610169491487e+02
4.890858757062147220e+02
4.893672316384180476e+02
4.895649717514124859e+02
4.896790960451977526e+02
4.897028248587570260e+02
4.896610169491525539e+02
4.895310734463276958e+02
4.893435028248587741e+02
4.891254237288135869e+02
4.888802259887005448e+02
4.886282485875706243e+02
4.883807909604519750e+02
4.881762711864406583e+02
4.879740112994350056e+02
4.877920903954802156e+02
4.876293785310734279e+02
4.874870056497175028e+02
4.873785310734463110e+02
4.872632768361581839e+02
4.871525423728813848e+02
4.870564971751412031e+02
4.869581920903954710e+02
4.868666666666666742e+02
4.867909604519774120e+02
4.867514124293785471e+02
4.867389830508474233e+02
4.866587570621468899e+02
4.864711864406779682e+02
4.861593220338983201e+02
4.856858757062146879e+02
4.850689265536723269e+02
4.843649717514124404e+02
4.835887005649717594e+02
4.827389830508474802e+02
4.818406779661016799e+02
4.808881355932203405e+02
4.799367231638418048e+02
4.789694915254237344e+02
4.780090395480225993e+02
4.770610169491525312e+02
4.761344632768361862e+02
4.752395480225989104e+02
4.743762711864407038e+02
4.735423728813559592e+02
4.727559322033898752e+02
4.720180790960451986e+02
4.713536723163842339e+02
4.707457627118644723e+02
4.702045197740113167e+02
4.697762711864407379e+02
4.694508474576271055e+02
4.692338983050847219e+02
4.691322033898304653e+02
4.691389830508474006e+02
4.692711864406779796e+02
4.695514124293785017e+02
4.698542372881355504e+02
4.702158192090395232e+02
4.706485875706214301e+02
4.711638418079095914e+02
4.717898305084745516e+02
4.725672316384180931e+02
4.734757062146892963e+02
4.745265536723163677e+02
4.757322033898305449e+02
4.770937853107344608e+02
4.784813559322033711e+02
4.798327683615819979e+02
4.811480225988700568e+02
4.824022598870056413e+02
4.835706214689265607e+02
4.846677966101694892e+02
4.856858757062146879e+02
4.866237288135593531e+02
4.874745762711864927e+02
4.882248587570621794e+02
4.889220338983051306e+02
4.895435028248588196e+02
4.900937853107345177e+02
4.905683615819208967e+02
4.909807909604519978e+02
4.913129943502825654e+02
4.915909604519774234e+02
4.917887005649718049e+02
4.919073446327683996e+02
4.919672316384180704e+02
4.919853107344632690e+02
4.920734463276836550e+02
4.922293785310735075e+02
4.924519774011299660e+02
4.927242937853107492e+02
4.930418079096045290e+02
4.933615819209039728e+02
4.937039548022598865e+02
4.940112994350282634e+02
4.942915254237288423e+02
4.945062146892655619e+02
4.946463276836158229e+02
4.947028248587570829e+02
4.946757062146892849e+02
4.945796610169491601e+02
4.944271186440678321e+02
4.942146892655367765e+02
4.939717514124293984e+02
4.937231638418079456e+02
4.934723163841807718e+02
4.932451977401129852e+02
4.930305084745763224e+02
4.928451977401130080e+02
4.926960451977400908e+02
4.925694915254237571e+02
4.924610169491525085e+02
4.923819209039548355e+02
4.923073446327683769e+02
4.922474576271186493e+02
4.921841807909604540e+02
4.921491525423729172e+02
4.921378531073446538e+02
4.921322033898304653e+02
4.921717514124293871e+02
4.921491525423728604e+02
4.919864406779661294e+02
4.917062146892654937e+02
4.913254237288135755e+02
4.908384180790960727e+02
4.902474576271186493e+02
4.895762711864406924e+02
4.888282485875706129e+02
4.879853107344632122e+02
4.871141242937853235e+02
4.861796610169491828e+02
4.852169491525423837e+02
4.842644067796610443e+02
4.832937853107345063e+02
4.823333333333333712e+02
4.814000000000000909e+02
4.804700564971751646e+02
4.795525423728814189e+02
4.786858757062146879e+02
4.778519774011299432e+02
4.770485875706215211e+02
4.763141242937853121e+02
4.756259887005650171e+02
4.749875706214689899e+02
4.744372881355932350e+02
4.739830508474576618e+02
4.736259887005650171e+02
4.733728813559322361e+02
4.732531073446327810e+02
4.732531073446327810e+02
4.733977401129943701e+02
4.737073446327683541e+02
4.741796610169491260e+02
4.747774011299435415e+02
4.754655367231638934e+02
4.762745762711865041e+02
4.772146892655367765e+02
4.783118644067797050e+02
4.794768361581921567e+02
4.806757062146892849e+02
4.818903954802260046e+02
4.830723163841808514e+02
4.842192090395481046e+02
4.853175141242937798e+02
4.863446327683616346e+02
4.873073446327684337e+02
4.882045197740113736e+02
4.890146892655367310e+02
4.897502824858757435e+02
4.904180790960452327e+02
4.910011299435028604e+02
4.915016949152542338e+02
4.919536723163841998e+02
4.923344632768361748e+02
4.926474576271186834e+02
4.928926553672316686e+02
4.930779661016949831e+02
4.931909604519773893e+02
4.932316384180791147e+02
4.932135593220339729e+02
4.932192090395481046e+02
4.933751412429379570e+02
4.935977401129944155e+02
4.938983050847458003e+02
4.942395480225989104e+02
4.946305084745762883e+02
4.950610169491525880e+02
4.954937853107345518e+02
4.959152542372881385e+02
4.963107344632769014e+02
4.966497175141242906e+02
4.969242937853107378e+02
4.971367231638418502e+02
4.972440677966102385e+02
4.972802259887006358e+02
4.972418079096045176e+02
4.971446327683615891e+02
4.970124293785311238e+02
4.968644067796610670e+02
4.966881355932204087e+02
4.965220338983051533e+02
4.963909604519774348e+02
4.962790960451977753e+02
4.961774011299435188e+02
4.961265536723163905e+02
4.961016949152542566e+02
4.960824858757062543e+02
4.960768361581921226e+02
4.960903954802261069e+02
4.961186440677967084e+02
4.961435028248588424e+02
4.961796610169492396e+02
4.962384180790961636e+02
4.963333333333333712e+02
4.963638418079096937e+02
4.962655367231639048e+02
4.960225988700565836e+02
4.956802259887006699e+02
4.952282485875707607e+02
4.946870056497176051e+02
4.940497175141243815e+02
4.933073446327684337e+02
4.925096045197740864e+02
4.916406779661017481e+02
4.907209039548023384e+02
4.897604519774012033e+02
4.887898305084746653e+02
4.878000000000000682e+02
4.868225988700565381e+02
4.858542372881356641e+02
4.849141242937853917e+02
4.839819209039549150e+02
4.830723163841809082e+02
4.821977401129944383e+02
4.813740112994350966e+02
4.805920903954803407e+02
4.798644067796611239e+02
4.792124293785311693e+02
4.786564971751413395e+02
4.782011299435029059e+02
4.778610169491525994e+02
4.776090395480226789e+02
4.774892655367232805e+02
4.775039548022599547e+02
4.776508474576272079e+02
4.779638418079097164e+02
4.784192090395480363e+02
4.789570621468927243e+02
4.795649717514125427e+02
4.802971751412430308e+02
4.811468926553673100e+02
4.821322033898305790e+02
4.832655367231639616e+02
4.845480225988701477e+02
4.858598870056497958e+02
4.871909604519775030e+02
4.884813559322034280e+02
4.897480225988700795e+02
4.909536723163842566e+02
4.921028248587571170e+02
4.931615819209040410e+02
4.941661016949153122e+02
4.950971751412429853e+02
4.959525423728814530e+02
4.967355932203390694e+02
4.974406779661017026e+02
4.980994350282486494e+02
4.986779661016950058e+02
4.992000000000000455e+02
4.996689265536723497e+02
5.000723163841809082e+02
5.004033898305085586e+02
5.006824858757062771e+02
5.008994350282486607e+02
5.010485875706215211e+02
5.011265536723165042e+02
5.011254237288136437e+02
5.011694915254238367e+02
5.012881355932204315e+02
5.014440677966102839e+02
5.016418079096046085e+02
5.018666666666667879e+02
5.020813559322034507e+02
5.022903954802260387e+02
5.024497175141243588e+02
5.025548022598870830e+02
5.025898305084746198e+02
5.025468926553672873e+02
5.024237288135593644e+02
5.022135593220339729e+02
5.019457627118644609e+02
5.016316384180791488e+02
5.012847457627119638e+02
5.009152542372881953e+02
5.005570621468926902e+02
5.002112994350283088e+02
4.998903954802260046e+02
4.995887005649717594e+02
4.993209039548022474e+02
4.990813559322033939e+02
4.988463276836158684e+02
4.986474576271186834e+02
4.984418079096045631e+02
4.982576271186441090e+02
4.980915254237288536e+02
4.979412429378531897e+02
4.977887005649718049e+02
4.976621468926554144e+02
4.976406779661017481e+02
4.976689265536723497e+02
4.976135593220339501e+02
4.974429378531073667e+02
4.971197740112994552e+02
4.966293785310734847e+02
4.960225988700565267e+02
4.953186440677966402e+02
4.945401129943503520e+02
4.936858757062146879e+02
4.927988700564972078e+02
4.918610169491525994e+02
4.908971751412429398e+02
4.899423728813559364e+02
4.890067796610169921e+02
4.880485875706215211e+02
4.871288135593221114e+02
4.862372881355932464e+02
4.853581920903955620e+02
4.845186440677966857e+02
4.837242937853107492e+02
4.829864406779661294e+02
4.822915254237288991e+02
4.816598870056498072e+02
4.810870056497175256e+02
4.805830508474576845e+02
4.801796610169491828e+02
4.798700564971751987e+02
4.796564971751412259e+02
4.795548022598870261e+02
4.795751412429378888e+02
4.797548022598870716e+02
4.800870056497175824e+02
4.805073446327684223e+02
4.810000000000001137e+02
4.815796610169492169e+02
4.822587570621469695e+02
4.831039548022599774e+02
4.840610169491525312e+02
4.851853107344633145e+02
4.864305084745762997e+02
4.876824858757062771e+02
4.889242937853107946e+02
4.901581920903955734e+02
4.913175141242938366e+02
4.924485875706214983e+02
4.935005649717514871e+02
4.944926553672316913e+02
4.954090395480226334e+02
4.962542372881356414e+02
4.970327683615819865e+02
4.977457627118644723e+02
4.983774011299435074e+02
4.989593220338983315e+02
4.994858757062146992e+02
4.999468926553672645e+02
5.003536723163841771e+02
5.006903954802260159e+02
5.009581920903955279e+02
5.011762711864407720e+02
5.013299435028249036e+02
5.014090395480226334e+02
5.014158192090395687e+02
5.014644067796610898e+02
5.015954802259886947e+02
5.017694915254237458e+02
5.020000000000000568e+02
5.022700564971752328e+02
5.025412429378532124e+02
5.028192090395480705e+02
5.030610169491525312e+02
5.032655367231639048e+02
5.034135593220339615e+02
5.034870056497175597e+02
5.034723163841807718e+02
5.033807909604520319e+02
5.032372881355932464e+02
5.030271186440677980e+02
5.027785310734464019e+02
5.025197740112994325e+02
5.022474576271186493e+02
5.019694915254237912e+02
5.017322033898304880e+02
5.015084745762712259e+02
5.013062146892655164e+02
5.011502824858757208e+02
5.010101694915254598e+02
5.008949152542372758e+02
5.007853107344633372e+02
5.006813559322034735e+02
5.005898305084746198e+02
5.005141242937853576e+02
5.004451977401130307e+02
5.003762711864407606e+02
5.003581920903955051e+02
5.003694915254237685e+02
5.004576271186440977e+02
5.005028248587570943e+02
5.004316384180791601e+02
5.002757062146893077e+02
5.000022598870057209e+02
4.996282485875706243e+02
4.991672316384181158e+02
4.986440677966102157e+02
4.980350282485876505e+02
4.973762711864407606e+02
4.966937853107344836e+02
4.959649717514124632e+02
4.952237288135593190e+02
4.944983050847458230e+02
4.937638418079096141e+02
4.930350282485875368e+02
4.923197740112994438e+02
4.916282485875706811e+02
4.909638418079096596e+02
4.903310734463276503e+02
4.897389830508474802e+02
4.891875706214689217e+02
4.886813559322034166e+02
4.882192090395479909e+02
4.878180790960452669e+02
4.874610169491526221e+02
4.871446327683615891e+02
4.869073446327683428e+02
4.868112994350282747e+02
4.868361581920904086e+02
4.870293785310734620e+02
4.873694915254237685e+02
4.878067796610170035e+02
4.883197740112995007e+02
4.889435028248587969e+02
4.897050847457627469e+02
4.905966101694915551e+02
4.916406779661016913e+02
4.928146892655367424e+02
4.940112994350283202e+02
4.952282485875705902e+02
4.963977401129943701e+02
4.975536723163842225e+02
4.986531073446327582e+02
4.996824858757062202e+02
5.006564971751412827e+02
5.015661016949152895e+02
5.023943502824859024e+02
5.031355932203389898e+02
5.038101694915254711e+02
5.044124293785311011e+02
5.049593220338983315e+02
5.054203389830508399e+02
5.058169491525423496e+02
5.061536723163841884e+02
5.064146892655367083e+02
5.066214689265536890e+02
5.067559322033898752e+02
5.068101694915254711e+02
5.068180790960452100e+02
5.067333333333333485e+02
5.067005649717514189e+02
5.068553672316384109e+02
5.071401129943503747e+02
5.074689265536723610e+02
5.078531073446328037e+02
5.082542372881356414e+02
5.086644067796610216e+02
5.090689265536723269e+02
5.094169491525423723e+02
5.097231638418079456e+02
5.099378531073446084e+02
5.100813559322033939e+02
5.101457627118644496e+02
5.101355932203389898e+02
5.100508474576271283e+02
5.099028248587571284e+02
5.097401129943503406e+02
5.095480225988701477e+02
5.093559322033898979e+02
5.091615819209040410e+02
5.089762711864407265e+02
5.088146892655367992e+02
5.086836158192090807e+02
5.085638418079096255e+02
5.084598870056497617e+02
5.083819209039547786e+02
5.082971751412429740e+02
5.082112994350283088e+02
5.081310734463277186e+02
5.080677966101695802e+02
5.080067796610170490e+02
5.079502824858757890e+02
5.079581920903955279e+02
5.079163841807909989e+02
5.077819209039548696e+02
5.075491525423728945e+02
5.071638418079096482e+02
5.066011299435028832e+02
5.059231638418079910e+02
5.051559322033899093e+02
5.043118644067797050e+02
5.034045197740114190e+02
5.024293785310735529e+02
5.014180790960452896e+02
5.004011299435029514e+02
4.993604519774012260e+02
4.983152542372881726e+02
4.972892655367231782e+02
4.962994350282486948e+02
4.953197740112995007e+02
4.943694915254237685e+02
4.934531073446328264e+02
4.925807909604520773e+02
4.917536723163842680e+02
4.909751412429379798e+02
4.902813559322034962e+02
4.896485875706215438e+02
4.890836158192091716e+02
4.886146892655368106e+02
4.882576271186441090e+02
4.879920903954803180e+02
4.878327683615819410e+02
4.878022598870056754e+02
4.879344632768362544e+02
4.882158192090395801e+02
4.885966101694916119e+02
4.890350282485876505e+02
4.895536723163842794e+02
4.901796610169492396e+02
4.909129943502825313e+02
4.917898305084746653e+02
4.928305084745763338e+02
4.939966101694915892e+02
4.952090395480226448e+02
4.964045197740113622e+02
4.975909604519774803e+02
4.987197740112994779e+02
4.997920903954802725e+02
5.008056497175141430e+02
5.017581920903954824e+02
5.026282485875706811e+02
5.034237288135593644e+02
5.041480225988701704e+02
5.048090395480226675e+02
5.053909604519774348e+02
5.059242937853107378e+02
5.063807909604520319e+02
5.067774011299435415e+02
5.071062146892656983e+02
5.073864406779662204e+02
5.076101694915254257e+02
5.077581920903955393e+02
5.078474576271187289e+02
5.078655367231639275e+02
5.079118644067797277e+02
5.080361581920904541e+02
5.082271186440678434e+02
5.084734463276836891e+02
5.087593220338983429e+02
5.090757062146892622e+02
5.094158192090395687e+02
5.097502824858758004e+02
5.100610169491525312e+02
5.103220338983051079e+02
5.105197740112995461e+02
5.106214689265536890e+02
5.106666666666666856e+02
5.106112994350282861e+02
5.104824858757062884e+02
5.102858757062147106e+02
5.100723163841808514e+02
5.098000000000000114e+02
5.095514124293785017e+02
5.092903954802259818e+02
5.090440677966101930e+02
5.088112994350283316e+02
5.086101694915254825e+02
5.084327683615820206e+02
5.082644067796611012e+02
5.081276836158192509e+02
5.079920903954802611e+02
5.078824858757062657e+02
5.077593220338983429e+02
5.076564971751412827e+02
5.075333333333334167e+02
5.074395480225988990e+02
5.073740112994350966e+02
5.073389830508474461e+02
5.073197740112995007e+02
5.071977401129943814e+02
5.069367231638418616e+02
5.065875706214690126e+02
5.061333333333333826e+02
5.055819209039548241e+02
5.049446327683616005e+02
5.042372881355932464e+02
5.034519774011299660e+02
5.026192090395480250e+02
5.017288135593220204e+02
5.008474576271186152e+02
4.999480225988700113e+02
4.990485875706214642e+02
4.981435028248587287e+02
4.972553672316383881e+02
4.963774011299434505e+02
4.955231638418079001e+02
4.947062146892655505e+02
4.939231638418079342e+02
4.931920903954802498e+02
4.925389830508474915e+02
4.919548022598870602e+02
4.914802259887006244e+02
4.910983050847457889e+02
4.908112994350283316e+02
4.906045197740113508e+02
4.905197740112994325e+02
4.905502824858757549e+02
4.907231638418079456e+02
4.910395480225988649e+02
4.914655367231638365e+02
4.919446327683616005e+02
4.925096045197740295e+02
4.931796610169491828e+02
4.939909604519774575e+02
4.949016949152542679e+02
4.959853107344633258e+02
4.972327683615819751e+02
4.985333333333333599e+02
4.998418079096044835e+02
5.011288135593220545e+02
5.023819209039547786e+02
5.035943502824858911e+02
5.047288135593220204e+02
5.057954802259887401e+02
5.068056497175141430e+02
5.077163841807910103e+02
5.085559322033898866e+02
5.093141242937853690e+02
5.100248587570621908e+02
5.106451977401130193e+02
5.112045197740113736e+02
5.116836158192090807e+02
5.121141242937853804e+02
5.124700564971751646e+02
5.127435028248587514e+02
5.129683615819209308e+02
5.131107344632769127e+02
5.131830508474577073e+02
5.131728813559323044e+02
5.131288135593221114e+02
5.132451977401129852e+02
5.134677966101694437e+02
5.137389830508475370e+02
5.140824858757061975e+02
5.144587570621469013e+02
5.148485875706214756e+02
5.152192090395479909e+02
5.155615819209040183e+02
5.158677966101695347e+02
5.161016949152542566e+02
5.162553672316385018e+02
5.163457627118643813e+02
5.163762711864405901e+02
5.163276836158192964e+02
5.162395480225989104e+02
5.161175141242938480e+02
5.159841807909605222e+02
5.158553672316384109e+02
5.157299435028248809e+02
5.156259887005649034e+02
5.155412429378532124e+02
5.154870056497175028e+02
5.154531073446328264e+02
5.154395480225989559e+02
5.154497175141243588e+02
5.154587570621469013e+02
5.154836158192090352e+02
5.155039548022598410e+02
5.155322033898305563e+02
5.155627118644067650e+02
5.156282485875706243e+02
5.156677966101694892e+02
5.155570621468925765e+02
5.153423728813559137e+02
5.150440677966101930e+02
5.145999999999999091e+02
5.140406779661016117e+02
5.133683615819209081e+02
5.126112994350282861e+02
5.117943502824858797e+02
5.108813559322034052e+02
5.099062146892655392e+02
5.089039548022598751e+02
5.078655367231638138e+02
5.067954802259887401e+02
5.057389830508474802e+02
5.046790960451977526e+02
5.036316384180790919e+02
5.025943502824858911e+02
5.015864406779660953e+02
5.006135593220338933e+02
4.996711864406779569e+02
4.987887005649716912e+02
4.979615819209039955e+02
4.972225988700565722e+02
4.965943502824859479e+02
4.960553672316384564e+02
4.955988700564972191e+02
4.952598870056497731e+02
4.950203389830508627e+02
4.948960451977401362e+02
4.948960451977401362e+02
4.950497175141243247e+02
4.953446327683616346e+02
4.957807909604520091e+02
4.962598870056497731e+02
4.968056497175141430e+02
4.974519774011299660e+02
4.982033898305085131e+02
4.990779661016949831e+02
5.001141242937853804e+02
5.012587570621469695e+02
5.025265536723164246e+02
5.038146892655367992e+02
5.050745762711865154e+02
5.063039548022599092e+02
5.074892655367232237e+02
5.086158192090395573e+02
5.096666666666666856e+02
5.106666666666666856e+02
5.115920903954802270e+02
5.124406779661018163e+02
5.132248587570621794e+02
5.139457627118645178e+02
5.146124293785310329e+02
5.152090395480227016e+02
5.156949152542373440e+02
5.161039548022599774e+02
5.164067796610170262e+02
5.166090395480226789e+02
5.167141242937852894e+02
5.167276836158192737e+02
5.166079096045198185e+02
5.165683615819209535e+02
5.166022598870056299e+02
5.167129943502825427e+02
5.168847457627118729e+02
5.171242937853107833e+02
5.174146892655367083e+02
5.177378531073446766e+02
5.180644067796611125e+02
5.183717514124293757e+02
5.186621468926554144e+02
5.188711864406780023e+02
5.190225988700565267e+02
5.191209039548023156e+02
5.191446327683615891e+02
5.191016949152542566e+02
5.190022598870057209e+02
5.188542372881356641e+02
5.186983050847456980e+02
5.185423728813559592e+02
5.183864406779662204e+02
5.182440677966102385e+02
5.181401129943503747e+02
5.180418079096045858e+02
5.179774011299435870e+02
5.179355932203391149e+02
5.179209039548022702e+02
5.179096045197741205e+02
5.179197740112995234e+02
5.179254237288135982e+02
5.179457627118645178e+02
5.179401129943503292e+02
5.179581920903956416e+02
5.180022598870057209e+02
5.180644067796611125e+02
5.180180790960451986e+02
5.178169491525424064e+02
5.175039548022598410e+02
5.170564971751412031e+02
5.165028248587570943e+02
5.158440677966102612e+02
5.150711864406780478e+02
5.142101694915254484e+02
5.132621468926554371e+02
5.122621468926554371e+02
5.112022598870056527e+02
5.101118644067797163e+02
5.090124293785311238e+02
5.078847457627119297e+02
5.067717514124294667e+02
5.056531073446327582e+02
5.045536723163842225e+02
5.034768361581921567e+02
5.024361581920904882e+02
5.014847457627119525e+02
5.006327683615820092e+02
4.998723163841808628e+02
4.992101694915254484e+02
4.986621468926554712e+02
4.982011299435029059e+02
4.978406779661017367e+02
4.975796610169492169e+02
4.974192090395480932e+02
4.973954802259887629e+02
4.975028248587571511e+02
4.977683615819209990e+02
4.982000000000000455e+02
4.987728813559322703e+02
4.994180790960452896e+02
5.001355932203390466e+02
5.009604519774011919e+02
5.019186440677966630e+02
5.030056497175141885e+02
5.042316384180791715e+02
5.055514124293786153e+02
5.068892655367232578e+02
5.082090395480227016e+02
5.095209039548024066e+02
5.107841807909605905e+02
5.119841807909605791e+02
5.131299435028249718e+02
5.142056497175142340e+02
5.152146892655368902e+02
5.161491525423730309e+02
5.170135593220339842e+02
5.177898305084746653e+02
5.185401129943502383e+02
5.191977401129944383e+02
5.197887005649718049e+02
5.203152542372882863e+02
5.207762711864409084e+02
5.211593220338984338e+02
5.214689265536724179e+02
5.217209039548024521e+02
5.218802259887006585e+02
5.219344632768362544e+02
5.219355932203391149e+02
5.220225988700565267e+02
5.221841807909605677e+02
5.224282485875708062e+02
5.227107344632769355e+02
5.230361581920905110e+02
5.233819209039548923e+02
5.237491525423729399e+02
5.240745762711865154e+02
5.243649717514124404e+02
5.245966101694916688e+02
5.247593220338984565e+02
5.248531073446328037e+02
5.248745762711864700e+02
5.248293785310735302e+02
5.247638418079096709e+02
5.246474576271186834e+02
5.245175141242939389e+02
5.243988700564973442e+02
5.242858757062147106e+02
5.241977401129944383e+02
5.241175141242938480e+02
5.240587570621469240e+02
5.240350282485876505e+02
5.240384180790961182e+02
5.240497175141243815e+02
5.240757062146893759e+02
5.241163841807911012e+02
5.241457627118645632e+02
5.241785310734464929e+02
5.242158192090397506e+02
5.242700564971753465e+02
5.243435028248588878e+02
5.244180790960452896e+02
5.243480225988702159e+02
5.241627118644069014e+02
5.238553672316385246e+02
5.234372881355933487e+02
5.229175141242939162e+02
5.222723163841808400e+02
5.215548022598870830e+02
5.207423728813560047e+02
5.198790960451979117e+02
5.189265536723165724e+02
5.179604519774013625e+02
5.169706214689267654e+02
5.159706214689267654e+02
5.149491525423729854e+02
5.139265536723165724e+02
5.129220338983052443e+02
5.119129943502827018e+02
5.109310734463277868e+02
5.099740112994351193e+02
5.090689265536724406e+02
5.082067796610170944e+02
5.074485875706216120e+02
5.067807909604521228e+02
5.062192090395481614e+02
5.057548022598871285e+02
5.053638418079097505e+02
5.051107344632769696e+02
5.049717514124295121e+02
5.049627118644069697e+02
5.050949152542374350e+02
5.053774011299436779e+02
5.058259887005651194e+02
5.064372881355933487e+02
5.071254237288137006e+02
5.079050847457628493e+02
5.088090395480227244e+02
5.098361581920905792e+02
5.110090395480226562e+02
5.122949152542374804e+02
5.136146892655368674e+02
5.149514124293787063e+02
5.162757062146893077e+02
5.175717514124295349e+02
5.188338983050848583e+02
5.200282485875707152e+02
5.211694915254238367e+02
5.222463276836159594e+02
5.232531073446328946e+02
5.241864406779661749e+02
5.250542372881357096e+02
5.258474576271187289e+02
5.266101694915255393e+02
5.272926553672317596e+02
5.279242937853108515e+02
5.284779661016950740e+02
5.289751412429379798e+02
5.293943502824860161e+02
5.296971751412430649e+02
5.298847457627121003e+02
5.299581920903956416e+02
5.298757062146894441e+02
5.298056497175142567e+02
5.298271186440679230e+02
5.299141242937854486e+02
5.300610169491526449e+02
5.302463276836158457e+02
5.304824858757064021e+02
5.307231638418080593e+02
5.309502824858758459e+02
5.311401129943503747e+02
5.312960451977403409e+02
5.313830508474577528e+02
5.313966101694916233e+02
5.313355932203390921e+02
5.312124293785311693e+02
5.310497175141244952e+02
5.308361581920905792e+02
5.306237288135594099e+02
5.303988700564973442e+02
5.301909604519775030e+02
5.299875706214691036e+02
5.298271186440679230e+02
5.296915254237289901e+02
5.295898305084747335e+02
5.295016949152543475e+02
5.294418079096046768e+02
5.294033898305085586e+02
5.293830508474576391e+02
5.293807909604520319e+02
5.293943502824860161e+02
5.294124293785312148e+02
5.294508474576272192e+02
5.295028248587570943e+02
5.295977401129944155e+02
5.297107344632769355e+02
5.296994350282486721e+02
5.295389830508474915e+02
5.292508474576271738e+02
5.288531073446329174e+02
5.283299435028249036e+02
5.277129943502825427e+02
5.269706214689266517e+02
5.261446327683617028e+02
5.252440677966102385e+02
5.242790960451977753e+02
5.232779661016950286e+02
5.222361581920904428e+02
5.211864406779661749e+02
5.201107344632769127e+02
5.190033898305085813e+02
5.179209039548022702e+02
5.168384180790960727e+02
5.157548022598871285e+02
5.147050847457628606e+02
5.137389830508475370e+02
5.128677966101695347e+02
5.121062146892656983e+02
5.114451977401130875e+02
5.108655367231639275e+02
5.103977401129944838e+02
5.100338983050848469e+02
5.097830508474577300e+02
5.096576271186441431e+02
5.096723163841808173e+02
5.098395480225989331e+02
5.101593220338984338e+02
5.106497175141244043e+02
5.113073446327684337e+02
5.121096045197741660e+02
5.130576271186441772e+02
5.141186440677967084e+02
5.152711864406780933e+02
5.164983050847458799e+02
5.177661016949152781e+02
5.190598870056498981e+02
5.203491525423730764e+02
5.216248587570621567e+02
5.228598870056498527e+02
5.240553672316384564e+02
5.251887005649718958e+02
5.262508474576271738e+02
5.272564971751413623e+02
5.281796610169492396e+02
5.290440677966103067e+02
5.298610169491525994e+02
5.306135593220340070e+02
5.312892655367231782e+02
5.319118644067797277e+02
5.324745762711866064e+02
5.329570621468927811e+02
5.333864406779662204e+02
5.337457627118644723e+02
5.340169491525425656e+02
5.341830508474577073e+02
5.342158192090396369e+02
5.341480225988701704e+02
5.341468926553673100e+02
5.342406779661017708e+02
5.344192090395481500e+02
5.346372881355933941e+02
5.349039548022599320e+02
5.351807909604521001e+02
5.354779661016950740e+02
5.357435028248587514e+02
5.359717514124295121e+02
5.361457627118644496e+02
5.362757062146893077e+02
5.363242937853108288e+02
5.363050847457627697e+02
5.362418079096046313e+02
5.361265536723163905e+02
5.359943502824859252e+02
5.358779661016949376e+02
5.357389830508475370e+02
5.356338983050848128e+02
5.355457627118644268e+02
5.354802259887005675e+02
5.354395480225989559e+02
5.354508474576272192e+02
5.354858757062147561e+02
5.355367231638418843e+02
5.356090395480226789e+02
5.357118644067797959e+02
5.358135593220340525e+02
5.359152542372883090e+02
5.360327683615820433e+02
5.361672316384181158e+02
5.363401129943504202e+02
5.364655367231639502e+02
5.364451977401131444e+02
5.363028248587571625e+02
5.360214689265537800e+02
5.356180790960452214e+02
5.350949152542373213e+02
5.344485875706216120e+02
5.337118644067797959e+02
5.328666666666667879e+02
5.319299435028249263e+02
5.309480225988701250e+02
5.299073446327683996e+02
5.288248587570622021e+02
5.277242937853108060e+02
5.266079096045198185e+02
5.254587570621470149e+02
5.243231638418079683e+02
5.231988700564972987e+02
5.220779661016949831e+02
5.209774011299437007e+02
5.199186440677966630e+02
5.189265536723164587e+02
5.180418079096045858e+02
5.172644067796611580e+02
5.165525423728814758e+02
5.159502824858757322e+02
5.154587570621470149e+02
5.150655367231639730e+02
5.147909604519775257e+02
5.146497175141244043e+02
5.146429378531074690e+02
5.148022598870056754e+02
5.151175141242938480e+02
5.156045197740113508e+02
5.162632768361581839e+02
5.170564971751413168e+02
5.180011299435028604e+02
5.190463276836158002e+02
5.201853107344634282e+02
5.213830508474577528e+02
5.226180790960452214e+02
5.238926553672317823e+02
5.251412429378531215e+02
5.263796610169491714e+02
5.275762711864407493e+02
5.287401129943502838e+02
5.298531073446329174e+02
5.309152542372881953e+02
5.319186440677967767e+02
5.328745762711864700e+02
5.337751412429379343e+02
5.346158192090396142e+02
5.354180790960452896e+02
5.361706214689266972e+02
5.368451977401131217e+02
5.374824858757062884e+02
5.380644067796611125e+02
5.385819209039548241e+02
5.389920903954803180e+02
5.393062146892656301e+02
5.394983050847458799e+02
5.395559322033898297e+02
5.394497175141243588e+02
5.393401129943504202e+02
5.393129943502825654e+02
5.393220338983051079e+02
5.393853107344632463e+02
5.394870056497175028e+02
5.396056497175142113e+02
5.397062146892656074e+02
5.397785310734464019e+02
5.398192090395482410e+02
5.397909604519775257e+02
5.396971751412430649e+02
5.395435028248589333e+02
5.393141242937854258e+02
5.390418079096045858e+02
5.387084745762713283e+02
5.383841807909604995e+02
5.380598870056498981e+02
5.377480225988701932e+02
5.374429378531074235e+02
5.371751412429379116e+02
5.369299435028249263e+02
5.367129943502825427e+02
5.365412429378532124e+02
5.363819209039548923e+02
5.362598870056498299e+02
5.361389830508475143e+02
5.360372881355933714e+02
5.359525423728814530e+02
5.358564971751413850e+02
5.357661016949152781e+02
5.357016949152543930e+02
5.356768361581921454e+02
5.357141242937852894e+02
5.358553672316385246e+02
5.358745762711865837e+02
5.357796610169491487e+02
5.355683615819209535e+02
5.352519774011300342e+02
5.348237288135593417e+02
5.343073446327684906e+02
5.337084745762712146e+02
5.330372881355931440e+02
5.323197740112993870e+02
5.315683615819209535e+02
5.307762711864406810e+02
5.299762711864407265e+02
5.291649717514123950e+02
5.283209039548023611e+02
5.274881355932203633e+02
5.266689265536723497e+02
5.258621468926553462e+02
5.250757062146892622e+02
5.243152542372881726e+02
5.235920903954802270e+02
5.229141242937853349e+02
5.222802259887006358e+02
5.217355932203390694e+02
5.212971751412429740e+02
5.209333333333333940e+02
5.206994350282486721e+02
5.205841807909605450e+02
5.205954802259886947e+02
5.207435028248587514e+02
5.210666666666666060e+02
5.215514124293786153e+02
5.221322033898305790e+02
5.227841807909603631e+02
5.235604519774011578e+02
5.244598870056497617e+02
5.254971751412429057e+02
5.267084745762712146e+02
5.279943502824858115e+02
5.293129943502825654e+02
5.306293785310733711e+02
5.319559322033899207e+02
5.332429378531073780e+02
5.344903954802259705e+02
5.356915254237287627e+02
5.368259887005649489e+02
5.378926553672317823e+02
5.389107344632768672e+02
5.398542372881356641e+02
5.407389830508475370e+02
5.415774011299434960e+02
5.423446327683616346e+02
5.430576271186440636e+02
5.437152542372880362e+02
5.443129943502824517e+02
5.448474576271187289e+02
5.453152542372881726e+02
5.456983050847456980e+02
5.459683615819209308e+02
5.461276836158192509e+02
5.461423728813558682e+02
5.460757062146892622e+02
5.460779661016949831e+02
5.461514124293785244e+02
5.462983050847458344e+02
5.464915254237289446e+02
5.467197740112994779e+02
5.469502824858757322e+02
5.471581920903954597e+02
5.473367231638419526e+02
5.474711864406780251e+02
5.475423728813560729e+02
5.475446327683616801e+02
5.474847457627120093e+02
5.473830508474577528e+02
5.472192090395481046e+02
5.470610169491526449e+02
5.468768361581921909e+02
5.466949152542373440e+02
5.465242937853107605e+02
5.463875706214689671e+02
5.462745762711865609e+02
5.461774011299435188e+02
5.461107344632769127e+02
5.460677966101695802e+02
5.460451977401130534e+02
5.460440677966101930e+02
5.460485875706215211e+02
5.460711864406780478e+02
5.460949152542373213e+02
5.461254237288136437e+02
5.461480225988700568e+02
5.462214689265537118e+02
5.463514124293785699e+02
5.465141242937853576e+02
5.465423728813559592e+02
5.464372881355932350e+02
5.462180790960451304e+02
5.458723163841807491e+02
5.454022598870055845e+02
5.448338983050847446e+02
5.441593220338983201e+02
5.433875706214689671e+02
5.425423728813559592e+02
5.416598870056498072e+02
5.407265536723164132e+02
5.397785310734464019e+02
5.387740112994349602e+02
5.377548022598870148e+02
5.367322033898306017e+02
5.357050847457626332e+02
5.346881355932202950e+02
5.336644067796610216e+02
5.326734463276836777e+02
5.316949152542373440e+02
5.307615819209039500e+02
5.298915254237288082e+02
5.290790960451977298e+02
5.283728813559321225e+02
5.277514124293784334e+02
5.272384180790959363e+02
5.268372881355930986e+02
5.265559322033898297e+02
5.264112994350282406e+02
5.264090395480225197e+02
5.265740112994350284e+02
5.268903954802260614e+02
5.273920903954801815e+02
5.280180790960451986e+02
5.287785310734462882e+02
5.296519774011298978e+02
5.306056497175142113e+02
5.316350282485875596e+02
5.326983050847458117e+02
5.337864406779660840e+02
5.348610169491524857e+02
5.359242937853107378e+02
5.369536723163841998e+02
5.379322033898304198e+02
5.388734463276836095e+02
5.397514124293784334e+02
5.405593220338982974e+02
5.413141242937853121e+02
5.420067796610169353e+02
5.426440677966101021e+02
5.432384180790959363e+02
5.437649717514124177e+02
5.442384180790960500e+02
5.446418079096044949e+02
5.450146892655367310e+02
5.453186440677966402e+02
5.455604519774010441e+02
5.457367231638418161e+02
5.458338983050847446e+02
5.458564971751412713e+02
5.459107344632768672e+02
5.460305084745764361e+02
5.462338983050848356e+02
5.464937853107344381e+02
5.468022598870056754e+02
5.471446327683615891e+02
5.475062146892655619e+02
5.478598870056497390e+02
5.481830508474577073e+02
5.484644067796609761e+02
5.486813559322034735e+02
5.488158192090395460e+02
5.488847457627118729e+02
5.488779661016949376e+02
5.488395480225989331e+02
5.487322033898306017e+02
5.486045197740113508e+02
5.484723163841808855e+02
5.483435028248587741e+02
5.482169491525423837e+02
5.481062146892655846e+02
5.480350282485876505e+02
5.479751412429378661e+02
5.479435028248587969e+02
5.479163841807910558e+02
5.479096045197740068e+02
5.479197740112995234e+02
5.479423728813559364e+02
5.479751412429378661e+02
5.480011299435028604e+02
5.480158192090395914e+02
5.480474576271187743e+02
5.481152542372881271e+02
5.482293785310735075e+02
5.483231638418078546e+02
5.482655367231639048e+02
5.481005649717513961e+02
5.478079096045198639e+02
5.473909604519774348e+02
5.468610169491525994e+02
5.462316384180791147e+02
5.454994350282486266e+02
5.447028248587571397e+02
5.438542372881355504e+02
5.429661016949152099e+02
5.420338983050846764e+02
5.410757062146892622e+02
5.400983050847457889e+02
5.391118644067796595e+02
5.381401129943502610e+02
5.371525423728813848e+02
5.361966101694914641e+02
5.352474576271185924e+02
5.343389830508474461e+02
5.335175141242937116e+02
5.327909604519774120e+02
5.321525423728812711e+02
5.316158192090395005e+02
5.311638418079096482e+02
5.308067796610168898e+02
5.305819209039548241e+02
5.304971751412429057e+02
5.305186440677965720e+02
5.306757062146891712e+02
5.309898305084745971e+02
5.314881355932202496e+02
5.321050847457627242e+02
5.328135593220338251e+02
5.336180790960451077e+02
5.345378531073446311e+02
5.356056497175140976e+02
5.368101694915253574e+02
5.380960451977400680e+02
5.394112994350282406e+02
5.407344632768360952e+02
5.420406779661017254e+02
5.433344632768362317e+02
5.445864406779660385e+02
5.457853107344633372e+02
5.469389830508474688e+02
5.480259887005649944e+02
5.490508474576271283e+02
5.500056497175141885e+02
5.509062146892655392e+02
5.517536723163841543e+02
5.525322033898305563e+02
5.532632768361581839e+02
5.539355932203390012e+02
5.545581920903955506e+02
5.551016949152542566e+02
5.555909604519774803e+02
5.560124293785311238e+02
5.563525423728814303e+02
5.565525423728813621e+02
5.566327683615819524e+02
5.565683615819209535e+02
5.565288135593220886e+02
5.565649717514124859e+02
5.566485875706215438e+02
5.567898305084745516e+02
5.569706214689266517e+02
5.571728813559323044e+02
5.573570621468927584e+02
5.574903954802261978e+02
5.575785310734463565e+02
5.576011299435028832e+02
5.575672316384182068e+02
5.574666666666666970e+02
5.573186440677966402e+02
5.571084745762711918e+02
5.568824858757061520e+02
5.566485875706214301e+02
5.564056497175141658e+02
5.561649717514125086e+02
5.559638418079096027e+02
5.557807909604520091e+02
5.556135593220340070e+02
5.554790960451978208e+02
5.553887005649717139e+02
5.552983050847458344e+02
5.552350282485876960e+02
5.551875706214689217e+02
5.551548022598869920e+02
5.551084745762711918e+02
5.550632768361581384e+02
5.550406779661017254e+02
5.550327683615819296e+02
5.550711864406780478e+02
5.550180790960453123e+02
5.548384180790960727e+02
5.545265536723164814e+02
5.541096045197741660e+02
5.535706214689265607e+02
5.529322033898305335e+02
5.521943502824859706e+02
5.513774011299435642e+02
5.504757062146893531e+02
5.495084745762712828e+02
5.484937853107344381e+02
5.474598870056497617e+02
5.463909604519774348e+02
5.453039548022600229e+02
5.442237288135593190e+02
5.431435028248588424e+02
5.420531073446328492e+02
5.409864406779661294e+02
5.399276836158194328e+02
5.389333333333333940e+02
5.380327683615819296e+02
5.372067796610169808e+02
5.364790960451978208e+02
5.358225988700564812e+02
5.352757062146893077e+02
5.348022598870056754e+02
5.344406779661017026e+02
5.341830508474574799e+02
5.340451977401130534e+02
5.340418079096045858e+02
5.342000000000000455e+02
5.344949152542372985e+02
5.349412429378530760e+02
5.355638418079097391e+02
5.363197740112993870e+02
5.371954802259888311e+02
5.381841807909604540e+02
5.392700564971751191e+02
5.404124293785311011e+02
5.416000000000000227e+02
5.428022598870056754e+02
5.440079096045199094e+02
5.451932203389831102e+02
5.463536723163842908e+02
5.474813559322034280e+02
5.485242937853107605e+02
5.495276836158192282e+02
5.504734463276836323e+02
5.513638418079095800e+02
5.521920903954802498e+02
5.529683615819209308e+02
5.536847457627118274e+02
5.543468926553672418e+02
5.549593220338983883e+02
5.555209039548021792e+02
5.559932203389830647e+02
5.563875706214688535e+02
5.566677966101694892e+02
5.568531073446326900e+02
5.569254237288134846e+02
5.568723163841807491e+02
5.567694915254237458e+02
5.567435028248587514e+02
5.568045197740111689e+02
5.569209039548022702e+02
5.571016949152542566e+02
5.573175141242937798e+02
5.575559322033898297e+02
5.578067796610168898e+02
5.580225988700565267e+02
5.582135593220339160e+02
5.583435028248587741e+02
5.583966101694916233e+02
5.584056497175140521e+02
5.583570621468926447e+02
5.582384180790959363e+02
5.581107344632767990e+02
5.579468926553672645e+02
5.577887005649718049e+02
5.576327683615819524e+02
5.574915254237289446e+02
5.573807909604520319e+02
5.572858757062147106e+02
5.572282485875706470e+02
5.571966101694915778e+02
5.571887005649717821e+02
5.572000000000000455e+02
5.572271186440677866e+02
5.572711864406780933e+02
5.573197740112995007e+02
5.573593220338982519e+02
5.574067796610170262e+02
5.574497175141243588e+02
5.575423728813559592e+02
5.576700564971752101e+02
5.578644067796610670e+02
5.579209039548022702e+02
5.578350282485876050e+02
5.576192090395480818e+02
5.572768361581921681e+02
5.568146892655367992e+02
5.562361581920904428e+02
5.555694915254237003e+02
5.548124293785310783e+02
5.539728813559322589e+02
5.530937853107345745e+02
5.521615819209040410e+02
5.512112994350283088e+02
5.502000000000000455e+02
5.491954802259888311e+02
5.481672316384181158e+02
5.471254237288136437e+02
5.460971751412430422e+02
5.450700564971751874e+02
5.441412429378531215e+02
5.432915254237288991e+02
5.425593220338984111e+02
5.419107344632768672e+02
5.413570621468927584e+02
5.408881355932204542e+02
5.405220338983051533e+02
5.402689265536724861e+02
5.401333333333334394e+02
5.401299435028249718e+02
5.402666666666667652e+02
5.405480225988701477e+02
5.410000000000000000e+02
5.416192090395481955e+02
5.423887005649718276e+02
5.432870056497176847e+02
5.442892655367231782e+02
5.454282485875706925e+02
5.466531073446328719e+02
5.479468926553672645e+02
5.492802259887006358e+02
5.506067796610170717e+02
5.519412429378531897e+02
5.532553672316385018e+02
5.545322033898305563e+02
5.557627118644068105e+02
5.569502824858757322e+02
5.580700564971751874e+02
5.591344632768361862e+02
5.601435028248588424e+02
5.610960451977401817e+02
5.619909604519774575e+02
5.628169491525424064e+02
5.635932203389830875e+02
5.643062146892655164e+02
5.649265536723164587e+02
5.654689265536724179e+02
5.658960451977402499e+02
5.662316384180792284e+02
5.664723163841807718e+02
5.665954802259888083e+02
5.665807909604519637e+02
5.664711864406780251e+02
5.664508474576271055e+02
5.665118644067797504e+02
5.666497175141244043e+02
5.668553672316384109e+02
5.670926553672316004e+02
5.673514124293785699e+02
5.676146892655367537e+02
5.678598870056498527e+02
5.680666666666666060e+02
5.682271186440677866e+02
5.683299435028250173e+02
5.683898305084746880e+02
5.683717514124294894e+02
5.683412429378531669e+02
5.682870056497175710e+02
5.682259887005650398e+02
5.681683615819209763e+02
5.681288135593221114e+02
5.680960451977400680e+02
5.680960451977400680e+02
5.681163841807909876e+02
5.681830508474577073e+02
5.682598870056497162e+02
5.683672316384181613e+02
5.684994350282486266e+02
5.686485875706215438e+02
5.687920903954802725e+02
5.689276836158193191e+02
5.690677966101695802e+02
5.692000000000000455e+02
5.693548022598870375e+02
5.695570621468926902e+02
5.696192090395479681e+02
5.695468926553671736e+02
5.693231638418079683e+02
5.689649717514124632e+02
5.684847457627118956e+02
5.678790960451977980e+02
5.671435028248588424e+02
5.663209039548023611e+02
5.654022598870055845e+02
5.643954802259887629e+02
5.633536723163842908e+02
5.622757062146893077e+02
5.611186440677965948e+02
5.599514124293785926e+02
5.587581920903954824e+02
5.575548022598870830e+02
5.563706214689266289e+02
5.551841807909604540e+02
5.540158192090395914e+02
5.529197740112995234e+02
5.519175141242938025e+02
5.510000000000000000e+02
5.501864406779661749e+02
5.494542372881355732e+02
5.488192090395480136e+02
5.482734463276835868e+02
5.478384180790960727e+02
5.475129943502824972e+02
5.473254237288134618e+02
5.472644067796610443e+02
5.473649717514124404e+02
5.476214689265536890e+02
5.480395480225988649e+02
5.486259887005650171e+02
5.493423728813559137e+02
5.502293785310733938e+02
5.512192090395481046e+02
5.523073446327682632e+02
5.534711864406779114e+02
5.546768361581921454e+02
5.559288135593219522e+02
5.571920903954801361e+02
5.584406779661017026e+02
5.596621468926553007e+02
5.608598870056496253e+02
5.619977401129942791e+02
5.630711864406780478e+02
5.641231638418079228e+02
5.651005649717513961e+02
5.660338983050847901e+02
5.668881355932203405e+02
5.676971751412429512e+02
5.684519774011298523e+02
5.691073446327684451e+02
5.696327683615819524e+02
5.700519774011299887e+02
5.703661016949153009e+02
5.705875706214690126e+02
5.707039548022598865e+02
5.707084745762713283e+02
5.705864406779662659e+02
5.704395480225989559e+02
5.703887005649718276e+02
5.704124293785311011e+02
5.705175141242938253e+02
5.706847457627118274e+02
5.709118644067797277e+02
5.711604519774011806e+02
5.714090395480225197e+02
5.716542372881356187e+02
5.718598870056497390e+02
5.720237288135592735e+02
5.721254237288135300e+02
5.721706214689265835e+02
5.721615819209039273e+02
5.721118644067796595e+02
5.720045197740114418e+02
5.718858757062147333e+02
5.717706214689267199e+02
5.716463276836159366e+02
5.715367231638419980e+02
5.714497175141243588e+02
5.713830508474577528e+02
5.713604519774012260e+02
5.713661016949154146e+02
5.713875706214689671e+02
5.714259887005650853e+02
5.714949152542374122e+02
5.715717514124295349e+02
5.716293785310735984e+02
5.717039548022601139e+02
5.717751412429380480e+02
5.718553672316386383e+02
5.719627118644069697e+02
5.721220338983052898e+02
5.722463276836160730e+02
5.722587570621470832e+02
5.721163841807911012e+02
5.718282485875707835e+02
5.714225988700566177e+02
5.708813559322036326e+02
5.702214689265538254e+02
5.694508474576273329e+02
5.686033898305086041e+02
5.676677966101696029e+02
5.666587570621470604e+02
5.656112994350285135e+02
5.645062146892657893e+02
5.633717514124296031e+02
5.622248587570622931e+02
5.610372881355933714e+02
5.598395480225989331e+02
5.586564971751413395e+02
5.575615819209041319e+02
5.565672316384182068e+02
5.556870056497177757e+02
5.549016949152544385e+02
5.542090395480227016e+02
5.536022598870058573e+02
5.531107344632769127e+02
5.527141242937855168e+02
5.524203389830510105e+02
5.522587570621469695e+02
5.522406779661018845e+02
5.523683615819211354e+02
5.526610169491526676e+02
5.531209039548023156e+02
5.537446327683617255e+02
5.545344632768362771e+02
5.554768361581922136e+02
5.565649717514124859e+02
5.577457627118644723e+02
5.590293785310735757e+02
5.603728813559323498e+02
5.617604519774013170e+02
5.631683615819210900e+02
5.645819209039549378e+02
5.659751412429379798e+02
5.673570621468928721e+02
5.686881355932205224e+02
5.699683615819210445e+02
5.711954802259888311e+02
5.723706214689266289e+02
5.734937853107346655e+02
5.745604519774012715e+02
5.755627118644069924e+02
5.765265536723165951e+02
5.774225988700566177e+02
5.782610169491526904e+02
5.790192090395482865e+02
5.796892655367232692e+02
5.802338983050848356e+02
5.806745762711865382e+02
5.810067796610170490e+02
5.812429378531073780e+02
5.812983050847458344e+02
5.811977401129945520e+02
5.810338983050849038e+02
5.809265536723164587e+02
5.809050847457629061e+02
5.809480225988702387e+02
5.810248587570622476e+02
5.811367231638420208e+02
5.812338983050849492e+02
5.813220338983053352e+02
5.813762711864408175e+02
5.813864406779662204e+02
5.813412429378532806e+02
5.812553672316386155e+02
5.810971751412430422e+02
5.809288135593221796e+02
5.807231638418080593e+02
5.805186440677966857e+02
5.803231638418080820e+02
5.801525423728814985e+02
5.799977401129945065e+02
5.798779661016950513e+02
5.797988700564972078e+02
5.797649717514125314e+02
5.797672316384182523e+02
5.797864406779661977e+02
5.798395480225990468e+02
5.799016949152543248e+02
5.799830508474576618e+02
5.800677966101695802e+02
5.801615819209039273e+02
5.802745762711865609e+02
5.804124293785312148e+02
5.805740112994351421e+02
5.808282485875706698e+02
5.810000000000000000e+02
5.810316384180791829e+02
5.809129943502825881e+02
5.806610169491525539e+02
5.802757062146893077e+02
5.797581920903955961e+02
5.791254237288136437e+02
5.784045197740114190e+02
5.775920903954802270e+02
5.766836158192090807e+02
5.757423728813560047e+02
5.747242937853108060e+02
5.736870056497175483e+02
5.726067796610169580e+02
5.714949152542374122e+02
5.703740112994350966e+02
5.692372881355934169e+02
5.681028248587571170e+02
5.669604519774011351e+02
5.658903954802260614e+02
5.649073446327685133e+02
5.640248587570622476e+02
5.632429378531073780e+02
5.625672316384182068e+02
5.619728813559322589e+02
5.614870056497176165e+02
5.611039548022599774e+02
5.608418079096045403e+02
5.607152542372882635e+02
5.607310734463277413e+02
5.609073446327683996e+02
5.612576271186442227e+02
5.617807909604521228e+02
5.624655367231639502e+02
5.632768361581921681e+02
5.642146892655367765e+02
5.652677966101696256e+02
5.663853107344633599e+02
5.675717514124295349e+02
5.687909604519775257e+02
5.700237288135593872e+02
5.712610169491526904e+02
5.724779661016949603e+02
5.736689265536724633e+02
5.748056497175142567e+02
5.759231638418079910e+02
5.769706214689266517e+02
5.779615819209041092e+02
5.789435028248587969e+02
5.798406779661017936e+02
5.806870056497176620e+02
5.814937853107344381e+02
5.822632768361582976e+02
5.829175141242938025e+02
5.834553672316385473e+02
5.838915254237289219e+02
5.842000000000000455e+02
5.844271186440678321e+02
5.845265536723164814e+02
5.844937853107344381e+02
5.842926553672317596e+02
5.841435028248588424e+02
5.840553672316384564e+02
5.840338983050849038e+02
5.840881355932203860e+02
5.841966101694915778e+02
5.843299435028250173e+02
5.844858757062147561e+02
5.846316384180792056e+02
5.847491525423729399e+02
5.848293785310735302e+02
5.848508474576271965e+02
5.848271186440678093e+02
5.847355932203390694e+02
5.846180790960452214e+02
5.844858757062147561e+02
5.843322033898306245e+02
5.841796610169492396e+02
5.840395480225989786e+02
5.839118644067797277e+02
5.838180790960452669e+02
5.837796610169492624e+02
5.837661016949153918e+02
5.837841807909605905e+02
5.838406779661017936e+02
5.839265536723164587e+02
5.840350282485876505e+02
5.841661016949153691e+02
5.843118644067798186e+02
5.844531073446328264e+02
5.846158192090396142e+02
5.847875706214689444e+02
5.849785310734463337e+02
5.852259887005650398e+02
5.855062146892655619e+02
5.856406779661017481e+02
5.856192090395480818e+02
5.854610169491526221e+02
5.851593220338984338e+02
5.847220338983051988e+02
5.841638418079097619e+02
5.835005649717514871e+02
5.827604519774013170e+02
5.819389830508475825e+02
5.810192090395480591e+02
5.800463276836158002e+02
5.790282485875707152e+02
5.779751412429378661e+02
5.768824858757062657e+02
5.757593220338983429e+02
5.746361581920905337e+02
5.734745762711866064e+02
5.723310734463277640e+02
5.711954802259888311e+02
5.701299435028249718e+02
5.691762711864407720e+02
5.682971751412430876e+02
5.675186440677967994e+02
5.668282485875707835e+02
5.662587570621469695e+02
5.657807909604521228e+02
5.654214689265538709e+02
5.652045197740114872e+02
5.651423728813560956e+02
5.652429378531074917e+02
5.655050847457628151e+02
5.659299435028249263e+02
5.665265536723165951e+02
5.672723163841809537e+02
5.681672316384182295e+02
5.691672316384182295e+02
5.702779661016950286e+02
5.714723163841808855e+02
5.727107344632770491e+02
5.739717514124295121e+02
5.752553672316386155e+02
5.765412429378533261e+02
5.777898305084747790e+02
5.790282485875708289e+02
5.802225988700565722e+02
5.813864406779662204e+02
5.824937853107345518e+02
5.835740112994351421e+02
5.845954802259889220e+02
5.855672316384182068e+02
5.865028248587573216e+02
5.874011299435029514e+02
5.882553672316385018e+02
5.890101694915255166e+02
5.896621468926555281e+02
5.902079096045199549e+02
5.906666666666667425e+02
5.910090395480226562e+02
5.912271186440679003e+02
5.913209039548023611e+02
5.912564971751413623e+02
5.910000000000002274e+02
5.908429378531075145e+02
5.907457627118644723e+02
5.907129943502826563e+02
5.907084745762713283e+02
5.907446327683617255e+02
5.907853107344633372e+02
5.908033898305086495e+02
5.907830508474577300e+02
5.907220338983051988e+02
5.906180790960453351e+02
5.904542372881358006e+02
5.902316384180792284e+02
5.899932203389831784e+02
5.897254237288136665e+02
5.894621468926554826e+02
5.891943502824860843e+02
5.889367231638419753e+02
5.887005649717515325e+02
5.884983050847458799e+02
5.883231638418080820e+02
5.881796610169492396e+02
5.880711864406780478e+02
5.879920903954803180e+02
5.879310734463277868e+02
5.879073446327685133e+02
5.878903954802261751e+02
5.878632768361583203e+02
5.878440677966102612e+02
5.878372881355933259e+02
5.878338983050848583e+02
5.878779661016950513e+02
5.879932203389830647e+02
5.881954802259888311e+02
5.883378531073446993e+02
5.883355932203390921e+02
5.882271186440677866e+02
5.879717514124295121e+02
5.875751412429380025e+02
5.870802259887007040e+02
5.864734463276837459e+02
5.857887005649718049e+02
5.850372881355933714e+02
5.842146892655368902e+02
5.833401129943504202e+02
5.824169491525424291e+02
5.814757062146893531e+02
5.804949152542374122e+02
5.795163841807911922e+02
5.784983050847458799e+02
5.774700564971753920e+02
5.764508474576273329e+02
5.754384180790962091e+02
5.744824858757062884e+02
5.736214689265538027e+02
5.728576271186441318e+02
5.721706214689266972e+02
5.715706214689266744e+02
5.710621468926555053e+02
5.706711864406781842e+02
5.703841807909604995e+02
5.702259887005651535e+02
5.702316384180792284e+02
5.704011299435029514e+02
5.707265536723165269e+02
5.712146892655368902e+02
5.718576271186442455e+02
5.726282485875707380e+02
5.735367231638419980e+02
5.745412429378532124e+02
5.756384180790962546e+02
5.767887005649718049e+02
5.779819209039549150e+02
5.792045197740113736e+02
5.804259887005650853e+02
5.816361581920905337e+02
5.828169491525425201e+02
5.839491525423729854e+02
5.850598870056497844e+02
5.861016949152542566e+02
5.871062146892656983e+02
5.880757062146892622e+02
5.889774011299435870e+02
5.898293785310734165e+02
5.906497175141244043e+02
5.914090395480227471e+02
5.921254237288136437e+02
5.927898305084746653e+02
5.934000000000000909e+02
5.939548022598871739e+02
5.944045197740114190e+02
5.947412429378531442e+02
5.949570621468927811e+02
5.950067796610170490e+02
5.948689265536725088e+02
5.947740112994351875e+02
5.947661016949153918e+02
5.948067796610171172e+02
5.948960451977402499e+02
5.950327683615820433e+02
5.952045197740114872e+02
5.953559322033900116e+02
5.954734463276836323e+02
5.955694915254238140e+02
5.955841807909605450e+02
5.955536723163842225e+02
5.954892655367232237e+02
5.953706214689266289e+02
5.952112994350283088e+02
5.950474576271187743e+02
5.948824858757061520e+02
5.947231638418079456e+02
5.945785310734463565e+02
5.944711864406779114e+02
5.943830508474577528e+02
5.943412429378531669e+02
5.943220338983051079e+02
5.943423728813559137e+02
5.943887005649717139e+02
5.944395480225988422e+02
5.945242937853107605e+02
5.946090395480225652e+02
5.946903954802260159e+02
5.947717514124294667e+02
5.948813559322034052e+02
5.950203389830508058e+02
5.952022598870056527e+02
5.954553672316385473e+02
5.957446327683616119e+02
5.959016949152542111e+02
5.959118644067797277e+02
5.957672316384181386e+02
5.954960451977401590e+02
5.950983050847457889e+02
5.945909604519774803e+02
5.939943502824858115e+02
5.933062146892655164e+02
5.925491525423728945e+02
5.917118644067796822e+02
5.908406779661017936e+02
5.899254237288135982e+02
5.889581920903955279e+02
5.879638418079096027e+02
5.869435028248587969e+02
5.858971751412429967e+02
5.848598870056497390e+02
5.838214689265537345e+02
5.827898305084745516e+02
5.817853107344633372e+02
5.808463276836157547e+02
5.799966101694915324e+02
5.792440677966101248e+02
5.785807909604519637e+02
5.780271186440677411e+02
5.775785310734463565e+02
5.772610169491525767e+02
5.771005649717513961e+02
5.770881355932203860e+02
5.772610169491525767e+02
5.775774011299433823e+02
5.780531073446327355e+02
5.786892655367231555e+02
5.794644067796609761e+02
5.803706214689264016e+02
5.813683615819209081e+02
5.824440677966101703e+02
5.835762711864406356e+02
5.847412429378530305e+02
5.859310734463276731e+02
5.871231638418079228e+02
5.883050847457627697e+02
5.894497175141242451e+02
5.905502824858756412e+02
5.916033898305083767e+02
5.926327683615818387e+02
5.936158192090395005e+02
5.945480225988699203e+02
5.954271186440678321e+02
5.962542372881355277e+02
5.970451977401129398e+02
5.977875706214688307e+02
5.984870056497175028e+02
5.991288135593219977e+02
5.996949152542372303e+02
6.001751412429379116e+02
6.005502824858756412e+02
6.008079096045197502e+02
6.009288135593219522e+02
6.008870056497173664e+02
6.007559322033897615e+02
6.007129943502825427e+02
6.007446327683614982e+02
6.008395480225988194e+02
6.009706214689265380e+02
6.011220338983050624e+02
6.012858757062145969e+02
6.014372881355932350e+02
6.015593220338982974e+02
6.016282485875706243e+02
6.016384180790960272e+02
6.016056497175140976e+02
6.015322033898304426e+02
6.014112994350282406e+02
6.012553672316383881e+02
6.010949152542373213e+02
6.009288135593219522e+02
6.007638418079095572e+02
6.006248587570621567e+02
6.005118644067797504e+02
6.004418079096044494e+02
6.003853107344632463e+02
6.003728813559322361e+02
6.003785310734464247e+02
6.003898305084745743e+02
6.004327683615820206e+02
6.004915254237289446e+02
6.005401129943503520e+02
6.005898305084746198e+02
6.006406779661017481e+02
6.007073446327683541e+02
6.008056497175141430e+02
6.009694915254237912e+02
6.010587570621469240e+02
6.010124293785311238e+02
6.008158192090395460e+02
6.004745762711864927e+02
5.999977401129943928e+02
5.993875706214689671e+02
5.986677966101694892e+02
5.978485875706214756e+02
5.969276836158192054e+02
5.959389830508473551e+02
5.948892655367232010e+02
5.937875706214690581e+02
5.926395480225990013e+02
5.914542372881355732e+02
5.902372881355933032e+02
5.890033898305084676e+02
5.877581920903954824e+02
5.865242937853107605e+02
5.853751412429378433e+02
5.843096045197740978e+02
5.833457627118643813e+02
5.824700564971751646e+02
5.816802259887006130e+02
5.809807909604519409e+02
5.803785310734463110e+02
5.798870056497174801e+02
5.794903954802259705e+02
5.791977401129943246e+02
5.790451977401129398e+02
5.790485875706214074e+02
5.792033898305085131e+02
5.795344632768361635e+02
5.800180790960451986e+02
5.806757062146893986e+02
5.814576271186440408e+02
5.823774011299434505e+02
5.833853107344633599e+02
5.844858757062147561e+02
5.856542372881356187e+02
5.868711864406780023e+02
5.880983050847457889e+02
5.893367231638417252e+02
5.905762711864406356e+02
5.917694915254237458e+02
5.929412429378530760e+02
5.940779661016949831e+02
5.951604519774011806e+02
5.962045197740112599e+02
5.971954802259888311e+02
5.981389830508474006e+02
5.990485875706215211e+02
5.999005649717514643e+02
6.007197740112994779e+02
6.014870056497175028e+02
6.021604519774011806e+02
6.027288135593220204e+02
6.031966101694915778e+02
6.035717514124294212e+02
6.038519774011299432e+02
6.040124293785311238e+02
6.040169491525423382e+02
6.038192090395480136e+02
6.036621468926554144e+02
6.035694915254238140e+02
6.035638418079097391e+02
6.035920903954802270e+02
6.036689265536724633e+02
6.037491525423729399e+02
6.038338983050848583e+02
6.038881355932204542e+02
6.038983050847458571e+02
6.038700564971752556e+02
6.037740112994350739e+02
6.036395480225990013e+02
6.034474576271186379e+02
6.032406779661018845e+02
6.030033898305084676e+02
6.027593220338983429e+02
6.025152542372882181e+02
6.022824858757062430e+02
6.020836158192090579e+02
6.019186440677967767e+02
6.017920903954802725e+02
6.016870056497175483e+02
6.016112994350282861e+02
6.015774011299436097e+02
6.015581920903955506e+02
6.015604519774011578e+02
6.015536723163843362e+02
6.015559322033899434e+02
6.015559322033898297e+02
6.015728813559321679e+02
6.016011299435028832e+02
6.016836158192090807e+02
6.018248587570622021e+02
6.020915254237288536e+02
6.022587570621469695e+02
6.022937853107345063e+02
6.021920903954803634e+02
6.019615819209041092e+02
6.016090395480225652e+02
6.011525423728814985e+02
6.006124293785311465e+02
6.000079096045199094e+02
5.993299435028249036e+02
5.985887005649717594e+02
5.978079096045198639e+02
5.969717514124293984e+02
5.961254237288136437e+02
5.952395480225989104e+02
5.943412429378531669e+02
5.934282485875705788e+02
5.925197740112994325e+02
5.916214689265536890e+02
5.907412429378530305e+02
5.898960451977400226e+02
5.891163841807908739e+02
5.884124293785309874e+02
5.877954802259887401e+02
5.872779661016949149e+02
5.868610169491525994e+02
5.865570621468926902e+02
5.863672316384180476e+02
5.863231638418078546e+02
5.864192090395480363e+02
5.866745762711864245e+02
5.871016949152542566e+02
5.876892655367230418e+02
5.884079096045197730e+02
5.892813559322033825e+02
5.902655367231637911e+02
5.913423728813559137e+02
5.924983050847457662e+02
5.937062146892654937e+02
5.949514124293784789e+02
5.961943502824858570e+02
5.974610169491525085e+02
5.987073446327683541e+02
5.999344632768361407e+02
6.011084745762711918e+02
6.022451977401129852e+02
6.033502824858757094e+02
6.043988700564971168e+02
6.054011299435028377e+02
6.063525423728813166e+02
6.072632768361581839e+02
6.081265536723163905e+02
6.089129943502824744e+02
6.096022598870056299e+02
6.102033898305083994e+02
6.107028248587570260e+02
6.111209039548023156e+02
6.114305084745762997e+02
6.116508474576271510e+02
6.117344632768360952e+02
6.116644067796610216e+02
6.114655367231637229e+02
6.113435028248586605e+02
6.112937853107343926e+02
6.113276836158191827e+02
6.114203389830508968e+02
6.115367231638417707e+02
6.116587570621468331e+02
6.117909604519772984e+02
6.119005649717514643e+02
6.119593220338983883e+02
6.119774011299434733e+02
6.119468926553672645e+02
6.118745762711864700e+02
6.117683615819207716e+02
6.116497175141242906e+02
6.115254237288135073e+02
6.113887005649717139e+02
6.112926553672315322e+02
6.112135593220339160e+02
6.111615819209039273e+02
6.111401129943502610e+02
6.111649717514123950e+02
6.112146892655366628e+02
6.112937853107343926e+02
6.114180790960451759e+02
6.115310734463276958e+02
6.116519774011298978e+02
6.117853107344633372e+02
6.119005649717513506e+02
6.120180790960451986e+02
6.121514124293785244e+02
6.123107344632768445e+02
6.125288135593220886e+02
6.127299435028248809e+02
6.127570621468926220e+02
6.126384180790960272e+02
6.123943502824859024e+02
6.119943502824858115e+02
6.114689265536724179e+02
6.108180790960451532e+02
6.100508474576270146e+02
6.091819209039547331e+02
6.082395480225989104e+02
6.072180790960451304e+02
6.061480225988700568e+02
6.050079096045197957e+02
6.038248587570622021e+02
6.026158192090395005e+02
6.013593220338982519e+02
6.000915254237287400e+02
5.988248587570620884e+02
5.976451977401128488e+02
5.965593220338982974e+02
5.955581920903954369e+02
5.946700564971750964e+02
5.938531073446326900e+02
5.931084745762711918e+02
5.924689265536723042e+02
5.919186440677965493e+02
5.914779661016948467e+02
5.911435028248587287e+02
5.909423728813559364e+02
5.908870056497173664e+02
5.909954802259885582e+02
5.912587570621468558e+02
5.916757062146891712e+02
5.922655367231637911e+02
5.929875706214688762e+02
5.938384180790959590e+02
5.948045197740111689e+02
5.958621468926553462e+02
5.969853107344631553e+02
5.981525423728812711e+02
5.993570621468925310e+02
6.005559322033898297e+02
6.017548022598869011e+02
6.029355932203388875e+02
6.040779661016947557e+02
6.051966101694914641e+02
6.062497175141241996e+02
6.072734463276834731e+02
6.082395480225987967e+02
6.091649717514123950e+02
6.100395480225987512e+02
6.108598870056496253e+02
6.116463276836157092e+02
6.123096045197739841e+02
6.128757062146892167e+02
6.133084745762710099e+02
6.136485875706214301e+02
6.138644067796608397e+02
6.139830508474575481e+02
6.139570621468924401e+02
6.137932203389830192e+02
6.136158192090395005e+02
6.135254237288133936e+02
6.135288135593219749e+02
6.136112994350281724e+02
6.137480225988699658e+02
6.139276836158192054e+02
6.141627118644066741e+02
6.143683615819207944e+02
6.145740112994349147e+02
6.147412429378530305e+02
6.148711864406778886e+02
6.149570621468926674e+02
6.149864406779661294e+02
6.149875706214688762e+02
6.149412429378530760e+02
6.148881355932202268e+02
6.148282485875705561e+02
6.147661016949151644e+02
6.147265536723164132e+02
6.147050847457626332e+02
6.147152542372880362e+02
6.147446327683614982e+02
6.148135593220338251e+02
6.149050847457626787e+02
6.150395480225988649e+02
6.151853107344632008e+02
6.153367231638417252e+02
6.155028248587569806e+02
6.156531073446327582e+02
6.158124293785310783e+02
6.159604519774011351e+02
6.161265536723162768e+02
6.163220338983051079e+02
6.165966101694914414e+02
6.169028248587569578e+02
6.170429378531073326e+02
6.170203389830508058e+02
6.168564971751411576e+02
6.165401129943502383e+02
6.160926553672316004e+02
6.155209039548021792e+02
6.148395480225988194e+02
6.140440677966100793e+02
6.131683615819208626e+02
6.121988700564970713e+02
6.111909604519773893e+02
6.101141242937852667e+02
6.090135593220338706e+02
6.078451977401130080e+02
6.066598870056496935e+02
6.054485875706213847e+02
6.042158192090395232e+02
6.030519774011299887e+02
6.020045197740112144e+02
6.010519774011299887e+02
6.001966101694915778e+02
5.994169491525424291e+02
5.987491525423729399e+02
5.981649717514123950e+02
5.976734463276836777e+02
5.973129943502824517e+02
5.970768361581921226e+02
5.969898305084745971e+02
5.970621468926553916e+02
5.972949152542373668e+02
5.977050847457626332e+02
5.982847457627118501e+02
5.990124293785311238e+02
5.998870056497174801e+02
6.008892655367232010e+02
6.020056497175140748e+02
6.032011299435027922e+02
6.044745762711863790e+02
6.057762711864405674e+02
6.071073446327682177e+02
6.084429378531071961e+02
6.097966101694914869e+02
6.111152542372881271e+02
6.123830508474575254e+02
6.136485875706214301e+02
6.148598870056496253e+02
6.160248587570620202e+02
6.171423728813558682e+02
6.182124293785310556e+02
6.192384180790959363e+02
6.202259887005649261e+02
6.211197740112993415e+02
6.219039548022599320e+02
6.225796610169491032e+02
6.231694915254236093e+02
6.236451977401129625e+02
6.240463276836158002e+02
6.243220338983051079e+02
6.244757062146892395e+02
6.244564971751411804e+02
6.242519774011299205e+02
6.240338983050846764e+02
6.239039548022599320e+02
6.238508474576270828e+02
6.238474576271186152e+02
6.238926553672315549e+02
6.239649717514123495e+02
6.240237288135592735e+02
6.240711864406779341e+02
6.240892655367231328e+02
6.240610169491525312e+02
6.239932203389830647e+02
6.238768361581920772e+02
6.237344632768360952e+02
6.235864406779661522e+02
6.234271186440678321e+02
6.232689265536723724e+02
6.231310734463277186e+02
6.230203389830509195e+02
6.229367231638418616e+02
6.228881355932203405e+02
6.228790960451979117e+02
6.229152542372883090e+02
6.229807909604520546e+02
6.230768361581922363e+02
6.231740112994350511e+02
6.232960451977403409e+02
6.234338983050847673e+02
6.235728813559322816e+02
6.237039548022600002e+02
6.238474576271187289e+02
6.240293785310735757e+02
6.242621468926554371e+02
6.244564971751412941e+02
6.244813559322035417e+02
6.243762711864408175e+02
6.241129943502826336e+02
6.237073446327683541e+02
6.231627118644069014e+02
6.224949152542372985e+02
6.217322033898306017e+02
6.208531073446329174e+02
6.198847457627119866e+02
6.188497175141244497e+02
6.177514124293786608e+02
6.165966101694916688e+02
6.153977401129944838e+02
6.141423728813560956e+02
6.128700564971752556e+02
6.115887005649718731e+02
6.102802259887006358e+02
6.090406779661018390e+02
6.079276836158193191e+02
6.068915254237289219e+02
6.059367231638418616e+02
6.050711864406780478e+02
6.043005649717515553e+02
6.036271186440678775e+02
6.030497175141243815e+02
6.025807909604520773e+02
6.022271186440677866e+02
6.020293785310734620e+02
6.019717514124295121e+02
6.020802259887007040e+02
6.023491525423729627e+02
6.027932203389831329e+02
6.034056497175142795e+02
6.041853107344633145e+02
6.050734463276837687e+02
6.060937853107344608e+02
6.072203389830508513e+02
6.084203389830508968e+02
6.096644067796610216e+02
6.109627118644068560e+02
6.122768361581921681e+02
6.135853107344632917e+02
6.148903954802260614e+02
6.161785310734463792e+02
6.174271186440678321e+02
6.186553672316383654e+02
6.198384180790960727e+02
6.209853107344633827e+02
6.220892655367232464e+02
6.231593220338984338e+02
6.241853107344633145e+02
6.250711864406779341e+02
6.258305084745763907e+02
6.264508474576271055e+02
6.269627118644068560e+02
6.273796610169492851e+02
6.276802259887006130e+02
6.278463276836158684e+02
6.279073446327683996e+02
6.278079096045198639e+02
6.275197740112994325e+02
6.271988700564972987e+02
6.269548022598870602e+02
6.268022598870056754e+02
6.267039548022598865e+02
6.266598870056498072e+02
6.266327683615820661e+02
6.266237288135594099e+02
6.265932203389830875e+02
6.265457627118644268e+02
6.264519774011299660e+02
6.263242937853108288e+02
6.261683615819209763e+02
6.259593220338983883e+02
6.257299435028248809e+02
6.254994350282486266e+02
6.252621468926554371e+02
6.250350282485876505e+02
6.248361581920905792e+02
6.246779661016951195e+02
6.245435028248589333e+02
6.244531073446328264e+02
6.243932203389831557e+02
6.243932203389831557e+02
6.244282485875708062e+02
6.244915254237289446e+02
6.245672316384182068e+02
6.246632768361582748e+02
6.247525423728815213e+02
6.248610169491527131e+02
6.249694915254239049e+02
6.251107344632769127e+02
6.252881355932204315e+02
6.255502824858758686e+02
6.258949152542373895e+02
6.262293785310736212e+02
6.264316384180792738e+02
6.264564971751414078e+02
6.263457627118646087e+02
6.260903954802261069e+02
6.256881355932205224e+02
6.251954802259888311e+02
6.245706214689266744e+02
6.238621468926554599e+02
6.230655367231638593e+02
6.221887005649718958e+02
6.212316384180792284e+02
6.202282485875707607e+02
6.191751412429380252e+02
6.180779661016949831e+02
6.169412429378531897e+02
6.157807909604521228e+02
6.146000000000001364e+02
6.134621468926554826e+02
6.124214689265536435e+02
6.114519774011300797e+02
6.105807909604520773e+02
6.098011299435029287e+02
6.091107344632769127e+02
6.085276836158192282e+02
6.080519774011299887e+02
6.077016949152542793e+02
6.075062146892655619e+02
6.074497175141243588e+02
6.075604519774012715e+02
6.078327683615819979e+02
6.083050847457627697e+02
6.089118644067798414e+02
6.096689265536723497e+02
6.105423728813560729e+02
6.115423728813559592e+02
6.126418079096047222e+02
6.138045197740113963e+02
6.150045197740114418e+02
6.162553672316385018e+02
6.175209039548024066e+02
6.187774011299436552e+02
6.200225988700566404e+02
6.212372881355933032e+02
6.224372881355932350e+02
6.235841807909605450e+02
6.247005649717514189e+02
6.257785310734464019e+02
6.268203389830508740e+02
6.278124293785310783e+02
6.287694915254237458e+02
6.296824858757062202e+02
6.305118644067797504e+02
6.312225988700565722e+02
6.318327683615819979e+02
6.323242937853108288e+02
6.326937853107344836e+02
6.329604519774011351e+02
6.330870056497176392e+02
6.330418079096045858e+02
6.328158192090396597e+02
6.325875706214690126e+02
6.324621468926554826e+02
6.323954802259887629e+02
6.323943502824859024e+02
6.324282485875706925e+02
6.324870056497176165e+02
6.325502824858757549e+02
6.326067796610169580e+02
6.326384180790960272e+02
6.326305084745763452e+02
6.325830508474577982e+02
6.324994350282486266e+02
6.324000000000000909e+02
6.322802259887006358e+02
6.321502824858757776e+02
6.320429378531074462e+02
6.319683615819210445e+02
6.318994350282487176e+02
6.318847457627119866e+02
6.319118644067797277e+02
6.319649717514125769e+02
6.320745762711866291e+02
6.322316384180792284e+02
6.324282485875706925e+02
6.326316384180790919e+02
6.328564971751412713e+02
6.330949152542373213e+02
6.333129943502826791e+02
6.335480225988701477e+02
6.337977401129944610e+02
6.340870056497176392e+02
6.344237288135593644e+02
6.348418079096046540e+02
6.351389830508476280e+02
6.352949152542373668e+02
6.352915254237288991e+02
6.351457627118645632e+02
6.348463276836159821e+02
6.344237288135594781e+02
6.338644067796611807e+02
6.332033898305085131e+02
6.324361581920904882e+02
6.315762711864408629e+02
6.306463276836159366e+02
6.296429378531074690e+02
6.285887005649719868e+02
6.274723163841808855e+02
6.262983050847458344e+02
6.250937853107345745e+02
6.238632768361583203e+02
6.226248587570621567e+02
6.213853107344634736e+02
6.202146892655368902e+02
6.191254237288136437e+02
6.181254237288136437e+02
6.172090395480227016e+02
6.163830508474577528e+02
6.156655367231638820e+02
6.150474576271187743e+02
6.145502824858757549e+02
6.141785310734464929e+02
6.139593220338983883e+02
6.138960451977401362e+02
6.139966101694915324e+02
6.142677966101696256e+02
6.147073446327683541e+02
6.152903954802259250e+02
6.160259887005649944e+02
6.168723163841808628e+02
6.178158192090395460e+02
6.188508474576271965e+02
6.199514124293785926e+02
6.211039548022599774e+02
6.222666666666667652e+02
6.234248587570623386e+02
6.245875706214690126e+02
6.257423728813560047e+02
6.268858757062148470e+02
6.279909604519775712e+02
6.290621468926555053e+02
6.301107344632769127e+02
6.311401129943503747e+02
6.321073446327684451e+02
6.330497175141244952e+02
6.339717514124295121e+02
6.348395480225989331e+02
6.356338983050848128e+02
6.362994350282486948e+02
6.368937853107345290e+02
6.373762711864408175e+02
6.377468926553673327e+02
6.379807909604520546e+02
6.380836158192091716e+02
6.380056497175141885e+02
6.377299435028248809e+02
6.374858757062147561e+02
6.373096045197742114e+02
6.372101694915255621e+02
6.371446327683615891e+02
6.371050847457627242e+02
6.370813559322034507e+02
6.370372881355932577e+02
6.369785310734464474e+02
6.368745762711864700e+02
6.367141242937855168e+02
6.365209039548024066e+02
6.362892655367231782e+02
6.360384180790961182e+02
6.357740112994351875e+02
6.355220338983051533e+02
6.352587570621469695e+02
6.350101694915255166e+02
6.347864406779660840e+02
6.346079096045198185e+02
6.344519774011300797e+02
6.343446327683616346e+02
6.342790960451977753e+02
6.342406779661016571e+02
6.342293785310735075e+02
6.342237288135593190e+02
6.342384180790961636e+02
6.342451977401129852e+02
6.342519774011299205e+02
6.342610169491525767e+02
6.343028248587570488e+02
6.343717514124294894e+02
6.345209039548024066e+02
6.347446327683617255e+02
6.350903954802261069e+02
6.352644067796611580e+02
6.352926553672316459e+02
6.351920903954802498e+02
6.349468926553672645e+02
6.345661016949153463e+02
6.340768361581921226e+02
6.334790960451978208e+02
6.327988700564972078e+02
6.320203389830508058e+02
6.311717514124293302e+02
6.302610169491526904e+02
6.293039548022599092e+02
6.282881355932204315e+02
6.272338983050848356e+02
6.261276836158192509e+02
6.249932203389830647e+02
6.238632768361583203e+02
6.227672316384182523e+02
6.217502824858758004e+02
6.208259887005650626e+02
6.199762711864407265e+02
6.192225988700565722e+02
6.185435028248588196e+02
6.179728813559322589e+02
6.175096045197740295e+02
6.171468926553673100e+02
6.169491525423729854e+02
6.169005649717514643e+02
6.170056497175141885e+02
6.172813559322034962e+02
6.177163841807910103e+02
6.183220338983051079e+02
6.190768361581922363e+02
6.199649717514124632e+02
6.209581920903956416e+02
6.220418079096045858e+02
6.232203389830508513e+02
6.244610169491525085e+02
6.257152542372882635e+02
6.270090395480226562e+02
6.283016949152543020e+02
6.295649717514124859e+02
6.308192090395480136e+02
6.320485875706215211e+02
6.332587570621469695e+02
6.344090395480227471e+02
6.355333333333334167e+02
6.366203389830509423e+02
6.376847457627119411e+02
6.386926553672317368e+02
6.396802259887006130e+02
6.406214689265538027e+02
6.414847457627120093e+02
6.422429378531073780e+02
6.428824858757062657e+02
6.434259887005650853e+02
6.438519774011299432e+02
6.441468926553673100e+02
6.442779661016950286e+02
6.442214689265537118e+02
6.439491525423728717e+02
6.437118644067795685e+02
6.435491525423728945e+02
6.434429378531074235e+02
6.433853107344632463e+02
6.433423728813559137e+02
6.433073446327682632e+02
6.432519774011299205e+02
6.431774011299435188e+02
6.430531073446328492e+02
6.429050847457626787e+02
6.427186440677966175e+02
6.425050847457627015e+02
6.422700564971751191e+02
6.420361581920903973e+02
6.417932203389830192e+02
6.415819209039548241e+02
6.413841807909603858e+02
6.412282485875705333e+02
6.410960451977400680e+02
6.410214689265535526e+02
6.409909604519773438e+02
6.410011299435027468e+02
6.410282485875706016e+02
6.410881355932203860e+02
6.411706214689265835e+02
6.412553672316385018e+02
6.413548022598869238e+02
6.414542372881355732e+02
6.415672316384180931e+02
6.417028248587570260e+02
6.419129943502824744e+02
6.421909604519773893e+02
6.425875706214688989e+02
6.428745762711864700e+02
6.429954802259886719e+02
6.429740112994350056e+02
6.428237288135592280e+02
6.425209039548021792e+02
6.420723163841807946e+02
6.415141242937852439e+02
6.408745762711864700e+02
6.401231638418079228e+02
6.393050847457626560e+02
6.384146892655367083e+02
6.374587570621469013e+02
6.364440677966101703e+02
6.353762711864405901e+02
6.342655367231639048e+02
6.331175141242938480e+02
6.319435028248587969e+02
6.307638418079095572e+02
6.295887005649717594e+02
6.284666666666666970e+02
6.274146892655367083e+02
6.264440677966101703e+02
6.255502824858756412e+02
6.247581920903953687e+02
6.240745762711864018e+02
6.234790960451975934e+02
6.230248587570620202e+02
6.227220338983049714e+02
6.225875706214688989e+02
6.226033898305083767e+02
6.227796610169491487e+02
6.231322033898304653e+02
6.236395480225987740e+02
6.242949152542371394e+02
6.250621468926553916e+02
6.259276836158192054e+02
6.268971751412427693e+02
6.279220338983050169e+02
6.289988700564971396e+02
6.301039548022598638e+02
6.312248587570620657e+02
6.323175141242936661e+02
6.334112994350282406e+02
6.344892655367231100e+02
6.355242937853106469e+02
6.365412429378530987e+02
6.375062146892655619e+02
6.384587570621469013e+02
6.393683615819209081e+02
6.402440677966101248e+02
6.410655367231638593e+02
6.418711864406780023e+02
6.426361581920904200e+02
6.433491525423728490e+02
6.440033898305084676e+02
6.445344632768360498e+02
6.449627118644068560e+02
6.452768361581920544e+02
6.454271186440678321e+02
6.454169491525424291e+02
6.452045197740112599e+02
6.450271186440677411e+02
6.449378531073446084e+02
6.449039548022599320e+02
6.449141242937853349e+02
6.449581920903954142e+02
6.450011299435027468e+02
6.450508474576271283e+02
6.450463276836158002e+02
6.450293785310733483e+02
6.449423728813558228e+02
6.448305084745761633e+02
6.446723163841807036e+02
6.444734463276836323e+02
6.442677966101693983e+02
6.440519774011298750e+02
6.438361581920903518e+02
6.436497175141242906e+02
6.434836158192090352e+02
6.433401129943501928e+02
6.432158192090395232e+02
6.431412429378531215e+02
6.431141242937851530e+02
6.431141242937851530e+02
6.431389830508474006e+02
6.431819209039547331e+02
6.432327683615817477e+02
6.432858757062147106e+02
6.433412429378530533e+02
6.434033898305084449e+02
6.434677966101694437e+02
6.435717514124294212e+02
6.437446327683614982e+02
6.439954802259885582e+02
6.442858757062147106e+02
6.444011299435028377e+02
6.443751412429378433e+02
6.442045197740112599e+02
6.439141242937853349e+02
6.434960451977400453e+02
6.429570621468926674e+02
6.423005649717513279e+02
6.415446327683614527e+02
6.407265536723164132e+02
6.398361581920903518e+02
6.388836158192088988e+02
6.378813559322034052e+02
6.368248587570620884e+02
6.357446327683614982e+02
6.346248587570621567e+02
6.334813559322034280e+02
6.323435028248586605e+02
6.312271186440677866e+02
6.301853107344632008e+02
6.292237288135593190e+02
6.283548022598870375e+02
6.275559322033898297e+02
6.268531073446326900e+02
6.262587570621468558e+02
6.257627118644068105e+02
6.253966101694915096e+02
6.251593220338982064e+02
6.250644067796609988e+02
6.251367231638416797e+02
6.253819209039547786e+02
6.257762711864406810e+02
6.263502824858755957e+02
6.270576271186439499e+02
6.279084745762711464e+02
6.288644067796610670e+02
6.299288135593219522e+02
6.310700564971750737e+02
6.322723163841807263e+02
6.335129943502824972e+02
6.347740112994349602e+02
6.360384180790960045e+02
6.373005649717513279e+02
6.385231638418079001e+02
6.397231638418079456e+02
6.409062146892654255e+02
6.420621468926552780e+02
6.431796610169490123e+02
6.442666666666665378e+02
6.453141242937851985e+02
6.463242937853106014e+02
6.472237288135592053e+02
6.480067796610168216e+02
6.486813559322033598e+02
6.492440677966101248e+02
6.497344632768360952e+02
6.501141242937852667e+02
6.503932203389829283e+02
6.505446327683614527e+02
6.505536723163841089e+02
6.503920903954801815e+02
6.500350282485875368e+02
6.497559322033898752e+02
6.495615819209039046e+02
6.494214689265536435e+02
6.493175141242936661e+02
6.492395480225987967e+02
6.491740112994349374e+02
6.490983050847457889e+02
6.489887005649717366e+02
6.488497175141243360e+02
6.486745762711864245e+02
6.484655367231637229e+02
6.482327683615819751e+02
6.479853107344632690e+02
6.477209039548022247e+02
6.474576271186440408e+02
6.471988700564971850e+02
6.469751412429378661e+02
6.467920903954802725e+02
6.466305084745763452e+02
6.465163841807909648e+02
6.464418079096044494e+02
6.464045197740113053e+02
6.464022598870055845e+02
6.464124293785309874e+02
6.464463276836158911e+02
6.464745762711863790e+02
6.465197740112994325e+02
6.465559322033898297e+02
6.466045197740113508e+02
6.466757062146892849e+02
6.467966101694914869e+02
6.469830508474576618e+02
6.472802259887005221e+02
6.474937853107344381e+02
6.475728813559321679e+02
6.474813559322033143e+02
6.472757062146893077e+02
6.469299435028249263e+02
6.464677966101694437e+02
6.458813559322034052e+02
6.452112994350283088e+02
6.444361581920903745e+02
6.435807909604519637e+02
6.426700564971752101e+02
6.417016949152541656e+02
6.406779661016948921e+02
6.395977401129944155e+02
6.384790960451978208e+02
6.373276836158191827e+02
6.361638418079096482e+02
6.350350282485876505e+02
6.339807909604519409e+02
6.329932203389830647e+02
6.320779661016949831e+02
6.312677966101695120e+02
6.305231638418079001e+02
6.298757062146892167e+02
6.293163841807910330e+02
6.288723163841807491e+02
6.285525423728813621e+02
6.283638418079096937e+02
6.283254237288135755e+02
6.284316384180790465e+02
6.286983050847458117e+02
6.291265536723162768e+02
6.297062146892656074e+02
6.304124293785311011e+02
6.312429378531073780e+02
6.321672316384181158e+02
6.331887005649717821e+02
6.342745762711864472e+02
6.353943502824859024e+02
6.365502824858757549e+02
6.377084745762712146e+02
6.388564971751412713e+02
6.399853107344633827e+02
6.410915254237288536e+02
6.421672316384181158e+02
6.432214689265537118e+02
6.442203389830508513e+02
6.451875706214689217e+02
6.461231638418080365e+02
6.470214689265537800e+02
6.478858757062148470e+02
6.487016949152542793e+02
6.494734463276836323e+02
6.501909604519773893e+02
6.508350282485876050e+02
6.514022598870056981e+02
6.518485875706214756e+02
6.521683615819208626e+02
6.523435028248587741e+02
6.523491525423728490e+02
6.521559322033898525e+02
6.520180790960453123e+02
6.519774011299434733e+02
6.520079096045199094e+02
6.520836158192090579e+02
6.521932203389831102e+02
6.523401129943504202e+02
6.524632768361582293e+02
6.525717514124294212e+02
6.526644067796611353e+02
6.527118644067797959e+02
6.527265536723164132e+02
6.526949152542373440e+02
6.526576271186440863e+02
6.525898305084747335e+02
6.525220338983051533e+02
6.524564971751412941e+02
6.524237288135593644e+02
6.524067796610170262e+02
6.524079096045197730e+02
6.524451977401130307e+02
6.525412429378532124e+02
6.526700564971752101e+02
6.528395480225989331e+02
6.530259887005649944e+02
6.532316384180792284e+02
6.534406779661017026e+02
6.536553672316383654e+02
6.538598870056497390e+02
6.540711864406780478e+02
6.542892655367231782e+02
6.545209039548024066e+02
6.548101694915253574e+02
6.551864406779661749e+02
6.556248587570622703e+02
6.559096045197741205e+02
6.560463276836158002e+02
6.560225988700565267e+02
6.558531073446328037e+02
6.555446327683616801e+02
6.551118644067796595e+02
6.545581920903955506e+02
6.539062146892655392e+02
6.531502824858757776e+02
6.523073446327683769e+02
6.514079096045197730e+02
6.504519774011299660e+02
6.494135593220339615e+02
6.483175141242938935e+02
6.471819209039548468e+02
6.460248587570622476e+02
6.448384180790960727e+02
6.436790960451978663e+02
6.426056497175142113e+02
6.416169491525424746e+02
6.407175141242937570e+02
6.399073446327683996e+02
6.391740112994350511e+02
6.385265536723163677e+02
6.380112994350283770e+02
6.376146892655367537e+02
6.373502824858758231e+02
6.372418079096046313e+02
6.372960451977401135e+02
6.375084745762712828e+02
6.378903954802260614e+02
6.384338983050848810e+02
6.391378531073446538e+02
6.399751412429379798e+02
6.409344632768362544e+02
6.419864406779662431e+02
6.431265536723165042e+02
6.443344632768362317e+02
6.455774011299436097e+02
6.468644067796610670e+02
6.481536723163842453e+02
6.494327683615820206e+02
6.507096045197740750e+02
6.519559322033899207e+02
6.531785310734464929e+02
6.543751412429379570e+02
6.555401129943504657e+02
6.566655367231638820e+02
6.577559322033898752e+02
6.587898305084745516e+02
6.596994350282486721e+02
6.604824858757062884e+02
6.611672316384181158e+02
6.617265536723164132e+02
6.622022598870057664e+02
6.625785310734463565e+02
6.628372881355933259e+02
6.629638418079097164e+02
6.629310734463276731e+02
6.627412429378531442e+02
6.623932203389831557e+02
6.621389830508474006e+02
6.619491525423728717e+02
6.618418079096045403e+02
6.617988700564972078e+02
6.617672316384181386e+02
6.617581920903955961e+02
6.617502824858758004e+02
6.617175141242938707e+02
6.616542372881356187e+02
6.615581920903955506e+02
6.614350282485876278e+02
6.612915254237288991e+02
6.611367231638419071e+02
6.609898305084745971e+02
6.608384180790960727e+02
6.607096045197740750e+02
6.605932203389830875e+02
6.605073446327684223e+02
6.604790960451978208e+02
6.604960451977401590e+02
6.605457627118644268e+02
6.606531073446328719e+02
6.607977401129944610e+02
6.609548022598870602e+02
6.611344632768361862e+02
6.613073446327684906e+02
6.614926553672316913e+02
6.616632768361582748e+02
6.618587570621469922e+02
6.620644067796611125e+02
6.623197740112993870e+02
6.626384180790960272e+02
6.628892655367233147e+02
6.629830508474576618e+02
6.628870056497175938e+02
6.626440677966102157e+02
6.622451977401130989e+02
6.617062146892656074e+02
6.610124293785311238e+02
6.602011299435027922e+02
6.592813559322034962e+02
6.582689265536723724e+02
6.571559322033899662e+02
6.559683615819209308e+02
6.547152542372882635e+02
6.533943502824859024e+02
6.520350282485876505e+02
6.506203389830509423e+02
6.491740112994350511e+02
6.478293785310734165e+02
6.465615819209040183e+02
6.453954802259887629e+02
6.443028248587570488e+02
6.433050847457627697e+02
6.423887005649718276e+02
6.415559322033898297e+02
6.407943502824858797e+02
6.401491525423729172e+02
6.396169491525424746e+02
6.392237288135593190e+02
6.389649717514125769e+02
6.388564971751413850e+02
6.389299435028249263e+02
6.391649717514123950e+02
6.395627118644067650e+02
6.401118644067797732e+02
6.408045197740113963e+02
6.416395480225990013e+02
6.425932203389832011e+02
6.436271186440678775e+02
6.447423728813560047e+02
6.459152542372883090e+02
6.471288135593221114e+02
6.483389830508474461e+02
6.495785310734463565e+02
6.507999999999999545e+02
6.520214689265536663e+02
6.531966101694915778e+02
6.543559322033897843e+02
6.554757062146893531e+02
6.565751412429378888e+02
6.576372881355932805e+02
6.586564971751413395e+02
6.596519774011298978e+02
6.605322033898305563e+02
6.612926553672316459e+02
6.619344632768362544e+02
6.624723163841808855e+02
6.629005649717514643e+02
6.632033898305085131e+02
6.633875706214689671e+02
6.634305084745762997e+02
6.633005649717515553e+02
6.629593220338983883e+02
6.626824858757063339e+02
6.624971751412429057e+02
6.624033898305085586e+02
6.623502824858758231e+02
6.623186440677966402e+02
6.623220338983051079e+02
6.623186440677966402e+02
6.622949152542373668e+02
6.622474576271188198e+02
6.621672316384182295e+02
6.620395480225988649e+02
6.619039548022599320e+02
6.617299435028248809e+02
6.615581920903955506e+02
6.613694915254237685e+02
6.611819209039548468e+02
6.610248587570622476e+02
6.608813559322034052e+02
6.607717514124294667e+02
6.607050847457627469e+02
6.606881355932204087e+02
6.607084745762713283e+02
6.607683615819209990e+02
6.608406779661016799e+02
6.609423728813559364e+02
6.610508474576271283e+02
6.611740112994350511e+02
6.612892655367231782e+02
6.614135593220339615e+02
6.615220338983051533e+02
6.616937853107344836e+02
6.619016949152542111e+02
6.622146892655366628e+02
6.626282485875706243e+02
6.630011299435028604e+02
6.632045197740112599e+02
6.632610169491524630e+02
6.631706214689265835e+02
6.629355932203390012e+02
6.625751412429378888e+02
6.620836158192090579e+02
6.614836158192090352e+02
6.607864406779660840e+02
6.600316384180791829e+02
6.591728813559323044e+02
6.582587570621469695e+02
6.572711864406780933e+02
6.562361581920904428e+02
6.551299435028249718e+02
6.539932203389830647e+02
6.528440677966102612e+02
6.516903954802260159e+02
6.506124293785311465e+02
6.496090395480225652e+02
6.486937853107344836e+02
6.478723163841807491e+02
6.471355932203390466e+02
6.464949152542374122e+02
6.459864406779661294e+02
6.455898305084746198e+02
6.453355932203389784e+02
6.452192090395481046e+02
6.452700564971751191e+02
6.455096045197740295e+02
6.458949152542372758e+02
6.464576271186440408e+02
6.471819209039548468e+02
6.480542372881357096e+02
6.490384180790961182e+02
6.501355932203389330e+02
6.513209039548023611e+02
6.525853107344632917e+02
6.539005649717514643e+02
6.552553672316385018e+02
6.566101694915254257e+02
6.579740112994351193e+02
6.593186440677966402e+02
6.606485875706215438e+02
6.619548022598870602e+02
6.632474576271187061e+02
6.645129943502824972e+02
6.657548022598870148e+02
6.669514124293785926e+02
6.681062146892655846e+02
6.691604519774011806e+02
6.700790960451978435e+02
6.708994350282487176e+02
6.716225988700566631e+02
6.722508474576271738e+02
6.727672316384180249e+02
6.731502824858757776e+02
6.734316384180790465e+02
6.735401129943503520e+02
6.734666666666666970e+02
6.732000000000000455e+02
6.727954802259887401e+02
6.724711864406779114e+02
6.722282485875706470e+02
6.720327683615819296e+02
6.718632768361583203e+02
6.717073446327684678e+02
6.715683615819209535e+02
6.713988700564973442e+02
6.711977401129944383e+02
6.709774011299435870e+02
6.707412429378531442e+02
6.704757062146893531e+02
6.702090395480227016e+02
6.699423728813559364e+02
6.696768361581921454e+02
6.694451977401131444e+02
6.692429378531073780e+02
6.690632768361583658e+02
6.689355932203391149e+02
6.688700564971752556e+02
6.688564971751413850e+02
6.688802259887006585e+02
6.689468926553673782e+02
6.690485875706215211e+02
6.691706214689265835e+02
6.693163841807910330e+02
6.694768361581922136e+02
6.696440677966102157e+02
6.698327683615819979e+02
6.700259887005651080e+02
6.702610169491526904e+02
6.705898305084746198e+02
6.710124293785311238e+02
6.713932203389831557e+02
6.716135593220340070e+02
6.716610169491525539e+02
6.715593220338982974e+02
6.713028248587570488e+02
6.709073446327683996e+02
6.703728813559322361e+02
6.697152542372882635e+02
6.689548022598870602e+02
6.680937853107345745e+02
6.671412429378531215e+02
6.661084745762713055e+02
6.650146892655368447e+02
6.638418079096045403e+02
6.626056497175140976e+02
6.613209039548023611e+02
6.599988700564972532e+02
6.586497175141244043e+02
6.573728813559322361e+02
6.561830508474577073e+02
6.550768361581921226e+02
6.540485875706215211e+02
6.531118644067797732e+02
6.522564971751413623e+02
6.515096045197740295e+02
6.508802259887006585e+02
6.503559322033900116e+02
6.499853107344633827e+02
6.497672316384182523e+02
6.497141242937854031e+02
6.498327683615819979e+02
6.501039548022599774e+02
6.505276836158193419e+02
6.511073446327684451e+02
6.518180790960452669e+02
6.526463276836159366e+02
6.535807909604520773e+02
6.545853107344632917e+02
6.556598870056498072e+02
6.567751412429379343e+02
6.579005649717514643e+02
6.590542372881357096e+02
6.602056497175142340e+02
6.613355932203390921e+02
6.624519774011300797e+02
6.635536723163843362e+02
6.646282485875707380e+02
6.656564971751413395e+02
6.666644067796610216e+02
6.676350282485875596e+02
6.685830508474576845e+02
6.694881355932203633e+02
6.703220338983051079e+02
6.710406779661017254e+02
6.716508474576271510e+02
6.721412429378531215e+02
6.725141242937854713e+02
6.727468926553672190e+02
6.728338983050848583e+02
6.727491525423729399e+02
6.724655367231638365e+02
6.721774011299435188e+02
6.719943502824859252e+02
6.718790960451976844e+02
6.718384180790960727e+02
6.718135593220339388e+02
6.718305084745762770e+02
6.718644067796610670e+02
6.718824858757061520e+02
6.718655367231639275e+02
6.718282485875706698e+02
6.717694915254237458e+02
6.716836158192090807e+02
6.715898305084746198e+02
6.714824858757062884e+02
6.713728813559323498e+02
6.712768361581921681e+02
6.711977401129943246e+02
6.711514124293785244e+02
6.711468926553673100e+02
6.711932203389831102e+02
6.712813559322033825e+02
6.714158192090396824e+02
6.716022598870056299e+02
6.718180790960452669e+02
6.720610169491526449e+02
6.723107344632768445e+02
6.725661016949152327e+02
6.728158192090395460e+02
6.730779661016949831e+02
6.733514124293785699e+02
6.736576271186440863e+02
6.740056497175141885e+02
6.744429378531074235e+02
6.749875706214689899e+02
6.754531073446328264e+02
6.757468926553672190e+02
6.758881355932203405e+02
6.758711864406780023e+02
6.756903954802260159e+02
6.753536723163842908e+02
6.749039548022599320e+02
6.743231638418079683e+02
6.736259887005651308e+02
6.728316384180791374e+02
6.719412429378530760e+02
6.709706214689265380e+02
6.699231638418079910e+02
6.688101694915253574e+02
6.676316384180790919e+02
6.663988700564971168e+02
6.651220338983050624e+02
6.638338983050848583e+02
6.625909604519774803e+02
6.614225988700565040e+02
6.603276836158192964e+02
6.593265536723165496e+02
6.584045197740113053e+02
6.575717514124294212e+02
6.568497175141243360e+02
6.562621468926554371e+02
6.557999999999999545e+02
6.554994350282486266e+02
6.553740112994350966e+02
6.553954802259886492e+02
6.555887005649717594e+02
6.559480225988700113e+02
6.564723163841808855e+02
6.571480225988700568e+02
6.579627118644068560e+02
6.588994350282486039e+02
6.599186440677965493e+02
6.610361581920903973e+02
6.622056497175142340e+02
6.634101694915254939e+02
6.646429378531073553e+02
6.659016949152543248e+02
6.671615819209039273e+02
6.684135593220339615e+02
6.696644067796610216e+02
6.709062146892656529e+02
6.721118644067797732e+02
6.733152542372881726e+02
6.744779661016949603e+02
6.756214689265538027e+02
6.767423728813560047e+02
6.778327683615819979e+02
6.788384180790960727e+02
6.797401129943502838e+02
6.805389830508474915e+02
6.812474576271187061e+02
6.818372881355933259e+02
6.822949152542373668e+02
6.825943502824859479e+02
6.827016949152542793e+02
6.826237288135594099e+02
6.823310734463277640e+02
6.819333333333333940e+02
6.815988700564971623e+02
6.813197740112995007e+02
6.810632768361582521e+02
6.808384180790960727e+02
6.806011299435028832e+02
6.803593220338983656e+02
6.800779661016949831e+02
6.797841807909604768e+02
6.794542372881356869e+02
6.791039548022599774e+02
6.787536723163842680e+02
6.784067796610170262e+02
6.780418079096045858e+02
6.777050847457627469e+02
6.773864406779662204e+02
6.771220338983050624e+02
6.768757062146892167e+02
6.766903954802260159e+02
6.765423728813559592e+02
6.764531073446328264e+02
6.764079096045197730e+02
6.763796610169490577e+02
6.763762711864405901e+02
6.763762711864405901e+02
6.763943502824859024e+02
6.764056497175140521e+02
6.764282485875705788e+02
6.764790960451978208e+02
6.765661016949152327e+02
6.767209039548022247e+02
6.769932203389830647e+02
6.773875706214689671e+02
6.776655367231638820e+02
6.777898305084745516e+02
6.777672316384181386e+02
6.776067796610170717e+02
6.773005649717514416e+02
6.768824858757062657e+02
6.763378531073446993e+02
6.756949152542372303e+02
6.749581920903954142e+02
6.741299435028249718e+02
6.732316384180791147e+02
6.722734463276837005e+02
6.712338983050847219e+02
6.701378531073445401e+02
6.689887005649717366e+02
6.678101694915254711e+02
6.666112994350282861e+02
6.654056497175142795e+02
6.642824858757062430e+02
6.632553672316385018e+02
6.622915254237288991e+02
6.613887005649719413e+02
6.605751412429378888e+02
6.598621468926554599e+02
6.592632768361582976e+02
6.587819209039548696e+02
6.584451977401130307e+02
6.582587570621469695e+02
6.582395480225989104e+02
6.583683615819209081e+02
6.586745762711865382e+02
6.591163841807911012e+02
6.597254237288136665e+02
6.604576271186442682e+02
6.613276836158192964e+02
6.623028248587571625e+02
6.633548022598870375e+02
6.644881355932204769e+02
6.656519774011300115e+02
6.668463276836159821e+02
6.680576271186440636e+02
6.692734463276837005e+02
6.704790960451978208e+02
6.716757062146893986e+02
6.728542372881356641e+02
6.740067796610170490e+02
6.751344632768361862e+02
6.762338983050848356e+02
6.773231638418080820e+02
6.783762711864408175e+02
6.793966101694916233e+02
6.803367231638419526e+02
6.811740112994350511e+02
6.819084745762712600e+02
6.825491525423728945e+02
6.830632768361583658e+02
6.834587570621470149e+02
6.837118644067797959e+02
6.837920903954803862e+02
6.837028248587571397e+02
6.833706214689266289e+02
6.830316384180791829e+02
6.827627118644069242e+02
6.825683615819209535e+02
6.824169491525424291e+02
6.822644067796611580e+02
6.821107344632769127e+02
6.819581920903955279e+02
6.817898305084746653e+02
6.815887005649717594e+02
6.813638418079096937e+02
6.811016949152542566e+02
6.808271186440679230e+02
6.805389830508476052e+02
6.802474576271188198e+02
6.799683615819210445e+02
6.797107344632769355e+02
6.794757062146893531e+02
6.792644067796611580e+02
6.791220338983052898e+02
6.790124293785312375e+02
6.789435028248590243e+02
6.789231638418079910e+02
6.789604519774013625e+02
6.789920903954804317e+02
6.790553672316385700e+02
6.791129943502826336e+02
6.791717514124295576e+02
6.792519774011301479e+02
6.793310734463278777e+02
6.794519774011300797e+02
6.796169491525425883e+02
6.798734463276838369e+02
6.802463276836160730e+02
6.807536723163843817e+02
6.811412429378533488e+02
6.813774011299437916e+02
6.814497175141245862e+02
6.813762711864408175e+02
6.811740112994352785e+02
6.808305084745765043e+02
6.803751412429380707e+02
6.798000000000001819e+02
6.791412429378533488e+02
6.783841807909607269e+02
6.775480225988702614e+02
6.766259887005651308e+02
6.756485875706216575e+02
6.745988700564973897e+02
6.735152542372883318e+02
6.723751412429380707e+02
6.712158192090397506e+02
6.700508474576272420e+02
6.688892655367233147e+02
6.677740112994351875e+02
6.667299435028249945e+02
6.657649717514125314e+02
6.649039548022600457e+02
6.641423728813560956e+02
6.634903954802261978e+02
6.629593220338983883e+02
6.625751412429380025e+02
6.623435028248588878e+02
6.622802259887007494e+02
6.623661016949154146e+02
6.626158192090397279e+02
6.630361581920905110e+02
6.635920903954803407e+02
6.642723163841808400e+02
6.650655367231639730e+02
6.659706214689266517e+02
6.669378531073448357e+02
6.679694915254239049e+02
6.690576271186441772e+02
6.701615819209041547e+02
6.712689265536724861e+02
6.723909604519775485e+02
6.734892655367233374e+02
6.745864406779662659e+02
6.756598870056498072e+02
6.767107344632769355e+02
6.777514124293786608e+02
6.787491525423729399e+02
6.797254237288136665e+02
6.806813559322034735e+02
6.816045197740113508e+02
6.824915254237289446e+02
6.833096045197742114e+02
6.840293785310734620e+02
6.846519774011300115e+02
6.851604519774011806e+02
6.855288135593220886e+02
6.857559322033899889e+02
6.857943502824859934e+02
6.856418079096046085e+02
6.853288135593222705e+02
6.850881355932204997e+02
6.849288135593221796e+02
6.848146892655369129e+02
6.847276836158193873e+02
6.846666666666667425e+02
6.845853107344632917e+02
6.845016949152543475e+02
6.843932203389831557e+02
6.842451977401130989e+02
6.840779661016949831e+02
6.838824858757062657e+02
6.836677966101694892e+02
6.834474576271187516e+02
6.832474576271188198e+02
6.830474576271187743e+02
6.828757062146894441e+02
6.827197740112994779e+02
6.825898305084747335e+02
6.825231638418081275e+02
6.824937853107345518e+02
6.825096045197741432e+02
6.825706214689266744e+02
6.826734463276836777e+02
6.827728813559322134e+02
6.828824858757063794e+02
6.830079096045199094e+02
6.831175141242938480e+02
6.832474576271188198e+02
6.833954802259888766e+02
6.835785310734463565e+02
6.838237288135593417e+02
6.841593220338983201e+02
6.846350282485876733e+02
6.849796610169491942e+02
6.851638418079096482e+02
6.851898305084746426e+02
6.850723163841807946e+02
6.848090395480227244e+02
6.844282485875708062e+02
6.839096045197741205e+02
6.832858757062147106e+02
6.825536723163843362e+02
6.817649717514125314e+02
6.808723163841809765e+02
6.799118644067797277e+02
6.788836158192091261e+02
6.777920903954802725e+02
6.766497175141244043e+02
6.754644067796610898e+02
6.742576271186442227e+02
6.730440677966103067e+02
6.719039548022599320e+02
6.708485875706214756e+02
6.698768361581921909e+02
6.689762711864407265e+02
6.681536723163842453e+02
6.674395480225989559e+02
6.668169491525424064e+02
6.663220338983051079e+02
6.659740112994350056e+02
6.657717514124294667e+02
6.657129943502825427e+02
6.658180790960451532e+02
6.660937853107345745e+02
6.665299435028248354e+02
6.671152542372881271e+02
6.678259887005649489e+02
6.686677966101694892e+02
6.696124293785310329e+02
6.706372881355932805e+02
6.717254237288136665e+02
6.728621468926553462e+02
6.740372881355932577e+02
6.752327683615819751e+02
6.764327683615820206e+02
6.776327683615818387e+02
6.788135593220339388e+02
6.799694915254237912e+02
6.810949152542373213e+02
6.822101694915254484e+02
6.832892655367231782e+02
6.843401129943501928e+02
6.853638418079095800e+02
6.863593220338982519e+02
6.872983050847458344e+02
6.881480225988700568e+02
6.889107344632768672e+02
6.895706214689266744e+02
6.901322033898305790e+02
6.905683615819209535e+02
6.908881355932203405e+02
6.910497175141242678e+02
6.910259887005649944e+02
6.908022598870056754e+02
6.905163841807909648e+02
6.902858757062147106e+02
6.901096045197740523e+02
6.900011299435029741e+02
6.898926553672317823e+02
6.898045197740113963e+02
6.897005649717514189e+02
6.895875706214690126e+02
6.894372881355932350e+02
6.892700564971751191e+02
6.890666666666666060e+02
6.888497175141243360e+02
6.886135593220340070e+02
6.883762711864407038e+02
6.881355932203389330e+02
6.879344632768361407e+02
6.877536723163841543e+02
6.875977401129944155e+02
6.874813559322033143e+02
6.874214689265536435e+02
6.873898305084746880e+02
6.874056497175141658e+02
6.874677966101694437e+02
6.875389830508474915e+02
6.876372881355932805e+02
6.877288135593220204e+02
6.878327683615818842e+02
6.879141242937853349e+02
6.880248587570621339e+02
6.881615819209039273e+02
6.883378531073445856e+02
6.885943502824859479e+02
6.889536723163841998e+02
6.894350282485875141e+02
6.897627118644068105e+02
6.899299435028248126e+02
6.899548022598870602e+02
6.898395480225989331e+02
6.895830508474576845e+02
6.892090395480225880e+02
6.887107344632768218e+02
6.881118644067796595e+02
6.874146892655367083e+02
6.866406779661017481e+02
6.857819209039548696e+02
6.848429378531072871e+02
6.838395480225988194e+02
6.827830508474576163e+02
6.816847457627118274e+02
6.805604519774011578e+02
6.794000000000000909e+02
6.782429378531073780e+02
6.771627118644067878e+02
6.761627118644067878e+02
6.752327683615819751e+02
6.743841807909604995e+02
6.736022598870056299e+02
6.729412429378530760e+02
6.723864406779659930e+02
6.719570621468926674e+02
6.716677966101694892e+02
6.715355932203390239e+02
6.715491525423728945e+02
6.717209039548022247e+02
6.720508474576270146e+02
6.725242937853106469e+02
6.731468926553673100e+02
6.739073446327683996e+02
6.747875706214688307e+02
6.757615819209038364e+02
6.768011299435028150e+02
6.779118644067796140e+02
6.790519774011298750e+02
6.802293785310735075e+02
6.814169491525424291e+02
6.826146892655367537e+02
6.838237288135593417e+02
6.849988700564972532e+02
6.861502824858757776e+02
6.872903954802260387e+02
6.884045197740113053e+02
6.895073446327684223e+02
6.905706214689266744e+02
6.916112994350282861e+02
6.925819209039548241e+02
6.934497175141243588e+02
6.942293785310735075e+02
6.949152542372881953e+02
6.954790960451978208e+02
6.959548022598870602e+02
6.962836158192091034e+02
6.964689265536724179e+02
6.964757062146892395e+02
6.963107344632768445e+02
6.959344632768361407e+02
6.956259887005649034e+02
6.953887005649717139e+02
6.952101694915253347e+02
6.950655367231638593e+02
6.949423728813559364e+02
6.948259887005649489e+02
6.946892655367231555e+02
6.945435028248587059e+02
6.943898305084745743e+02
6.941898305084746426e+02
6.939875706214688762e+02
6.937706214689264925e+02
6.935491525423728945e+02
6.933288135593220431e+02
6.931299435028247444e+02
6.929638418079096027e+02
6.928146892655366855e+02
6.927141242937852894e+02
6.926542372881355050e+02
6.926632768361581611e+02
6.927118644067795685e+02
6.927966101694914869e+02
6.929050847457626787e+02
6.930485875706214074e+02
6.931932203389828828e+02
6.933344632768361180e+02
6.934949152542371849e+02
6.936338983050848128e+02
6.937977401129943473e+02
6.940033898305084676e+02
6.942700564971751191e+02
6.946169491525422472e+02
6.950836158192089442e+02
6.954327683615819069e+02
6.955954802259886947e+02
6.955920903954801133e+02
6.954406779661015889e+02
6.951288135593219977e+02
6.946711864406778432e+02
6.940824858757061975e+02
6.933864406779659930e+02
6.925604519774010441e+02
6.916542372881355050e+02
6.906463276836157092e+02
6.895525423728813621e+02
6.883785310734461973e+02
6.871288135593219977e+02
6.858203389830507604e+02
6.844553672316383199e+02
6.831175141242936206e+02
6.818790960451976844e+02
6.807152542372880362e+02
6.796203389830507149e+02
6.786022598870055162e+02
6.776598870056495798e+02
6.767909604519772984e+02
6.760169491525423382e+02
6.753581920903953915e+02
6.748237288135592280e+02
6.743977401129942564e+02
6.741389830508474006e+02
6.740225988700564130e+02
6.740621468926552780e+02
6.742836158192089897e+02
6.746700564971749827e+02
6.751943502824857433e+02
6.758700564971750282e+02
6.766723163841807036e+02
6.775751412429377751e+02
6.785807909604518500e+02
6.796531073446326445e+02
6.807864406779660840e+02
6.819559322033898070e+02
6.831491525423728035e+02
6.843514124293784562e+02
6.855581920903954369e+02
6.867649717514123040e+02
6.879514124293784789e+02
6.891050847457624968e+02
6.902474576271185924e+02
6.913649717514123267e+02
6.924418079096044494e+02
6.934870056497173891e+02
6.945141242937852439e+02
6.954632768361580020e+02
6.963152542372879452e+02
6.970519774011297613e+02
6.976610169491524402e+02
6.981706214689264698e+02
6.985570621468925765e+02
6.987999999999999545e+02
6.988723163841807491e+02
6.987525423728811802e+02
6.984214689265536435e+02
6.981141242937852667e+02
6.978915254237288082e+02
6.977435028248586377e+02
6.976508474576271510e+02
6.975830508474575709e+02
6.975152542372879907e+02
6.974677966101694437e+02
6.973920903954801815e+02
6.973107344632767308e+02
6.972067796610169808e+02
6.970734463276835413e+02
6.969367231638418616e+02
6.967570621468926220e+02
6.965943502824858342e+02
6.964429378531073098e+02
6.962870056497174573e+02
6.961728813559321907e+02
6.961028248587570033e+02
6.960610169491524175e+02
6.960847457627116910e+02
6.961525423728812711e+02
6.962598870056496025e+02
6.964067796610167989e+02
6.965740112994349147e+02
6.967536723163841543e+02
6.969254237288134846e+02
6.971118644067796595e+02
6.972983050847457207e+02
6.974711864406779114e+02
6.976881355932202950e+02
6.979480225988700113e+02
6.982802259887005221e+02
6.987028248587571397e+02
6.992135593220339160e+02
6.995514124293785017e+02
6.997423728813558910e+02
6.997683615819208853e+02
6.996282485875706243e+02
6.993548022598870375e+02
6.989468926553672645e+02
6.983999999999998636e+02
6.977491525423728262e+02
6.969977401129942791e+02
6.961514124293784107e+02
6.952203389830508513e+02
6.942101694915253347e+02
6.931209039548022020e+02
6.919740112994350056e+02
6.907796610169491487e+02
6.895446327683614527e+02
6.883028248587569351e+02
6.870655367231637456e+02
6.858983050847457434e+02
6.847966101694914869e+02
6.837875706214689444e+02
6.828677966101695347e+02
6.820214689265536663e+02
6.812903954802259250e+02
6.806677966101694892e+02
6.801796610169490123e+02
6.798395480225988194e+02
6.796519774011298978e+02
6.796316384180789782e+02
6.797864406779660840e+02
6.801016949152542566e+02
6.805762711864406356e+02
6.812045197740112599e+02
6.819706214689265380e+02
6.828711864406777750e+02
6.838610169491523720e+02
6.849536723163840861e+02
6.861028248587570033e+02
6.873050847457626560e+02
6.885581920903954369e+02
6.898101694915254711e+02
6.910836158192090579e+02
6.923559322033897843e+02
6.936214689265536890e+02
6.948666666666665606e+02
6.960983050847456752e+02
6.973152542372881726e+02
6.984994350282483992e+02
6.996429378531072416e+02
7.006598870056495798e+02
7.015570621468925765e+02
7.023367231638417252e+02
7.030203389830508058e+02
7.035943502824858342e+02
7.040779661016947557e+02
7.044440677966101703e+02
7.046971751412429512e+02
7.047977401129942336e+02
7.047310734463276276e+02
7.044734463276836323e+02
7.040248587570620202e+02
7.036463276836157092e+02
7.033514124293784562e+02
7.031242937853105559e+02
7.029423728813559364e+02
7.027661016949152781e+02
7.026056497175140976e+02
7.024418079096044494e+02
7.022542372881355277e+02
7.020576271186439499e+02
7.018463276836157547e+02
7.016067796610168443e+02
7.013559322033897843e+02
7.011016949152542566e+02
7.008576271186441318e+02
7.006259887005649034e+02
7.004067796610170262e+02
7.002440677966101248e+02
7.001209039548022020e+02
7.000508474576270146e+02
7.000259887005649944e+02
7.000497175141241541e+02
7.001276836158192509e+02
7.002384180790959363e+02
7.003683615819209081e+02
7.005129943502824972e+02
7.006700564971750964e+02
7.008225988700564812e+02
7.009887005649717366e+02
7.011807909604518727e+02
7.014033898305084449e+02
7.016745762711864245e+02
7.020497175141242678e+02
7.025536723163841089e+02
7.029276836158190918e+02
7.031299435028247444e+02
7.031615819209038136e+02
7.030259887005648807e+02
7.027412429378530305e+02
7.023141242937851985e+02
7.017661016949152781e+02
7.011005649717512824e+02
7.003118644067795913e+02
6.994316384180790465e+02
6.984463276836156638e+02
6.973683615819209081e+02
6.962158192090395232e+02
6.949864406779661294e+02
6.936824858757062202e+02
6.923412429378530533e+02
6.909819209039548014e+02
6.897073446327683541e+02
6.885050847457627015e+02
6.873932203389830420e+02
6.863457627118643813e+02
6.853841807909604995e+02
6.845005649717514871e+02
6.837242937853106923e+02
6.830553672316384564e+02
6.825039548022598410e+02
6.820949152542373213e+02
6.818067796610170035e+02
6.817005649717514189e+02
6.817672316384181386e+02
6.819785310734464474e+02
6.823615819209039728e+02
6.829062146892655392e+02
6.836067796610169580e+02
6.844180790960451759e+02
6.853593220338982519e+02
6.863943502824859024e+02
6.875175141242937116e+02
6.886971751412429512e+02
6.899254237288134846e+02
6.911819209039547331e+02
6.924564971751412941e+02
6.937276836158191600e+02
6.949751412429378661e+02
6.962519774011300342e+02
6.974847457627118956e+02
6.986960451977400908e+02
6.998824858757062657e+02
7.010587570621469240e+02
7.022112994350281951e+02
7.033355932203389784e+02
7.044225988700565040e+02
7.053954802259886492e+02
7.062621468926553234e+02
7.070214689265535526e+02
7.076485875706214301e+02
7.081525423728814985e+02
7.085062146892655619e+02
7.086723163841807036e+02
7.086610169491525539e+02
7.084248587570621112e+02
7.079988700564971396e+02
7.076587570621468331e+02
7.073762711864407038e+02
7.071728813559323044e+02
7.069988700564972532e+02
7.068338983050847446e+02
7.066689265536722360e+02
7.065050847457628151e+02
7.063197740112993870e+02
7.061265536723163905e+02
7.059096045197741205e+02
7.056768361581921454e+02
7.054406779661017026e+02
7.052158192090396369e+02
7.049932203389830647e+02
7.048056497175141430e+02
7.046542372881356187e+02
7.045333333333333030e+02
7.044485875706213847e+02
7.044440677966101703e+02
7.044915254237287172e+02
7.045841807909605450e+02
7.047254237288135528e+02
7.048926553672315549e+02
7.050813559322034507e+02
7.052802259887005221e+02
7.054836158192090352e+02
7.056813559322033598e+02
7.058937853107345290e+02
7.061446327683617028e+02
7.064203389830508968e+02
7.067898305084745516e+02
7.072621468926554371e+02
7.078485875706214756e+02
7.084881355932203633e+02
7.089649717514124632e+02
7.092632768361581839e+02
7.093932203389831557e+02
7.093774011299435642e+02
7.092203389830509650e+02
7.089084745762713737e+02
7.084949152542374122e+02
7.079683615819209308e+02
7.073175141242937798e+02
7.065740112994350284e+02
7.057186440677966175e+02
7.047706214689264925e+02
7.037491525423729399e+02
7.026644067796610216e+02
7.015141242937852439e+02
7.003276836158191827e+02
6.991163841807909876e+02
6.978903954802259477e+02
6.967039548022598865e+02
6.956045197740113508e+02
6.945875706214687852e+02
6.936644067796610216e+02
6.928361581920903518e+02
6.921310734463277186e+02
6.915536723163842225e+02
6.911050847457627242e+02
6.908022598870056754e+02
6.906576271186440863e+02
6.907152542372882635e+02
6.909163841807909421e+02
6.912711864406779796e+02
6.918090395480226107e+02
6.924745762711863790e+02
6.932644067796610443e+02
6.941740112994350511e+02
6.951615819209039273e+02
6.962531073446327810e+02
6.973830508474576391e+02
6.985615819209037909e+02
6.997751412429379343e+02
7.009920903954800906e+02
7.022316384180790010e+02
7.034497175141242451e+02
7.046666666666666288e+02
7.058723163841807491e+02
7.070610169491525312e+02
7.082350282485875823e+02
7.093898305084745743e+02
7.105355932203390239e+02
7.116395480225990013e+02
7.126429378531073553e+02
7.135333333333333030e+02
7.143163841807909193e+02
7.150067796610169353e+02
7.155672316384180931e+02
7.159887005649717366e+02
7.162621468926554371e+02
7.163491525423729627e+02
7.162644067796610443e+02
7.159638418079097164e+02
7.155378531073447448e+02
7.151683615819209763e+02
7.148598870056498527e+02
7.145988700564971623e+02
7.143683615819209081e+02
7.141638418079095345e+02
7.139559322033898070e+02
7.137435028248587514e+02
7.135163841807908511e+02
7.132632768361581839e+02
7.130000000000000000e+02
7.127367231638417024e+02
7.124768361581920999e+02
7.122135593220338023e+02
7.119683615819208171e+02
7.117468926553672190e+02
7.115807909604518500e+02
7.114564971751410667e+02
7.113853107344632463e+02
7.113819209039547786e+02
7.114293785310734393e+02
7.115322033898305563e+02
7.116655367231637683e+02
7.118451977401130080e+02
7.120384180790961182e+02
7.122293785310733938e+02
7.124384180790960954e+02
7.126463276836157092e+02
7.128711864406780023e+02
7.131435028248587287e+02
7.134790960451977071e+02
7.139016949152542111e+02
7.144406779661017026e+02
7.148971751412428830e+02
7.151593220338982064e+02
7.152598870056497162e+02
7.151830508474574799e+02
7.149514124293784789e+02
7.145615819209040183e+02
7.140214689265536663e+02
7.133570621468925310e+02
7.125807909604518500e+02
7.116757062146891712e+02
7.106836158192090807e+02
7.095841807909605450e+02
7.083706214689265153e+02
7.070779661016949831e+02
7.057254237288134391e+02
7.043118644067795913e+02
7.028610169491525994e+02
7.014305084745762997e+02
7.000870056497175256e+02
6.987999999999999545e+02
6.975977401129944155e+02
6.964587570621469013e+02
6.954067796610167989e+02
6.944406779661017026e+02
6.935841807909604313e+02
6.928587570621468785e+02
6.922361581920904428e+02
6.917830508474577300e+02
6.914858757062147561e+02
6.913480225988701022e+02
6.913694915254236548e+02
6.915717514124294212e+02
6.919322033898305335e+02
6.924440677966101703e+02
6.931073446327684451e+02
6.938711864406780023e+02
6.947446327683617255e+02
6.956960451977402045e+02
6.967288135593220204e+02
6.978259887005649489e+02
6.989468926553672645e+02
7.001005649717515098e+02
7.012768361581921681e+02
7.024508474576271055e+02
7.036338983050848128e+02
7.048112994350283316e+02
7.059649717514123495e+02
7.071050847457627242e+02
7.082384180790961636e+02
7.093593220338983656e+02
7.104655367231639502e+02
7.115401129943502383e+02
7.125435028248587059e+02
7.134418079096045631e+02
7.142406779661017708e+02
7.149016949152542111e+02
7.154576271186440408e+02
7.158700564971752556e+02
7.161118644067796595e+02
7.161638418079096482e+02
7.160192090395480591e+02
7.156531073446328719e+02
7.152056497175142340e+02
7.148361581920905792e+02
7.145073446327685360e+02
7.142158192090396369e+02
7.139412429378531897e+02
7.136700564971752101e+02
7.133830508474577528e+02
7.130700564971753010e+02
7.127446327683617255e+02
7.123898305084746880e+02
7.120214689265537800e+02
7.116531073446328719e+02
7.112734463276835868e+02
7.108937853107345290e+02
7.105468926553671736e+02
7.102146892655368902e+02
7.099163841807910558e+02
7.096632768361582748e+02
7.094745762711866064e+02
7.093231638418080820e+02
7.092338983050849492e+02
7.091740112994350511e+02
7.091389830508475143e+02
7.091333333333334394e+02
7.091344632768361862e+02
7.091310734463277186e+02
7.091401129943503747e+02
7.091525423728814985e+02
7.091807909604521001e+02
7.092644067796610443e+02
7.094079096045197730e+02
7.096870056497175483e+02
7.100802259887007040e+02
7.106056497175142113e+02
7.111468926553673100e+02
7.115299435028248354e+02
7.117525423728814076e+02
7.118384180790960727e+02
7.117638418079096709e+02
7.115785310734463565e+02
7.112644067796610443e+02
7.108463276836157547e+02
7.103186440677966402e+02
7.096881355932202950e+02
7.089525423728814530e+02
7.081163841807909876e+02
7.072079096045197275e+02
7.062610169491525767e+02
7.052531073446327810e+02
7.041875706214689217e+02
7.030892655367231328e+02
7.019841807909605222e+02
7.009005649717514643e+02
6.998779661016949376e+02
6.989322033898305335e+02
6.980802259887004766e+02
6.973242937853107151e+02
6.966768361581920317e+02
6.961502824858756640e+02
6.957423728813558910e+02
6.954903954802259705e+02
6.953864406779662204e+02
6.954497175141243588e+02
6.956757062146892849e+02
6.960790960451977298e+02
6.966146892655367537e+02
6.972971751412428603e+02
6.981152542372881271e+02
6.990497175141242678e+02
7.000689265536723269e+02
7.011593220338983201e+02
7.023355932203389784e+02
7.035378531073446311e+02
7.047694915254237458e+02
7.060169491525423382e+02
7.072790960451977753e+02
7.085491525423728945e+02
7.098033898305084222e+02
7.110440677966100793e+02
7.122711864406779796e+02
7.134858757062146424e+02
7.146858757062146879e+02
7.158508474576269691e+02
7.169943502824858115e+02
7.181096045197740523e+02
7.191209039548023156e+02
7.200112994350282634e+02
7.208101694915253574e+02
7.215062146892655619e+02
7.220700564971750737e+02
7.224824858757061747e+02
7.227333333333333485e+02
7.227909604519774120e+02
7.226327683615819524e+02
7.222395480225989104e+02
7.218169491525422927e+02
7.214598870056496480e+02
7.211514124293785244e+02
7.208790960451976844e+02
7.206271186440676502e+02
7.203593220338982519e+02
7.200824858757061975e+02
7.197853107344633372e+02
7.194813559322034280e+02
7.191525423728812711e+02
7.188192090395480136e+02
7.184824858757061747e+02
7.181457627118643359e+02
7.178237288135592280e+02
7.175378531073445174e+02
7.172813559322033825e+02
7.170655367231638593e+02
7.169163841807909421e+02
7.168192090395480136e+02
7.167717514124294667e+02
7.167796610169491487e+02
7.168259887005649489e+02
7.169129943502825881e+02
7.170169491525423382e+02
7.171322033898305790e+02
7.172384180790960500e+02
7.173728813559321225e+02
7.175310734463276958e+02
7.177186440677967312e+02
7.179706214689265380e+02
7.183096045197739841e+02
7.187559322033898752e+02
7.193502824858757094e+02
7.198700564971751419e+02
7.202474576271185924e+02
7.204305084745762997e+02
7.204632768361581157e+02
7.203717514124293757e+02
7.201468926553671963e+02
7.197841807909603631e+02
7.193107344632768445e+02
7.187209039548022247e+02
7.180124293785311238e+02
7.172225988700565722e+02
7.163299435028249036e+02
7.153480225988701022e+02
7.142915254237287854e+02
7.131864406779660612e+02
7.120214689265537800e+02
7.108259887005650626e+02
7.096011299435028832e+02
7.083457627118643813e+02
7.071118644067796595e+02
7.059548022598870602e+02
7.048485875706214756e+02
7.038429378531075145e+02
7.029468926553672645e+02
7.021536723163842453e+02
7.014926553672316913e+02
7.009728813559322589e+02
7.006056497175140976e+02
7.003920903954801815e+02
7.003480225988701022e+02
7.004711864406780251e+02
7.007435028248587514e+02
7.011649717514123950e+02
7.017389830508475370e+02
7.024248587570621112e+02
7.032101694915254484e+02
7.040937853107345745e+02
7.050350282485875368e+02
7.060361581920903973e+02
7.070802259887005903e+02
7.081423728813558682e+02
7.092225988700564585e+02
7.102983050847458344e+02
7.113661016949153009e+02
7.124135593220339615e+02
7.134700564971751646e+02
7.144881355932203633e+02
7.154949152542371849e+02
7.164802259887005675e+02
7.174451977401130307e+02
7.183909604519774348e+02
7.193096045197740978e+02
7.201943502824858570e+02
7.209909604519774575e+02
7.216802259887006130e+02
7.222553672316385018e+02
7.226711864406779569e+02
7.229333333333333940e+02
7.230056497175141885e+02
7.228983050847457434e+02
7.225627118644067650e+02
7.223005649717514416e+02
7.220937853107343471e+02
7.219491525423728717e+02
7.218271186440676956e+02
7.217288135593220204e+02
7.216361581920905337e+02
7.215265536723163677e+02
7.214192090395480363e+02
7.212757062146893077e+02
7.211141242937853804e+02
7.209310734463276731e+02
7.207197740112994779e+02
7.205355932203390239e+02
7.203265536723164360e+02
7.201254237288136437e+02
7.199694915254237912e+02
7.198327683615818842e+02
7.197333333333333485e+02
7.196971751412430649e+02
7.197084745762712146e+02
7.197638418079096709e+02
7.198644067796610670e+02
7.199988700564972532e+02
7.201468926553673100e+02
7.203084745762712373e+02
7.204723163841808855e+02
7.206282485875707380e+02
7.207830508474577300e+02
7.209762711864407265e+02
7.212022598870057664e+02
7.214892655367232237e+02
7.218881355932203405e+02
7.224033898305085586e+02
7.229864406779662431e+02
7.234079096045197730e+02
7.236451977401130762e+02
7.237355932203389557e+02
7.236745762711864245e+02
7.234587570621469013e+02
7.231062146892654710e+02
7.226361581920903063e+02
7.220542372881357096e+02
7.213570621468926447e+02
7.205502824858757549e+02
7.196497175141242906e+02
7.186564971751412259e+02
7.175887005649717594e+02
7.164508474576273329e+02
7.152508474576271738e+02
7.140124293785311238e+02
7.127570621468927357e+02
7.115355932203390239e+02
7.103819209039547786e+02
7.093050847457627697e+02
7.082881355932204315e+02
7.073615819209039728e+02
7.065175141242939389e+02
7.058011299435029287e+02
7.052000000000000455e+02
7.047186440677966175e+02
7.043909604519774348e+02
7.042079096045197275e+02
7.041909604519773893e+02
7.043299435028249036e+02
7.046350282485875596e+02
7.050926553672316004e+02
7.056847457627119411e+02
7.064169491525424291e+02
7.072497175141243133e+02
7.081875706214689217e+02
7.092225988700565722e+02
7.102971751412430876e+02
7.114338983050847673e+02
7.125966101694916688e+02
7.138067796610170035e+02
7.150124293785311238e+02
7.162124293785311693e+02
7.174237288135593644e+02
7.186169491525424746e+02
7.198124293785311920e+02
7.209762711864407265e+02
7.221288135593219977e+02
7.232757062146893077e+02
7.243954802259886492e+02
7.254903954802259705e+02
7.264847457627117819e+02
7.273943502824859024e+02
7.281898305084746426e+02
7.288824858757062657e+02
7.294497175141243588e+02
7.298689265536723951e+02
7.301480225988700568e+02
7.302372881355931895e+02
7.301028248587570033e+02
7.297548022598870148e+02
7.293378531073445856e+02
7.289728813559322589e+02
7.286542372881356187e+02
7.283694915254237685e+02
7.280937853107344608e+02
7.278180790960451532e+02
7.275254237288136210e+02
7.272237288135593190e+02
7.269096045197740068e+02
7.265706214689266744e+02
7.262067796610169808e+02
7.258519774011299432e+02
7.254983050847457662e+02
7.251491525423728035e+02
7.248090395480226107e+02
7.245118644067797504e+02
7.242587570621469695e+02
7.240598870056497844e+02
7.239050847457627924e+02
7.238079096045198639e+02
7.237672316384182523e+02
7.237627118644068105e+02
7.237875706214690581e+02
7.238259887005650626e+02
7.238824858757063794e+02
7.239288135593221796e+02
7.239751412429379798e+02
7.240474576271187743e+02
7.241457627118644496e+02
7.242881355932204315e+02
7.245129943502824972e+02
7.248508474576271965e+02
7.253186440677966402e+02
7.257819209039548696e+02
7.261050847457627242e+02
7.262542372881357551e+02
7.262519774011300342e+02
7.261073446327684451e+02
7.258259887005649489e+02
7.254169491525423155e+02
7.248960451977401362e+02
7.242723163841808400e+02
7.235344632768361635e+02
7.226983050847456980e+02
7.217717514124294667e+02
7.207649717514125314e+02
7.196870056497175483e+02
7.185491525423728945e+02
7.173593220338983656e+02
7.161446327683615891e+02
7.149344632768361407e+02
7.137841807909604768e+02
7.126723163841808173e+02
7.116666666666667425e+02
7.107175141242937570e+02
7.098271186440678093e+02
7.090440677966103067e+02
7.083638418079095800e+02
7.078180790960452669e+02
7.073898305084745743e+02
7.071231638418079228e+02
7.070101694915254029e+02
7.070576271186441772e+02
7.072485875706214529e+02
7.075988700564972760e+02
7.081005649717515098e+02
7.087288135593221341e+02
7.094802259887006812e+02
7.103389830508475598e+02
7.112824858757062430e+02
7.123005649717514416e+02
7.133683615819209081e+02
7.144711864406780251e+02
7.156022598870057436e+02
7.167649717514125314e+02
7.179333333333333940e+02
7.190937853107343471e+02
7.202508474576270601e+02
7.214011299435028377e+02
7.225276836158191145e+02
7.236350282485875596e+02
7.247254237288135528e+02
7.257966101694914869e+02
7.268519774011299432e+02
7.278734463276837232e+02
7.287841807909604768e+02
7.295954802259886947e+02
7.302983050847458344e+02
7.308677966101694210e+02
7.313265536723163223e+02
7.316305084745763452e+02
7.317525423728814076e+02
7.316802259887006130e+02
7.313785310734463110e+02
7.310112994350283770e+02
7.307322033898304880e+02
7.305096045197740295e+02
7.303254237288135755e+02
7.301819209039547331e+02
7.300451977401130534e+02
7.298971751412428830e+02
7.297242937853106923e+02
7.295457627118644268e+02
7.293570621468926447e+02
7.291525423728812711e+02
7.289457627118642904e+02
7.287254237288135528e+02
7.285209039548022929e+02
7.283322033898305108e+02
7.281502824858757776e+02
7.280259887005649944e+02
7.279265536723164587e+02
7.278824858757061520e+02
7.278915254237288082e+02
7.279446327683615436e+02
7.280542372881357096e+02
7.282045197740112599e+02
7.283525423728813166e+02
7.285039548022598410e+02
7.286610169491525539e+02
7.288101694915254711e+02
7.289638418079096027e+02
7.291322033898304653e+02
7.293502824858757094e+02
7.296305084745763452e+02
7.300033898305084676e+02
7.304655367231638365e+02
7.310768361581921226e+02
7.315378531073446311e+02
7.318158192090395460e+02
7.319299435028249263e+02
7.318960451977401362e+02
7.317141242937852894e+02
7.313807909604520319e+02
7.309310734463276731e+02
7.303559322033897843e+02
7.296576271186440863e+02
7.288632768361582066e+02
7.279536723163841998e+02
7.269468926553672645e+02
7.258564971751413850e+02
7.247186440677967312e+02
7.234949152542372985e+02
7.222361581920904428e+02
7.209514124293785926e+02
7.197175141242937570e+02
7.185728813559321679e+02
7.174734463276836323e+02
7.164474576271186379e+02
7.155084745762711691e+02
7.146519774011298978e+02
7.138949152542372758e+02
7.132587570621467421e+02
7.127875706214689444e+02
7.124158192090394550e+02
7.122079096045197275e+02
7.121661016949152554e+02
7.122734463276835868e+02
7.125491525423728945e+02
7.129977401129942791e+02
7.135909604519772529e+02
7.142836158192089897e+02
7.151220338983050624e+02
7.160587570621469240e+02
7.170745762711864018e+02
7.181785310734462655e+02
7.193141242937851985e+02
7.205039548022598410e+02
7.217005649717513052e+02
7.229209039548022702e+02
7.241367231638417934e+02
7.253661016949151872e+02
7.265819209039548241e+02
7.277819209039548696e+02
7.289672316384180704e+02
7.301254237288135300e+02
7.312745762711864472e+02
7.323525423728813166e+02
7.332937853107343926e+02
7.341152542372880134e+02
7.348463276836157547e+02
7.354384180790960954e+02
7.359389830508473551e+02
7.363062146892655164e+02
7.365310734463275821e+02
7.365932203389829738e+02
7.364497175141243588e+02
7.361231638418078091e+02
7.356384180790960272e+02
7.352508474576270601e+02
7.349299435028249263e+02
7.346655367231637683e+02
7.344203389830507831e+02
7.342124293785310556e+02
7.340000000000000000e+02
7.337807909604518954e+02
7.335581920903954369e+02
7.333175141242936661e+02
7.330677966101694665e+02
7.327999999999999545e+02
7.325446327683615664e+02
7.322836158192091034e+02
7.320248587570620202e+02
7.317943502824857660e+02
7.316079096045198185e+02
7.314519774011298523e+02
7.313683615819209081e+02
7.313446327683615209e+02
7.313717514124293757e+02
7.314519774011298523e+02
7.315841807909603176e+02
7.317367231638417024e+02
7.319152542372880816e+02
7.320926553672316004e+02
7.322768361581920544e+02
7.324892655367231100e+02
7.326892655367230418e+02
7.329288135593219522e+02
7.332169491525423837e+02
7.335898305084745061e+02
7.340802259887004766e+02
7.346870056497174346e+02
7.351751412429377979e+02
7.355016949152542338e+02
7.356406779661017481e+02
7.356225988700564358e+02
7.354429378531073098e+02
7.351254237288135300e+02
7.346666666666666288e+02
7.340870056497174119e+02
7.333672316384180476e+02
7.325299435028248354e+02
7.315841807909603176e+02
7.305367231638417707e+02
7.294045197740113053e+02
7.282033898305083994e+02
7.269265536723163450e+02
7.255977401129941882e+02
7.242271186440677866e+02
7.229050847457626787e+02
7.216632768361581611e+02
7.204723163841807718e+02
7.193717514124293757e+02
7.183491525423728490e+02
7.174169491525424291e+02
7.165841807909604313e+02
7.158621468926553462e+02
7.152689265536721450e+02
7.148067796610168898e+02
7.145028248587570943e+02
7.143694915254236548e+02
7.143864406779659930e+02
7.145841807909604313e+02
7.149299435028248126e+02
7.154225988700563903e+02
7.160644067796609988e+02
7.168350282485876050e+02
7.177141242937852894e+02
7.186870056497174346e+02
7.197412429378530305e+02
7.208655367231638138e+02
7.220135593220338706e+02
7.232090395480224743e+02
7.244293785310733256e+02
7.256644067796609079e+02
7.268949152542372758e+02
7.281163841807908739e+02
7.293152542372880589e+02
7.305096045197740295e+02
7.316768361581921454e+02
7.328237288135592280e+02
7.339649717514123495e+02
7.350734463276835413e+02
7.361423728813558682e+02
7.371039548022597501e+02
7.379570621468926674e+02
7.386903954802259022e+02
7.392983050847457207e+02
7.397943502824857660e+02
7.401220338983050624e+02
7.402870056497174573e+02
7.402497175141241996e+02
7.399853107344631553e+02
7.395875706214688989e+02
7.392610169491524630e+02
7.389999999999998863e+02
7.387943502824857660e+02
7.386090395480225652e+02
7.384519774011298523e+02
7.382802259887005221e+02
7.381141242937851530e+02
7.379344632768361407e+02
7.377310734463276276e+02
7.375344632768361635e+02
7.373209039548022474e+02
7.371028248587570033e+02
7.368960451977401362e+02
7.367062146892654937e+02
7.365570621468925765e+02
7.364282485875705788e+02
7.363502824858755957e+02
7.363344632768361180e+02
7.363536723163842908e+02
7.364429378531073098e+02
7.365864406779661522e+02
7.367593220338983429e+02
7.369604519774010214e+02
7.371751412429377979e+02
7.373830508474576391e+02
7.376045197740112371e+02
7.378056497175141430e+02
7.380610169491525312e+02
7.383367231638417252e+02
7.386881355932202950e+02
7.391288135593219977e+02
7.396960451977399771e+02
7.403774011299433369e+02
7.408994350282484902e+02
7.412463276836157320e+02
7.414237288135592507e+02
7.414553672316383199e+02
7.413412429378530533e+02
7.410881355932201586e+02
7.406926553672315094e+02
7.401943502824858570e+02
7.395615819209037909e+02
7.388180790960450395e+02
7.379694915254235639e+02
7.370203389830508058e+02
7.359830508474575481e+02
7.348745762711864700e+02
7.337050847457626332e+02
7.325039548022598410e+02
7.312395480225987967e+02
7.299514124293784789e+02
7.287423728813558910e+02
7.276146892655367537e+02
7.265570621468925765e+02
7.255785310734462428e+02
7.246983050847456980e+02
7.239412429378530760e+02
7.232824858757061293e+02
7.227627118644066968e+02
7.223898305084744607e+02
7.221887005649716684e+02
7.221412429378531215e+02
7.222598870056496025e+02
7.225593220338980700e+02
7.230056497175140748e+02
7.236056497175140976e+02
7.243389830508474461e+02
7.251966101694914641e+02
7.261559322033897388e+02
7.272338983050847219e+02
7.283740112994348692e+02
7.295796610169491032e+02
7.308225988700564812e+02
7.320994350282485357e+02
7.334112994350281269e+02
7.347152542372880362e+02
7.360384180790958908e+02
7.373536723163840634e+02
7.386587570621468331e+02
7.399536723163840861e+02
7.412418079096044039e+02
7.425050847457625878e+02
7.437423728813557773e+02
7.448564971751411576e+02
7.458644067796608397e+02
7.467423728813557773e+02
7.475209039548021792e+02
7.481807909604518727e+02
7.487062146892653800e+02
7.490937853107343471e+02
7.493005649717513279e+02
7.493242937853106014e+02
7.491367231638416797e+02
7.487401129943501701e+02
7.481751412429376842e+02
7.476677966101692618e+02
7.472282485875705333e+02
7.468372881355930986e+02
7.464384180790959817e+02
7.460621468926552780e+02
7.456836158192089670e+02
7.452983050847456070e+02
7.448994350282484902e+02
7.444870056497173891e+02
7.440666666666664923e+02
7.436361581920903063e+02
7.432146892655366628e+02
7.428169491525422927e+02
7.424395480225987285e+02
7.421118644067794321e+02
7.418112994350281042e+02
7.415898305084742788e+02
7.414338983050845400e+02
7.413299435028245625e+02
7.412937853107342789e+02
7.413016949152540747e+02
7.413389830508472187e+02
7.413943502824856751e+02
7.414757062146890121e+02
7.415649717514122585e+02
7.416610169491523266e+02
7.417728813559320997e+02
7.419265536723162313e+02
7.421401129943501473e+02
7.424384180790959817e+02
7.428463276836156410e+02
7.433706214689264016e+02
7.440169491525423382e+02
7.444723163841806581e+02
7.447491525423727126e+02
7.448418079096043130e+02
7.447683615819207716e+02
7.445491525423726671e+02
7.441796610169490123e+02
7.436508474576269236e+02
7.430101694915251755e+02
7.422192090395478772e+02
7.413016949152540747e+02
7.402666666666664241e+02
7.391220338983049487e+02
7.379005649717512370e+02
7.365841807909603176e+02
7.351966101694913505e+02
7.337570621468923946e+02
7.324045197740110780e+02
7.311050847457624968e+02
7.298621468926552325e+02
7.286802259887003856e+02
7.275728813559320542e+02
7.265661016949150053e+02
7.256531073446326445e+02
7.248451977401127806e+02
7.241446327683613617e+02
7.235887005649715320e+02
7.231807909604517590e+02
7.229333333333331666e+02
7.228350282485873777e+02
7.229231638418077637e+02
7.231502824858755503e+02
7.235480225988699203e+02
7.240700564971748463e+02
7.247367231638415888e+02
7.255152542372879907e+02
7.263920903954801815e+02
7.273604519774009987e+02
7.283819209039546649e+02
7.294768361581918725e+02
7.305999999999997954e+02
7.317355932203388420e+02
7.328926553672315549e+02
7.340723163841806809e+02
7.352384180790958226e+02
7.364124293785307600e+02
7.375728813559319406e+02
7.387220338983049714e+02
7.398632768361580929e+02
7.409999999999997726e+02
7.421107344632766853e+02
7.431920903954800224e+02
7.442463276836156183e+02
7.451988700564970713e+02
7.460259887005647670e+02
7.467209039548021110e+02
7.472666666666664241e+02
7.476553672316382517e+02
7.478395480225987058e+02
7.478237288135591143e+02
7.475796610169489895e+02
7.471435028248586150e+02
7.467830508474573890e+02
7.464779661016947330e+02
7.462203389830506239e+02
7.460045197740112144e+02
7.458022598870054480e+02
7.456033898305082630e+02
7.454045197740110780e+02
7.451875706214686943e+02
7.449706214689263106e+02
7.447141242937850620e+02
7.444892655367229963e+02
7.442564971751410212e+02
7.440282485875704879e+02
7.438305084745761633e+02
7.436497175141240632e+02
7.435276836158191145e+02
7.434395480225987285e+02
7.434067796610167989e+02
7.434463276836156638e+02
7.435344632768360498e+02
7.436757062146890576e+02
7.438440677966100338e+02
7.440655367231636319e+02
7.442858757062144832e+02
7.445096045197738022e+02
7.447446327683614982e+02
7.449830508474574344e+02
7.452418079096042902e+02
7.455457627118641994e+02
7.459073446327681722e+02
7.463672316384180476e+02
7.469389830508473551e+02
7.476316384180788646e+02
7.483593220338980245e+02
7.489322033898304198e+02
7.493129943502823380e+02
7.495514124293783880e+02
7.496203389830507149e+02
7.495367231638416570e+02
7.493084745762710099e+02
7.489502824858755048e+02
7.484542372881354595e+02
7.478406779661015662e+02
7.471152542372880134e+02
7.462700564971750055e+02
7.453344632768360043e+02
7.443141242937851985e+02
7.432203389830506239e+02
7.420903954802258795e+02
7.408836158192088988e+02
7.396384180790959135e+02
7.383502824858755957e+02
7.370824858757059701e+02
7.359028248587568442e+02
7.347988700564969804e+02
7.337751412429377069e+02
7.328485875706212482e+02
7.320316384180788418e+02
7.313649717514122131e+02
7.308305084745761633e+02
7.304497175141241314e+02
7.302372881355930758e+02
7.301943502824858570e+02
7.303028248587569351e+02
7.305920903954799996e+02
7.310316384180789555e+02
7.315977401129941882e+02
7.323107344632766171e+02
7.331288135593218840e+02
7.340576271186438362e+02
7.350621468926551643e+02
7.361322033898303516e+02
7.372700564971748918e+02
7.384542372881353458e+02
7.396564971751411122e+02
7.408824858757059246e+02
7.421096045197738249e+02
7.433581920903952778e+02
7.446146892655365264e+02
7.458598870056493979e+02
7.471062146892652436e+02
7.483525423728810892e+02
7.495819209039545967e+02
7.507502824858754593e+02
7.517966101694912595e+02
7.527468926553669917e+02
7.535830508474573435e+02
7.543186440677964129e+02
7.549197740112992960e+02
7.553966101694913959e+02
7.557084745762708735e+02
7.558418079096043130e+02
7.557898305084743242e+02
7.555141242937850166e+02
7.549796610169489668e+02
7.544406779661014752e+02
7.539593220338980473e+02
7.535231638418076727e+02
7.530960451977398407e+02
7.526734463276834504e+02
7.522429378531071507e+02
7.518169491525420653e+02
7.513683615819206807e+02
7.509186440677964356e+02
7.504564971751410667e+02
7.499796610169489668e+02
7.495096045197736885e+02
7.490451977401128261e+02
7.485988700564970486e+02
7.481988700564968440e+02
7.478327683615817705e+02
7.475242937853106469e+02
7.472824858757060156e+02
7.470971751412428148e+02
7.469751412429377524e+02
7.468858757062145060e+02
7.468338983050846309e+02
7.468124293785309646e+02
7.468045197740111689e+02
7.468112994350281042e+02
7.468067796610167761e+02
7.468463276836157547e+02
7.469141242937851075e+02
7.470203389830508058e+02
7.472248587570619520e+02
7.475322033898304426e+02
7.479638418079094890e+02
7.485322033898304426e+02
7.490745762711862881e+02
7.494372881355932350e+02
7.496508474576270373e+02
7.496971751412428375e+02
7.496022598870055162e+02
7.493740112994348692e+02
7.490022598870056072e+02
7.485073446327683087e+02
7.478915254237286945e+02
7.471559322033897388e+02
7.462971751412428603e+02
7.453468926553671281e+02
7.442994350282483538e+02
7.431819209039547331e+02
7.419932203389829510e+02
7.407559322033897615e+02
7.394587570621467876e+02
7.381762711864405446e+02
7.369694915254235639e+02
7.358214689265535071e+02
7.347423728813557773e+02
7.337457627118642449e+02
7.328293785310733028e+02
7.320384180790958908e+02
7.313468926553671281e+02
7.307943502824857660e+02
7.303943502824856751e+02
7.301242937853105559e+02
7.300293785310732346e+02
7.300802259887004766e+02
7.303231638418078546e+02
7.306926553672315094e+02
7.312022598870055390e+02
7.318531073446326900e+02
7.326316384180789782e+02
7.335107344632766626e+02
7.344802259887004539e+02
7.355096045197739159e+02
7.366112994350280587e+02
7.377322033898303744e+02
7.389039548022597046e+02
7.400960451977399543e+02
7.412757062146890803e+02
7.424677966101694437e+02
7.436677966101692618e+02
7.448779661016947102e+02
7.460519774011297613e+02
7.472146892655365491e+02
7.483672316384179339e+02
7.495197740112992051e+02
7.506508474576269236e+02
7.517581920903953687e+02
7.527785310734461746e+02
7.536960451977399771e+02
7.544858757062145287e+02
7.551276836158190235e+02
7.556067796610168443e+02
7.559096045197738931e+02
7.560146892655366173e+02
7.559242937853106241e+02
7.555672316384179794e+02
7.551480225988698294e+02
7.547796610169491487e+02
7.544757062146891258e+02
7.541841807909602267e+02
7.539107344632766399e+02
7.536384180790959135e+02
7.533649717514123267e+02
7.530903954802258795e+02
7.527875706214688307e+02
7.524926553672314640e+02
7.521774011299434051e+02
7.518655367231638138e+02
7.515638418079095118e+02
7.512892655367231782e+02
7.510203389830508058e+02
7.507875706214688307e+02
7.506248587570621567e+02
7.505028248587570943e+02
7.504519774011298523e+02
7.504451977401129170e+02
7.504971751412429057e+02
7.506090395480225652e+02
7.507502824858756867e+02
7.509028248587570715e+02
7.510576271186440636e+02
7.512305084745762542e+02
7.514056497175140521e+02
7.516090395480225652e+02
7.518474576271185015e+02
7.521627118644067878e+02
7.525514124293783880e+02
7.530632768361581384e+02
7.537050847457626332e+02
7.545039548022598410e+02
7.552169491525423837e+02
7.557672316384180249e+02
7.561661016949151417e+02
7.563966101694915096e+02
7.564700564971751646e+02
7.564192090395480363e+02
7.562203389830508513e+02
7.558949152542372758e+02
7.554203389830508968e+02
7.548406779661017936e+02
7.541525423728813848e+02
7.533536723163841771e+02
7.524790960451978208e+02
7.515141242937852439e+02
7.504858757062147561e+02
7.493841807909604995e+02
7.482372881355933032e+02
7.470395480225988649e+02
7.458146892655366855e+02
7.445819209039548241e+02
7.434192090395479227e+02
7.423627118644067195e+02
7.413751412429378433e+02
7.405050847457627015e+02
7.397559322033898752e+02
7.391627118644067878e+02
7.386881355932202950e+02
7.383796610169491714e+02
7.382384180790959363e+02
7.382564971751412486e+02
7.384361581920903745e+02
7.387774011299434278e+02
7.392531073446327810e+02
7.398497175141243360e+02
7.405491525423728945e+02
7.413740112994349829e+02
7.422644067796609306e+02
7.432203389830508513e+02
7.442237288135593190e+02
7.452655367231637911e+02
7.463378531073446993e+02
7.474214689265536435e+02
7.485299435028248354e+02
7.496282485875706243e+02
7.507367231638418161e+02
7.518418079096045403e+02
7.529412429378530760e+02
7.540271186440677411e+02
7.551175141242937343e+02
7.561751412429377979e+02
7.572350282485875823e+02
7.582700564971751191e+02
7.592564971751412486e+02
7.601209039548022020e+02
7.608677966101695347e+02
7.614700564971751646e+02
7.619096045197738931e+02
7.621785310734462655e+02
7.622372881355931895e+02
7.620745762711864018e+02
7.616745762711864245e+02
7.612915254237287854e+02
7.609491525423729854e+02
7.606531073446327582e+02
7.603638418079095800e+02
7.600892655367231328e+02
7.597920903954802725e+02
7.595073446327683087e+02
7.591932203389831102e+02
7.588779661016949376e+02
7.585480225988700340e+02
7.581887005649716684e+02
7.578429378531074008e+02
7.574983050847457662e+02
7.571774011299435188e+02
7.568779661016949376e+02
7.566237288135591825e+02
7.564338983050847673e+02
7.562813559322033825e+02
7.561988700564971850e+02
7.561717514124294439e+02
7.561909604519773893e+02
7.562429378531073780e+02
7.563163841807910330e+02
7.563977401129942564e+02
7.564824858757061747e+02
7.565694915254237003e+02
7.566802259887006130e+02
7.568169491525424064e+02
7.570146892655368447e+02
7.572836158192089897e+02
7.576553672316384791e+02
7.581435028248588424e+02
7.587559322033898752e+02
7.592124293785311693e+02
7.595005649717513734e+02
7.596237288135594099e+02
7.595943502824859479e+02
7.594158192090394550e+02
7.590824858757061975e+02
7.586293785310733711e+02
7.580350282485875368e+02
7.573107344632767308e+02
7.564757062146892395e+02
7.555322033898304426e+02
7.544994350282485129e+02
7.533525423728813166e+02
7.521559322033898525e+02
7.509016949152542111e+02
7.495774011299433823e+02
7.482169491525423837e+02
7.469367231638418616e+02
7.457062146892654937e+02
7.445446327683614527e+02
7.434485875706214983e+02
7.424237288135593644e+02
7.414802259887005675e+02
7.406418079096044949e+02
7.399152542372880816e+02
7.393175141242937798e+02
7.388757062146892167e+02
7.385774011299434960e+02
7.384203389830508968e+02
7.384429378531073098e+02
7.386124293785310329e+02
7.389412429378530760e+02
7.394158192090394550e+02
7.400327683615819296e+02
7.407604519774010896e+02
7.415988700564972760e+02
7.425265536723163677e+02
7.435175141242938253e+02
7.445774011299434960e+02
7.456757062146891712e+02
7.468079096045196366e+02
7.479649717514123495e+02
7.491378531073446538e+02
7.503163841807909193e+02
7.514960451977401590e+02
7.526790960451976389e+02
7.538508474576269691e+02
7.550067796610169353e+02
7.561593220338983201e+02
7.573084745762712373e+02
7.584429378531073098e+02
7.594915254237287172e+02
7.604564971751412941e+02
7.612824858757062430e+02
7.619966101694915324e+02
7.625830508474575709e+02
7.630282485875704879e+02
7.632836158192089897e+02
7.633548022598870375e+02
7.632406779661016571e+02
7.629039548022599320e+02
7.624576271186440408e+02
7.620666666666666060e+02
7.617186440677966175e+02
7.613988700564971168e+02
7.611096045197740523e+02
7.608112994350283316e+02
7.604960451977401590e+02
7.601954802259887174e+02
7.598677966101695347e+02
7.595096045197740295e+02
7.591661016949152554e+02
7.588067796610168898e+02
7.584610169491525085e+02
7.581096045197739386e+02
7.577841807909604768e+02
7.574983050847457662e+02
7.572418079096045176e+02
7.570531073446327355e+02
7.569096045197740068e+02
7.568395480225988194e+02
7.568101694915253574e+02
7.568056497175141430e+02
7.568440677966101475e+02
7.568960451977401362e+02
7.569514124293784789e+02
7.569977401129942791e+02
7.570553672316384564e+02
7.571220338983050624e+02
7.572293785310735075e+02
7.573999999999998636e+02
7.576553672316383654e+02
7.580180790960450850e+02
7.585005649717513734e+02
7.591096045197740523e+02
7.597152542372882635e+02
7.601581920903954597e+02
7.604372881355932350e+02
7.605615819209039046e+02
7.605344632768361635e+02
7.603807909604520319e+02
7.601005649717512824e+02
7.596790960451976389e+02
7.591322033898304653e+02
7.584757062146891258e+02
7.577152542372880362e+02
7.568338983050846309e+02
7.558723163841807491e+02
7.548564971751411576e+02
7.537751412429378206e+02
7.526248587570621567e+02
7.514418079096044494e+02
7.502395480225989104e+02
7.491118644067796595e+02
7.480508474576271283e+02
7.470485875706215211e+02
7.461186440677965948e+02
7.452813559322034962e+02
7.445604519774012715e+02
7.439242937853107378e+02
7.434327683615819069e+02
7.431028248587570033e+02
7.428949152542372758e+02
7.428531073446326900e+02
7.429751412429378661e+02
7.432553672316383881e+02
7.436689265536722360e+02
7.442237288135592053e+02
7.449118644067796140e+02
7.456983050847456980e+02
7.466000000000000227e+02
7.475841807909605450e+02
7.486350282485875596e+02
7.497367231638418161e+02
7.508666666666667879e+02
7.520406779661018390e+02
7.532112994350283088e+02
7.544056497175141658e+02
7.556011299435028832e+02
7.567853107344633372e+02
7.579740112994350056e+02
7.591514124293785244e+02
7.603175141242937798e+02
7.614813559322035417e+02
7.626225988700564358e+02
7.637209039548022247e+02
7.647107344632768218e+02
7.656090395480225652e+02
7.663909604519774348e+02
7.670451977401130534e+02
7.675830508474575709e+02
7.679570621468926674e+02
7.681627118644067878e+02
7.681751412429377979e+02
7.679762711864407265e+02
7.675288135593219749e+02
7.671062146892654710e+02
7.667389830508474233e+02
7.664293785310734393e+02
7.661333333333333258e+02
7.658553672316384109e+02
7.655807909604519637e+02
7.653118644067795913e+02
7.650338983050846764e+02
7.647355932203389557e+02
7.644350282485875141e+02
7.641299435028248581e+02
7.638180790960451532e+02
7.635209039548021792e+02
7.632418079096045176e+02
7.629977401129942791e+02
7.627774011299435415e+02
7.626169491525424746e+02
7.625242937853106469e+02
7.624870056497175028e+02
7.625016949152541201e+02
7.625672316384179794e+02
7.626655367231638820e+02
7.627807909604520091e+02
7.629152542372881953e+02
7.630553672316384564e+02
7.631966101694915778e+02
7.633570621468926447e+02
7.635570621468926902e+02
7.638056497175140294e+02
7.641107344632767990e+02
7.645152542372881044e+02
7.650451977401130534e+02
7.657028248587569124e+02
7.663344632768361180e+02
7.667887005649718049e+02
7.670655367231638593e+02
7.671898305084745289e+02
7.671570621468925992e+02
7.669841807909604086e+02
7.666497175141241769e+02
7.661841807909604540e+02
7.655898305084745061e+02
7.648564971751412713e+02
7.640056497175141885e+02
7.630497175141242678e+02
7.620101694915254029e+02
7.608711864406780023e+02
7.596610169491525539e+02
7.583830508474576391e+02
7.570497175141242678e+02
7.557333333333333485e+02
7.544677966101694437e+02
7.532757062146893077e+02
7.521344632768361862e+02
7.510824858757061975e+02
7.501084745762711918e+02
7.492519774011300342e+02
7.485107344632768900e+02
7.478949152542372758e+02
7.474327683615817932e+02
7.471186440677965948e+02
7.469627118644068560e+02
7.469559322033899207e+02
7.471163841807911012e+02
7.474316384180791601e+02
7.479028248587570715e+02
7.484983050847457662e+02
7.492225988700565722e+02
7.500700564971751874e+02
7.510022598870057209e+02
7.520271186440678548e+02
7.531073446327684451e+02
7.542372881355931895e+02
7.553943502824859024e+02
7.565762711864407493e+02
7.577785310734464019e+02
7.589785310734463337e+02
7.601932203389829965e+02
7.613977401129943701e+02
7.625841807909604313e+02
7.637593220338983429e+02
7.649480225988700113e+02
7.661129943502824062e+02
7.672553672316385018e+02
7.682949152542373668e+02
7.692056497175142340e+02
7.700169491525423382e+02
7.706926553672316231e+02
7.712350282485875823e+02
7.716406779661017481e+02
7.718734463276837232e+02
7.719276836158192054e+02
7.717344632768360952e+02
7.713457627118643813e+02
7.709231638418078774e+02
7.705717514124294212e+02
7.702858757062147106e+02
7.700192090395480591e+02
7.697819209039548696e+02
7.695581920903954369e+02
7.693491525423728490e+02
7.691288135593219977e+02
7.688960451977401362e+02
7.686621468926553007e+02
7.684124293785311011e+02
7.681785310734462655e+02
7.679412429378530760e+02
7.677322033898304880e+02
7.675548022598870830e+02
7.674158192090395687e+02
7.673073446327683769e+02
7.672700564971751191e+02
7.672768361581921681e+02
7.673559322033898979e+02
7.674949152542374122e+02
7.676711864406779569e+02
7.678700564971752556e+02
7.680949152542373213e+02
7.683367231638418389e+02
7.685751412429378888e+02
7.688214689265537345e+02
7.690768361581922363e+02
7.693807909604520319e+02
7.697378531073446766e+02
7.701740112994350511e+02
7.707220338983050851e+02
7.713841807909604995e+02
7.721005649717515098e+02
7.726293785310734847e+02
7.729966101694915324e+02
7.731830508474577073e+02
7.732180790960452441e+02
7.730870056497175256e+02
7.728112994350283316e+02
7.723954802259886492e+02
7.718214689265537345e+02
7.711288135593219977e+02
7.703163841807909193e+02
7.693785310734463110e+02
7.683389830508474461e+02
7.672225988700564585e+02
7.660180790960450850e+02
7.647457627118644723e+02
7.634090395480225197e+02
7.620293785310734620e+02
7.606836158192090807e+02
7.594203389830508968e+02
7.582180790960453578e+02
7.571005649717515098e+02
7.560632768361583658e+02
7.551220338983050624e+02
7.543016949152543020e+02
7.535988700564972760e+02
7.530338983050847901e+02
7.525966101694916688e+02
7.523401129943504202e+02
7.522497175141243133e+02
7.523163841807910330e+02
7.525367231638418843e+02
7.529084745762713737e+02
7.534361581920904882e+02
7.541163841807911012e+02
7.548903954802260614e+02
7.557853107344633372e+02
7.567536723163843817e+02
7.577966101694917143e+02
7.588971751412429967e+02
7.600395480225989786e+02
7.612248587570622931e+02
7.624259887005650853e+02
7.636519774011300115e+02
7.648881355932203405e+02
7.661186440677967084e+02
7.673401129943503065e+02
7.685446327683616801e+02
7.697502824858756867e+02
7.709615819209041092e+02
7.721491525423730309e+02
7.732350282485876960e+02
7.742112994350283088e+02
7.750836158192091716e+02
7.758282485875706698e+02
7.764372881355933487e+02
7.769073446327683996e+02
7.772248587570622931e+02
7.773751412429378433e+02
7.773118644067798186e+02
7.770429378531074462e+02
7.765423728813559592e+02
7.760531073446328492e+02
7.756237288135594099e+02
7.752338983050848356e+02
7.748892655367233147e+02
7.745570621468928039e+02
7.742180790960453578e+02
7.738779661016949376e+02
7.735333333333334167e+02
7.731909604519775030e+02
7.728169491525425201e+02
7.724406779661017026e+02
7.720711864406780478e+02
7.717141242937854031e+02
7.713593220338984793e+02
7.710338983050849038e+02
7.707694915254238595e+02
7.705491525423730081e+02
7.703932203389831557e+02
7.703039548022600229e+02
7.702689265536724861e+02
7.702971751412430876e+02
7.703514124293785699e+02
7.704361581920904882e+02
7.705401129943503520e+02
7.706429378531074690e+02
7.707525423728814076e+02
7.708870056497175938e+02
7.710531073446328492e+02
7.712576271186442227e+02
7.715525423728813621e+02
7.719276836158194328e+02
7.724214689265537572e+02
7.730519774011299887e+02
7.737242937853108060e+02
7.742214689265537118e+02
7.745389830508474915e+02
7.746847457627118274e+02
7.746802259887006130e+02
7.745005649717514871e+02
7.741853107344634282e+02
7.737096045197741887e+02
7.731129943502826336e+02
7.723728813559323498e+02
7.715107344632770037e+02
7.705457627118646542e+02
7.694689265536725316e+02
7.683073446327684906e+02
7.670531073446329628e+02
7.657220338983051988e+02
7.643502824858758231e+02
7.630564971751414305e+02
7.618056497175142567e+02
7.606350282485875596e+02
7.595276836158193419e+02
7.585084745762712828e+02
7.575706214689266744e+02
7.567299435028249945e+02
7.560090395480226562e+02
7.554259887005650853e+02
7.549807909604520546e+02
7.546903954802260159e+02
7.545389830508474915e+02
7.545774011299436097e+02
7.547627118644069242e+02
7.551152542372883545e+02
7.556056497175143249e+02
7.562474576271188198e+02
7.570169491525424519e+02
7.578926553672317823e+02
7.588824858757063794e+02
7.599355932203391149e+02
7.610723163841809082e+02
7.622564971751413623e+02
7.634903954802261978e+02
7.647480225988701932e+02
7.660384180790961182e+02
7.673276836158192964e+02
7.686372881355932805e+02
7.699446327683616573e+02
7.712677966101696256e+02
7.725683615819209535e+02
7.738598870056498527e+02
7.751435028248588424e+02
7.764259887005650853e+02
7.776768361581921454e+02
7.788101694915254711e+02
7.798169491525425201e+02
7.806971751412430649e+02
7.814451977401130307e+02
7.820372881355933714e+02
7.824418079096046768e+02
7.826587570621470604e+02
7.826553672316384791e+02
7.824180790960451759e+02
7.819220338983051306e+02
7.813807909604520319e+02
7.809062146892656529e+02
7.804677966101696711e+02
7.800519774011299887e+02
7.796497175141244043e+02
7.792610169491526904e+02
7.788734463276837232e+02
7.784734463276836323e+02
7.780519774011299887e+02
7.776553672316385928e+02
7.772440677966103522e+02
7.768418079096046540e+02
7.764700564971752783e+02
7.761220338983052898e+02
7.758135593220340525e+02
7.755649717514125996e+02
7.753796610169492851e+02
7.752621468926555508e+02
7.752112994350284225e+02
7.752112994350284225e+02
7.752768361581922818e+02
7.753706214689267426e+02
7.754903954802261978e+02
7.756237288135594099e+02
7.757694915254239731e+02
7.759220338983052443e+02
7.761005649717515098e+02
7.763141242937854258e+02
7.765909604519774803e+02
7.769502824858758459e+02
7.774192090395481500e+02
7.780011299435029741e+02
7.787242937853109197e+02
7.795062146892656756e+02
7.801141242937854940e+02
7.805480225988702614e+02
7.807943502824859934e+02
7.809062146892657665e+02
7.808451977401132353e+02
7.806372881355935078e+02
7.802847457627121912e+02
7.797807909604521228e+02
7.791389830508476280e+02
7.783909604519776622e+02
7.775299435028250628e+02
7.765627118644069924e+02
7.755050847457629288e+02
7.743694915254238822e+02
7.731525423728816122e+02
7.718734463276837232e+02
7.705389830508477189e+02
7.692338983050849492e+02
7.679954802259887856e+02
7.668305084745763907e+02
7.657525423728816349e+02
7.647649717514126451e+02
7.638847457627121003e+02
7.631186440677968221e+02
7.624836158192091489e+02
7.619898305084745971e+02
7.616576271186442000e+02
7.614870056497177302e+02
7.614655367231640639e+02
7.616282485875708517e+02
7.619242937853108515e+02
7.623887005649719413e+02
7.629762711864408402e+02
7.636937853107345973e+02
7.645175141242939389e+02
7.654384180790962091e+02
7.664440677966103976e+02
7.675118644067797504e+02
7.686180790960454488e+02
7.697762711864409084e+02
7.709548022598871739e+02
7.721661016949153691e+02
7.733853107344634736e+02
7.746180790960454488e+02
7.758463276836159821e+02
7.770644067796611125e+02
7.783118644067798186e+02
7.795378531073448585e+02
7.807694915254239731e+02
7.818564971751413850e+02
7.828282485875708971e+02
7.836689265536724633e+02
7.844022598870058118e+02
7.849966101694917597e+02
7.854508474576273329e+02
7.857412429378532579e+02
7.858384180790961864e+02
7.857389830508475370e+02
7.854135593220340752e+02
7.848610169491528268e+02
7.843107344632769582e+02
7.838418079096046540e+02
7.834112994350284680e+02
7.830112994350283770e+02
7.826271186440679912e+02
7.822836158192092171e+02
7.819265536723164587e+02
7.815559322033900571e+02
7.811920903954803634e+02
7.808214689265538482e+02
7.804576271186441545e+02
7.800824858757063112e+02
7.797378531073447903e+02
7.794180790960454033e+02
7.791265536723165042e+02
7.788802259887006585e+02
7.786949152542374577e+02
7.785694915254239277e+02
7.785096045197741432e+02
7.785016949152543475e+02
7.785581920903955506e+02
7.786429378531074690e+02
7.787774011299436552e+02
7.789355932203391149e+02
7.791050847457628379e+02
7.792881355932205452e+02
7.794824858757062884e+02
7.797163841807911240e+02
7.800011299435028604e+02
7.803627118644069469e+02
7.808271186440679230e+02
7.814022598870058118e+02
7.821242937853110107e+02
7.829276836158194328e+02
7.835593220338985248e+02
7.840045197740114418e+02
7.842813559322036099e+02
7.843796610169492851e+02
7.842937853107346200e+02
7.840610169491527586e+02
7.836666666666668561e+02
7.831118644067798868e+02
7.824305084745765271e+02
7.816316384180793193e+02
7.806960451977402045e+02
7.796418079096047222e+02
7.784971751412431331e+02
7.772440677966102385e+02
7.759084745762713737e+02
7.745028248587572079e+02
7.730497175141244952e+02
7.716146892655367537e+02
7.702474576271188198e+02
7.689514124293787063e+02
7.677322033898306017e+02
7.665920903954802270e+02
7.655548022598870830e+02
7.646293785310734847e+02
7.638463276836159821e+02
7.631920903954802498e+02
7.626858757062148015e+02
7.623367231638418389e+02
7.621525423728814985e+02
7.621367231638419071e+02
7.622757062146893077e+02
7.625706214689266744e+02
7.630090395480226562e+02
7.635887005649717594e+02
7.642937853107346200e+02
7.651152542372881271e+02
7.660090395480226562e+02
7.669977401129942791e+02
7.680384180790961182e+02
7.691389830508476280e+02
7.702666666666667652e+02
7.714282485875708062e+02
7.726067796610170717e+02
7.737943502824859934e+02
7.750067796610170490e+02
7.762135593220340297e+02
7.774237288135594781e+02
7.786451977401130762e+02
7.798677966101695347e+02
7.810802259887007040e+02
7.822870056497175710e+02
7.834971751412430194e+02
7.846248587570621567e+02
7.856350282485875596e+02
7.865073446327684223e+02
7.872406779661016571e+02
7.878045197740113963e+02
7.881898305084746426e+02
7.883378531073446993e+02
7.882757062146894214e+02
7.879751412429379798e+02
7.874316384180791601e+02
7.869536723163841998e+02
7.865254237288136210e+02
7.861096045197740523e+02
7.857129943502825427e+02
7.853254237288135755e+02
7.849344632768361407e+02
7.845457627118644268e+02
7.841276836158192509e+02
7.837254237288136665e+02
7.833186440677966402e+02
7.829073446327683996e+02
7.825039548022600684e+02
7.821378531073447675e+02
7.818158192090397733e+02
7.815570621468928039e+02
7.813446327683616346e+02
7.811762711864407720e+02
7.810768361581922363e+02
7.810350282485876505e+02
7.810485875706215211e+02
7.810960451977402954e+02
7.811672316384181158e+02
7.812451977401130989e+02
7.813367231638419526e+02
7.814440677966102839e+02
7.815728813559322816e+02
7.817446327683617255e+02
7.819785310734464474e+02
7.822824858757062430e+02
7.826892655367232692e+02
7.832203389830509650e+02
7.838802259887006585e+02
7.847084745762713283e+02
7.854429378531074235e+02
7.860045197740114418e+02
7.863954802259886492e+02
7.866508474576271510e+02
7.867514124293786608e+02
7.867005649717514189e+02
7.865073446327685360e+02
7.861853107344633145e+02
7.857367231638418161e+02
7.851649717514126223e+02
7.844892655367232237e+02
7.837096045197740750e+02
7.828418079096045403e+02
7.818802259887006585e+02
7.808451977401130080e+02
7.797536723163842680e+02
7.786022598870056299e+02
7.774022598870056981e+02
7.761864406779661749e+02
7.750327683615819296e+02
7.739740112994351193e+02
7.729977401129943928e+02
7.721265536723165042e+02
7.713502824858758231e+02
7.707141242937854031e+02
7.702350282485875823e+02
7.698847457627118729e+02
7.696824858757063339e+02
7.696632768361582748e+02
7.697887005649718049e+02
7.700677966101695802e+02
7.705073446327684223e+02
7.710700564971751874e+02
7.717548022598871285e+02
7.725717514124294212e+02
7.734587570621470149e+02
7.744542372881356869e+02
7.755118644067797504e+02
7.766045197740113508e+02
7.777412429378532579e+02
7.789231638418079910e+02
7.801242937853107833e+02
7.813491525423729627e+02
7.825841807909605450e+02
7.838192090395480136e+02
7.850689265536723269e+02
7.863039548022599092e+02
7.875435028248588196e+02
7.887785310734464019e+02
7.900293785310735757e+02
7.912112994350284225e+02
7.922644067796611580e+02
7.932079096045198412e+02
7.940429378531074462e+02
7.947276836158191600e+02
7.952790960451977753e+02
7.956225988700565495e+02
7.957830508474576163e+02
7.957310734463277413e+02
7.954327683615820206e+02
7.949062146892656529e+02
7.943548022598870375e+02
7.938316384180791374e+02
7.933389830508474461e+02
7.928813559322034052e+02
7.924327683615820206e+02
7.919796610169491942e+02
7.915242937853108742e+02
7.910553672316384564e+02
7.905740112994351421e+02
7.900926553672316004e+02
7.896090395480226789e+02
7.891355932203390466e+02
7.886723163841809310e+02
7.882350282485876960e+02
7.878610169491525994e+02
7.875322033898305563e+02
7.872621468926554371e+02
7.870542372881355959e+02
7.869299435028249263e+02
7.868418079096045403e+02
7.868022598870056754e+02
7.867887005649718049e+02
7.867966101694916006e+02
7.868124293785310783e+02
7.868621468926553462e+02
7.869265536723164587e+02
7.870203389830508058e+02
7.871751412429377979e+02
7.874067796610169125e+02
7.877186440677966175e+02
7.881570621468927129e+02
7.887186440677966175e+02
7.894406779661017026e+02
7.901254237288135300e+02
7.906508474576271510e+02
7.909875706214688762e+02
7.911638418079096482e+02
7.911909604519773893e+02
7.910632768361581384e+02
7.907694915254236321e+02
7.903175141242937798e+02
7.897559322033898752e+02
7.890338983050846764e+02
7.881909604519773893e+02
7.872237288135593190e+02
7.861638418079094208e+02
7.849954802259886719e+02
7.837581920903953687e+02
7.824384180790959817e+02
7.810485875706214074e+02
7.796271186440678775e+02
7.782644067796609306e+02
7.769728813559322589e+02
7.757423728813560047e+02
7.745830508474575709e+02
7.735220338983051533e+02
7.725649717514123722e+02
7.717276836158191600e+02
7.710124293785311238e+02
7.704497175141241314e+02
7.700361581920903973e+02
7.697740112994349602e+02
7.696790960451976389e+02
7.697333333333332348e+02
7.699344632768361407e+02
7.702870056497174573e+02
7.707548022598869011e+02
7.713615819209039728e+02
7.720587570621469240e+02
7.728327683615818842e+02
7.736881355932202950e+02
7.746056497175140976e+02
7.755694915254237003e+02
7.765740112994350284e+02
7.775943502824858342e+02
7.786429378531073553e+02
7.796983050847456980e+02
7.807672316384180249e+02
7.818531073446328037e+02
7.829242937853107378e+02
7.840067796610169353e+02
7.850824858757061975e+02
7.861649717514123950e+02
7.872406779661016571e+02
7.883050847457627697e+02
7.893389830508474461e+02
7.903322033898305108e+02
7.911830508474575936e+02
7.918677966101695347e+02
7.923966101694916233e+02
7.927220338983050851e+02
7.928576271186440181e+02
7.927355932203389557e+02
7.923966101694915096e+02
7.919683615819208171e+02
7.915943502824857205e+02
7.912666666666666515e+02
7.909593220338981610e+02
7.906485875706214301e+02
7.903536723163840634e+02
7.900610169491525312e+02
7.897581920903953687e+02
7.894203389830508968e+02
7.891005649717515098e+02
7.887604519774010896e+02
7.884112994350282406e+02
7.880847457627118047e+02
7.877751412429378206e+02
7.875050847457627015e+02
7.872757062146893077e+02
7.870949152542373213e+02
7.869841807909604086e+02
7.869209039548022702e+02
7.869118644067796140e+02
7.869480225988700113e+02
7.870101694915254029e+02
7.871141242937853804e+02
7.872124293785310556e+02
7.873265536723163223e+02
7.874418079096044494e+02
7.875864406779661522e+02
7.877785310734464019e+02
7.880146892655367310e+02
7.883322033898305108e+02
7.887389830508474233e+02
7.892745762711864472e+02
7.899423728813559364e+02
7.907457627118644723e+02
7.914384180790959817e+02
7.919593220338983883e+02
7.923107344632768445e+02
7.925310734463276958e+02
7.925819209039548241e+02
7.924858757062147561e+02
7.922429378531073780e+02
7.918485875706214756e+02
7.913242937853107151e+02
7.906937853107344836e+02
7.899378531073446084e+02
7.890813559322034507e+02
7.881446327683615891e+02
7.871220338983050624e+02
7.860271186440677411e+02
7.848768361581921909e+02
7.836463276836159366e+02
7.823898305084746880e+02
7.811672316384181158e+02
7.800214689265536663e+02
7.789525423728814530e+02
7.779751412429378661e+02
7.770881355932203860e+02
7.763254237288135755e+02
7.756937853107344836e+02
7.751943502824858570e+02
7.748361581920903518e+02
7.746225988700565495e+02
7.745740112994350284e+02
7.746824858757062202e+02
7.749581920903955279e+02
7.753672316384181613e+02
7.759310734463276731e+02
7.766135593220340070e+02
7.773954802259886492e+02
7.782903954802260387e+02
7.792587570621469695e+02
7.802971751412428603e+02
7.813898305084745743e+02
7.825322033898305563e+02
7.837073446327683541e+02
7.849084745762712600e+02
7.861175141242938480e+02
7.873435028248588878e+02
7.885672316384180931e+02
7.898022598870056754e+02
7.910440677966101930e+02
7.922802259887007494e+02
7.935107344632768900e+02
7.947344632768363226e+02
7.958395480225990468e+02
7.968542372881356641e+02
7.977412429378532579e+02
7.985299435028250628e+02
7.991920903954803634e+02
7.997016949152543930e+02
8.000485875706215211e+02
8.002124293785311693e+02
8.001717514124295576e+02
7.999129943502825881e+02
7.994203389830508968e+02
7.988655367231639275e+02
7.983536723163842908e+02
7.978723163841808628e+02
7.974271186440678321e+02
7.969762711864407265e+02
7.965220338983051533e+02
7.960644067796611125e+02
7.955977401129944155e+02
7.951220338983050624e+02
7.946463276836158229e+02
7.941683615819208626e+02
7.937028248587571397e+02
7.932632768361581839e+02
7.928327683615819979e+02
7.924485875706214983e+02
7.921186440677965948e+02
7.918395480225989331e+02
7.916259887005650171e+02
7.914790960451977071e+02
7.913807909604520319e+02
7.913231638418079683e+02
7.912994350282485811e+02
7.912847457627117365e+02
7.912824858757062430e+02
7.912734463276835868e+02
7.912983050847458344e+02
7.913593220338982519e+02
7.914531073446327127e+02
7.916350282485875596e+02
7.919016949152542111e+02
7.922745762711865609e+02
7.927514124293786608e+02
7.933627118644068332e+02
7.940033898305084676e+02
7.944644067796609761e+02
7.947796610169491487e+02
7.949378531073446084e+02
7.949333333333333940e+02
7.947875706214689444e+02
7.944971751412430194e+02
7.940576271186440636e+02
7.934779661016949603e+02
7.927932203389830192e+02
7.919898305084745971e+02
7.910689265536723269e+02
7.900700564971750737e+02
7.889830508474576618e+02
7.878214689265536208e+02
7.865807909604519637e+02
7.852824858757061293e+02
7.839740112994350056e+02
7.827209039548022247e+02
7.815288135593220886e+02
7.804045197740113053e+02
7.793683615819209081e+02
7.784067796610169125e+02
7.775480225988700340e+02
7.768022598870056754e+02
7.761909604519773893e+02
7.757141242937852894e+02
7.753898305084746880e+02
7.752180790960451304e+02
7.752101694915254484e+02
7.753401129943501928e+02
7.756293785310733711e+02
7.760519774011299887e+02
7.766237288135594099e+02
7.772858757062147106e+02
7.780892655367232464e+02
7.789661016949152099e+02
7.799062146892655392e+02
7.809276836158192054e+02
7.819864406779661294e+02
7.830847457627119184e+02
7.842079096045198412e+02
7.853581920903955051e+02
7.865073446327685360e+02
7.876836158192090807e+02
7.888610169491525994e+02
7.900497175141243815e+02
7.912203389830508513e+02
7.923943502824859024e+02
7.935774011299436097e+02
7.947310734463276276e+02
7.958542372881356641e+02
7.968621468926553462e+02
7.977502824858756867e+02
7.985107344632767763e+02
7.991389830508474006e+02
7.995954802259886947e+02
7.998723163841808628e+02
7.999536723163841998e+02
7.998079096045198639e+02
7.994293785310735529e+02
7.989751412429379798e+02
7.985774011299436097e+02
7.982214689265538254e+02
7.978903954802260614e+02
7.975966101694916688e+02
7.972971751412429740e+02
7.970045197740114418e+02
7.967197740112994779e+02
7.964350282485876278e+02
7.961276836158192509e+02
7.958158192090395460e+02
7.955186440677966857e+02
7.952451977401130989e+02
7.949785310734464474e+02
7.947627118644069242e+02
7.945819209039548241e+02
7.944711864406780251e+02
7.944203389830508968e+02
7.944180790960451759e+02
7.944858757062147561e+02
7.945988700564971623e+02
7.947457627118644723e+02
7.949073446327683996e+02
7.950836158192090579e+02
7.952689265536723724e+02
7.954655367231639502e+02
7.956824858757063339e+02
7.959457627118645178e+02
7.962519774011300342e+02
7.966338983050848128e+02
7.971084745762713055e+02
7.976768361581921454e+02
7.983864406779662204e+02
7.992440677966101248e+02
7.999661016949153236e+02
8.005107344632768900e+02
8.008903954802260614e+02
8.011084745762711918e+02
8.011570621468927129e+02
8.010621468926553916e+02
8.007841807909604768e+02
8.003649717514124404e+02
7.998158192090395460e+02
7.991288135593221114e+02
7.983254237288135755e+02
7.974124293785309874e+02
7.964169491525424291e+02
7.952949152542373668e+02
7.940926553672316004e+02
7.928384180790960727e+02
7.915005649717513734e+02
7.901740112994350511e+02
7.889220338983051306e+02
7.877333333333334622e+02
7.866338983050848128e+02
7.856146892655367537e+02
7.846983050847458117e+02
7.838813559322034052e+02
7.832124293785311693e+02
7.826632768361582748e+02
7.822576271186442227e+02
7.820045197740114418e+02
7.819005649717514643e+02
7.819717514124295121e+02
7.822011299435029059e+02
7.825751412429378888e+02
7.830983050847457889e+02
7.837480225988701932e+02
7.844983050847458799e+02
7.853683615819210218e+02
7.863209039548023611e+02
7.873401129943503065e+02
7.884067796610169125e+02
7.895457627118644268e+02
7.907050847457627469e+02
7.918858757062147333e+02
7.930983050847457889e+02
7.943175141242938935e+02
7.955548022598870830e+02
7.967819209039548696e+02
7.980090395480226562e+02
7.992361581920904428e+02
8.004790960451978208e+02
8.017118644067797959e+02
8.028757062146893304e+02
8.039299435028249263e+02
8.048813559322034052e+02
8.057062146892656074e+02
8.063796610169491714e+02
8.068926553672316686e+02
8.072372881355931895e+02
8.073898305084745743e+02
8.073412429378531669e+02
8.070485875706215211e+02
8.065186440677966857e+02
8.059864406779660158e+02
8.055209039548022929e+02
8.050949152542373213e+02
8.046881355932202950e+02
8.043084745762711236e+02
8.039401129943503292e+02
8.035491525423728945e+02
8.031672316384181158e+02
8.027943502824858797e+02
8.023841807909604995e+02
8.019977401129942791e+02
8.016282485875706243e+02
8.012711864406780933e+02
8.009502824858757322e+02
8.006610169491525539e+02
8.004338983050847673e+02
8.002621468926554371e+02
8.001446327683617028e+02
8.001129943502826336e+02
8.001310734463277186e+02
8.001966101694915778e+02
8.002723163841808400e+02
8.003717514124293757e+02
8.004926553672316913e+02
8.006203389830509423e+02
8.007694915254237458e+02
8.009446327683616573e+02
8.011694915254238367e+02
8.014531073446328264e+02
8.018372881355932122e+02
8.023073446327684906e+02
8.029163841807910558e+02
8.036508474576271510e+02
8.043209039548023611e+02
8.048101694915254711e+02
8.051276836158192509e+02
8.052971751412429740e+02
8.052666666666667652e+02
8.050926553672317141e+02
8.047570621468928493e+02
8.042734463276837005e+02
8.036316384180790919e+02
8.028655367231639275e+02
8.019751412429378661e+02
8.009581920903955279e+02
7.998361581920904655e+02
7.986282485875706243e+02
7.973231638418078546e+02
7.959299435028249263e+02
7.945129943502824972e+02
7.931559322033898525e+02
7.918779661016949376e+02
7.906451977401129625e+02
7.894847457627117819e+02
7.884090395480225197e+02
7.874316384180790465e+02
7.865355932203389102e+02
7.857638418079095572e+02
7.851344632768361862e+02
7.846384180790960272e+02
7.843039548022597955e+02
7.841141242937853804e+02
7.840757062146892622e+02
7.842022598870057664e+02
7.844768361581920999e+02
7.849039548022599320e+02
7.854576271186440408e+02
7.861367231638419071e+02
7.869152542372880816e+02
7.877966101694914869e+02
7.887593220338983429e+02
7.897864406779660840e+02
7.908723163841807491e+02
7.919887005649717366e+02
7.931649717514123950e+02
7.943412429378531669e+02
7.955344632768360498e+02
7.967502824858756867e+02
7.979604519774011351e+02
7.991762711864407720e+02
8.004056497175140521e+02
8.016305084745763452e+02
8.028474576271187289e+02
8.040768361581920090e+02
8.051966101694914641e+02
8.061785310734462655e+02
8.070610169491525312e+02
8.078124293785310783e+02
8.084056497175140521e+02
8.088508474576271965e+02
8.090881355932203860e+02
8.091220338983050624e+02
8.089536723163841998e+02
8.085457627118644268e+02
8.079762711864407265e+02
8.074598870056497617e+02
8.070045197740113281e+02
8.065875706214690126e+02
8.061819209039548468e+02
8.057999999999999545e+02
8.054067796610170262e+02
8.050305084745762088e+02
8.046338983050848128e+02
8.042338983050847219e+02
8.038474576271186152e+02
8.034610169491525085e+02
8.030983050847457889e+02
8.027480225988700795e+02
8.024553672316385473e+02
8.021966101694915778e+02
8.019943502824858115e+02
8.018576271186441318e+02
8.018033898305086495e+02
8.018000000000000682e+02
8.018576271186441318e+02
8.019389830508474688e+02
8.020531073446327355e+02
8.021796610169491260e+02
8.023197740112993870e+02
8.024700564971751646e+02
8.026429378531074690e+02
8.028519774011299432e+02
8.031231638418080365e+02
8.034655367231639502e+02
8.038892655367232010e+02
8.044429378531074235e+02
8.051220338983050624e+02
8.059175141242938025e+02
8.065966101694915551e+02
8.071197740112993415e+02
8.074564971751412941e+02
8.076305084745763452e+02
8.076451977401129625e+02
8.075016949152542338e+02
8.072067796610168671e+02
8.067446327683614982e+02
8.061401129943502610e+02
8.054237288135593644e+02
8.045864406779661522e+02
8.036429378531072416e+02
8.025762711864406356e+02
8.014316384180790465e+02
8.002033898305085131e+02
7.988836158192091261e+02
7.975220338983051533e+02
7.962180790960452441e+02
7.949785310734464474e+02
7.938056497175141430e+02
7.927107344632768218e+02
7.917129943502825427e+02
7.907999999999999545e+02
7.900056497175141885e+02
7.893310734463276503e+02
7.888158192090395460e+02
7.884384180790959817e+02
7.882056497175141203e+02
7.881468926553673100e+02
7.882259887005650398e+02
7.884802259887006812e+02
7.888802259887005448e+02
7.894203389830508968e+02
7.901118644067796595e+02
7.909129943502825881e+02
7.918158192090395460e+02
7.928067796610168898e+02
7.938824858757062657e+02
7.950225988700565267e+02
7.962124293785311693e+02
7.974508474576271055e+02
7.987050847457626332e+02
7.999909604519774575e+02
8.012881355932204315e+02
8.025909604519774803e+02
8.039107344632768672e+02
8.052361581920904428e+02
8.065751412429378888e+02
8.079197740112994097e+02
8.092384180790960500e+02
8.104192090395480363e+02
8.115107344632770037e+02
8.124700564971752783e+02
8.132892655367231782e+02
8.139559322033899207e+02
8.144757062146893531e+02
8.148248587570622021e+02
8.149514124293785926e+02
8.148689265536723951e+02
8.145672316384182068e+02
8.140180790960453123e+02
8.133706214689266289e+02
8.127525423728814076e+02
8.121920903954802498e+02
8.116610169491525539e+02
8.111322033898306927e+02
8.106271186440678775e+02
8.101299435028249718e+02
8.096451977401131899e+02
8.091220338983051761e+02
8.086259887005651308e+02
8.081276836158192509e+02
8.076293785310734847e+02
8.071593220338984338e+02
8.067141242937854031e+02
8.063152542372881726e+02
8.059717514124295121e+02
8.057107344632768218e+02
8.055005649717514871e+02
8.053502824858757094e+02
8.052723163841808400e+02
8.052474576271185924e+02
8.052542372881355277e+02
8.052790960451976616e+02
8.053412429378530533e+02
8.054022598870055845e+02
8.054836158192090352e+02
8.056090395480225652e+02
8.057988700564972078e+02
8.060429378531073326e+02
8.063751412429378433e+02
8.068124293785310783e+02
8.073853107344632463e+02
8.081062146892654710e+02
8.089627118644068560e+02
8.097649717514124177e+02
8.103830508474576391e+02
8.108316384180791374e+02
8.110926553672316004e+02
8.111875706214689217e+02
8.111163841807908739e+02
8.108757062146892167e+02
8.104937853107344381e+02
8.099615819209038818e+02
8.092870056497174573e+02
8.084779661016948467e+02
8.075457627118644268e+02
8.065039548022598410e+02
8.053615819209039728e+02
8.041457627118643359e+02
8.028248587570620884e+02
8.014361581920903745e+02
8.000429378531073326e+02
7.987163841807910103e+02
7.974677966101694437e+02
7.962711864406779796e+02
7.951717514124293302e+02
7.941807909604519864e+02
7.932926553672316459e+02
7.925480225988700340e+02
7.919423728813558228e+02
7.914937853107344381e+02
7.912011299435027922e+02
7.910621468926552780e+02
7.910813559322033370e+02
7.912723163841808400e+02
7.916056497175140976e+02
7.920632768361582521e+02
7.926440677966102157e+02
7.933581920903955051e+02
7.941717514124293302e+02
7.950802259887005903e+02
7.960677966101694665e+02
7.971073446327683314e+02
7.982079096045198412e+02
7.993401129943503065e+02
8.005050847457627015e+02
8.016937853107343699e+02
8.028994350282484902e+02
8.041073446327684451e+02
8.053310734463277640e+02
8.065581920903954369e+02
8.078079096045197502e+02
8.090440677966100793e+02
8.102903954802259250e+02
8.115299435028248354e+02
8.126779661016948921e+02
8.136949152542372303e+02
8.145728813559321679e+02
8.152971751412428603e+02
8.158689265536722814e+02
8.162508474576270601e+02
8.164192090395479227e+02
8.163807909604519182e+02
8.161084745762710781e+02
8.155932203389829738e+02
8.150531073446327355e+02
8.145807909604518500e+02
8.141401129943502610e+02
8.137435028248587514e+02
8.133502824858755957e+02
8.129740112994350056e+02
8.126112994350282861e+02
8.122451977401128715e+02
8.118858757062146196e+02
8.115265536723163677e+02
8.111672316384181158e+02
8.108497175141242224e+02
8.105604519774011578e+02
8.103073446327683769e+02
8.100983050847457889e+02
8.099672316384180704e+02
8.099118644067796140e+02
8.099209039548022702e+02
8.100022598870056072e+02
8.101276836158192509e+02
8.103118644067797050e+02
8.104926553672316913e+02
8.107175141242937570e+02
8.109694915254237912e+02
8.112519774011299205e+02
8.115389830508474915e+02
8.118745762711864700e+02
8.122677966101695120e+02
8.127468926553672190e+02
8.133209039548022474e+02
8.140146892655367310e+02
8.148406779661017936e+02
8.157898305084745516e+02
8.166282485875706243e+02
8.172881355932204315e+02
8.177627118644069242e+02
8.180824858757061975e+02
8.182259887005650398e+02
8.181819209039549605e+02
8.179932203389830647e+02
8.176542372881356187e+02
8.171762711864407720e+02
8.165468926553671736e+02
8.157898305084746653e+02
8.149062146892656529e+02
8.139175141242938025e+02
8.128282485875706698e+02
8.116406779661017481e+02
8.103762711864408175e+02
8.090395480225988649e+02
8.076406779661017481e+02
8.061853107344632008e+02
8.047853107344633372e+02
8.034519774011299660e+02
8.022169491525423837e+02
8.010655367231638593e+02
8.000418079096044721e+02
7.991344632768361862e+02
7.983627118644067195e+02
7.977423728813560047e+02
7.972689265536723724e+02
7.969649717514123495e+02
7.968135593220338251e+02
7.968350282485876050e+02
7.970056497175141885e+02
7.973186440677966402e+02
7.977841807909604768e+02
7.983615819209039728e+02
7.990542372881357096e+02
7.998418079096045403e+02
8.007367231638418161e+02
8.017028248587570260e+02
8.027322033898303744e+02
8.038124293785310783e+02
8.049355932203388875e+02
8.060802259887004766e+02
8.072463276836158457e+02
8.084372881355931213e+02
8.096497175141241769e+02
8.108677966101694210e+02
8.121039548022598638e+02
8.133717514124293757e+02
8.146338983050848128e+02
8.158926553672315549e+02
8.170802259887005903e+02
8.181389830508474006e+02
8.190768361581921226e+02
8.198723163841807491e+02
8.205197740112994325e+02
8.209830508474576618e+02
8.212598870056497162e+02
8.213220338983049942e+02
8.211762711864406583e+02
8.207887005649718049e+02
8.201491525423728035e+02
8.195186440677965720e+02
8.189209039548022702e+02
8.183661016949151872e+02
8.178248587570620884e+02
8.172836158192089897e+02
8.167446327683614982e+02
8.162011299435027922e+02
8.156305084745763452e+02
8.150711864406779341e+02
8.145129943502824972e+02
8.139457627118645178e+02
8.133954802259886492e+02
8.128813559322034052e+02
8.124056497175141658e+02
8.119819209039546877e+02
8.116225988700565495e+02
8.113209039548023611e+02
8.110779661016949831e+02
8.109118644067796140e+02
8.107694915254237458e+02
8.106531073446327582e+02
8.105728813559322816e+02
8.105016949152542338e+02
8.104440677966101703e+02
8.104169491525424291e+02
8.103875706214689671e+02
8.104305084745762997e+02
8.105401129943502383e+02
8.107242937853106923e+02
8.110101694915254029e+02
8.114338983050847673e+02
8.119853107344631553e+02
8.126836158192089670e+02
8.135062146892655619e+02
8.141355932203389330e+02
8.145909604519773666e+02
8.148790960451976844e+02
8.149932203389830647e+02
8.149468926553672645e+02
8.147502824858756867e+02
8.143988700564971168e+02
8.139163841807910558e+02
8.132711864406778659e+02
8.125028248587569806e+02
8.116079096045198185e+02
8.106090395480225652e+02
8.094960451977401590e+02
8.082971751412428603e+02
8.069830508474576618e+02
8.056237288135594099e+02
8.043378531073446993e+02
8.031028248587570033e+02
8.019209039548022702e+02
8.008192090395480136e+02
7.998045197740113963e+02
7.988666666666667879e+02
7.980553672316384564e+02
7.973751412429378433e+02
7.968169491525422927e+02
7.964056497175141658e+02
7.961468926553671963e+02
7.960327683615819296e+02
7.960836158192090579e+02
7.962790960451977753e+02
7.966203389830508286e+02
7.971028248587570033e+02
7.976960451977402045e+02
7.984045197740113053e+02
7.992180790960452441e+02
8.001288135593221114e+02
8.011152542372881271e+02
8.021638418079096482e+02
8.032598870056497162e+02
8.043887005649717139e+02
8.055548022598868556e+02
8.067333333333333485e+02
8.079367231638417479e+02
8.091559322033897388e+02
8.103796610169490577e+02
8.116259887005649034e+02
8.128870056497174801e+02
8.141581920903954597e+02
8.154124293785309874e+02
8.166711864406779569e+02
8.179242937853107378e+02
8.191355932203390466e+02
8.202022598870057664e+02
8.211209039548023156e+02
8.218757062146892167e+02
8.224395480225989559e+02
8.228180790960452669e+02
8.229581920903954142e+02
8.228655367231638138e+02
8.225412429378532124e+02
8.219491525423728717e+02
8.213943502824859024e+02
8.208858757062146196e+02
8.204011299435028377e+02
8.199197740112994097e+02
8.194531073446327127e+02
8.190011299435027468e+02
8.185333333333333030e+02
8.180757062146892622e+02
8.176033898305083767e+02
8.171288135593219977e+02
8.166824858757061065e+02
8.162757062146893077e+02
8.158802259887005448e+02
8.155446327683615664e+02
8.152485875706213392e+02
8.150361581920903973e+02
8.148937853107344154e+02
8.148135593220338251e+02
8.148011299435028150e+02
8.148112994350283316e+02
8.148790960451976844e+02
8.149457627118644041e+02
8.150305084745763224e+02
8.151367231638417934e+02
8.152677966101693983e+02
8.154327683615819069e+02
8.156723163841808173e+02
8.159604519774011351e+02
8.163785310734464247e+02
8.168813559322034052e+02
8.175242937853106469e+02
8.183197740112993870e+02
8.192519774011299205e+02
8.200994350282486494e+02
8.207966101694916006e+02
8.213129943502824517e+02
8.216497175141242906e+02
8.218406779661016799e+02
8.218610169491524857e+02
8.217175141242937570e+02
8.214316384180790465e+02
8.210033898305084676e+02
8.204576271186440408e+02
8.197841807909603631e+02
8.189966101694914187e+02
8.181129943502824062e+02
8.171322033898304653e+02
8.160621468926552780e+02
8.149129943502823608e+02
8.136983050847456980e+02
8.124158192090394550e+02
8.110949152542372076e+02
8.098293785310734165e+02
8.086316384180789782e+02
8.075254237288133936e+02
8.065310734463275821e+02
8.056553672316383654e+02
8.048971751412428830e+02
8.042802259887005221e+02
8.038237288135592280e+02
8.035141242937852439e+02
8.033491525423728490e+02
8.033570621468925310e+02
8.035096045197739159e+02
8.038033898305084222e+02
8.042158192090394095e+02
8.047706214689264925e+02
8.054192090395479227e+02
8.061627118644066741e+02
8.070011299435027468e+02
8.078971751412428830e+02
8.088463276836156410e+02
8.098395480225988194e+02
8.108824858757061520e+02
8.119401129943503292e+02
8.130271186440677411e+02
8.141299435028247444e+02
8.152463276836158457e+02
8.163819209039547786e+02
8.175288135593218612e+02
8.186903954802260159e+02
8.198542372881355504e+02
8.210146892655367310e+02
8.221638418079095345e+02
8.231796610169491260e+02
8.240802259887004766e+02
8.248259887005649489e+02
8.254316384180790465e+02
8.258632768361580929e+02
8.261163841807908739e+02
8.261627118644067878e+02
8.259988700564972532e+02
8.255954802259886947e+02
8.250146892655367310e+02
8.245028248587570943e+02
8.240045197740112144e+02
8.235446327683615664e+02
8.231129943502824062e+02
8.226745762711864245e+02
8.222248587570620657e+02
8.217819209039548696e+02
8.213367231638418389e+02
8.208723163841807491e+02
8.204124293785309874e+02
8.199536723163841998e+02
8.195096045197740295e+02
8.190836158192090579e+02
8.187152542372881499e+02
8.183830508474575254e+02
8.181152542372881271e+02
8.179050847457626787e+02
8.177525423728814076e+02
8.176610169491525539e+02
8.175977401129943019e+02
8.175830508474575709e+02
8.175728813559321679e+02
8.175841807909603176e+02
8.176135593220337796e+02
8.176587570621468331e+02
8.177288135593219067e+02
8.178485875706213619e+02
8.180429378531073326e+02
8.183062146892655164e+02
8.186723163841807036e+02
8.191491525423728035e+02
8.197830508474576163e+02
8.205322033898304426e+02
8.212531073446327810e+02
8.218056497175141430e+02
8.221728813559321907e+02
8.223751412429378433e+02
8.224180790960451759e+02
8.222994350282484675e+02
8.220067796610169353e+02
8.215694915254237003e+02
8.209887005649717366e+02
8.202677966101693983e+02
8.194237288135593644e+02
8.184813559322033143e+02
8.174192090395479227e+02
8.162587570621469695e+02
8.150192090395480591e+02
8.136915254237288764e+02
8.122994350282485811e+02
8.109593220338983883e+02
8.096768361581921454e+02
8.084508474576271055e+02
8.072903954802260387e+02
8.062271186440677866e+02
8.052485875706215666e+02
8.043864406779661067e+02
8.036463276836157092e+02
8.030372881355932577e+02
8.025638418079097391e+02
8.022395480225989104e+02
8.020757062146892622e+02
8.020576271186440636e+02
8.022192090395481046e+02
8.025005649717514871e+02
8.029175141242938025e+02
8.034644067796609761e+02
8.041231638418078091e+02
8.048858757062147333e+02
8.057446327683617255e+02
8.066757062146893986e+02
8.076745762711864245e+02
8.087186440677967312e+02
8.098067796610170035e+02
8.109367231638418616e+02
8.120836158192090579e+02
8.132418079096046313e+02
8.144338983050848810e+02
8.156305084745763452e+02
8.168327683615821115e+02
8.180485875706215211e+02
8.192790960451977753e+02
8.204994350282486266e+02
8.217604519774012033e+02
8.229728813559323726e+02
8.241005649717515098e+02
8.250915254237288536e+02
8.259209039548022702e+02
8.266056497175143249e+02
8.271288135593221114e+02
8.274350282485877415e+02
8.275423728813560729e+02
8.274451977401131444e+02
8.271050847457628379e+02
8.265288135593220886e+02
8.259909604519775712e+02
8.254926553672316913e+02
8.250169491525424519e+02
8.245683615819209535e+02
8.241152542372882408e+02
8.236689265536723497e+02
8.232214689265538254e+02
8.227661016949152781e+02
8.223118644067797050e+02
8.218564971751412713e+02
8.214350282485877415e+02
8.210090395480226562e+02
8.206214689265536890e+02
8.202937853107346200e+02
8.200203389830510332e+02
8.198045197740113963e+02
8.196621468926555281e+02
8.195796610169493306e+02
8.195367231638419980e+02
8.195435028248589333e+02
8.195943502824859479e+02
8.196587570621470604e+02
8.197367231638420435e+02
8.198158192090396597e+02
8.199288135593221796e+02
8.200802259887007040e+02
8.202711864406780933e+02
8.205389830508474915e+02
8.209028248587571852e+02
8.213638418079096937e+02
8.219412429378533034e+02
8.226632768361582748e+02
8.235276836158193419e+02
8.243536723163842908e+02
8.250203389830510332e+02
8.255242937853108742e+02
8.258497175141244497e+02
8.260271186440679685e+02
8.260553672316385700e+02
8.259378531073448357e+02
8.256689265536724633e+02
8.252757062146893077e+02
8.247548022598871285e+02
8.241028248587572307e+02
8.233412429378531669e+02
8.224824858757062884e+02
8.215310734463278095e+02
8.205050847457628151e+02
8.193966101694917370e+02
8.182338983050848356e+02
8.170146892655368447e+02
8.157480225988701932e+02
8.145446327683616801e+02
8.134361581920904882e+02
8.123977401129945974e+02
8.114824858757062884e+02
8.106813559322035871e+02
8.100135593220339842e+02
8.094757062146893531e+02
8.090903954802261069e+02
8.088519774011300569e+02
8.087446327683617255e+02
8.088101694915255848e+02
8.090271186440679685e+02
8.093887005649719413e+02
8.098881355932205679e+02
8.104994350282487403e+02
8.112350282485876960e+02
8.120587570621471514e+02
8.129706214689267654e+02
8.139581920903956416e+02
8.149932203389831784e+02
8.160915254237290810e+02
8.172033898305087405e+02
8.183661016949154146e+02
8.195310734463278095e+02
8.207220338983051988e+02
8.219209039548023839e+02
8.231186440677968221e+02
8.243401129943504202e+02
8.255615819209040183e+02
8.268011299435029287e+02
8.280463276836159139e+02
8.292406779661017708e+02
8.303276836158192964e+02
8.312892655367232919e+02
8.321231638418080365e+02
8.328045197740113963e+02
8.333299435028250173e+02
8.336768361581921454e+02
8.338361581920905792e+02
8.337740112994351875e+02
8.334790960451978208e+02
8.329457627118645178e+02
8.323841807909604995e+02
8.318576271186441318e+02
8.313785310734465384e+02
8.309062146892656529e+02
8.304632768361583430e+02
8.300112994350283770e+02
8.295796610169493306e+02
8.291209039548024293e+02
8.286779661016951195e+02
8.282384180790961636e+02
8.277920903954802725e+02
8.273627118644068332e+02
8.269706214689266517e+02
8.266112994350282861e+02
8.263039548022600229e+02
8.260632768361581384e+02
8.258644067796610670e+02
8.257480225988701932e+02
8.256768361581921454e+02
8.256700564971752101e+02
8.256858757062148015e+02
8.257197740112994779e+02
8.257751412429379343e+02
8.258429378531074008e+02
8.259209039548023839e+02
8.260237288135595008e+02
8.261672316384182295e+02
8.263762711864408175e+02
8.266745762711865382e+02
8.270644067796609988e+02
8.275672316384182068e+02
8.282056497175142340e+02
8.289683615819209308e+02
8.297028248587571397e+02
8.302768361581921681e+02
8.306677966101694892e+02
8.308881355932203405e+02
8.309242937853108515e+02
8.308067796610171172e+02
8.305197740112995461e+02
8.300677966101696938e+02
8.294553672316385473e+02
8.287084745762713283e+02
8.278361581920905792e+02
8.268305084745763907e+02
8.257118644067797959e+02
8.244915254237289446e+02
8.231683615819210900e+02
8.217638418079097846e+02
8.203536723163842908e+02
8.190011299435029741e+02
8.177084745762713283e+02
8.164881355932204769e+02
8.153310734463277640e+02
8.142531073446327810e+02
8.132757062146893077e+02
8.124090395480227471e+02
8.116587570621470604e+02
8.110384180790961182e+02
8.105480225988701477e+02
8.102158192090396369e+02
8.100384180790961182e+02
8.100067796610169353e+02
8.101265536723165042e+02
8.104056497175141658e+02
8.108112994350283316e+02
8.113435028248587741e+02
8.120101694915255166e+02
8.127638418079097846e+02
8.136259887005651308e+02
8.145548022598870830e+02
8.155694915254238140e+02
8.166056497175142113e+02
8.177096045197740750e+02
8.188519774011300569e+02
8.200056497175141885e+02
8.211819209039549605e+02
8.223819209039548923e+02
8.235920903954803407e+02
8.247966101694916006e+02
8.260418079096045858e+02
8.272813559322034962e+02
8.285197740112994325e+02
8.297762711864406810e+02
8.309480225988701250e+02
8.319864406779661294e+02
8.328926553672317823e+02
8.336361581920905337e+02
8.342000000000000455e+02
8.346000000000000227e+02
8.348124293785310783e+02
8.347932203389832466e+02
8.345514124293786153e+02
8.340757062146892622e+02
8.334960451977401590e+02
8.329954802259887856e+02
8.325005649717514871e+02
8.320429378531074462e+02
8.316101694915255393e+02
8.311853107344634282e+02
8.307751412429379343e+02
8.303841807909604995e+02
8.299762711864407265e+02
8.295796610169493306e+02
8.291819209039549605e+02
8.288000000000001819e+02
8.284327683615820206e+02
8.281118644067796595e+02
8.278429378531075145e+02
8.276350282485877869e+02
8.274881355932204769e+02
8.274000000000000909e+02
8.273762711864408175e+02
8.274237288135594781e+02
8.275118644067797504e+02
8.276237288135594099e+02
8.277548022598872421e+02
8.279062146892656529e+02
8.280881355932204997e+02
8.282587570621470832e+02
8.284734463276838596e+02
8.287468926553674464e+02
8.290779661016952105e+02
8.295050847457628151e+02
8.300451977401132808e+02
8.306881355932205224e+02
8.314723163841809992e+02
8.324079096045200004e+02
8.332146892655368902e+02
8.338497175141244497e+02
8.343005649717515553e+02
8.345751412429381162e+02
8.346779661016951195e+02
8.346000000000001364e+02
8.343853107344634736e+02
8.340033898305086950e+02
8.334677966101696711e+02
8.328011299435029287e+02
8.320033898305086950e+02
8.310745762711866291e+02
8.300508474576272420e+02
8.289118644067798414e+02
8.276915254237289901e+02
8.263898305084746880e+02
8.250090395480226562e+02
8.236734463276836777e+02
8.223864406779662204e+02
8.211694915254238367e+02
8.200316384180791829e+02
8.189977401129943928e+02
8.180790960451978435e+02
8.172632768361584112e+02
8.165717514124294212e+02
8.160248587570622476e+02
8.156350282485877869e+02
8.153887005649719413e+02
8.153118644067797050e+02
8.153841807909606132e+02
8.156011299435029969e+02
8.159819209039549150e+02
8.164960451977402727e+02
8.171288135593222250e+02
8.178734463276837232e+02
8.187265536723165269e+02
8.196463276836159366e+02
8.206644067796612489e+02
8.217276836158192737e+02
8.228542372881356641e+02
8.240192090395481728e+02
8.252293785310735075e+02
8.264395480225989559e+02
8.276802259887007267e+02
8.289423728813560501e+02
8.302214689265538254e+02
8.315050847457628151e+02
8.327954802259888538e+02
8.341062146892656983e+02
8.353932203389832694e+02
8.365627118644069924e+02
8.375864406779662659e+02
8.385107344632770037e+02
8.392802259887006358e+02
8.399107344632768672e+02
8.403661016949154146e+02
8.406440677966103294e+02
8.407322033898306017e+02
8.405966101694916688e+02
8.402497175141243133e+02
8.396214689265536890e+02
8.389740112994351193e+02
8.384056497175142795e+02
8.378531073446329174e+02
8.373378531073446993e+02
8.368429378531075145e+02
8.363412429378532806e+02
8.358610169491528268e+02
8.353740112994352103e+02
8.348824858757063794e+02
8.343966101694917370e+02
8.339333333333335077e+02
8.334711864406781388e+02
8.330418079096046995e+02
8.326598870056499209e+02
8.323378531073446993e+02
8.320790960451979572e+02
8.318802259887006585e+02
8.317649717514125314e+02
8.317005649717516462e+02
8.316926553672317368e+02
8.317265536723164132e+02
8.318022598870059028e+02
8.318768361581923045e+02
8.319796610169493079e+02
8.320960451977402954e+02
8.322440677966103522e+02
8.324214689265538709e+02
8.326790960451978663e+02
8.329977401129945065e+02
8.334338983050848810e+02
8.339920903954803180e+02
8.346655367231639957e+02
8.354836158192092626e+02
8.363627118644069469e+02
8.370610169491526449e+02
8.375728813559323953e+02
8.379152542372883090e+02
8.380847457627119184e+02
8.380824858757064248e+02
8.379152542372883090e+02
8.375966101694916688e+02
8.371242937853110107e+02
8.365209039548024066e+02
8.357683615819211127e+02
8.348983050847459708e+02
8.338960451977402499e+02
8.327898305084747790e+02
8.315864406779662659e+02
8.302971751412430876e+02
8.289118644067798414e+02
8.275163841807910785e+02
8.261830508474577073e+02
8.249254237288137119e+02
8.237468926553673327e+02
8.226576271186442000e+02
8.216519774011300115e+02
8.207672316384181386e+02
8.200056497175141885e+02
8.193751412429378433e+02
8.188881355932204542e+02
8.185638418079097391e+02
8.183920903954802952e+02
8.183672316384181613e+02
8.185050847457628151e+02
8.187932203389831329e+02
8.192225988700565722e+02
8.197966101694917143e+02
8.204994350282486266e+02
8.212903954802260387e+02
8.222067796610169808e+02
8.231887005649718958e+02
8.242440677966103522e+02
8.253627118644069469e+02
8.265355932203390239e+02
8.277570621468927357e+02
8.289943502824859252e+02
8.302700564971752328e+02
8.315446327683616801e+02
8.328372881355933259e+02
8.341604519774011806e+02
8.355084745762712828e+02
8.368621468926553462e+02
8.382225988700565722e+02
8.395898305084747335e+02
8.408271186440678093e+02
8.419355932203391149e+02
8.429141242937853349e+02
8.437288135593221341e+02
8.443762711864408175e+02
8.448632768361583203e+02
8.451548022598869920e+02
8.452350282485875823e+02
8.450790960451977298e+02
8.446847457627118274e+02
8.440327683615819296e+02
8.433333333333332575e+02
8.426971751412429512e+02
8.420824858757061975e+02
8.415107344632767763e+02
8.409480225988701250e+02
8.403909604519774348e+02
8.398395480225989331e+02
8.393062146892655164e+02
8.387785310734464019e+02
8.382632768361581839e+02
8.377638418079095572e+02
8.372949152542373668e+02
8.368576271186441318e+02
8.364824858757062884e+02
8.361740112994350511e+02
8.359491525423729854e+02
8.357887005649718049e+02
8.357084745762713283e+02
8.356689265536723497e+02
8.356960451977402045e+02
8.357389830508475370e+02
8.358316384180791374e+02
8.359593220338983883e+02
8.360858757062147788e+02
8.362531073446327810e+02
8.364655367231638365e+02
8.367480225988700795e+02
8.370892655367232464e+02
8.375129943502824972e+02
8.380689265536723269e+02
8.387514124293786608e+02
8.395548022598869693e+02
8.405096045197740295e+02
8.414531073446328264e+02
8.422293785310735075e+02
8.428135593220338251e+02
8.432067796610169808e+02
8.434440677966101703e+02
8.434937853107344381e+02
8.433774011299435642e+02
8.430836158192090579e+02
8.426598870056498072e+02
8.420779661016949831e+02
8.413491525423728490e+02
8.405197740112994325e+02
8.395514124293786153e+02
8.384768361581920999e+02
8.372892655367231782e+02
8.360124293785311238e+02
8.346338983050848128e+02
8.332067796610169808e+02
8.317943502824858797e+02
8.304282485875706925e+02
8.291559322033899662e+02
8.279593220338983883e+02
8.268813559322034052e+02
8.259016949152543248e+02
8.250655367231638593e+02
8.243717514124293757e+02
8.238135593220339388e+02
8.234011299435028377e+02
8.231593220338984338e+02
8.230757062146892622e+02
8.231570621468928266e+02
8.233785310734465384e+02
8.237389830508475370e+02
8.242327683615819751e+02
8.248474576271187289e+02
8.255593220338984111e+02
8.263638418079096937e+02
8.272644067796611580e+02
8.282338983050849492e+02
8.292587570621469695e+02
8.303276836158192964e+02
8.314338983050847673e+02
8.325728813559322816e+02
8.337242937853106923e+02
8.349141242937853349e+02
8.361276836158192509e+02
8.373412429378531669e+02
8.385740112994351421e+02
8.398101694915255848e+02
8.410836158192091716e+02
8.423378531073446993e+02
8.435355932203390239e+02
8.445819209039548241e+02
8.454813559322035417e+02
8.462372881355933032e+02
8.468135593220340525e+02
8.472033898305085131e+02
8.474033898305085586e+02
8.473717514124296031e+02
8.470915254237289673e+02
8.465412429378532124e+02
8.459163841807910558e+02
8.453378531073446993e+02
8.448011299435029287e+02
8.442824858757063566e+02
8.437977401129944610e+02
8.433322033898305108e+02
8.428734463276837232e+02
8.424112994350282406e+02
8.419468926553672645e+02
8.414858757062147561e+02
8.410214689265537800e+02
8.405954802259889220e+02
8.401796610169492396e+02
8.398169491525425201e+02
8.395129943502826109e+02
8.392745762711865609e+02
8.391028248587572307e+02
8.390067796610171627e+02
8.389762711864408402e+02
8.389875706214691036e+02
8.390429378531074462e+02
8.391333333333334394e+02
8.392372881355933032e+02
8.393649717514126678e+02
8.395197740112996598e+02
8.397062146892657211e+02
8.399389830508476962e+02
8.402361581920905564e+02
8.405966101694916688e+02
8.410598870056498981e+02
8.416384180790962546e+02
8.423367231638419526e+02
8.431717514124295576e+02
8.441457627118645632e+02
8.450169491525425656e+02
8.457028248587572534e+02
8.461920903954804771e+02
8.465005649717516008e+02
8.466316384180793193e+02
8.465875706214692400e+02
8.463559322033900116e+02
8.459853107344636101e+02
8.454485875706217257e+02
8.447683615819212264e+02
8.439570621468928948e+02
8.430022598870059483e+02
8.419333333333335077e+02
8.407435028248589788e+02
8.394757062146894668e+02
8.380870056497177529e+02
8.366146892655369811e+02
8.351581920903956870e+02
8.337604519774013170e+02
8.324293785310735529e+02
8.311898305084746426e+02
8.300395480225989786e+02
8.289830508474577755e+02
8.280474576271187743e+02
8.272474576271188198e+02
8.266011299435028832e+02
8.260949152542373213e+02
8.257457627118644723e+02
8.255355932203390239e+02
8.254960451977401590e+02
8.256124293785311465e+02
8.258711864406781160e+02
8.262734463276838142e+02
8.268022598870056754e+02
8.274350282485876278e+02
8.281728813559323044e+02
8.290056497175141885e+02
8.299231638418079910e+02
8.309118644067798414e+02
8.319480225988702387e+02
8.330293785310736894e+02
8.341378531073447675e+02
8.352960451977403409e+02
8.364757062146893531e+02
8.376790960451978663e+02
8.388994350282487176e+02
8.401502824858757776e+02
8.414248587570622249e+02
8.427141242937854031e+02
8.440135593220340979e+02
8.453186440677967539e+02
8.466248587570622703e+02
8.478090395480228381e+02
8.488463276836159821e+02
8.497231638418079456e+02
8.504282485875706925e+02
8.509423728813560501e+02
8.512497175141245407e+02
8.513344632768362317e+02
8.511796610169492396e+02
8.507841807909605905e+02
8.501084745762713055e+02
8.494542372881358006e+02
8.488112994350283316e+02
8.481898305084747562e+02
8.475954802259888083e+02
8.470011299435029741e+02
8.464101694915254939e+02
8.458112994350283316e+02
8.452327683615819751e+02
8.446316384180793193e+02
8.440463276836160276e+02
8.434700564971752783e+02
8.429593220338983883e+02
8.425039548022600684e+02
8.421016949152544839e+02
8.417627118644069242e+02
8.414960451977401590e+02
8.412779661016950286e+02
8.411446327683618165e+02
8.410644067796611125e+02
8.409807909604521683e+02
8.409525423728814530e+02
8.409457627118645178e+02
8.409570621468928948e+02
8.409943502824860389e+02
8.410723163841810219e+02
8.412090395480227016e+02
8.414101694915256076e+02
8.417005649717514189e+02
8.421129943502826336e+02
8.426316384180792056e+02
8.432790960451977753e+02
8.440564971751413168e+02
8.449898305084747108e+02
8.457909604519775257e+02
8.464248587570623386e+02
8.468745762711866973e+02
8.471683615819210900e+02
8.472949152542374804e+02
8.472564971751414760e+02
8.470474576271187743e+02
8.467050847457628606e+02
8.462124293785311693e+02
8.455830508474577982e+02
8.448508474576273102e+02
8.439887005649718503e+02
8.430090395480226562e+02
8.419322033898306472e+02
8.407785310734464019e+02
8.395209039548024066e+02
8.381988700564972987e+02
8.368768361581921909e+02
8.356079096045199321e+02
8.344271186440679458e+02
8.333276836158192964e+02
8.323186440677967539e+02
8.314316384180792738e+02
8.306564971751413395e+02
8.300146892655368447e+02
8.295355932203390239e+02
8.291830508474578210e+02
8.289864406779662431e+02
8.289525423728814530e+02
8.290757062146894896e+02
8.293423728813561411e+02
8.297333333333335759e+02
8.302621468926555508e+02
8.309107344632769809e+02
8.316757062146893986e+02
8.325254237288136210e+02
8.334610169491527358e+02
8.344768361581920999e+02
8.355435028248589333e+02
8.366519774011301251e+02
8.378000000000001819e+02
8.389740112994352330e+02
8.401943502824859706e+02
8.414384180790962091e+02
8.427005649717515325e+02
8.439887005649718503e+02
8.452881355932204315e+02
8.466056497175143249e+02
8.479446327683617710e+02
8.492790960451980027e+02
8.504847457627120093e+02
8.515627118644069924e+02
8.525039548022600684e+02
8.532734463276838142e+02
8.538802259887007722e+02
8.543175141242938935e+02
8.545525423728814758e+02
8.545514124293786153e+02
8.543502824858758231e+02
8.538723163841808628e+02
8.531333333333334394e+02
8.524225988700566177e+02
8.517457627118644723e+02
8.511028248587572307e+02
8.504870056497176165e+02
8.498734463276837232e+02
8.492723163841808400e+02
8.486734463276836777e+02
8.480847457627119184e+02
8.474870056497176165e+02
8.468994350282487176e+02
8.463197740112995007e+02
8.457740112994351875e+02
8.452892655367231782e+02
8.448542372881356641e+02
8.444858757062148698e+02
8.441853107344634282e+02
8.439423728813560501e+02
8.437853107344633372e+02
8.436440677966103294e+02
8.435706214689266744e+02
8.435254237288136210e+02
8.435276836158193419e+02
8.435389830508474915e+02
8.435593220338982974e+02
8.436282485875707380e+02
8.437468926553673327e+02
8.439175141242939162e+02
8.441717514124295576e+02
8.445276836158193419e+02
8.449966101694916460e+02
8.455977401129944155e+02
8.463355932203390921e+02
8.472248587570622931e+02
8.482564971751412486e+02
8.491005649717515098e+02
8.497649717514125314e+02
8.502497175141243133e+02
8.505717514124294212e+02
8.507197740112994779e+02
8.506858757062148015e+02
8.504881355932204769e+02
8.501401129943503747e+02
8.496463276836159366e+02
8.490158192090395914e+02
8.482474576271187061e+02
8.473536723163842908e+02
8.463559322033898979e+02
8.452395480225989104e+02
8.440361581920903973e+02
8.427367231638418161e+02
8.413615819209039728e+02
8.399536723163841998e+02
8.386158192090397279e+02
8.373548022598870375e+02
8.361615819209040410e+02
8.350903954802261069e+02
8.341254237288137574e+02
8.332937853107346200e+02
8.326011299435028832e+02
8.320384180790961182e+02
8.316214689265538027e+02
8.313762711864408175e+02
8.312553672316385018e+02
8.313231638418080820e+02
8.315118644067797504e+02
8.318327683615821115e+02
8.322790960451980027e+02
8.328282485875707835e+02
8.334836158192092626e+02
8.342282485875707607e+02
8.350587570621471514e+02
8.359333333333335077e+02
8.368745762711865837e+02
8.378666666666667879e+02
8.388971751412431104e+02
8.399593220338983883e+02
8.410350282485876505e+02
8.421310734463277186e+02
8.432531073446327810e+02
8.443887005649718276e+02
8.455412429378532124e+02
8.467276836158193873e+02
8.479209039548024975e+02
8.491231638418080365e+02
8.503073446327684906e+02
8.514610169491527358e+02
8.525016949152543475e+02
8.533909604519776622e+02
8.540949152542374350e+02
8.546237288135596373e+02
8.549514124293787063e+02
8.550463276836160276e+02
8.549141242937854486e+02
8.545254237288137347e+02
8.539152542372883090e+02
8.533604519774012260e+02
8.528338983050848583e+02
8.523254237288138029e+02
8.518440677966102612e+02
8.513717514124296031e+02
8.508858757062148470e+02
8.504158192090396824e+02
8.499457627118645178e+02
8.494689265536725316e+02
8.490056497175141885e+02
8.485627118644068787e+02
8.481762711864407720e+02
8.478079096045198639e+02
8.475152542372882181e+02
8.472926553672317596e+02
8.471367231638419071e+02
8.470542372881357096e+02
8.470180790960453123e+02
8.470214689265537800e+02
8.470564971751414305e+02
8.471491525423730309e+02
8.472497175141244270e+02
8.473627118644069469e+02
8.475209039548024066e+02
8.477073446327685815e+02
8.479536723163841998e+02
8.482508474576272874e+02
8.486508474576272647e+02
8.491412429378531215e+02
8.497559322033898752e+02
8.504937853107345518e+02
8.513774011299435642e+02
8.523197740112996144e+02
8.530960451977402954e+02
8.536960451977402045e+02
8.541288135593222250e+02
8.544011299435029514e+02
8.544994350282487403e+02
8.544587570621470149e+02
8.542553672316385018e+02
8.538949152542375032e+02
8.534124293785312148e+02
8.527887005649718049e+02
8.520440677966103067e+02
8.511819209039549605e+02
8.502248587570622931e+02
8.491581920903956870e+02
8.480079096045199094e+02
8.467830508474577300e+02
8.454836158192090352e+02
8.441152542372882408e+02
8.427672316384182523e+02
8.414994350282486266e+02
8.403118644067797050e+02
8.392361581920904428e+02
8.382632768361581839e+02
8.373943502824859024e+02
8.366790960451977526e+02
8.361050847457627242e+02
8.356700564971750964e+02
8.353796610169490577e+02
8.352519774011299205e+02
8.352960451977401135e+02
8.354824858757062884e+02
8.357954802259887401e+02
8.362542372881356414e+02
8.368418079096045403e+02
8.375288135593220886e+02
8.383129943502824517e+02
8.391875706214689217e+02
8.401265536723163905e+02
8.411141242937853804e+02
8.421627118644069014e+02
8.432485875706215666e+02
8.443887005649718276e+02
8.455344632768362771e+02
8.467039548022600002e+02
8.479016949152542111e+02
8.491265536723165042e+02
8.503706214689266289e+02
8.516090395480225652e+02
8.528847457627118729e+02
8.541581920903954597e+02
8.553039548022599092e+02
8.563412429378531669e+02
8.572485875706214529e+02
8.580248587570621339e+02
8.586338983050846991e+02
8.590655367231638593e+02
8.593197740112993870e+02
8.593615819209039728e+02
8.591977401129943246e+02
8.587875706214689444e+02
8.581276836158192509e+02
8.574485875706214983e+02
8.568180790960452669e+02
8.561875706214689217e+02
8.555943502824859479e+02
8.550192090395480591e+02
8.544418079096045631e+02
8.538508474576270828e+02
8.532711864406779796e+02
8.526892655367232692e+02
8.520994350282485357e+02
8.515322033898305563e+02
8.509898305084745971e+02
8.504745762711863790e+02
8.500225988700565267e+02
8.496350282485875596e+02
8.493107344632769582e+02
8.490485875706215211e+02
8.488485875706214756e+02
8.487039548022598865e+02
8.485864406779661522e+02
8.484903954802259705e+02
8.484406779661017026e+02
8.483853107344632463e+02
8.483627118644068332e+02
8.483661016949153009e+02
8.484033898305085586e+02
8.485039548022598410e+02
8.486711864406779569e+02
8.489299435028248126e+02
8.493050847457627697e+02
8.497977401129944610e+02
8.504079096045197730e+02
8.511514124293785244e+02
8.520271186440677411e+02
8.527367231638418161e+02
8.532677966101695120e+02
8.536192090395480818e+02
8.537807909604521228e+02
8.537898305084745516e+02
8.536169491525423609e+02
8.533118644067797050e+02
8.528463276836157547e+02
8.522395480225989104e+02
8.515016949152543475e+02
8.506248587570621567e+02
8.496429378531074690e+02
8.485502824858757549e+02
8.473514124293785699e+02
8.460474576271185470e+02
8.446937853107344836e+02
8.433954802259886492e+02
8.421514124293785244e+02
8.409796610169491942e+02
8.398553672316384109e+02
8.388282485875706698e+02
8.378847457627118729e+02
8.370497175141242678e+02
8.363548022598870375e+02
8.357785310734464019e+02
8.353446327683616346e+02
8.350610169491526449e+02
8.349265536723164587e+02
8.349401129943503292e+02
8.351129943502825199e+02
8.354225988700565040e+02
8.358451977401130080e+02
8.363920903954802952e+02
8.370497175141242678e+02
8.378022598870056754e+02
8.386485875706214301e+02
8.395604519774012715e+02
8.405412429378532124e+02
8.415649717514124859e+02
8.426327683615820661e+02
8.437468926553673327e+02
8.448802259887006585e+02
8.460338983050847901e+02
8.472067796610169808e+02
8.484101694915254939e+02
8.496237288135592962e+02
8.508587570621468785e+02
8.520960451977401817e+02
8.533491525423729627e+02
8.545875706214688989e+02
8.558180790960452669e+02
8.570146892655367310e+02
8.580881355932202723e+02
8.589909604519774575e+02
8.597276836158191600e+02
8.602677966101693983e+02
8.606090395480225652e+02
8.607322033898306017e+02
8.606203389830509423e+02
8.602474576271185924e+02
8.596237288135592962e+02
8.590598870056496708e+02
8.585242937853108742e+02
8.580169491525424519e+02
8.575344632768361635e+02
8.570587570621469240e+02
8.565875706214690126e+02
8.561152542372881271e+02
8.556485875706214301e+02
8.551853107344632008e+02
8.547367231638418161e+02
8.543062146892655164e+02
8.539141242937853349e+02
8.535875706214690126e+02
8.533073446327682632e+02
8.531107344632767990e+02
8.529661016949150962e+02
8.528960451977401362e+02
8.528711864406780023e+02
8.528836158192091261e+02
8.529525423728813394e+02
8.530418079096045858e+02
8.531536723163842453e+02
8.532870056497175710e+02
8.534384180790959817e+02
8.536305084745762315e+02
8.538734463276836095e+02
8.541740112994350511e+02
8.545638418079095118e+02
8.550418079096045858e+02
8.556327683615818387e+02
8.563514124293785699e+02
8.571988700564971850e+02
8.581875706214689217e+02
8.590915254237288536e+02
8.598146892655367992e+02
8.603548022598870375e+02
8.607333333333333485e+02
8.609412429378530760e+02
8.609819209039548014e+02
8.608621468926553462e+02
8.605774011299434960e+02
8.601378531073446538e+02
8.595627118644067650e+02
8.588542372881354368e+02
8.580271186440677411e+02
8.570813559322033370e+02
8.560350282485875368e+02
8.548847457627118729e+02
8.536440677966102157e+02
8.523231638418078546e+02
8.509423728813558228e+02
8.496350282485875596e+02
8.483819209039547786e+02
8.472248587570621794e+02
8.461593220338983201e+02
8.452214689265535981e+02
8.443920903954801815e+02
8.437005649717514189e+02
8.431502824858755503e+02
8.427570621468926220e+02
8.425073446327683087e+02
8.423954802259886492e+02
8.424542372881355732e+02
8.426666666666666288e+02
8.430158192090394778e+02
8.435050847457625878e+02
8.441276836158192509e+02
8.448463276836158684e+02
8.456632768361581611e+02
8.465740112994351421e+02
8.475672316384179794e+02
8.486101694915254257e+02
8.497073446327683541e+02
8.508553672316384109e+02
8.520282485875707152e+02
8.532305084745763679e+02
8.544587570621470149e+02
8.557186440677967312e+02
8.569932203389830647e+02
8.582689265536723724e+02
8.595954802259888083e+02
8.609299435028249263e+02
8.621909604519775030e+02
8.633129943502825654e+02
8.643197740112996144e+02
8.651649717514123950e+02
8.658858757062147333e+02
8.664271186440678321e+02
8.668045197740113963e+02
8.669875706214689899e+02
8.669740112994350056e+02
8.667322033898306017e+02
8.662587570621469695e+02
8.655186440677966857e+02
8.648237288135594554e+02
8.641807909604519864e+02
8.635627118644067650e+02
8.629683615819210445e+02
8.623966101694916233e+02
8.618440677966102612e+02
8.612768361581922818e+02
8.607322033898306017e+02
8.601796610169492396e+02
8.596519774011301251e+02
8.591276836158192509e+02
8.586610169491527813e+02
8.582237288135593190e+02
8.578451977401130080e+02
8.575367231638418843e+02
8.572960451977403409e+02
8.571231638418080365e+02
8.570112994350283770e+02
8.569593220338983883e+02
8.569480225988701250e+02
8.569762711864407265e+02
8.570395480225988649e+02
8.571242937853107833e+02
8.572271186440677866e+02
8.573751412429378433e+02
8.575536723163842225e+02
8.578022598870056754e+02
8.581355932203389330e+02
8.585457627118644268e+02
8.590576271186441772e+02
8.596892655367231555e+02
8.604553672316384336e+02
8.613604519774012260e+02
8.622474576271187061e+02
8.629197740112995234e+02
8.634372881355932350e+02
8.637661016949152781e+02
8.639118644067796140e+02
8.638757062146893304e+02
8.636813559322033598e+02
8.632937853107343926e+02
8.627638418079096709e+02
8.620711864406780478e+02
8.612474576271185924e+02
8.602926553672316459e+02
8.592259887005650398e+02
8.580440677966101930e+02
8.567525423728814076e+02
8.553548022598870375e+02
8.538824858757061520e+02
8.524395480225989559e+02
8.510734463276836550e+02
8.497525423728814076e+02
8.485152542372882181e+02
8.473649717514124404e+02
8.463186440677966402e+02
8.453932203389831557e+02
8.445683615819209535e+02
8.438960451977401362e+02
8.433638418079096937e+02
8.429683615819209308e+02
8.427514124293785471e+02
8.426779661016950058e+02
8.427536723163841543e+02
8.429841807909604086e+02
8.433446327683616346e+02
8.438225988700564812e+02
8.444406779661017026e+02
8.451502824858757776e+02
8.459536723163841998e+02
8.468474576271187289e+02
8.478090395480227244e+02
8.488372881355933259e+02
8.499175141242939162e+02
8.510214689265537800e+02
8.521649717514126223e+02
8.533468926553673555e+02
8.545446327683617938e+02
8.557740112994351875e+02
8.570259887005651080e+02
8.583028248587572762e+02
8.596000000000001364e+02
8.609028248587571852e+02
8.622146892655367765e+02
8.634271186440678321e+02
8.644926553672316913e+02
8.654135593220339615e+02
8.661819209039548468e+02
8.667830508474576163e+02
8.671988700564972987e+02
8.674158192090396824e+02
8.674237288135593644e+02
8.671909604519773893e+02
8.667005649717514189e+02
8.659988700564972532e+02
8.653310734463277640e+02
8.647073446327684678e+02
8.641265536723165042e+02
8.635536723163842225e+02
8.629920903954803180e+02
8.624666666666668107e+02
8.619333333333333940e+02
8.614011299435029514e+02
8.608915254237290355e+02
8.603887005649717139e+02
8.599254237288137119e+02
8.594926553672318050e+02
8.591186440677967084e+02
8.588011299435029287e+02
8.585785310734463565e+02
8.584135593220339615e+02
8.583288135593220431e+02
8.582994350282485811e+02
8.583254237288135755e+02
8.584067796610169125e+02
8.585152542372881044e+02
8.586485875706214301e+02
8.587954802259887401e+02
8.589909604519774575e+02
8.592169491525423837e+02
8.594960451977401590e+02
8.598350282485876050e+02
8.602587570621469695e+02
8.607966101694916006e+02
8.614282485875706925e+02
8.621932203389831102e+02
8.631016949152543702e+02
8.641570621468927129e+02
8.651242937853107833e+02
8.658881355932203405e+02
8.664847457627120093e+02
8.669073446327683996e+02
8.671378531073446538e+02
8.672327683615819751e+02
8.671446327683617028e+02
8.669084745762712600e+02
8.665107344632768900e+02
8.659740112994351193e+02
8.652813559322034962e+02
8.644858757062147561e+02
8.635762711864407493e+02
8.625242937853108742e+02
8.613875706214689671e+02
8.601446327683615891e+02
8.588180790960452669e+02
8.574011299435030651e+02
8.560158192090397051e+02
8.547197740112994779e+02
8.535197740112995461e+02
8.524000000000000909e+02
8.513875706214689671e+02
8.504960451977401590e+02
8.497491525423729399e+02
8.491457627118644496e+02
8.487016949152542793e+02
8.484022598870056981e+02
8.482734463276835868e+02
8.482881355932203178e+02
8.484734463276836323e+02
8.487999999999999545e+02
8.492598870056497162e+02
8.498485875706214756e+02
8.505672316384179794e+02
8.513887005649717139e+02
8.522971751412429740e+02
8.532937853107345063e+02
8.543548022598870375e+02
8.554768361581920999e+02
8.566305084745763452e+02
8.578372881355933259e+02
8.590745762711865154e+02
8.603423728813559137e+02
8.616361581920904200e+02
8.629717514124293984e+02
8.643254237288135755e+02
8.656824858757062202e+02
8.670677966101695802e+02
8.684903954802259705e+02
8.698542372881356641e+02
8.710677966101695802e+02
8.721480225988700568e+02
8.730621468926553916e+02
8.738158192090395460e+02
8.743988700564971168e+02
8.747762711864406810e+02
8.749514124293784789e+02
8.748926553672315549e+02
8.745830508474575709e+02
8.740101694915254029e+02
8.732022598870056527e+02
8.724553672316384336e+02
8.717514124293785471e+02
8.710700564971750737e+02
8.703954802259886492e+02
8.697423728813560047e+02
8.691005649717515098e+02
8.684711864406780251e+02
8.678361581920904655e+02
8.672225988700565722e+02
8.666350282485875596e+02
8.660734463276836550e+02
8.655514124293786153e+02
8.650903954802261069e+02
8.647118644067797959e+02
8.643966101694916233e+02
8.641604519774011806e+02
8.640011299435029741e+02
8.638903954802260614e+02
8.638180790960452669e+02
8.637943502824859934e+02
8.638022598870056754e+02
8.638203389830509877e+02
8.638870056497175938e+02
8.639853107344633827e+02
8.641118644067797732e+02
8.643231638418080820e+02
8.646000000000001364e+02
8.649615819209041092e+02
8.654350282485877415e+02
8.660463276836159139e+02
8.667774011299435415e+02
8.676316384180792056e+02
8.686531073446328719e+02
8.695706214689266744e+02
8.702937853107345063e+02
8.708372881355933259e+02
8.711807909604519864e+02
8.713548022598870375e+02
8.713468926553673555e+02
8.711717514124293302e+02
8.708214689265537345e+02
8.703107344632769582e+02
8.696350282485876733e+02
8.688282485875706698e+02
8.678926553672316686e+02
8.668225988700564812e+02
8.656327683615818387e+02
8.643299435028249036e+02
8.629141242937853349e+02
8.614451977401130307e+02
8.600146892655367310e+02
8.586836158192090807e+02
8.573875706214689671e+02
8.562045197740112599e+02
8.551163841807911012e+02
8.541288135593219977e+02
8.532745762711864472e+02
8.525401129943502383e+02
8.519581920903954142e+02
8.515141242937854713e+02
8.512418079096046313e+02
8.511129943502826336e+02
8.511412429378531215e+02
8.513096045197739841e+02
8.516203389830508286e+02
8.520553672316384564e+02
8.526271186440678775e+02
8.532971751412430876e+02
8.540655367231638593e+02
8.549209039548022702e+02
8.558531073446328037e+02
8.568395480225989331e+02
8.578779661016949376e+02
8.589627118644068560e+02
8.600802259887005903e+02
8.612395480225989104e+02
8.624192090395480363e+02
8.636135593220340070e+02
8.648497175141244497e+02
8.661016949152542566e+02
8.673966101694916233e+02
8.687005649717514189e+02
8.700000000000000000e+02
8.712903954802260387e+02
8.724971751412430194e+02
8.735548022598870830e+02
8.744508474576271055e+02
8.751694915254238367e+02
8.756926553672317368e+02
8.760361581920905110e+02
8.761310734463278322e+02
8.759762711864407265e+02
8.755672316384182068e+02
8.748937853107345290e+02
8.742011299435027922e+02
8.735593220338982974e+02
8.729480225988701250e+02
8.723593220338983656e+02
8.717841807909603631e+02
8.712282485875706470e+02
8.706689265536722360e+02
8.701254237288135300e+02
8.695887005649717594e+02
8.690598870056497844e+02
8.685593220338982974e+02
8.680949152542373213e+02
8.676983050847458117e+02
8.673672316384181613e+02
8.671096045197741660e+02
8.669242937853107378e+02
8.668169491525424064e+02
8.667807909604520091e+02
8.668022598870056754e+02
8.668723163841808628e+02
8.669785310734464474e+02
8.671062146892656983e+02
8.672677966101696256e+02
8.674587570621470149e+02
8.676903954802260159e+02
8.679785310734464474e+02
8.683344632768362317e+02
8.687728813559322134e+02
8.693028248587570488e+02
8.699514124293785926e+02
8.707254237288136665e+02
8.716474576271186834e+02
8.727152542372882635e+02
8.737457627118644723e+02
8.745898305084746198e+02
8.752474576271185924e+02
8.757141242937854031e+02
8.759932203389830647e+02
8.760937853107345745e+02
8.760271186440677411e+02
8.757751412429379343e+02
8.753672316384181613e+02
8.748090395480226107e+02
8.741050847457627242e+02
8.732677966101695120e+02
8.723005649717514416e+02
8.712000000000000455e+02
8.700000000000000000e+02
8.686847457627118274e+02
8.672745762711864472e+02
8.657898305084745516e+02
8.642870056497174573e+02
8.628655367231638138e+02
8.615129943502824972e+02
8.602734463276835868e+02
8.591378531073446538e+02
8.581073446327683314e+02
8.572214689265537118e+02
8.564689265536723042e+02
8.558779661016949376e+02
8.554248587570621112e+02
8.551412429378531215e+02
8.550158192090394778e+02
8.550497175141242678e+02
8.552418079096044039e+02
8.555548022598869693e+02
8.560079096045196820e+02
8.565785310734463565e+02
8.572689265536723724e+02
8.580418079096045858e+02
8.589118644067796140e+02
8.598621468926553462e+02
8.608768361581920772e+02
8.619502824858757322e+02
8.630497175141242678e+02
8.642000000000000455e+02
8.653796610169492851e+02
8.665977401129944155e+02
8.678531073446328037e+02
8.691378531073446538e+02
8.704745762711866064e+02
8.718112994350283316e+02
8.731887005649717821e+02
8.745762711864407493e+02
8.758824858757062657e+02
8.770316384180791829e+02
8.780463276836158002e+02
8.788903954802260614e+02
8.795751412429378888e+02
8.800745762711865154e+02
8.803581920903955051e+02
8.803954802259886492e+02
8.801943502824858570e+02
8.797435028248587514e+02
8.790033898305085813e+02
8.782011299435027922e+02
8.774384180790960954e+02
8.766937853107344836e+02
8.759559322033899207e+02
8.752316384180792284e+02
8.745197740112995461e+02
8.738112994350283316e+02
8.731118644067797732e+02
8.724011299435029514e+02
8.717141242937854031e+02
8.710644067796611125e+02
8.704621468926554826e+02
8.699310734463276731e+02
8.694451977401130307e+02
8.690384180790961182e+02
8.687039548022598865e+02
8.684395480225989559e+02
8.682293785310735075e+02
8.680723163841809082e+02
8.679457627118645178e+02
8.678440677966102612e+02
8.677774011299435415e+02
8.677344632768362089e+02
8.677141242937852894e+02
8.677525423728814076e+02
8.678519774011300569e+02
8.680237288135593872e+02
8.682779661016949149e+02
8.686305084745763452e+02
8.691163841807908739e+02
8.697209039548022247e+02
8.704677966101695574e+02
8.713525423728814303e+02
8.723830508474576391e+02
8.732655367231639048e+02
8.739706214689265380e+02
8.745062146892655619e+02
8.748497175141242224e+02
8.750214689265537800e+02
8.750384180790961182e+02
8.748937853107345290e+02
8.745853107344632917e+02
8.741333333333334394e+02
8.735514124293786153e+02
8.728463276836158684e+02
8.719841807909606359e+02
8.710146892655368447e+02
8.699276836158193191e+02
8.687367231638420435e+02
8.674564971751412941e+02
8.661231638418080365e+02
8.648079096045198639e+02
8.635468926553672873e+02
8.624033898305085586e+02
8.613344632768362317e+02
8.603604519774012260e+02
8.595152542372882181e+02
8.587819209039548696e+02
8.582101694915254484e+02
8.577649717514125314e+02
8.574768361581920999e+02
8.573491525423729627e+02
8.573525423728814303e+02
8.575220338983051533e+02
8.578293785310734165e+02
8.582892655367231782e+02
8.588429378531075145e+02
8.595186440677966857e+02
8.602937853107346200e+02
8.611514124293786381e+02
8.620802259887007040e+02
8.630858757062147788e+02
8.641423728813560956e+02
8.652587570621469695e+02
8.664124293785312148e+02
8.676011299435028832e+02
8.688146892655369129e+02
8.700497175141243815e+02
8.713322033898305108e+02
8.726485875706215438e+02
8.739909604519774575e+02
8.753322033898307382e+02
8.767062146892656074e+02
8.780734463276837687e+02
8.793785310734464247e+02
8.805333333333335304e+02
8.815367231638419980e+02
8.823853107344633599e+02
8.830610169491526449e+02
8.835333333333334167e+02
8.837966101694917143e+02
8.838203389830509877e+02
8.835909604519774803e+02
8.831039548022599774e+02
8.823435028248588878e+02
8.815762711864406356e+02
8.808372881355933259e+02
8.801186440677967084e+02
8.794225988700566177e+02
8.787355932203390694e+02
8.780553672316384564e+02
8.773819209039547786e+02
8.767084745762713283e+02
8.760598870056497844e+02
8.754406779661018163e+02
8.748598870056498527e+02
8.743457627118646087e+02
8.738768361581921909e+02
8.735016949152543475e+02
8.731875706214691490e+02
8.729412429378533034e+02
8.727807909604521228e+02
8.726644067796610216e+02
8.726135593220340070e+02
8.726045197740113508e+02
8.726203389830509423e+02
8.726745762711866519e+02
8.727525423728815213e+02
8.728689265536723951e+02
8.730451977401130534e+02
8.732983050847458344e+02
8.736305084745763452e+02
8.740723163841809082e+02
8.746395480225990013e+02
8.753412429378531669e+02
8.761514124293786381e+02
8.771265536723165042e+02
8.782463276836159594e+02
8.792124293785311693e+02
8.800022598870057209e+02
8.806067796610169580e+02
8.810282485875707152e+02
8.812858757062147106e+02
8.813649717514125541e+02
8.812903954802261524e+02
8.810463276836159139e+02
8.806440677966102157e+02
8.801084745762713055e+02
8.794395480225989559e+02
8.786338983050848128e+02
8.777118644067797959e+02
8.766474576271186834e+02
8.754903954802259705e+02
8.742327683615819751e+02
8.728926553672317823e+02
8.714745762711866064e+02
8.700259887005649944e+02
8.686135593220340070e+02
8.673016949152543020e+02
8.660813559322034507e+02
8.649740112994350056e+02
8.640067796610169353e+02
8.631638418079096482e+02
8.624587570621469013e+02
8.619163841807909421e+02
8.615242937853107605e+02
8.612870056497175710e+02
8.611988700564971850e+02
8.612553672316385018e+02
8.614610169491525085e+02
8.617728813559322134e+02
8.622022598870057664e+02
8.627615819209040637e+02
8.634079096045197730e+02
8.641435028248588424e+02
8.649355932203390012e+02
8.657943502824859934e+02
8.667107344632768218e+02
8.676779661016950058e+02
8.686836158192090807e+02
8.697129943502825427e+02
8.707909604519772984e+02
8.718983050847457434e+02
8.730395480225989786e+02
8.742011299435027922e+02
8.753920903954802952e+02
8.766158192090396142e+02
8.778429378531072871e+02
8.790644067796611125e+02
8.802248587570621794e+02
8.812372881355931895e+02
8.820949152542373213e+02
8.827830508474576163e+02
8.832768361581920544e+02
8.835649717514124859e+02
8.836135593220338933e+02
8.834305084745762997e+02
8.829898305084745971e+02
8.822813559322033825e+02
8.816135593220340070e+02
8.809819209039549150e+02
8.803694915254237685e+02
8.797796610169491487e+02
8.791841807909604540e+02
8.786056497175140976e+02
8.780305084745763224e+02
8.774531073446328264e+02
8.768790960451979117e+02
8.763175141242937798e+02
8.757966101694914869e+02
8.753186440677966402e+02
8.748836158192091261e+02
8.745197740112994325e+02
8.742214689265537118e+02
8.740000000000000000e+02
8.738406779661017936e+02
8.737423728813560047e+02
8.736903954802260159e+02
8.736847457627118274e+02
8.736824858757063339e+02
8.737062146892656074e+02
8.737581920903955961e+02
8.738519774011299432e+02
8.739785310734464474e+02
8.741559322033899662e+02
8.744033898305085586e+02
8.747412429378532579e+02
8.751615819209040410e+02
8.757005649717515325e+02
8.763819209039548923e+02
8.771887005649718958e+02
8.781288135593222250e+02
8.791581920903955734e+02
8.799988700564972532e+02
8.806644067796611353e+02
8.811514124293785244e+02
8.814474576271186379e+02
8.815774011299436097e+02
8.815468926553674009e+02
8.813322033898307382e+02
8.809661016949153236e+02
8.804564971751412941e+02
8.798011299435029287e+02
8.790225988700565267e+02
8.781016949152542566e+02
8.770847457627119184e+02
8.759389830508475825e+02
8.746734463276836777e+02
8.733288135593221568e+02
8.719559322033899207e+02
8.706372881355932805e+02
8.693966101694916233e+02
8.682485875706215666e+02
8.671661016949153691e+02
8.662112994350281951e+02
8.653683615819209081e+02
8.646259887005650171e+02
8.640384180790961182e+02
8.635954802259886947e+02
8.633129943502824517e+02
8.631694915254237230e+02
8.631864406779661749e+02
8.633333333333333712e+02
8.636214689265536890e+02
8.640395480225988649e+02
8.645887005649717594e+02
8.652508474576271738e+02
8.660180790960453123e+02
8.668666666666667879e+02
8.677706214689267199e+02
8.687615819209040637e+02
8.697954802259888538e+02
8.708779661016949376e+02
8.720169491525423382e+02
8.731774011299435188e+02
8.743694915254238822e+02
8.755988700564972760e+02
8.768689265536722814e+02
8.781435028248588424e+02
8.794451977401131444e+02
8.807762711864406810e+02
8.820994350282485357e+02
8.834384180790960954e+02
8.847672316384181386e+02
8.860101694915255166e+02
8.871186440677967084e+02
8.880508474576272420e+02
8.888079096045198639e+02
8.893740112994350966e+02
8.897401129943503975e+02
8.898711864406781160e+02
8.897581920903955961e+02
8.893853107344633599e+02
8.887548022598871285e+02
8.880305084745764361e+02
8.873401129943504202e+02
8.866723163841809310e+02
8.860237288135595008e+02
8.853751412429380707e+02
8.847333333333334622e+02
8.840847457627119184e+02
8.834316384180792738e+02
8.828000000000000682e+02
8.822067796610170944e+02
8.816440677966104431e+02
8.811175141242938480e+02
8.806666666666667425e+02
8.802700564971751191e+02
8.799661016949153236e+02
8.797333333333333485e+02
8.795491525423728945e+02
8.794124293785311011e+02
8.793288135593220431e+02
8.792949152542373668e+02
8.792757062146893077e+02
8.792926553672316459e+02
8.793355932203389784e+02
8.794237288135593644e+02
8.795491525423730081e+02
8.797525423728814076e+02
8.800316384180791829e+02
8.804192090395481500e+02
8.808971751412429967e+02
8.814960451977401590e+02
8.822169491525423837e+02
8.830779661016949831e+02
8.840757062146894896e+02
8.849841807909605222e+02
8.857028248587571397e+02
8.862564971751413623e+02
8.866406779661017481e+02
8.868587570621471059e+02
8.869028248587571852e+02
8.867909604519775257e+02
8.865401129943504657e+02
8.861265536723165042e+02
8.855898305084747335e+02
8.849084745762713737e+02
8.841254237288137574e+02
8.832225988700566859e+02
8.822067796610172081e+02
8.810836158192091716e+02
8.798689265536725088e+02
8.785774011299436097e+02
8.772214689265537118e+02
8.759016949152543248e+02
8.746610169491527813e+02
8.735141242937854713e+02
8.724564971751414078e+02
8.715062146892657893e+02
8.706813559322035871e+02
8.699864406779663568e+02
8.694429378531075372e+02
8.690451977401131671e+02
8.688101694915255848e+02
8.687096045197741887e+02
8.687661016949155055e+02
8.689649717514125769e+02
8.692971751412430876e+02
8.697785310734464019e+02
8.703683615819210218e+02
8.710621468926553916e+02
8.718564971751413850e+02
8.727254237288136665e+02
8.737005649717514189e+02
8.747220338983051988e+02
8.757954802259887401e+02
8.769005649717514643e+02
8.780474576271187743e+02
8.792305084745762542e+02
8.804350282485876278e+02
8.816734463276836777e+02
8.829514124293787063e+02
8.842463276836159594e+02
8.855525423728813621e+02
8.869084745762713737e+02
8.882282485875707607e+02
8.894135593220339615e+02
8.904576271186441545e+02
8.913683615819209081e+02
8.921468926553673100e+02
8.927175141242938707e+02
8.931401129943503747e+02
8.933446327683616346e+02
8.933209039548023611e+02
8.930745762711865154e+02
8.925581920903955506e+02
8.917841807909604768e+02
8.910338983050846764e+02
8.903118644067797050e+02
8.896112994350282861e+02
8.889446327683616573e+02
8.882937853107346200e+02
8.876621468926555281e+02
8.870192090395480591e+02
8.863909604519774348e+02
8.857672316384181386e+02
8.851683615819208626e+02
8.846011299435028832e+02
8.840779661016949831e+02
8.836146892655367537e+02
8.832112994350283088e+02
8.828723163841807491e+02
8.826112994350282861e+02
8.824271186440678321e+02
8.823028248587571625e+02
8.822124293785311693e+02
8.821853107344633145e+02
8.821819209039547331e+02
8.822045197740112599e+02
8.822632768361581839e+02
8.823514124293785699e+02
8.824768361581920999e+02
8.826564971751412259e+02
8.829163841807909421e+02
8.832598870056497162e+02
8.836847457627118274e+02
8.842384180790959363e+02
8.849096045197738931e+02
8.857141242937852894e+02
8.866542372881356187e+02
8.877242937853106923e+02
8.885954802259886947e+02
8.892734463276835868e+02
8.897706214689264925e+02
8.900723163841807946e+02
8.901966101694915778e+02
8.901389830508474006e+02
8.899129943502824744e+02
8.895197740112994325e+02
8.889661016949152099e+02
8.882632768361581839e+02
8.874293785310733256e+02
8.864519774011298523e+02
8.853514124293784562e+02
8.841367231638416797e+02
8.827864406779659703e+02
8.813559322033897843e+02
8.799536723163840861e+02
8.786135593220337796e+02
8.773514124293783425e+02
8.761525423728812711e+02
8.750508474576270146e+02
8.740350282485874231e+02
8.731457627118643359e+02
8.723796610169490577e+02
8.717446327683614982e+02
8.712508474576270601e+02
8.709118644067796140e+02
8.707129943502824290e+02
8.706790960451976389e+02
8.707966101694914869e+02
8.710497175141241541e+02
8.714474576271185242e+02
8.719593220338981610e+02
8.725920903954799996e+02
8.733265536723162086e+02
8.741581920903954597e+02
8.750553672316383427e+02
8.760214689265535526e+02
8.770406779661016117e+02
8.780994350282485357e+02
8.792237288135592053e+02
8.803785310734460836e+02
8.815570621468925765e+02
8.827864406779660840e+02
8.840327683615819296e+02
8.853028248587570488e+02
8.866146892655365264e+02
8.879446327683615436e+02
8.892734463276834731e+02
8.906192090395479681e+02
8.919367231638416342e+02
8.931062146892654710e+02
8.941401129943501473e+02
8.949875706214688762e+02
8.956734463276834504e+02
8.961491525423728035e+02
8.964169491525423155e+02
8.964553672316383199e+02
8.962395480225986830e+02
8.957638418079094436e+02
8.950101694915252892e+02
8.942983050847456070e+02
8.936180790960449940e+02
8.929751412429377524e+02
8.923367231638417252e+02
8.917197740112992506e+02
8.911107344632766853e+02
8.905163841807908511e+02
8.899435028248585695e+02
8.893694915254235411e+02
8.888282485875705561e+02
8.883412429378529396e+02
8.878994350282484902e+02
8.875209039548021792e+02
8.872271186440675592e+02
8.870158192090393641e+02
8.868768361581919635e+02
8.868146892655365718e+02
8.868124293785309646e+02
8.868700564971749145e+02
8.869514124293784789e+02
8.870677966101693528e+02
8.872169491525421563e+02
8.874146892655364809e+02
8.876361581920901926e+02
8.879254237288133709e+02
8.882564971751411349e+02
8.886892655367230418e+02
8.891999999999999318e+02
8.898225988700563676e+02
8.905581920903953232e+02
8.914305084745760723e+02
8.924338983050845400e+02
8.935751412429376614e+02
8.945378531073445174e+02
8.953265536723162086e+02
8.959435028248585695e+02
8.963751412429377297e+02
8.966271186440676502e+02
8.967039548022596591e+02
8.966271186440676502e+02
8.963796610169490577e+02
8.959864406779659021e+02
8.954305084745760723e+02
8.947480225988699658e+02
8.939265536723162313e+02
8.929954802259885582e+02
8.919276836158190918e+02
8.907525423728811802e+02
8.894779661016948467e+02
8.881231638418078091e+02
8.867005649717513052e+02
8.852395480225986830e+02
8.838598870056496253e+02
8.825796610169489895e+02
8.813864406779659930e+02
8.802971751412428603e+02
8.793457627118642677e+02
8.785084745762710554e+02
8.778327683615818842e+02
8.772949152542371394e+02
8.769344632768360270e+02
8.767220338983049714e+02
8.766564971751411122e+02
8.767536723163839270e+02
8.769864406779659021e+02
8.773536723163840634e+02
8.778497175141242224e+02
8.784858757062145287e+02
8.792033898305085131e+02
8.800101694915254029e+02
8.809096045197738931e+02
8.818802259887004311e+02
8.828790960451976844e+02
8.839672316384179567e+02
8.850813559322033370e+02
8.862282485875705333e+02
8.874271186440677184e+02
8.886576271186438589e+02
8.899107344632766399e+02
8.911887005649715547e+02
8.925039548022597273e+02
8.938451977401127806e+02
8.951841807909602267e+02
8.964033898305083312e+02
8.974903954802259705e+02
8.984429378531071961e+02
8.992474576271185924e+02
8.998757062146892167e+02
9.003344632768360043e+02
9.005887005649716457e+02
9.006203389830507149e+02
9.004282485875703514e+02
8.999887005649716230e+02
8.992836158192088760e+02
8.985152542372879907e+02
8.977932203389829056e+02
8.970926553672314867e+02
8.964112994350280132e+02
8.957491525423727126e+02
8.951016949152541429e+02
8.944542372881355732e+02
8.938124293785310783e+02
8.931887005649716684e+02
8.925853107344631781e+02
8.920033898305084676e+02
8.914802259887005675e+02
8.909887005649718503e+02
8.905966101694914414e+02
8.902655367231637911e+02
8.900079096045197957e+02
8.898271186440676956e+02
8.897039548022598865e+02
8.896271186440677639e+02
8.896079096045197048e+02
8.896022598870056299e+02
8.896418079096044949e+02
8.897141242937854031e+02
8.898259887005649489e+02
8.899864406779661294e+02
8.902011299435027922e+02
8.904723163841808855e+02
8.908237288135594554e+02
8.912745762711865609e+02
8.918395480225989331e+02
8.925220338983051533e+02
8.933480225988701022e+02
8.943028248587571625e+02
8.953570621468927584e+02
8.962429378531073780e+02
8.969389830508475825e+02
8.974440677966101703e+02
8.977548022598870148e+02
8.979005649717514643e+02
8.978485875706214756e+02
8.976316384180790919e+02
8.972463276836158457e+02
8.967028248587570260e+02
8.960158192090395914e+02
8.951796610169491260e+02
8.942033898305085131e+02
8.930824858757061975e+02
8.918384180790960727e+02
8.904745762711863790e+02
8.890112994350281497e+02
8.875581920903954369e+02
8.861774011299435188e+02
8.848655367231638138e+02
8.836338983050848128e+02
8.824971751412430194e+02
8.814745762711864927e+02
8.805706214689266744e+02
8.797909604519772984e+02
8.791570621468927129e+02
8.786655367231637683e+02
8.783220338983051079e+02
8.781344632768361862e+02
8.780983050847457889e+02
8.782384180790959363e+02
8.785050847457625878e+02
8.789005649717513506e+02
8.794293785310734393e+02
8.800892655367231328e+02
8.808497175141243360e+02
8.817118644067797959e+02
8.826564971751413395e+02
8.836802259887006130e+02
8.847548022598871285e+02
8.858734463276837232e+02
8.870372881355933714e+02
8.882576271186441090e+02
8.894994350282486266e+02
8.907932203389832466e+02
8.921005649717513961e+02
8.934542372881355732e+02
8.948463276836158684e+02
8.962508474576271738e+02
8.976779661016948921e+02
8.991186440677965948e+02
9.005457627118644268e+02
9.018677966101695347e+02
9.030090395480226562e+02
9.039864406779661294e+02
9.047785310734464019e+02
9.053717514124293757e+02
9.057548022598871285e+02
9.058971751412429967e+02
9.057762711864406810e+02
9.053774011299435642e+02
9.047141242937852894e+02
9.038711864406780023e+02
9.030677966101694665e+02
9.022779661016949149e+02
9.015242937853107605e+02
9.007807909604521228e+02
9.000440677966101930e+02
8.993175141242938935e+02
8.986056497175140976e+02
8.979016949152542111e+02
8.972271186440677866e+02
8.966000000000000227e+02
8.960271186440678548e+02
8.955389830508474915e+02
8.951186440677965948e+02
8.947774011299436552e+02
8.945197740112994325e+02
8.943299435028247899e+02
8.942000000000000455e+02
8.941288135593219977e+02
8.941209039548023156e+02
8.941423728813558682e+02
8.941774011299435188e+02
8.942734463276837005e+02
8.944011299435028377e+02
8.945864406779662659e+02
8.948361581920904655e+02
8.951762711864407720e+02
8.956237288135594099e+02
8.961785310734464929e+02
8.968384180790960727e+02
8.976440677966102157e+02
8.985875706214690126e+02
8.996870056497175483e+02
9.008711864406780023e+02
9.018711864406780023e+02
9.026870056497175483e+02
9.033220338983051079e+02
9.037717514124294667e+02
9.040338983050847901e+02
9.041096045197740523e+02
9.039988700564972532e+02
9.037423728813560047e+02
9.033231638418079683e+02
9.027536723163842680e+02
9.020406779661018390e+02
9.011853107344634282e+02
9.001887005649718958e+02
8.990745762711865154e+02
8.978282485875706698e+02
8.965073446327683087e+02
8.950802259887005903e+02
8.936090395480225652e+02
8.922214689265537118e+02
8.909254237288135982e+02
8.897254237288136665e+02
8.886327683615820661e+02
8.876576271186440863e+02
8.868271186440679230e+02
8.861344632768361862e+02
8.855909604519774803e+02
8.852045197740112599e+02
8.849943502824860389e+02
8.849084745762712600e+02
8.849796610169491942e+02
8.851966101694915778e+02
8.855638418079097391e+02
8.860451977401130534e+02
8.866553672316384791e+02
8.873740112994350966e+02
8.881853107344633145e+02
8.890937853107344608e+02
8.900621468926553916e+02
8.910881355932203860e+02
8.921649717514125086e+02
8.932983050847458344e+02
8.944711864406779114e+02
8.956926553672316231e+02
8.969536723163841998e+02
8.982350282485875823e+02
8.995661016949152327e+02
9.009254237288137119e+02
9.023231638418080820e+02
9.037152542372882635e+02
9.050983050847457889e+02
9.063457627118643813e+02
9.074124293785309874e+02
9.083389830508474461e+02
9.090870056497175256e+02
9.096418079096044949e+02
9.099887005649717366e+02
9.101039548022598638e+02
9.100045197740113281e+02
9.096248587570621567e+02
9.089785310734462200e+02
9.081096045197739386e+02
9.073129943502824517e+02
9.065344632768361635e+02
9.057943502824857660e+02
9.050655367231638593e+02
9.043604519774011123e+02
9.036440677966102157e+02
9.029627118644068560e+02
9.022779661016949149e+02
9.016327683615819524e+02
9.010248587570621339e+02
9.004632768361582293e+02
8.999480225988700113e+02
8.995220338983051533e+02
8.991774011299435188e+02
8.988892655367232010e+02
8.987062146892656074e+02
8.985898305084746198e+02
8.985231638418079001e+02
8.985050847457628151e+02
8.985322033898305563e+02
8.985943502824859479e+02
8.987016949152541656e+02
8.988485875706214756e+02
8.990361581920903973e+02
8.992983050847458344e+02
8.996237288135592962e+02
9.000372881355931440e+02
9.005649717514124859e+02
9.011728813559321907e+02
9.019344632768361407e+02
9.028372881355933259e+02
9.038903954802260614e+02
9.050553672316384564e+02
9.061141242937853804e+02
9.069728813559322589e+02
9.076305084745763452e+02
9.081039548022599774e+02
9.083977401129943701e+02
9.085016949152543475e+02
9.084282485875706925e+02
9.081864406779661749e+02
9.077807909604520091e+02
9.072316384180792284e+02
9.065265536723164814e+02
9.056632768361582748e+02
9.046576271186440863e+02
9.035197740112994325e+02
9.022564971751412486e+02
9.008994350282487176e+02
8.994361581920904882e+02
8.978994350282487176e+02
8.964169491525424291e+02
8.950045197740114418e+02
8.936903954802260159e+02
8.924576271186441545e+02
8.913604519774012260e+02
8.903819209039547786e+02
8.895446327683616801e+02
8.888497175141243360e+02
8.883050847457627697e+02
8.879163841807909421e+02
8.876915254237288764e+02
8.875954802259886947e+02
8.876655367231638820e+02
8.878734463276837232e+02
8.882214689265538254e+02
8.886836158192090807e+02
8.892723163841808400e+02
8.899638418079097164e+02
8.907401129943502838e+02
8.916090395480226789e+02
8.925491525423730081e+02
8.935468926553674009e+02
8.946011299435028832e+02
8.956937853107344836e+02
8.968237288135594554e+02
8.980056497175141885e+02
8.992237288135594326e+02
9.004983050847458799e+02
9.018146892655367992e+02
9.031468926553673100e+02
9.045096045197740295e+02
9.058937853107345290e+02
9.072734463276835868e+02
9.085841807909605450e+02
9.097355932203390694e+02
9.107468926553672190e+02
9.115661016949152327e+02
9.121966101694915778e+02
9.126112994350282861e+02
9.128000000000000682e+02
9.127536723163842680e+02
9.124327683615820206e+02
9.118406779661017936e+02
9.109751412429378661e+02
9.101186440677967084e+02
9.093062146892656301e+02
9.084994350282486266e+02
9.077209039548022247e+02
9.069367231638418616e+02
9.061559322033899662e+02
9.053807909604520319e+02
9.046316384180793193e+02
9.038836158192091261e+02
9.031762711864407720e+02
9.025197740112994325e+02
9.019220338983051306e+02
9.014203389830508968e+02
9.009864406779661294e+02
9.006350282485876733e+02
9.003525423728814303e+02
9.001163841807911012e+02
8.999389830508475825e+02
8.997988700564972078e+02
8.997084745762713283e+02
8.996564971751413395e+02
8.996327683615819524e+02
8.996463276836159366e+02
8.997310734463277413e+02
8.998779661016949376e+02
9.000949152542373213e+02
9.004079096045197730e+02
9.008305084745763907e+02
9.013819209039550060e+02
9.020757062146893759e+02
9.029073446327683996e+02
9.038632768361583203e+02
9.049728813559322589e+02
9.060361581920903973e+02
9.068994350282487176e+02
9.075954802259888083e+02
9.081118644067796595e+02
9.084553672316385473e+02
9.086124293785310329e+02
9.086067796610170717e+02
9.084350282485876278e+02
9.081276836158192509e+02
9.076542372881356187e+02
9.070350282485876505e+02
9.062779661016950286e+02
9.053717514124293757e+02
9.043570621468926447e+02
9.032135593220339160e+02
9.019740112994350056e+02
9.006451977401130762e+02
8.992598870056497162e+02
8.978621468926553462e+02
8.965581920903955506e+02
8.953491525423729627e+02
8.942418079096046313e+02
8.932451977401130989e+02
8.923898305084746880e+02
8.916689265536724633e+02
8.910892655367232464e+02
8.906610169491526676e+02
8.903932203389831557e+02
8.902824858757062430e+02
8.903107344632769582e+02
8.904892655367232237e+02
8.908033898305085359e+02
8.912463276836159594e+02
8.918045197740113963e+02
8.924666666666666970e+02
8.932463276836159594e+02
8.941016949152543702e+02
8.950395480225990923e+02
8.960508474576272420e+02
8.971107344632769127e+02
8.982112994350284225e+02
8.993604519774012260e+02
9.005638418079097391e+02
9.017920903954803862e+02
9.030576271186441772e+02
9.043762711864408175e+02
9.057197740112994779e+02
9.071107344632769127e+02
9.085197740112995461e+02
9.099276836158193191e+02
9.113141242937854258e+02
9.125853107344635191e+02
9.137186440677967312e+02
9.146677966101696029e+02
9.154338983050848810e+02
9.160237288135595008e+02
9.163683615819211354e+02
9.164949152542374122e+02
9.163423728813561411e+02
9.159254237288137119e+02
9.152440677966103522e+02
9.143819209039550060e+02
9.135570621468928039e+02
9.127593220338985702e+02
9.119649717514125769e+02
9.111683615819210900e+02
9.104079096045200004e+02
9.096361581920905337e+02
9.088768361581921909e+02
9.081525423728814985e+02
9.074564971751412941e+02
9.067954802259887401e+02
9.061909604519775030e+02
9.056497175141244043e+02
9.051932203389831102e+02
9.048112994350283316e+02
9.045163841807910785e+02
9.042949152542373668e+02
9.041231638418080365e+02
9.040067796610171627e+02
9.039333333333333940e+02
9.039084745762712600e+02
9.038937853107345290e+02
9.039401129943504429e+02
9.040293785310735757e+02
9.041740112994351648e+02
9.043954802259888766e+02
9.046847457627120548e+02
9.050881355932204997e+02
9.055943502824859479e+02
9.062225988700565722e+02
9.069853107344633827e+02
9.078960451977402499e+02
9.089536723163841998e+02
9.101480225988701704e+02
9.112146892655368902e+02
9.120847457627120320e+02
9.127740112994351875e+02
9.132824858757064703e+02
9.135943502824859479e+02
9.137502824858758004e+02
9.137288135593221341e+02
9.135728813559321679e+02
9.132259887005650398e+02
9.127254237288135528e+02
9.120858757062147788e+02
9.112824858757063566e+02
9.103672316384181613e+02
9.093073446327683769e+02
9.081446327683615891e+02
9.068813559322034052e+02
9.055242937853108742e+02
9.040949152542373213e+02
9.027152542372882635e+02
9.014056497175142795e+02
9.002056497175142340e+02
8.991039548022599774e+02
8.981299435028249718e+02
8.972937853107346200e+02
8.965841807909605450e+02
8.960214689265537800e+02
8.956158192090395005e+02
8.953457627118643813e+02
8.952282485875706470e+02
8.952587570621469695e+02
8.954225988700566177e+02
8.957299435028248809e+02
8.961355932203390466e+02
8.966632768361582748e+02
8.973073446327684906e+02
8.980271186440678548e+02
8.988316384180792511e+02
8.997073446327684678e+02
9.006305084745763452e+02
9.015943502824859479e+02
9.026214689265536890e+02
9.036836158192090807e+02
9.047796610169491487e+02
9.059197740112995234e+02
9.071073446327684451e+02
9.083084745762712373e+02
9.095649717514124859e+02
9.108361581920904655e+02
9.121163841807911012e+02
9.134022598870058118e+02
9.146779661016948921e+02
9.159265536723164587e+02
9.170406779661017254e+02
9.179627118644068560e+02
9.187050847457627469e+02
9.192305084745763679e+02
9.195265536723163677e+02
9.195751412429378888e+02
9.193751412429378433e+02
9.188915254237288082e+02
9.181491525423729172e+02
9.173966101694916233e+02
9.166768361581921454e+02
9.159604519774011351e+02
9.152508474576271738e+02
9.145423728813560729e+02
9.138564971751413850e+02
9.131581920903955734e+02
9.124757062146893531e+02
9.118135593220340525e+02
9.111932203389831102e+02
9.106180790960452214e+02
9.101062146892655846e+02
9.096542372881356187e+02
9.092779661016949149e+02
9.089830508474576618e+02
9.087615819209039500e+02
9.085932203389832011e+02
9.084813559322035417e+02
9.084271186440679458e+02
9.083898305084746880e+02
9.083887005649717139e+02
9.084293785310734393e+02
9.085141242937852439e+02
9.086576271186440863e+02
9.088587570621471059e+02
9.091412429378531215e+02
9.095096045197741432e+02
9.099740112994351193e+02
9.105581920903955506e+02
9.112745762711865609e+02
9.121129943502826336e+02
9.131107344632769127e+02
9.142418079096046313e+02
9.152000000000000455e+02
9.159853107344633827e+02
9.165694915254237003e+02
9.169819209039549150e+02
9.172101694915254484e+02
9.172779661016950286e+02
9.171728813559323044e+02
9.169096045197741205e+02
9.164949152542374122e+02
9.159276836158192054e+02
9.152180790960452441e+02
9.143615819209039728e+02
9.133774011299435642e+02
9.122587570621469695e+02
9.110293785310734620e+02
9.096960451977402045e+02
9.082858757062147106e+02
9.068124293785311920e+02
9.054011299435029514e+02
9.040598870056497844e+02
9.028305084745763907e+02
9.017062146892656074e+02
9.006870056497175483e+02
8.997966101694916006e+02
8.990531073446327355e+02
8.984418079096046768e+02
8.979830508474576618e+02
8.976689265536723497e+02
8.975152542372882181e+02
8.975197740112995461e+02
8.976451977401130762e+02
8.979197740112995234e+02
8.983175141242938935e+02
8.988463276836159821e+02
8.994824858757062884e+02
9.002203389830508513e+02
9.010463276836158002e+02
9.019502824858757322e+02
9.029209039548022702e+02
9.039220338983051306e+02
9.049977401129943928e+02
9.061186440677965948e+02
9.072689265536723724e+02
9.084677966101694437e+02
9.097028248587571397e+02
9.109796610169491942e+02
9.122903954802260387e+02
9.136158192090396142e+02
9.149841807909605222e+02
9.163491525423729627e+02
9.176689265536723497e+02
9.188429378531074008e+02
9.198768361581921909e+02
9.207276836158191600e+02
9.214090395480226334e+02
9.218824858757063794e+02
9.221412429378531215e+02
9.221875706214689217e+02
9.219638418079097164e+02
9.214757062146893531e+02
9.207276836158192737e+02
9.198598870056498527e+02
9.190158192090395914e+02
9.182056497175142340e+02
9.174225988700566177e+02
9.166327683615820661e+02
9.158372881355933259e+02
9.150395480225990923e+02
9.142531073446328946e+02
9.134971751412431331e+02
9.127717514124294667e+02
9.120779661016949831e+02
9.114474576271187516e+02
9.108790960451979117e+02
9.103751412429379570e+02
9.099468926553672645e+02
9.095977401129945292e+02
9.093129943502826791e+02
9.090813559322035644e+02
9.089073446327685133e+02
9.087796610169492624e+02
9.086779661016950058e+02
9.086237288135595236e+02
9.085988700564973897e+02
9.086169491525424746e+02
9.086926553672317368e+02
9.088361581920905792e+02
9.090644067796611125e+02
9.093887005649719413e+02
9.098327683615819979e+02
9.103864406779662204e+02
9.110779661016949831e+02
9.119050847457627924e+02
9.128711864406780023e+02
9.139841807909605222e+02
9.150485875706215211e+02
9.159254237288134846e+02
9.166180790960452214e+02
9.171333333333334394e+02
9.174734463276837459e+02
9.176282485875706243e+02
9.176418079096046085e+02
9.174960451977401590e+02
9.171841807909604540e+02
9.167242937853108060e+02
9.161276836158192509e+02
9.153966101694916233e+02
9.145073446327684223e+02
9.135152542372882181e+02
9.123977401129943701e+02
9.111841807909605677e+02
9.098971751412429967e+02
9.085514124293786153e+02
9.072723163841808400e+02
9.060734463276837687e+02
9.049536723163843135e+02
9.039435028248587969e+02
9.030655367231638593e+02
9.023005649717515553e+02
9.016903954802260159e+02
9.011954802259887174e+02
9.008553672316384109e+02
9.006598870056498072e+02
9.006203389830509423e+02
9.007197740112994779e+02
9.009638418079096027e+02
9.013378531073446993e+02
9.018440677966102612e+02
9.024361581920904882e+02
9.031457627118644496e+02
9.039435028248587969e+02
9.048271186440678093e+02
9.057570621468926220e+02
9.067661016949152781e+02
9.078440677966102612e+02
9.089333333333333940e+02
9.100847457627119184e+02
9.112610169491525767e+02
9.124881355932204769e+02
9.137423728813560047e+02
9.150361581920906247e+02
9.163615819209039728e+02
9.176926553672317368e+02
9.190485875706215211e+02
9.204067796610170262e+02
9.217423728813560047e+02
9.229728813559322589e+02
9.240621468926555053e+02
9.249785310734464474e+02
9.256892655367232692e+02
9.262045197740114872e+02
9.265050847457628151e+02
9.265604519774012715e+02
9.263536723163842908e+02
9.259073446327683996e+02
9.251661016949153691e+02
9.243694915254238822e+02
9.235943502824859479e+02
9.228350282485876050e+02
9.220960451977401817e+02
9.213536723163842908e+02
9.206305084745763452e+02
9.199118644067797277e+02
9.191977401129944383e+02
9.185220338983051533e+02
9.178723163841809765e+02
9.172903954802261524e+02
9.167796610169492624e+02
9.163333333333334849e+02
9.159694915254237912e+02
9.156779661016950058e+02
9.154610169491527358e+02
9.153310734463277640e+02
9.152327683615819751e+02
9.151943502824860843e+02
9.152135593220340297e+02
9.152519774011300342e+02
9.153333333333333712e+02
9.154644067796610898e+02
9.156587570621469467e+02
9.158994350282487176e+02
9.162192090395481046e+02
9.166429378531074690e+02
9.171457627118645632e+02
9.177875706214690581e+02
9.185480225988701477e+02
9.194508474576272192e+02
9.204971751412430194e+02
9.216711864406781842e+02
9.226926553672317368e+02
9.235412429378532124e+02
9.242000000000000455e+02
9.246711864406780705e+02
9.249740112994351193e+02
9.250971751412430422e+02
9.250531073446328492e+02
9.248350282485876050e+02
9.244610169491526221e+02
9.239310734463277868e+02
9.232587570621469695e+02
9.224440677966103976e+02
9.214790960451978208e+02
9.204011299435029514e+02
9.191988700564972987e+02
9.178915254237289219e+02
9.165073446327684223e+02
9.150327683615819296e+02
9.135604519774012715e+02
9.121638418079096482e+02
9.108677966101696484e+02
9.096655367231638820e+02
9.085774011299436097e+02
9.076192090395481955e+02
9.067977401129944610e+02
9.061152542372881271e+02
9.055774011299436097e+02
9.051966101694915778e+02
9.049920903954803180e+02
9.049265536723164587e+02
9.050056497175141885e+02
9.052293785310735075e+02
9.055864406779661522e+02
9.060757062146892622e+02
9.066700564971752101e+02
9.073819209039547786e+02
9.081774011299435188e+02
9.090632768361582521e+02
9.100135593220339842e+02
9.110327683615819296e+02
9.120983050847457889e+02
9.132022598870057664e+02
9.143615819209039728e+02
9.155638418079096255e+02
9.168011299435029287e+02
9.180768361581921226e+02
9.193864406779661067e+02
9.207231638418079456e+02
9.220892655367231328e+02
9.234644067796610898e+02
9.247175141242937570e+02
9.258361581920903518e+02
9.267853107344633372e+02
9.275604519774011578e+02
9.281717514124293302e+02
9.285977401129943019e+02
9.287717514124294667e+02
9.287322033898306017e+02
9.284451977401130307e+02
9.278949152542372758e+02
9.270655367231638593e+02
9.262463276836158457e+02
9.254497175141243588e+02
9.246858757062148015e+02
9.239491525423729854e+02
9.232271186440677866e+02
9.225050847457627015e+02
9.217943502824859934e+02
9.210903954802259932e+02
9.204112994350282406e+02
9.197672316384180249e+02
9.191728813559320770e+02
9.186248587570620430e+02
9.181627118644067878e+02
9.177627118644066968e+02
9.174384180790959817e+02
9.172124293785310556e+02
9.170497175141242678e+02
9.169367231638417479e+02
9.168745762711864700e+02
9.168474576271186152e+02
9.168655367231638138e+02
9.169355932203390012e+02
9.170350282485875368e+02
9.171932203389831102e+02
9.173898305084745743e+02
9.176542372881356187e+02
9.180079096045199094e+02
9.184395480225989559e+02
9.189796610169491942e+02
9.196338983050848128e+02
9.204192090395479227e+02
9.213389830508474461e+02
9.224011299435028377e+02
9.236045197740113508e+02
9.246395480225988877e+02
9.254598870056497617e+02
9.260971751412428148e+02
9.265502824858756412e+02
9.268090395480226107e+02
9.268824858757062657e+02
9.267841807909604768e+02
9.265062146892655619e+02
9.260757062146892622e+02
9.254576271186440408e+02
9.246994350282486721e+02
9.237887005649718049e+02
9.227389830508475370e+02
9.215514124293786153e+02
9.202497175141243133e+02
9.188350282485876050e+02
9.173423728813559137e+02
9.159050847457626787e+02
9.145548022598870830e+02
9.132711864406780933e+02
9.120915254237288536e+02
9.110146892655367310e+02
9.100632768361583658e+02
9.092384180790961636e+02
9.085457627118644268e+02
9.080135593220338706e+02
9.076214689265536890e+02
9.073898305084746880e+02
9.073073446327683769e+02
9.073661016949153009e+02
9.075672316384182068e+02
9.079129943502825881e+02
9.083887005649717139e+02
9.089932203389830647e+02
9.096960451977402045e+02
9.104926553672316913e+02
9.113717514124293757e+02
9.123299435028249036e+02
9.133423728813559137e+02
9.143999999999999773e+02
9.155197740112994325e+02
9.166734463276836777e+02
9.178779661016949376e+02
9.191152542372881271e+02
9.204056497175141658e+02
9.217118644067796822e+02
9.230655367231638593e+02
9.244395480225989559e+02
9.258463276836159821e+02
9.272372881355931895e+02
9.286384180790960272e+02
9.299887005649718503e+02
9.311728813559323044e+02
9.321864406779661749e+02
9.330033898305084676e+02
9.336158192090395005e+02
9.340101694915254029e+02
9.341683615819208626e+02
9.340542372881354822e+02
9.336824858757062202e+02
9.330225988700565267e+02
9.321796610169492396e+02
9.313841807909604995e+02
9.305988700564971623e+02
9.298429378531072871e+02
9.290949152542373213e+02
9.283423728813560274e+02
9.276033898305084904e+02
9.268915254237288082e+02
9.261988700564972987e+02
9.255299435028248354e+02
9.249231638418077637e+02
9.243887005649717139e+02
9.239129943502824744e+02
9.235299435028248354e+02
9.232316384180790010e+02
9.229898305084745971e+02
9.228282485875706698e+02
9.227265536723164132e+02
9.226949152542372303e+02
9.226949152542372303e+02
9.227288135593220204e+02
9.228146892655367992e+02
9.229548022598870602e+02
9.231446327683615891e+02
9.233920903954801815e+02
9.237062146892656074e+02
9.241231638418080365e+02
9.246293785310735984e+02
9.252587570621469695e+02
9.260225988700565267e+02
9.269186440677967767e+02
9.279525423728814530e+02
9.291310734463277186e+02
9.302429378531073780e+02
9.311559322033899662e+02
9.318971751412429967e+02
9.324542372881356869e+02
9.328384180790960727e+02
9.330531073446327355e+02
9.330813559322034507e+02
9.329514124293784789e+02
9.326700564971752101e+02
9.322237288135593190e+02
9.316395480225990013e+02
9.308779661016949376e+02
9.299977401129942791e+02
9.289593220338982746e+02
9.278158192090395460e+02
9.265706214689264471e+02
9.252090395480224743e+02
9.237706214689264925e+02
9.223118644067795913e+02
9.209242937853107378e+02
9.196564971751411122e+02
9.184824858757062884e+02
9.174259887005648579e+02
9.164779661016948467e+02
9.156813559322033598e+02
9.150305084745762088e+02
9.145242937853107605e+02
9.141988700564971850e+02
9.140180790960451986e+02
9.139988700564972532e+02
9.141401129943503747e+02
9.143977401129944838e+02
9.148237288135594554e+02
9.153615819209039728e+02
9.160079096045197957e+02
9.167615819209039500e+02
9.176327683615820661e+02
9.185853107344632917e+02
9.196045197740113508e+02
9.206870056497175483e+02
9.218327683615818842e+02
9.230282485875706016e+02
9.242745762711864472e+02
9.255762711864406356e+02
9.269118644067796140e+02
9.282870056497175710e+02
9.297186440677966175e+02
9.311943502824858570e+02
9.326745762711864245e+02
9.341898305084746426e+02
9.356011299435028832e+02
9.368531073446328037e+02
9.379333333333333940e+02
9.388519774011299432e+02
9.395909604519774803e+02
9.401129943502825199e+02
9.404146892655368219e+02
9.404734463276836323e+02
9.402734463276835868e+02
9.398146892655367992e+02
9.390790960451977298e+02
9.380689265536723269e+02
9.370881355932203860e+02
9.361367231638419071e+02
9.352045197740112599e+02
9.342847457627119638e+02
9.333740112994349829e+02
9.324644067796610898e+02
9.315796610169492169e+02
9.307163841807910103e+02
9.298802259887005448e+02
9.290937853107343471e+02
9.283683615819207944e+02
9.277186440677966175e+02
9.271491525423728035e+02
9.266497175141242906e+02
9.262384180790960500e+02
9.259005649717513506e+02
9.256474576271185697e+02
9.254485875706213847e+02
9.252949152542371394e+02
9.251841807909604540e+02
9.251152542372881271e+02
9.251039548022598638e+02
9.251468926553673100e+02
9.252463276836158457e+02
9.254282485875705788e+02
9.256971751412429512e+02
9.260553672316384564e+02
9.265322033898305563e+02
9.271344632768361862e+02
9.278711864406780023e+02
9.287502824858756867e+02
9.297819209039547559e+02
9.309468926553672645e+02
9.321559322033897388e+02
9.331638418079095345e+02
9.339728813559321452e+02
9.345740112994349147e+02
9.350011299435027468e+02
9.352372881355931895e+02
9.352847457627117365e+02
9.351491525423728035e+02
9.348587570621468785e+02
9.344022598870055845e+02
9.337593220338983429e+02
9.329548022598869466e+02
9.319943502824858115e+02
9.309050847457626787e+02
9.296700564971750964e+02
9.283209039548021337e+02
9.268790960451976844e+02
9.253694915254236548e+02
9.239242937853106241e+02
9.225581920903953232e+02
9.212836158192089897e+02
9.201231638418078091e+02
9.190677966101693528e+02
9.181638418079095345e+02
9.173819209039547786e+02
9.167525423728814076e+02
9.162576271186439953e+02
9.159197740112995234e+02
9.157412429378531442e+02
9.157062146892654937e+02
9.158158192090395460e+02
9.160700564971750737e+02
9.164395480225988422e+02
9.169457627118644041e+02
9.175604519774011578e+02
9.182587570621469695e+02
9.190598870056496708e+02
9.199468926553672645e+02
9.208892655367230873e+02
9.218915254237288082e+02
9.229661016949152099e+02
9.240598870056496708e+02
9.252237288135593190e+02
9.264180790960451759e+02
9.276610169491525539e+02
9.289525423728813394e+02
9.302960451977401135e+02
9.316531073446326445e+02
9.330429378531073326e+02
9.344259887005649716e+02
9.358079096045198639e+02
9.371593220338983201e+02
9.383299435028247899e+02
9.393276836158191827e+02
9.401163841807909876e+02
9.407163841807910103e+02
9.410802259887004766e+02
9.411728813559320770e+02
9.410338983050846764e+02
9.406011299435027695e+02
9.398870056497174801e+02
9.389841807909604086e+02
9.381423728813558682e+02
9.373118644067794776e+02
9.365028248587570943e+02
9.357107344632768218e+02
9.349129943502824744e+02
9.341186440677965948e+02
9.333401129943501928e+02
9.326022598870056299e+02
9.318960451977400226e+02
9.312497175141243133e+02
9.306768361581921454e+02
9.301909604519773893e+02
9.297717514124292393e+02
9.294418079096044494e+02
9.291887005649716684e+02
9.290101694915254029e+02
9.288994350282484902e+02
9.288553672316384109e+02
9.288655367231638138e+02
9.289084745762711464e+02
9.290090395480226562e+02
9.291480225988700568e+02
9.293604519774011123e+02
9.296576271186440863e+02
9.300259887005648807e+02
9.304870056497175028e+02
9.310531073446327355e+02
9.317491525423728262e+02
9.325774011299433823e+02
9.335197740112994325e+02
9.346327683615819524e+02
9.358903954802260614e+02
9.372271186440677866e+02
9.383502824858755957e+02
9.392847457627117365e+02
9.400406779661017254e+02
9.406045197740113508e+02
9.409706214689265380e+02
9.411785310734463792e+02
9.411898305084746426e+02
9.410519774011299887e+02
9.407265536723164132e+02
9.402418079096046313e+02
9.396022598870056299e+02
9.388225988700565949e+02
9.378915254237288082e+02
9.368237288135592280e+02
9.356418079096044949e+02
9.343423728813559137e+02
9.329627118644067423e+02
9.315050847457627015e+02
9.299830508474576618e+02
9.284858757062146424e+02
9.270903954802258795e+02
9.258124293785310783e+02
9.246531073446326445e+02
9.236293785310733711e+02
9.227502824858756867e+02
9.220248587570620202e+02
9.214553672316383199e+02
9.210293785310734620e+02
9.207740112994350739e+02
9.206598870056496935e+02
9.207039548022598865e+02
9.208768361581920772e+02
9.212022598870055390e+02
9.216395480225987740e+02
9.222011299435027922e+02
9.228689265536722814e+02
9.236203389830507149e+02
9.244519774011298523e+02
9.253525423728813166e+02
9.263163841807909193e+02
9.273435028248587741e+02
9.284305084745762997e+02
9.295694915254237003e+02
9.307627118644068105e+02
9.320338983050846764e+02
9.333355932203389784e+02
9.346915254237287627e+02
9.360824858757061975e+02
9.374994350282486266e+02
9.389265536723164587e+02
9.403310734463277640e+02
9.416067796610169580e+02
9.427276836158191600e+02
9.436655367231637683e+02
9.444259887005648579e+02
9.449593220338983883e+02
9.452644067796610443e+02
9.453254237288135755e+02
9.451333333333333258e+02
9.446655367231638820e+02
9.439186440677966630e+02
9.429525423728814530e+02
9.420282485875707152e+02
9.411073446327684451e+02
9.401988700564972987e+02
9.392847457627119638e+02
9.383807909604520319e+02
9.374768361581920999e+02
9.365943502824859479e+02
9.357502824858756867e+02
9.349468926553671508e+02
9.342022598870055390e+02
9.335073446327683087e+02
9.329039548022598183e+02
9.323898305084745743e+02
9.319525423728812257e+02
9.315819209039547104e+02
9.312734463276835868e+02
9.310146892655368447e+02
9.308090395480226107e+02
9.306610169491525539e+02
9.305581920903955506e+02
9.304881355932203633e+02
9.304666666666666970e+02
9.305231638418079001e+02
9.306531073446328719e+02
9.308395480225988194e+02
9.311333333333334394e+02
9.315435028248587059e+02
9.320790960451977298e+02
9.327389830508475370e+02
9.335310734463278095e+02
9.344711864406780251e+02
9.355581920903955506e+02
9.367728813559322134e+02
9.378282485875706698e+02
9.386881355932204087e+02
9.393649717514125541e+02
9.398485875706214756e+02
9.401751412429380252e+02
9.403084745762712373e+02
9.402723163841808400e+02
9.400790960451978435e+02
9.397288135593220204e+02
9.392169491525424974e+02
9.385412429378532124e+02
9.377242937853106923e+02
9.367344632768363226e+02
9.356327683615820661e+02
9.344158192090396824e+02
9.330790960451977298e+02
9.316790960451978663e+02
9.303005649717515553e+02
9.289853107344633827e+02
9.277740112994350739e+02
9.266440677966102157e+02
9.256327683615820661e+02
9.247344632768363226e+02
9.239898305084745971e+02
9.233638418079096937e+02
9.229016949152542111e+02
9.225954802259886947e+02
9.224271186440678321e+02
9.224090395480225197e+02
9.225299435028248354e+02
9.227864406779661977e+02
9.231909604519773893e+02
9.237197740112994779e+02
9.243525423728814303e+02
9.251028248587571170e+02
9.259276836158192054e+02
9.268372881355933259e+02
9.278135593220339388e+02
9.288632768361583203e+02
9.299548022598870602e+02
9.311220338983050624e+02
9.323152542372881726e+02
9.335661016949152327e+02
9.348700564971752556e+02
9.362033898305085131e+02
9.375875706214690126e+02
9.390079096045199094e+02
9.404542372881356869e+02
9.419175141242938025e+02
9.433774011299435642e+02
9.448112994350283316e+02
9.461480225988700568e+02
9.473299435028249036e+02
9.483028248587570488e+02
9.490677966101695802e+02
9.496135593220340070e+02
9.499028248587570715e+02
9.499344632768361407e+02
9.497039548022598865e+02
9.491943502824858570e+02
9.483819209039548923e+02
9.474327683615820206e+02
9.465163841807910785e+02
9.456090395480226789e+02
9.447129943502825427e+02
9.438146892655367992e+02
9.429322033898306472e+02
9.420689265536723269e+02
9.412158192090396369e+02
9.404090395480226334e+02
9.396440677966102157e+02
9.389389830508475825e+02
9.383163841807910330e+02
9.377706214689266062e+02
9.373141242937853121e+02
9.369186440677965493e+02
9.366000000000000227e+02
9.363548022598870375e+02
9.361593220338983201e+02
9.360248587570622476e+02
9.359118644067797277e+02
9.358553672316384109e+02
9.358508474576271965e+02
9.359141242937853349e+02
9.360327683615819296e+02
9.362327683615819751e+02
9.365367231638418843e+02
9.369355932203391149e+02
9.374474576271186379e+02
9.381005649717515098e+02
9.388960451977402499e+02
9.398271186440679230e+02
9.409265536723164587e+02
9.421638418079096482e+02
9.434282485875705788e+02
9.444960451977401590e+02
9.453774011299435642e+02
9.460768361581922363e+02
9.466011299435028832e+02
9.469344632768362544e+02
9.470983050847457889e+02
9.470949152542373213e+02
9.469028248587571852e+02
9.465548022598870830e+02
9.460576271186441772e+02
9.454000000000000909e+02
9.445898305084745061e+02
9.436418079096046085e+02
9.425717514124294212e+02
9.413762711864408175e+02
9.400847457627119184e+02
9.387062146892656074e+02
9.372384180790961636e+02
9.357909604519775257e+02
9.344361581920904882e+02
9.331932203389831102e+02
9.320440677966103067e+02
9.310305084745764361e+02
9.301604519774012942e+02
9.294248587570623386e+02
9.288531073446328037e+02
9.284225988700566177e+02
9.281423728813558682e+02
9.280203389830508058e+02
9.280553672316384564e+02
9.282079096045198412e+02
9.284915254237289446e+02
9.288858757062147333e+02
9.293898305084746880e+02
9.300101694915256303e+02
9.307186440677967312e+02
9.314915254237289446e+02
9.323480225988702159e+02
9.332632768361582976e+02
9.342214689265538254e+02
9.352293785310735075e+02
9.363062146892657438e+02
9.374316384180792738e+02
9.386045197740114645e+02
9.398271186440679230e+02
9.410881355932203860e+02
9.423898305084746880e+02
9.437129943502825427e+02
9.450440677966103067e+02
9.463638418079096937e+02
9.476734463276836777e+02
9.488406779661017936e+02
9.498203389830509877e+02
9.506056497175142113e+02
9.511740112994350511e+02
9.515107344632770037e+02
9.516000000000001364e+02
9.514305084745762997e+02
9.509830508474576618e+02
9.502587570621469695e+02
9.493977401129944838e+02
9.485322033898305563e+02
9.476779661016951195e+02
9.468497175141244497e+02
9.460056497175143022e+02
9.451774011299436324e+02
9.443491525423730764e+02
9.435378531073447448e+02
9.427491525423729399e+02
9.420124293785312375e+02
9.413107344632769582e+02
9.406903954802261296e+02
9.401480225988700568e+02
9.396655367231639957e+02
9.392734463276838142e+02
9.389491525423729854e+02
9.387028248587572534e+02
9.384983050847458799e+02
9.383468926553673555e+02
9.382542372881357551e+02
9.382022598870058800e+02
9.382033898305086268e+02
9.382429378531076054e+02
9.383378531073448130e+02
9.385062146892656756e+02
9.387548022598871285e+02
9.390983050847460163e+02
9.395412429378532124e+02
9.401129943502826336e+02
9.408180790960454942e+02
9.416632768361585022e+02
9.426621468926555281e+02
9.437954802259888538e+02
9.450632768361583658e+02
9.461853107344634282e+02
9.471118644067798868e+02
9.478666666666669016e+02
9.484350282485877415e+02
9.488418079096047677e+02
9.490621468926556190e+02
9.491209039548024293e+02
9.490022598870059483e+02
9.487175141242939844e+02
9.482802259887008631e+02
9.476824858757063339e+02
9.469322033898306472e+02
9.460508474576273557e+02
9.450418079096046995e+02
9.439107344632769809e+02
9.426757062146893986e+02
9.413525423728815440e+02
9.399468926553674919e+02
9.385559322033900571e+02
9.372768361581922818e+02
9.360813559322036781e+02
9.350101694915257440e+02
9.340440677966104204e+02
9.332158192090397506e+02
9.325220338983053807e+02
9.319762711864409539e+02
9.315785310734465838e+02
9.313322033898307382e+02
9.312361581920906701e+02
9.312881355932206588e+02
9.314779661016950740e+02
9.318056497175143704e+02
9.322531073446330083e+02
9.328090395480228381e+02
9.334531073446330538e+02
9.342112994350284225e+02
9.350361581920906247e+02
9.359548022598871739e+02
9.369231638418081047e+02
9.379322033898306472e+02
9.390090395480228835e+02
9.401367231638419071e+02
9.413107344632770719e+02
9.425322033898307836e+02
9.438045197740115100e+02
9.451209039548024293e+02
9.464768361581923273e+02
9.478587570621471059e+02
9.492632768361584112e+02
9.506587570621470604e+02
9.520350282485878779e+02
9.532644067796611580e+02
9.543457627118646087e+02
9.552305084745764816e+02
9.559231638418081047e+02
9.564067796610171399e+02
9.566621468926555281e+02
9.566610169491527813e+02
9.564022598870058118e+02
9.558757062146894441e+02
9.550700564971754147e+02
9.541412429378533488e+02
9.532169491525426110e+02
9.523152542372884000e+02
9.514192090395482637e+02
9.505242937853109879e+02
9.496350282485877869e+02
9.487627118644069242e+02
9.478983050847459708e+02
9.470723163841810219e+02
9.462824858757064703e+02
9.455559322033900571e+02
9.449288135593222933e+02
9.443548022598872649e+02
9.438587570621471059e+02
9.434474576271188653e+02
9.430971751412432695e+02
9.428079096045200913e+02
9.425830508474579119e+02
9.423966101694918507e+02
9.422711864406782070e+02
9.421841807909606814e+02
9.421480225988702841e+02
9.421751412429380252e+02
9.422610169491526904e+02
9.424248587570623386e+02
9.426757062146893986e+02
9.430271186440679685e+02
9.434937853107346655e+02
9.440858757062148925e+02
9.448158192090397733e+02
9.457039548022601139e+02
9.467288135593222478e+02
9.479028248587572989e+02
9.490474576271187743e+02
9.500101694915256303e+02
9.507977401129944610e+02
9.513920903954804089e+02
9.518101694915256985e+02
9.520700564971753010e+02
9.521762711864409994e+02
9.520960451977402954e+02
9.518610169491528268e+02
9.514689265536725316e+02
9.509163841807912831e+02
9.502237288135595463e+02
9.493785310734465384e+02
9.483977401129945974e+02
9.472994350282488085e+02
9.460960451977402954e+02
9.447920903954804999e+02
9.434067796610172536e+02
9.419581920903956416e+02
9.405638418079097391e+02
9.392711864406780933e+02
9.380757062146894896e+02
9.369988700564972532e+02
9.360474576271187743e+02
9.352271186440680140e+02
9.345333333333335304e+02
9.339943502824860389e+02
9.336022598870058573e+02
9.333570621468927584e+02
9.332519774011301479e+02
9.332847457627120775e+02
9.334610169491527358e+02
9.337717514124295803e+02
9.342045197740114872e+02
9.347299435028249945e+02
9.353638418079098074e+02
9.360757062146894896e+02
9.368644067796612944e+02
9.377242937853109197e+02
9.386531073446329856e+02
9.396169491525424746e+02
9.406531073446328719e+02
9.417468926553674464e+02
9.428881355932204542e+02
9.440734463276837687e+02
9.453005649717515553e+02
9.465909604519774803e+02
9.478892655367233147e+02
9.492180790960453578e+02
9.505593220338984111e+02
9.519039548022600457e+02
9.532158192090397506e+02
9.543661016949154146e+02
9.553412429378532806e+02
9.561322033898306927e+02
9.567163841807910103e+02
9.570666666666668334e+02
9.571717514124295576e+02
9.570271186440679685e+02
9.566124293785312602e+02
9.558983050847459708e+02
9.550135593220339842e+02
9.541468926553674237e+02
9.533141242937854258e+02
9.524903954802261978e+02
9.516587570621470604e+02
9.508293785310736439e+02
9.500237288135595008e+02
9.492338983050849492e+02
9.484723163841808855e+02
9.477502824858759141e+02
9.470802259887007040e+02
9.464881355932204769e+02
9.459514124293787063e+02
9.455084745762713965e+02
9.451412429378533488e+02
9.448418079096046540e+02
9.446101694915255393e+02
9.444372881355934624e+02
9.443163841807911467e+02
9.442406779661018845e+02
9.442282485875707607e+02
9.442587570621469695e+02
9.443344632768362317e+02
9.444790960451979345e+02
9.446745762711866519e+02
9.449548022598871739e+02
9.453175141242938935e+02
9.457966101694916006e+02
9.463853107344633599e+02
9.471062146892656983e+02
9.479694915254237912e+02
9.489706214689266517e+02
9.501118644067796595e+02
9.513898305084746880e+02
9.525875706214690126e+02
9.535875706214690126e+02
9.544203389830510105e+02
9.550542372881357096e+02
9.555152542372882181e+02
9.557887005649719185e+02
9.558847457627119866e+02
9.558203389830509877e+02
9.555740112994351421e+02
9.551638418079097619e+02
9.545638418079097391e+02
9.538045197740113963e+02
9.529163841807910558e+02
9.518847457627121003e+02
9.507423728813561183e+02
9.494881355932204769e+02
9.481220338983051761e+02
9.466790960451978663e+02
9.453005649717515553e+02
9.440045197740114418e+02
9.428079096045198639e+02
9.417299435028249945e+02
9.407728813559323271e+02
9.399254237288137119e+02
9.392406779661018845e+02
9.386949152542374577e+02
9.382983050847458344e+02
9.380542372881357096e+02
9.379604519774012488e+02
9.380169491525424519e+02
9.382090395480227016e+02
9.385367231638418843e+02
9.389977401129945065e+02
9.395807909604520773e+02
9.402666666666666515e+02
9.410542372881357096e+02
9.419197740112994097e+02
9.428542372881356641e+02
9.438474576271187289e+02
9.449096045197741205e+02
9.460271186440679685e+02
9.472022598870057664e+02
9.484338983050847673e+02
9.497028248587571397e+02
9.510180790960453123e+02
9.523966101694916233e+02
9.537887005649718049e+02
9.552248587570621794e+02
9.566655367231639957e+02
9.580903954802261069e+02
9.595333333333333030e+02
9.608824858757061520e+02
9.620587570621469240e+02
9.630474576271187743e+02
9.638418079096045403e+02
9.644169491525424291e+02
9.647548022598871285e+02
9.648474576271187289e+02
9.646813559322033598e+02
9.642259887005650398e+02
9.634903954802261978e+02
9.625548022598870830e+02
9.616384180790960272e+02
9.607548022598869011e+02
9.598790960451977980e+02
9.590135593220339842e+02
9.581412429378531215e+02
9.573084745762712373e+02
9.564870056497175028e+02
9.557028248587571397e+02
9.549717514124295121e+02
9.543073446327683769e+02
9.537096045197740750e+02
9.532033898305085131e+02
9.527796610169491487e+02
9.524271186440678321e+02
9.521570621468927129e+02
9.519548022598870602e+02
9.518079096045198639e+02
9.517163841807910103e+02
9.516813559322033598e+02
9.516903954802260159e+02
9.517536723163842680e+02
9.518700564971752556e+02
9.520632768361582521e+02
9.523220338983051079e+02
9.526903954802261296e+02
9.531242937853106696e+02
9.536802259887006130e+02
9.543920903954802952e+02
9.552158192090396369e+02
9.561830508474577073e+02
9.572903954802259250e+02
9.585480225988701477e+02
9.596644067796610216e+02
9.605909604519774803e+02
9.613299435028249036e+02
9.618802259887006585e+02
9.622316384180792284e+02
9.624180790960451759e+02
9.624079096045197730e+02
9.622463276836158457e+02
9.619096045197741205e+02
9.614067796610170262e+02
9.607446327683617255e+02
9.599367231638418616e+02
9.589638418079096027e+02
9.578576271186441318e+02
9.566305084745763452e+02
9.552858757062148243e+02
9.538395480225989331e+02
9.523197740112996144e+02
9.507864406779661977e+02
9.493412429378531669e+02
9.479706214689266517e+02
9.467152542372882635e+02
9.455774011299436097e+02
9.445593220338984111e+02
9.436915254237288764e+02
9.429649717514125769e+02
9.423762711864407038e+02
9.419389830508475825e+02
9.416711864406780705e+02
9.415536723163843362e+02
9.415762711864406356e+02
9.417548022598871285e+02
9.420519774011299887e+02
9.424790960451978208e+02
9.430259887005651080e+02
9.436881355932205224e+02
9.444474576271187516e+02
9.452745762711865609e+02
9.461887005649718958e+02
9.471548022598871057e+02
9.481864406779661749e+02
9.492768361581921681e+02
9.504327683615820206e+02
9.516610169491526676e+02
9.529073446327683996e+02
9.542248587570622931e+02
9.555785310734463565e+02
9.569740112994352330e+02
9.583887005649719413e+02
9.598271186440679230e+02
9.612485875706215666e+02
9.625163841807910785e+02
9.636079096045199321e+02
9.645265536723164814e+02
9.652542372881357551e+02
9.657706214689267199e+02
9.660451977401130534e+02
9.660836158192091716e+02
9.658497175141244497e+02
9.653548022598871512e+02
9.645740112994351421e+02
9.636033898305086041e+02
9.626598870056498072e+02
9.617423728813560047e+02
9.608372881355933259e+02
9.599175141242938025e+02
9.590124293785311238e+02
9.581163841807911012e+02
9.572418079096046313e+02
9.564011299435029514e+02
9.556011299435029969e+02
9.548451977401132353e+02
9.541706214689266972e+02
9.535740112994351421e+02
9.530655367231638593e+02
9.526192090395481955e+02
9.522644067796611580e+02
9.519728813559322589e+02
9.517435028248587514e+02
9.515728813559323953e+02
9.514644067796612035e+02
9.514033898305085586e+02
9.513830508474577528e+02
9.514203389830508968e+02
9.515152542372882181e+02
9.516700564971752101e+02
9.519141242937855623e+02
9.522429378531074917e+02
9.526915254237289901e+02
9.532542372881357551e+02
9.539401129943504429e+02
9.547728813559324408e+02
9.557480225988701932e+02
9.568689265536725088e+02
9.581288135593221114e+02
9.594338983050847673e+02
9.605288135593220886e+02
9.614451977401131444e+02
9.621649717514125086e+02
9.626960451977402045e+02
9.630564971751414305e+02
9.632203389830509650e+02
9.632045197740113736e+02
9.630169491525425656e+02
9.626723163841809310e+02
9.621457627118645632e+02
9.614474576271188653e+02
9.606033898305086041e+02
9.596124293785312602e+02
9.584836158192091489e+02
9.572395480225989104e+02
9.558960451977401362e+02
9.544519774011300797e+02
9.530531073446328492e+02
9.517412429378531442e+02
9.505401129943503520e+02
9.494305084745764134e+02
9.484655367231639502e+02
9.476225988700566631e+02
9.469141242937854486e+02
9.463491525423730764e+02
9.459480225988702387e+02
9.456870056497177757e+02
9.455830508474577982e+02
9.456418079096047222e+02
9.458361581920905792e+02
9.461615819209041547e+02
9.466305084745764589e+02
9.472124293785312830e+02
9.479152542372883090e+02
9.487152542372882635e+02
9.496079096045199321e+02
9.505740112994351421e+02
9.515864406779662659e+02
9.526734463276837914e+02
9.538248587570622021e+02
9.550372881355933714e+02
9.563050847457628834e+02
9.576124293785312602e+02
9.589887005649718503e+02
9.604124293785312148e+02
9.618824858757063794e+02
9.633683615819211354e+02
9.648802259887006585e+02
9.664079096045200004e+02
9.679355932203391149e+02
9.694011299435029514e+02
9.706915254237288764e+02
9.717694915254237458e+02
9.726474576271187971e+02
9.733084745762712373e+02
9.737412429378532579e+02
9.739107344632769809e+02
9.738045197740113963e+02
9.734406779661017026e+02
9.727615819209040637e+02
9.717932203389831329e+02
9.707355932203390694e+02
9.696937853107344836e+02
9.686689265536724633e+02
9.676406779661017481e+02
9.666497175141244043e+02
9.656598870056498072e+02
9.646994350282486721e+02
9.637593220338984565e+02
9.628903954802260614e+02
9.620689265536724406e+02
9.613423728813560274e+02
9.606847457627120548e+02
9.601141242937853804e+02
9.596305084745763452e+02
9.592112994350283088e+02
9.588790960451977980e+02
9.586237288135594099e+02
9.584259887005649716e+02
9.582734463276835868e+02
9.581909604519773893e+02
9.581559322033897388e+02
9.581785310734464929e+02
9.582790960451977753e+02
9.584813559322034280e+02
9.587638418079096709e+02
9.591457627118644496e+02
9.596508474576271510e+02
9.602983050847458344e+02
9.610949152542373213e+02
9.620305084745763224e+02
9.631265536723163905e+02
9.643796610169490577e+02
9.657570621468927357e+02
9.669423728813560501e+02
9.679355932203390012e+02
9.687423728813558910e+02
9.693683615819210218e+02
9.698124293785310783e+02
9.700757062146892622e+02
9.701536723163842453e+02
9.700576271186441772e+02
9.697966101694916006e+02
9.693604519774012260e+02
9.687502824858758004e+02
9.679954802259887856e+02
9.670802259887007040e+02
9.660327683615819296e+02
9.648644067796610670e+02
9.635853107344632917e+02
9.621988700564971850e+02
9.607118644067796822e+02
9.591841807909604540e+02
9.577367231638418161e+02
9.563954802259887629e+02
9.551683615819208626e+02
9.540813559322034507e+02
9.531096045197740523e+02
9.522836158192089897e+02
9.515920903954802270e+02
9.510677966101695802e+02
9.506903954802260159e+02
9.504576271186440408e+02
9.503785310734463110e+02
9.504338983050847673e+02
9.506350282485875596e+02
9.509627118644068560e+02
9.513932203389830420e+02
9.519502824858757322e+02
9.525909604519774803e+02
9.533378531073446993e+02
9.541412429378531215e+02
9.550180790960451986e+02
9.559480225988701250e+02
9.569514124293785926e+02
9.580203389830508058e+02
9.591389830508475143e+02
9.603299435028247899e+02
9.615830508474576845e+02
9.628757062146893304e+02
9.642067796610169808e+02
9.655728813559321679e+02
9.669762711864407265e+02
9.683638418079096937e+02
9.697254237288136665e+02
9.709197740112995234e+02
9.719254237288135982e+02
9.727468926553672190e+02
9.733593220338983656e+02
9.737299435028248809e+02
9.738485875706215893e+02
9.737073446327683541e+02
9.732847457627119638e+02
9.725864406779661522e+02
9.715954802259886947e+02
9.706271186440677639e+02
9.696734463276835640e+02
9.687355932203389557e+02
9.678146892655366855e+02
9.668903954802260614e+02
9.659887005649717366e+02
9.650881355932203860e+02
9.642429378531073780e+02
9.634180790960451759e+02
9.626508474576271510e+02
9.619672316384180704e+02
9.613570621468926447e+02
9.608225988700564812e+02
9.603909604519774348e+02
9.600237288135595008e+02
9.597423728813560047e+02
9.595322033898305563e+02
9.593683615819209081e+02
9.592666666666666515e+02
9.592237288135593190e+02
9.592418079096045176e+02
9.593118644067797050e+02
9.594587570621467876e+02
9.596779661016948921e+02
9.599785310734462200e+02
9.603570621468926447e+02
9.608644067796610670e+02
9.614802259887005675e+02
9.622338983050847219e+02
9.631468926553673100e+02
9.641819209039549605e+02
9.653706214689266289e+02
9.667039548022598865e+02
9.680553672316384564e+02
9.692022598870056527e+02
9.701661016949152554e+02
9.709242937853107378e+02
9.714858757062147561e+02
9.718813559322034052e+02
9.720847457627119184e+02
9.721084745762711918e+02
9.719322033898306472e+02
9.715853107344632917e+02
9.710542372881355959e+02
9.703480225988701022e+02
9.694824858757061747e+02
9.684610169491525085e+02
9.673084745762710099e+02
9.660327683615818160e+02
9.646451977401129625e+02
9.631638418079094208e+02
9.616045197740112371e+02
9.601175141242936206e+02
9.587333333333333485e+02
9.574564971751410667e+02
9.563073446327682632e+02
9.552677966101693983e+02
9.543694915254236548e+02
9.536316384180790919e+02
9.530180790960450850e+02
9.525762711864406356e+02
9.522779661016948012e+02
9.521254237288135300e+02
9.521344632768360725e+02
9.522757062146893077e+02
9.525615819209040183e+02
9.529638418079096027e+02
9.535016949152541201e+02
9.541401129943502610e+02
9.548508474576269691e+02
9.556598870056495798e+02
9.565514124293783880e+02
9.574858757062146424e+02
9.585005649717513734e+02
9.595830508474575709e+02
9.607367231638418161e+02
9.619435028248586832e+02
9.632146892655366628e+02
9.645322033898304426e+02
9.659028248587570715e+02
9.673039548022597955e+02
9.687491525423728262e+02
9.702180790960451304e+02
9.716666666666665151e+02
9.731039548022598638e+02
9.745209039548021792e+02
9.758090395480226107e+02
9.769005649717513506e+02
9.777661016949151644e+02
9.784056497175140521e+02
9.787920903954802725e+02
9.788892655367230873e+02
9.787107344632768218e+02
9.782519774011298068e+02
9.775016949152541201e+02
9.764745762711863790e+02
9.754632768361581157e+02
9.744316384180790465e+02
9.734237288135593644e+02
9.724203389830507831e+02
9.714305084745762997e+02
9.704463276836156638e+02
9.694903954802259705e+02
9.686011299435027695e+02
9.677638418079095572e+02
9.669898305084745971e+02
9.663096045197739841e+02
9.656960451977400908e+02
9.651638418079096482e+02
9.647107344632768218e+02
9.643209039548021337e+02
9.639819209039548014e+02
9.637152542372881499e+02
9.634847457627117819e+02
9.633175141242936661e+02
9.632056497175140066e+02
9.631480225988699431e+02
9.631751412429377979e+02
9.632779661016948012e+02
9.634542372881355732e+02
9.637401129943502838e+02
9.641310734463276049e+02
9.646666666666666288e+02
9.653333333333332575e+02
9.661446327683614754e+02
9.671096045197739386e+02
9.682135593220339160e+02
9.694576271186440408e+02
9.707717514124293530e+02
9.719050847457626787e+02
9.728553672316384109e+02
9.736203389830507149e+02
9.742237288135593190e+02
9.746587570621468331e+02
9.748994350282486039e+02
9.749728813559321452e+02
9.748734463276836095e+02
9.745864406779660385e+02
9.741333333333333258e+02
9.735457627118644268e+02
9.727920903954802725e+02
9.718937853107345290e+02
9.708926553672316686e+02
9.697672316384180249e+02
9.685412429378530987e+02
9.672282485875705333e+02
9.658158192090395460e+02
9.644271186440677184e+02
9.631389830508474006e+02
9.619536723163841998e+02
9.608983050847457434e+02
9.599412429378530760e+02
9.591401129943503747e+02
9.584892655367232237e+02
9.579853107344633827e+02
9.576225988700565495e+02
9.574180790960452896e+02
9.573435028248588878e+02
9.574282485875706925e+02
9.576531073446327582e+02
9.580022598870057209e+02
9.584881355932204769e+02
9.590824858757061975e+02
9.597615819209040637e+02
9.605389830508474915e+02
9.614045197740113053e+02
9.623265536723163223e+02
9.633401129943503065e+02
9.644169491525424291e+02
9.655525423728814758e+02
9.667536723163842680e+02
9.680067796610170490e+02
9.693242937853108288e+02
9.706994350282486721e+02
9.721299435028248581e+02
9.735943502824859479e+02
9.750847457627119184e+02
9.765988700564972760e+02
9.780983050847457889e+02
9.794790960451978208e+02
9.806836158192090807e+02
9.816858757062146879e+02
9.825028248587570943e+02
9.830847457627119184e+02
9.834384180790960954e+02
9.835062146892655619e+02
9.833152542372881726e+02
9.828440677966102612e+02
9.820677966101695802e+02
9.810214689265537800e+02
9.799401129943503292e+02
9.788576271186441318e+02
9.777796610169491487e+02
9.767039548022598865e+02
9.756440677966102157e+02
9.745909604519773666e+02
9.735604519774011578e+02
9.725785310734463565e+02
9.716485875706214301e+02
9.707887005649718049e+02
9.700079096045197957e+02
9.693028248587570488e+02
9.686711864406779569e+02
9.681367231638419071e+02
9.676655367231638820e+02
9.672666666666666515e+02
9.669389830508475825e+02
9.666587570621469467e+02
9.664316384180790465e+02
9.662598870056497162e+02
9.661536723163842453e+02
9.661197740112995689e+02
9.661604519774011806e+02
9.662892655367231782e+02
9.664960451977401590e+02
9.668316384180790237e+02
9.672937853107345063e+02
9.678892655367230873e+02
9.686361581920904200e+02
9.695401129943502383e+02
9.705819209039548241e+02
9.717649717514125314e+02
9.731152542372881271e+02
9.744429378531074235e+02
9.755615819209040183e+02
9.764983050847458799e+02
9.772553672316383881e+02
9.778350282485877187e+02
9.782079096045198412e+02
9.784101694915254939e+02
9.784429378531073098e+02
9.782745762711865609e+02
9.779344632768362544e+02
9.774350282485876278e+02
9.767570621468926220e+02
9.759480225988701250e+02
9.749751412429379798e+02
9.738915254237288082e+02
9.726892655367232692e+02
9.713875706214689671e+02
9.699864406779661294e+02
9.684983050847458799e+02
9.670824858757063112e+02
9.657694915254237458e+02
9.645615819209040183e+02
9.634824858757061747e+02
9.625423728813559592e+02
9.617276836158192737e+02
9.610429378531073326e+02
9.605175141242939389e+02
9.601265536723165042e+02
9.598768361581921909e+02
9.597683615819209990e+02
9.598203389830509877e+02
9.599898305084745971e+02
9.602768361581921681e+02
9.606779661016950058e+02
9.612033898305085131e+02
9.617887005649718049e+02
9.624723163841807718e+02
9.632237288135594326e+02
9.640451977401130534e+02
9.649242937853107378e+02
9.658768361581920772e+02
9.668937853107345290e+02
9.679672316384180704e+02
9.690937853107345745e+02
9.702757062146891940e+02
9.715276836158192282e+02
9.728011299435028150e+02
9.741084745762713055e+02
9.754316384180791601e+02
9.767581920903954824e+02
9.780723163841807946e+02
9.793694915254237685e+02
9.805548022598870830e+02
9.815299435028248354e+02
9.823084745762712373e+02
9.828497175141242224e+02
9.831310734463277186e+02
9.831536723163842453e+02
9.828971751412429967e+02
9.823514124293785699e+02
9.815175141242938253e+02
9.805785310734463565e+02
9.796553672316383654e+02
9.787220338983051988e+02
9.778067796610170035e+02
9.768813559322034052e+02
9.759683615819210445e+02
9.750700564971751874e+02
9.741898305084746426e+02
9.733627118644068332e+02
9.726056497175140976e+02
9.719096045197741205e+02
9.712700564971753465e+02
9.707378531073446766e+02
9.702723163841809537e+02
9.698677966101695347e+02
9.695412429378532124e+02
9.692790960451977753e+02
9.690666666666668334e+02
9.689107344632768672e+02
9.688011299435029287e+02
9.687491525423729399e+02
9.687502824858756867e+02
9.688350282485876050e+02
9.689875706214689899e+02
9.692237288135594326e+02
9.695717514124294212e+02
9.700237288135593872e+02
9.706124293785310329e+02
9.713333333333333712e+02
9.722022598870056527e+02
9.732112994350283088e+02
9.743807909604520319e+02
9.756813559322033598e+02
9.769683615819209308e+02
9.781005649717515098e+02
9.790316384180791829e+02
9.797932203389832466e+02
9.803785310734464247e+02
9.807841807909605905e+02
9.810203389830509195e+02
9.810610169491526449e+02
9.809480225988701250e+02
9.806406779661018618e+02
9.801751412429380252e+02
9.795412429378532124e+02
9.787638418079096709e+02
9.778564971751413850e+02
9.768192090395481273e+02
9.756666666666667425e+02
9.743954802259888766e+02
9.730531073446328492e+02
9.716237288135595236e+02
9.701581920903956870e+02
9.687841807909605905e+02
9.675186440677967994e+02
9.663717514124296031e+02
9.653536723163842908e+02
9.644655367231639502e+02
9.637141242937855168e+02
9.631107344632769127e+02
9.626485875706216575e+02
9.623423728813561411e+02
9.621807909604519864e+02
9.621468926553673100e+02
9.622463276836159594e+02
9.624881355932204769e+02
9.628519774011301706e+02
9.633209039548023611e+02
9.638926553672317823e+02
9.645525423728814758e+02
9.652847457627120775e+02
9.660892655367233601e+02
9.669570621468928948e+02
9.678983050847459708e+02
9.689073446327686270e+02
9.699887005649719640e+02
9.711265536723166178e+02
9.723310734463278777e+02
9.735807909604521910e+02
9.748757062146894441e+02
9.762203389830509650e+02
9.775841807909605450e+02
9.789525423728814530e+02
9.803355932203390921e+02
9.817084745762713283e+02
9.829627118644069697e+02
9.840316384180792966e+02
9.849050847457629061e+02
9.855502824858758686e+02
9.859706214689267654e+02
9.861355932203391603e+02
9.860305084745764361e+02
9.856610169491527813e+02
9.850090395480227698e+02
9.840847457627120320e+02
9.830745762711865154e+02
9.820881355932204997e+02
9.811039548022599774e+02
9.801062146892656983e+02
9.791163841807911012e+02
9.781412429378531215e+02
9.771785310734464929e+02
9.762666666666667652e+02
9.754033898305085586e+02
9.745988700564971623e+02
9.738531073446329174e+02
9.732067796610172081e+02
9.726305084745763452e+02
9.721322033898306927e+02
9.717141242937854031e+02
9.713514124293785699e+02
9.710429378531073326e+02
9.708033898305086495e+02
9.706203389830509423e+02
9.704790960451978208e+02
9.703875706214689671e+02
9.703796610169492851e+02
9.704338983050847673e+02
9.705807909604520773e+02
9.708090395480226107e+02
9.711491525423729172e+02
9.716000000000001364e+02
9.721762711864406583e+02
9.728881355932203405e+02
9.737401129943502838e+02
9.747502824858756867e+02
9.758937853107345290e+02
9.771943502824858570e+02
9.784610169491526221e+02
9.795525423728814758e+02
9.804666666666666970e+02
9.811943502824858570e+02
9.817593220338983429e+02
9.821412429378531215e+02
9.823491525423728490e+02
9.823785310734463110e+02
9.822327683615819751e+02
9.819242937853107378e+02
9.814564971751412941e+02
9.808214689265537345e+02
9.800485875706215211e+02
9.791435028248588424e+02
9.781141242937853804e+02
9.769807909604519409e+02
9.757559322033898752e+02
9.744203389830508968e+02
9.730316384180791829e+02
9.717299435028248809e+02
9.705389830508474915e+02
9.694497175141243588e+02
9.684757062146893531e+02
9.676316384180790919e+02
9.669310734463276731e+02
9.663683615819209081e+02
9.659649717514123495e+02
9.656824858757062202e+02
9.655649717514124859e+02
9.655717514124294212e+02
9.657265536723164132e+02
9.660192090395480591e+02
9.664259887005650853e+02
9.669288135593221796e+02
9.675514124293786153e+02
9.682542372881356414e+02
9.690463276836158002e+02
9.699220338983052443e+02
9.708508474576271965e+02
9.718305084745763907e+02
9.728892655367233147e+02
9.740067796610169353e+02
9.751706214689265835e+02
9.764022598870056981e+02
9.776779661016948921e+02
9.790045197740114418e+02
9.803830508474577528e+02
9.817841807909605905e+02
9.831943502824859706e+02
9.846192090395480818e+02
9.860293785310734620e+02
9.874033898305085586e+02
9.886327683615819524e+02
9.896587570621468331e+02
9.904802259887005675e+02
9.910677966101695802e+02
9.914214689265537572e+02
9.915039548022599547e+02
9.913310734463277640e+02
9.908802259887006585e+02
9.901435028248588424e+02
9.891389830508475143e+02
9.881706214689265835e+02
9.872079096045197275e+02
9.862406779661016571e+02
9.852734463276835868e+02
9.843141242937853121e+02
9.833932203389831557e+02
9.824802259887005675e+02
9.816203389830509423e+02
9.808316384180791374e+02
9.801028248587571170e+02
9.794632768361582293e+02
9.789118644067796140e+02
9.784248587570622249e+02
9.780090395480226562e+02
9.776587570621470604e+02
9.773807909604520319e+02
9.771706214689266972e+02
9.770022598870057209e+02
9.768994350282487176e+02
9.768553672316384109e+02
9.768531073446328037e+02
9.769209039548022702e+02
9.770644067796611125e+02
9.772926553672316459e+02
9.776180790960452214e+02
9.780689265536723269e+02
9.786327683615819524e+02
9.793231638418079683e+02
9.801751412429377979e+02
9.811491525423729172e+02
9.822757062146893077e+02
9.835548022598870830e+02
9.848632768361582066e+02
9.859887005649718503e+02
9.869197740112994097e+02
9.876689265536724633e+02
9.882429378531073780e+02
9.886327683615819524e+02
9.888305084745762770e+02
9.888406779661016799e+02
9.886745762711864245e+02
9.883265536723163223e+02
9.878237288135593417e+02
9.871333333333333258e+02
9.862858757062147106e+02
9.853005649717515553e+02
9.841728813559323044e+02
9.829401129943503292e+02
9.816000000000001364e+02
9.801435028248587287e+02
9.786225988700564358e+02
9.771853107344633145e+02
9.758418079096045403e+02
9.745920903954802270e+02
9.734621468926553689e+02
9.724474576271186379e+02
9.715830508474576845e+02
9.708282485875706698e+02
9.702384180790960500e+02
9.698033898305085359e+02
9.695152542372881044e+02
9.693615819209039728e+02
9.693525423728814303e+02
9.694847457627118956e+02
9.697412429378532579e+02
9.701322033898304653e+02
9.706271186440678775e+02
9.712361581920904428e+02
9.719231638418079910e+02
9.727062146892656074e+02
9.735570621468928039e+02
9.744723163841808855e+02
9.754587570621469013e+02
9.765209039548022929e+02
9.776508474576271510e+02
9.788350282485876050e+02
9.800915254237288536e+02
9.813954802259886492e+02
9.827514124293785471e+02
9.841468926553671963e+02
9.855581920903955506e+02
9.869785310734463337e+02
9.884112994350282406e+02
9.898225988700564812e+02
9.910689265536723269e+02
9.921288135593219977e+02
9.929683615819209308e+02
9.936000000000001364e+02
9.939581920903954142e+02
9.940790960451977298e+02
9.939073446327683996e+02
9.934531073446328264e+02
9.927197740112994779e+02
9.917186440677966175e+02
9.906971751412429512e+02
9.896836158192089670e+02
9.886779661016948921e+02
9.876734463276835640e+02
9.866892655367231555e+02
9.857005649717514189e+02
9.847423728813558910e+02
9.838293785310734165e+02
9.829627118644068560e+02
9.821694915254236093e+02
9.814418079096044494e+02
9.808011299435029287e+02
9.802305084745762542e+02
9.797536723163841543e+02
9.793423728813559137e+02
9.789920903954800906e+02
9.787129943502824290e+02
9.784813559322033143e+02
9.783163841807909193e+02
9.782022598870056527e+02
9.781627118644067878e+02
9.781819209039548468e+02
9.782553672316385018e+02
9.784237288135593644e+02
9.786824858757063339e+02
9.790406779661017254e+02
9.795254237288136210e+02
9.801435028248587287e+02
9.808960451977400226e+02
9.817920903954802725e+02
9.828305084745763907e+02
9.840271186440677411e+02
9.853649717514124404e+02
9.867412429378530305e+02
9.879412429378530760e+02
9.889322033898305335e+02
9.897412429378531442e+02
9.903694915254237685e+02
9.908158192090395460e+02
9.910757062146892622e+02
9.911536723163842453e+02
9.910610169491526449e+02
9.907785310734464019e+02
9.903220338983051079e+02
9.896858757062148015e+02
9.889084745762711464e+02
9.879988700564972532e+02
9.869536723163841998e+02
9.857841807909604768e+02
9.845175141242938253e+02
9.831627118644069014e+02
9.816949152542373440e+02
9.802937853107343926e+02
9.790056497175141885e+02
9.778169491525424064e+02
9.767593220338983429e+02
9.758237288135594554e+02
9.750474576271186606e+02
9.743966101694913959e+02
9.739107344632768672e+02
9.735683615819209535e+02
9.733672316384181613e+02
9.733209039548022474e+02
9.734135593220339615e+02
9.736497175141241769e+02
9.740090395480226562e+02
9.744824858757062884e+02
9.750644067796609988e+02
9.757389830508474233e+02
9.765141242937852439e+02
9.773593220338982519e+02
9.782926553672315322e+02
9.792971751412428603e+02
9.803694915254236548e+02
9.814802259887005675e+02
9.826700564971750964e+02
9.839209039548022702e+02
9.852271186440677866e+02
9.865920903954802270e+02
9.879966101694915324e+02
9.894327683615819069e+02
9.908779661016949376e+02
9.923367231638417252e+02
9.937853107344633372e+02
9.951615819209040410e+02
9.963536723163841771e+02
9.973807909604520319e+02
9.981706214689265835e+02
9.987401129943502838e+02
9.990677966101694665e+02
9.991310734463277186e+02
9.989209039548022702e+02
9.984531073446327127e+02
9.977039548022598865e+02
9.966644067796610216e+02
9.956192090395479681e+02
9.945864406779660385e+02
9.935502824858756412e+02
9.925378531073446311e+02
9.915299435028249491e+02
9.905276836158191145e+02
9.895638418079096255e+02
9.886338983050848128e+02
9.877807909604518954e+02
9.869819209039546877e+02
9.862881355932202041e+02
9.856564971751411122e+02
9.851084745762709645e+02
9.846384180790959135e+02
9.842395480225989104e+02
9.839344632768361407e+02
9.836711864406779569e+02
9.834734463276836323e+02
9.833378531073444719e+02
9.832508474576270601e+02
9.832271186440677866e+02
9.832655367231636774e+02
9.833887005649716002e+02
9.836045197740111234e+02
9.839276836158192054e+02
9.843581920903953915e+02
9.849175141242938025e+02
9.856169491525422472e+02
9.864700564971750509e+02
9.874779661016948467e+02
9.886203389830507149e+02
9.899107344632768672e+02
9.912463276836158457e+02
9.923932203389830420e+02
9.933728813559321225e+02
9.941593220338982064e+02
9.947762711864406810e+02
9.952056497175140066e+02
9.954519774011298523e+02
9.955073446327683087e+02
9.953638418079094663e+02
9.950621468926553916e+02
9.945807909604518500e+02
9.939333333333333940e+02
9.931276836158192509e+02
9.921525423728812711e+02
9.910632768361581384e+02
9.898485875706213619e+02
9.885299435028248354e+02
9.870926553672316004e+02
9.855672316384179794e+02
9.840497175141242678e+02
9.826327683615818387e+02
9.813129943502824517e+02
9.801096045197739386e+02
9.790282485875704879e+02
9.780937853107343471e+02
9.772937853107343926e+02
9.766418079096044949e+02
9.761344632768360725e+02
9.757853107344632235e+02
9.755785310734463565e+02
9.755096045197739159e+02
9.755954802259886947e+02
9.758112994350282179e+02
9.761423728813558682e+02
9.765966101694914414e+02
9.771604519774010669e+02
9.778135593220338251e+02
9.785694915254237003e+02
9.793943502824859024e+02
9.802983050847458344e+02
9.812768361581920544e+02
9.823209039548021337e+02
9.834474576271186379e+02
9.846146892655367537e+02
9.858689265536722814e+02
9.871932203389829965e+02
9.885728813559321679e+02
9.899830508474576618e+02
9.914293785310734393e+02
9.928994350282484902e+02
9.943683615819209081e+02
9.958327683615818842e+02
9.971536723163842453e+02
9.982824858757062430e+02
9.991864406779661749e+02
9.998847457627118729e+02
1.000320903954802247e+03
1.000494915254237299e+03
1.000406779661016913e+03
1.000039548022598865e+03
9.993683615819209081e+02
9.984169491525424291e+02
9.972926553672316459e+02
9.961649717514123950e+02
9.950429378531073326e+02
9.939389830508474688e+02
9.928429378531072871e+02
9.917480225988699658e+02
9.906745762711864245e+02
9.896485875706214301e+02
9.886734463276836777e+02
9.877627118644068105e+02
9.869435028248587969e+02
9.862248587570620657e+02
9.855717514124294212e+02
9.849932203389830647e+02
9.845039548022598410e+02
9.840926553672316004e+02
9.837559322033897615e+02
9.834655367231638365e+02
9.832429378531073780e+02
9.830903954802259932e+02
9.829898305084745971e+02
9.829672316384181840e+02
9.830101694915254029e+02
9.831367231638419071e+02
9.833762711864408175e+02
9.837344632768360952e+02
9.842135593220339160e+02
9.848112994350282179e+02
9.855593220338982974e+02
9.864576271186440408e+02
9.874937853107344381e+02
9.886790960451978663e+02
9.900203389830509195e+02
9.914858757062147561e+02
9.928700564971751419e+02
9.940734463276835413e+02
9.950892655367231328e+02
9.959141242937853349e+02
9.965299435028248354e+02
9.969638418079096027e+02
9.972056497175142340e+02
9.972531073446327810e+02
9.971209039548023156e+02
9.967999999999999545e+02
9.962903954802259250e+02
9.956225988700564358e+02
9.947954802259887401e+02
9.938203389830508740e+02
9.927096045197739613e+02
9.914836158192090352e+02
9.901333333333332121e+02
9.886768361581921454e+02
9.872587570621469695e+02
9.859355932203391149e+02
9.847152542372882635e+02
9.836214689265536890e+02
9.826564971751411122e+02
9.818225988700564812e+02
9.811322033898304653e+02
9.805954802259886947e+02
9.801977401129943246e+02
9.799468926553672645e+02
9.798497175141242224e+02
9.798949152542372758e+02
9.800723163841807946e+02
9.803751412429378433e+02
9.808090395480226107e+02
9.813581920903955051e+02
9.819988700564972532e+02
9.827401129943502838e+02
9.835581920903955506e+02
9.844564971751412941e+02
9.854203389830508968e+02
9.864644067796609761e+02
9.875672316384182068e+02
9.887378531073446766e+02
9.899751412429379798e+02
9.912768361581921681e+02
9.926338983050848128e+02
9.940508474576271283e+02
9.955028248587570943e+02
9.969751412429377524e+02
9.984542372881355732e+02
9.999389830508474688e+02
1.001420338983050897e+03
1.002837288135593326e+03
1.004070056497175187e+03
1.005091525423728854e+03
1.005864406779661067e+03
1.006386440677966220e+03
1.006659887005649693e+03
1.006641807909604495e+03
1.006349152542372849e+03
1.005754802259887128e+03
1.004889265536723201e+03
1.003798870056497208e+03
1.002707344632768354e+03
1.001637288135593280e+03
1.000576271186440636e+03
9.995141242937853576e+02
9.984870056497175028e+02
9.974892655367232237e+02
9.965502824858757549e+02
9.956610169491525539e+02
9.948598870056497390e+02
9.941265536723163905e+02
9.934903954802259705e+02
9.929446327683615436e+02
9.924644067796609761e+02
9.920768361581921226e+02
9.917536723163841543e+02
9.914994350282486266e+02
9.913186440677966402e+02
9.911966101694915778e+02
9.911401129943503747e+02
9.911355932203390466e+02
9.912169491525423837e+02
9.913740112994350966e+02
9.916372881355932805e+02
9.920079096045197957e+02
9.924824858757062884e+02
9.930802259887005903e+02
9.938282485875706698e+02
9.947333333333333485e+02
9.957717514124294667e+02
9.969920903954803180e+02
9.983502824858758231e+02
9.998293785310735302e+02
1.001133333333333439e+03
1.002277966101695029e+03
1.003229378531073507e+03
1.003983050847457775e+03
1.004568361581920954e+03
1.004940112994350329e+03
1.005152542372881385e+03
1.005155932203389966e+03
1.004980790960451941e+03
1.004630508474576345e+03
1.004096045197740182e+03
1.003401129943502838e+03
1.002558192090395551e+03
1.001557062146892690e+03
1.000433898305084995e+03
9.991954802259888311e+02
9.978350282485876050e+02
9.963898305084746880e+02
9.948418079096047677e+02
9.932847457627119638e+02
9.918214689265538482e+02
9.904723163841808855e+02
9.892553672316385018e+02
9.881491525423730309e+02
9.871932203389832239e+02
9.863875706214690808e+02
9.857355932203392967e+02
9.852192090395482182e+02
9.848474576271187289e+02
9.846237288135594099e+02
9.845615819209041319e+02
9.846305084745763452e+02
9.848338983050848583e+02
9.851559322033899662e+02
9.856000000000001364e+02
9.861186440677967084e+02
9.867514124293786608e+02
9.874757062146894668e+02
9.882644067796611580e+02
9.891378531073448812e+02
9.900937853107345745e+02
9.911299435028249718e+02
9.922384180790961636e+02
9.934248587570623386e+02
9.946700564971753238e+02
9.959762711864408402e+02
9.973536723163842908e+02
9.987672316384182523e+02
1.000203389830508740e+03
1.001654237288135846e+03
1.003103954802259977e+03
1.004520903954802407e+03
1.005753672316384382e+03
1.006785310734463565e+03
1.007597740112994529e+03
1.008174011299435165e+03
1.008488135593220477e+03
1.008527683615819342e+03
1.008273446327683814e+03
1.007752542372881635e+03
1.006935593220339115e+03
1.005825988700565176e+03
1.004666666666666856e+03
1.003508474576271283e+03
1.002345762711864609e+03
1.001168361581921090e+03
1.000006779661017163e+03
9.988587570621471059e+02
9.977412429378532579e+02
9.966847457627120548e+02
9.956790960451978663e+02
9.947593220338984565e+02
9.939197740112996371e+02
9.931525423728814985e+02
9.924564971751414078e+02
9.918429378531075145e+02
9.912892655367234056e+02
9.907943502824859934e+02
9.903796610169493988e+02
9.900079096045199094e+02
9.897084745762713283e+02
9.894553672316385473e+02
9.892677966101696256e+02
9.891593220338984338e+02
9.891299435028249718e+02
9.892158192090396369e+02
9.893954802259888766e+02
9.896926553672317368e+02
9.901355932203391603e+02
9.907016949152543930e+02
9.914338983050849947e+02
9.923288135593222705e+02
9.933649717514126678e+02
9.945435028248589333e+02
9.958666666666669016e+02
9.972983050847460618e+02
9.985491525423731218e+02
9.996293785310735984e+02
1.000516384180791192e+03
1.001212429378531169e+03
1.001720903954802452e+03
1.002055367231638570e+03
1.002198870056497299e+03
1.002138983050847628e+03
1.001907344632768627e+03
1.001509604519774030e+03
1.000918644067796777e+03
1.000204519774011487e+03
9.993288135593222705e+02
9.983186440677967539e+02
9.972011299435030196e+02
9.959661016949155510e+02
9.946214689265539164e+02
9.932056497175142340e+02
9.918632768361583203e+02
9.906271186440679912e+02
9.895005649717516008e+02
9.884926553672319187e+02
9.876225988700566631e+02
9.869028248587571852e+02
9.863152542372882863e+02
9.858847457627119866e+02
9.855819209039549378e+02
9.854293785310735529e+02
9.854293785310735529e+02
9.855480225988702614e+02
9.858124293785313057e+02
9.862101694915255621e+02
9.867118644067797959e+02
9.873084745762712373e+02
9.879920903954803180e+02
9.887717514124294667e+02
9.896192090395481955e+02
9.905299435028250628e+02
9.915401129943504657e+02
9.926112994350283998e+02
9.937457627118644723e+02
9.949728813559322589e+02
9.962553672316385018e+02
9.975887005649718731e+02
9.989785310734464474e+02
1.000413559322033962e+03
1.001859887005649853e+03
1.003333333333333485e+03
1.004810169491525585e+03
1.006277966101695029e+03
1.007736723163841930e+03
1.009073446327683769e+03
1.010180790960451986e+03
1.011082485875706425e+03
1.011732203389830602e+03
1.012123163841808037e+03
1.012227118644067900e+03
1.012041807909604586e+03
1.011560451977401272e+03
1.010795480225988740e+03
1.009751412429378661e+03
1.008627118644067991e+03
1.007483615819209035e+03
1.006335593220339092e+03
1.005215819209039637e+03
1.004092655367231714e+03
1.003006779661017049e+03
1.001946892655367265e+03
1.000954802259887060e+03
1.000028248587570715e+03
9.991830508474577073e+02
9.984135593220340752e+02
9.977084745762713283e+02
9.970926553672318278e+02
9.965536723163843362e+02
9.960870056497176392e+02
9.956881355932205224e+02
9.953446327683616346e+02
9.950689265536724406e+02
9.948497175141244497e+02
9.946960451977402045e+02
9.946090395480227926e+02
9.946079096045200458e+02
9.946937853107347109e+02
9.948960451977402499e+02
9.952225988700565722e+02
9.956655367231639957e+02
9.962553672316385018e+02
9.969943502824860389e+02
9.978994350282487176e+02
9.989593220338985020e+02
1.000167231638418116e+03
1.001520903954802407e+03
1.003012429378531124e+03
1.004374011299435210e+03
1.005559322033898525e+03
1.006566101694915346e+03
1.007389830508474688e+03
1.008025988700564994e+03
1.008485875706214756e+03
1.008751412429378661e+03
1.008829378531073530e+03
1.008729943502824881e+03
1.008453107344632826e+03
1.008002259887005721e+03
1.007403389830508559e+03
1.006641807909604609e+03
1.005749152542372940e+03
1.004743502824858979e+03
1.003612429378531260e+03
1.002357062146892758e+03
1.001010169491525517e+03
9.995570621468928039e+02
9.980768361581922363e+02
9.966983050847459253e+02
9.954338983050848810e+02
9.942892655367232919e+02
9.932745762711865609e+02
9.924169491525425428e+02
9.916881355932205224e+02
9.911062146892656983e+02
9.906644067796612489e+02
9.903751412429379570e+02
9.902079096045198412e+02
9.901785310734464929e+02
9.902813559322034962e+02
9.904960451977403864e+02
9.908248587570623158e+02
9.912440677966103522e+02
9.917570621468928493e+02
9.923593220338984793e+02
9.930192090395482865e+02
9.937751412429379343e+02
9.945943502824860616e+02
9.954881355932204769e+02
9.964757062146893531e+02
9.975186440677966857e+02
9.986203389830509423e+02
9.997898305084747790e+02
1.001011299435028491e+03
1.002275706214689535e+03
1.003561581920904246e+03
1.004864406779661181e+03
1.006169491525423837e+03
1.007475706214689467e+03
1.008761581920904064e+03
1.009867796610169648e+03
1.010752542372881521e+03
1.011413559322033962e+03
1.011812429378531306e+03
1.011941242937853303e+03
1.011806779661017117e+03
1.011384180790960613e+03
1.010677966101695006e+03
1.009692655367231737e+03
1.008646327683615937e+03
1.007605649717514211e+03
1.006561581920904018e+03
1.005514124293785358e+03
1.004472316384180886e+03
1.003453107344632826e+03
1.002442937853107424e+03
1.001508474576271283e+03
1.000611299435028286e+03
9.997954802259888538e+02
9.990406779661018390e+02
9.983785310734465384e+02
9.977807909604521228e+02
9.972700564971753465e+02
9.968158192090396597e+02
9.964372881355933487e+02
9.961288135593222250e+02
9.958508474576271965e+02
9.956519774011301251e+02
9.955096045197740295e+02
9.954384180790960954e+02
9.954350282485876278e+02
9.955186440677966857e+02
9.956937853107344836e+02
9.959785310734464474e+02
9.963807909604520319e+02
9.969050847457627924e+02
9.975909604519774803e+02
9.984305084745762997e+02
9.994067796610170262e+02
1.000536723163841998e+03
1.001819209039548127e+03
1.003228248587570761e+03
1.004593220338983087e+03
1.005759322033898343e+03
1.006753672316384382e+03
1.007560451977401272e+03
1.008200000000000159e+03
1.008655367231638593e+03
1.008923163841807991e+03
1.009006779661017163e+03
1.008906214689265653e+03
1.008623728813559410e+03
1.008161581920904041e+03
1.007540112994350466e+03
1.006766101694915392e+03
1.005837288135593326e+03
1.004803389830508650e+03
1.003638418079096141e+03
1.002363841807909694e+03
1.000996610169491532e+03
9.995084745762712828e+02
9.981084745762713055e+02
9.967954802259887401e+02
9.956124293785312602e+02
9.945514124293786153e+02
9.936056497175143249e+02
9.928090395480227244e+02
9.921468926553673100e+02
9.916418079096047222e+02
9.912610169491526904e+02
9.910384180790961182e+02
9.909570621468928948e+02
9.910214689265537800e+02
9.912022598870057664e+02
9.915107344632768900e+02
9.919389830508475825e+02
9.924508474576273329e+02
9.930802259887007040e+02
9.937740112994351875e+02
9.945593220338985248e+02
9.954237288135594781e+02
9.963468926553673555e+02
9.973604519774013397e+02
9.984271186440679458e+02
9.995807909604520773e+02
1.000802259887005789e+03
1.002093785310734575e+03
1.003438418079096209e+03
1.004815819209039546e+03
1.006238418079096164e+03
1.007667796610169603e+03
1.009111864406779773e+03
1.010548022598870148e+03
1.011975141242937980e+03
1.013336723163841953e+03
1.014500564971751601e+03
1.015423728813559478e+03
1.016132203389830693e+03
1.016575141242938003e+03
1.016750282485875800e+03
1.016644067796610329e+03
1.016249717514124427e+03
1.015589830508474734e+03
1.014647457627118797e+03
1.013501694915254348e+03
1.012362711864406947e+03
1.011216949152542611e+03
1.010065536723163859e+03
1.008936723163841975e+03
1.007829378531073644e+03
1.006769491525423973e+03
1.005766101694915506e+03
1.004814689265536913e+03
1.003941242937853303e+03
1.003149152542373031e+03
1.002431638418079274e+03
1.001795480225988854e+03
1.001229378531073621e+03
1.000735593220339183e+03
1.000306214689265744e+03
9.999468926553673782e+02
9.996519774011301251e+02
9.994045197740115327e+02
9.992338983050849492e+02
9.991378531073448812e+02
9.991107344632770264e+02
9.991615819209041547e+02
9.993209039548023611e+02
9.995954802259889220e+02
9.999819209039550287e+02
1.000503954802260068e+03
1.001186440677966402e+03
1.002011299435028604e+03
1.002996610169491760e+03
1.004119774011299569e+03
1.005397740112994597e+03
1.006789830508474779e+03
1.008108474576271306e+03
1.009235028248587696e+03
1.010193220338983110e+03
1.010979661016949308e+03
1.011585310734463519e+03
1.012002259887005721e+03
1.012256497175141362e+03
1.012303954802260023e+03
1.012186440677966175e+03
1.011884745762711987e+03
1.011447457627118638e+03
1.010835028248587719e+03
1.010064406779661226e+03
1.009159322033898434e+03
1.008133333333333439e+03
1.006998870056497481e+03
1.005760451977401317e+03
1.004414689265536936e+03
1.002970621468926765e+03
1.001618079096045449e+03
1.000376271186440931e+03
9.992474576271188198e+02
9.982463276836160730e+02
9.973491525423730764e+02
9.965943502824860616e+02
9.959751412429379798e+02
9.955118644067798641e+02
9.951796610169494670e+02
9.949966101694917597e+02
9.949706214689268791e+02
9.950564971751414305e+02
9.952745762711866746e+02
9.956090395480227926e+02
9.960463276836160276e+02
9.965762711864408629e+02
9.972045197740114872e+02
9.979197740112996371e+02
9.986881355932205224e+02
9.995355932203392513e+02
1.000470056497175392e+03
1.001482485875706402e+03
1.002559322033898525e+03
1.003709604519774189e+03
1.004920903954802498e+03
1.006186440677966289e+03
1.007511864406779978e+03
1.008872316384180976e+03
1.010248587570621794e+03
1.011663276836158502e+03
1.013065536723164087e+03
1.014477966101695074e+03
1.015841807909604768e+03
1.017011299435028377e+03
1.017966101694915437e+03
1.018688135593220522e+03
1.019160451977401408e+03
1.019370621468926629e+03
1.019296045197740341e+03
1.018953672316384427e+03
1.018312994350282679e+03
1.017404519774011533e+03
1.016282485875706470e+03
1.015169491525423837e+03
1.014041807909604699e+03
1.012927683615819433e+03
1.011798870056497321e+03
1.010717514124293984e+03
1.009658757062147060e+03
1.008663276836158275e+03
1.007706214689265607e+03
1.006820338983050988e+03
1.006025988700565108e+03
1.005296045197740227e+03
1.004645197740113076e+03
1.004075706214689376e+03
1.003586440677966152e+03
1.003150282485875778e+03
1.002790960451977526e+03
1.002483615819209149e+03
1.002239548022599024e+03
1.002063276836158366e+03
1.001940112994350329e+03
1.001889265536723315e+03
1.001926553672316459e+03
1.002056497175141430e+03
1.002279096045197775e+03
1.002637288135593280e+03
1.003119774011299455e+03
1.003742372881356005e+03
1.004506214689265562e+03
1.005438418079096209e+03
1.006509604519774143e+03
1.007714124293785289e+03
1.009065536723163859e+03
1.010524293785310874e+03
1.011796610169491601e+03
1.012882485875706379e+03
1.013786440677966198e+03
1.014507344632768422e+03
1.015038418079096118e+03
1.015380790960452032e+03
1.015551412429378615e+03
1.015542372881355959e+03
1.015329943502825017e+03
1.014953672316384200e+03
1.014395480225988763e+03
1.013675706214689285e+03
1.012818079096045267e+03
1.011820338983050874e+03
1.010701694915254393e+03
1.009466666666666697e+03
1.008136723163841907e+03
1.006685875706214802e+03
1.005281355932203496e+03
1.003962711864406856e+03
1.002767231638418139e+03
1.001682485875706334e+03
1.000742372881356005e+03
9.999254237288137119e+02
9.992598870056497162e+02
9.987129943502825427e+02
9.983186440677966402e+02
9.980689265536723269e+02
9.979627118644068560e+02
9.980079096045197957e+02
9.981887005649717821e+02
9.984892655367232237e+02
9.989062146892656529e+02
9.994158192090395687e+02
1.000022598870056527e+03
1.000725423728813666e+03
1.001496045197740159e+03
1.002348022598870216e+03
1.003273446327683814e+03
1.004277966101695029e+03
1.005351412429378570e+03
1.006501694915254348e+03
1.007718644067796731e+03
1.009011299435028377e+03
1.010358192090395505e+03
1.011750282485875687e+03
1.013155932203389966e+03
1.014586440677966266e+03
1.016019209039548059e+03
1.017468926553672418e+03
1.018889265536723201e+03
1.020116384180791101e+03
1.021132203389830693e+03
1.021927683615819319e+03
1.022483615819209035e+03
1.022787570621468831e+03
1.022812429378531078e+03
1.022559322033898297e+03
1.022025988700564994e+03
1.021193220338982997e+03
1.020084745762711918e+03
1.018969491525423791e+03
1.017855367231638411e+03
1.016748022598870079e+03
1.015645197740112962e+03
1.014544632768361680e+03
1.013480225988700568e+03
1.012476836158192100e+03
1.011503954802259841e+03
1.010599999999999909e+03
1.009763841807909557e+03
1.009023728813559273e+03
1.008348022598870102e+03
1.007742372881355891e+03
1.007220338983050851e+03
1.006778531073446402e+03
1.006394350282485902e+03
1.006087005649717526e+03
1.005833898305084631e+03
1.005629378531073371e+03
1.005500564971751373e+03
1.005448587570621385e+03
1.005464406779660862e+03
1.005571751412429194e+03
1.005769491525423632e+03
1.006079096045197616e+03
1.006524293785310761e+03
1.007097175141242815e+03
1.007842937853107287e+03
1.008729943502824881e+03
1.009770621468926493e+03
1.010962711864406629e+03
1.012294915254237139e+03
1.013740112994350170e+03
1.015027118644067627e+03
1.016141242937853121e+03
1.017072316384180681e+03
1.017824858757062088e+03
1.018372881355932122e+03
1.018749152542372826e+03
1.018926553672316231e+03
1.018908474576271146e+03
1.018723163841807832e+03
1.018345762711864268e+03
1.017805649717514143e+03
1.017079096045197730e+03
1.016222598870056459e+03
1.015204519774011260e+03
1.014070056497175074e+03
1.012827118644067696e+03
1.011463276836158116e+03
1.009985310734463155e+03
1.008446327683615664e+03
1.006989830508474483e+03
1.005639548022598774e+03
1.004409039548022520e+03
1.003292655367231532e+03
1.002317514124293666e+03
1.001477966101694847e+03
1.000770621468926493e+03
1.000203389830508286e+03
9.997932203389829056e+02
9.995254237288133936e+02
9.994033898305083312e+02
9.994112994350280132e+02
9.995548022598868556e+02
9.998101694915252438e+02
1.000176271186440545e+03
1.000633898305084699e+03
1.001197740112994211e+03
1.001838418079095959e+03
1.002544632768361453e+03
1.003346892655367128e+03
1.004229378531073394e+03
1.005184180790960227e+03
1.006202259887005539e+03
1.007305084745762542e+03
1.008464406779660749e+03
1.009715254237288036e+03
1.010993220338983065e+03
1.012317514124293666e+03
1.013683615819208967e+03
1.015065536723163632e+03
1.016439548022598728e+03
1.017814689265536572e+03
1.019196610169491350e+03
1.020397740112994143e+03
1.021381920903954779e+03
1.022120903954802088e+03
1.022609039548022565e+03
1.022841807909604427e+03
1.022798870056496980e+03
1.022464406779660976e+03
1.021848587570621248e+03
1.020943502824858683e+03
1.019847457627118501e+03
1.018754802259886901e+03
1.017655367231638365e+03
1.016564971751412372e+03
1.015487005649717389e+03
1.014418079096044949e+03
1.013397740112994143e+03
1.012413559322033848e+03
1.011463276836158002e+03
1.010614689265536526e+03
1.009829378531073189e+03
1.009120903954802088e+03
1.008484745762711668e+03
1.007951412429378479e+03
1.007476836158191873e+03
1.007064406779660885e+03
1.006731073446327514e+03
1.006464406779660862e+03
1.006240677966101543e+03
1.006092655367231600e+03
1.006013559322033757e+03
1.006003389830508468e+03
1.006091525423728740e+03
1.006255367231638274e+03
1.006548022598869920e+03
1.006934463276836027e+03
1.007466666666666470e+03
1.008141242937852894e+03
1.008964971751412349e+03
1.009935593220338887e+03
1.011063276836158138e+03
1.012320903954802134e+03
1.013728813559321907e+03
1.015267796610169398e+03
1.016649717514124177e+03
1.017845197740112781e+03
1.018861016949152486e+03
1.019693785310734370e+03
1.020346892655367128e+03
1.020798870056496980e+03
1.021079096045197616e+03
1.021151412429378411e+03
1.021039548022598865e+03
1.020759322033898115e+03
1.020296045197740000e+03
1.019676836158191918e+03
1.018905084745762565e+03
1.017984180790960295e+03
1.016943502824858570e+03
1.015763841807909444e+03
1.014485875706214529e+03
1.013087005649717298e+03
1.011641807909604267e+03
1.010305084745762542e+03
1.009091525423728626e+03
1.007984180790960295e+03
1.007020338983050578e+03
1.006186440677965948e+03
1.005492655367231464e+03
1.004943502824858570e+03
1.004554802259886742e+03
1.004311864406779478e+03
1.004219209039547763e+03
1.004265536723163677e+03
1.004438418079095868e+03
1.004766101694915051e+03
1.005204519774011146e+03
1.005753672316384041e+03
1.006379661016949058e+03
1.007114124293785153e+03
1.007935593220338774e+03
1.008828248587570442e+03
1.009792090395480045e+03
1.010863276836157979e+03
1.012015819209039364e+03
1.013236158192090215e+03
1.014538983050847264e+03
1.015909604519773893e+03
1.017336723163841725e+03
1.018814689265536572e+03
1.020332203389830283e+03
1.021876836158191963e+03
1.023424858757061884e+03
1.024990960451977116e+03
1.026550282485875414e+03
1.027992090395480091e+03
1.029214689265536435e+03
1.030224858757062066e+03
1.031005649717514189e+03
1.031520903954802179e+03
1.031769491525423518e+03
1.031735593220338615e+03
1.031421468926553416e+03
1.030807909604519637e+03
1.029912994350282361e+03
1.028736723163841589e+03
1.027450847457626878e+03
1.026169491525423609e+03
1.024896045197740023e+03
1.023641807909604267e+03
1.022403389830508331e+03
1.021227118644067673e+03
1.020098305084745562e+03
1.019031638418078956e+03
1.018042937853107105e+03
1.017129943502824744e+03
1.016306214689265289e+03
1.015579661016948990e+03
1.014915254237287968e+03
1.014350282485875482e+03
1.013848587570621248e+03
1.013399999999999864e+03
1.013021468926553553e+03
1.012728813559321907e+03
1.012512994350282270e+03
1.012362711864406606e+03
1.012301694915254075e+03
1.012341242937852940e+03
1.012456497175141067e+03
1.012701694915254052e+03
1.013094915254237094e+03
1.013620338983050715e+03
1.014289265536722951e+03
1.015117514124293621e+03
1.016094915254237094e+03
1.017233898305084494e+03
1.018518644067796458e+03
1.019944632768361316e+03
1.021363841807909466e+03
1.022612429378531033e+03
1.023676836158192032e+03
1.024563841807909284e+03
1.025235028248587469e+03
1.025729943502824881e+03
1.026045197740113053e+03
1.026152542372881271e+03
1.026056497175140976e+03
1.025775141242937707e+03
1.025306214689265289e+03
1.024648587570621203e+03
1.023837288135593099e+03
1.022866666666666561e+03
1.021759322033898115e+03
1.020517514124293712e+03
1.019158192090395460e+03
1.017680225988700386e+03
1.016093785310734347e+03
1.014589830508474506e+03
1.013177401129943519e+03
1.011872316384180749e+03
1.010701694915254166e+03
1.009655367231638252e+03
1.008733333333333348e+03
1.007953672316384086e+03
1.007311864406779591e+03
1.006824858757062088e+03
1.006470056497175051e+03
1.006276836158191941e+03
1.006222598870056345e+03
1.006293785310734393e+03
1.006490395480225970e+03
1.006801129943502701e+03
1.007221468926553598e+03
1.007724293785310692e+03
1.008312994350282452e+03
1.008997740112994279e+03
1.009752542372881180e+03
1.010590960451977253e+03
1.011507344632768309e+03
1.012508474576271055e+03
1.013577401129943382e+03
1.014727683615819160e+03
1.015955932203389693e+03
1.017244067796610011e+03
1.018575141242937661e+03
1.019954802259886833e+03
1.021369491525423655e+03
1.022790960451977185e+03
1.024220338983050851e+03
1.025638418079096027e+03
1.026907344632768400e+03
1.027963841807909375e+03
1.028775141242937707e+03
1.029332203389830283e+03
1.029604519774011351e+03
1.029607909604519591e+03
1.029311864406779478e+03
1.028723163841807946e+03
1.027841807909604540e+03
1.026672316384180704e+03
1.025463276836158002e+03
1.024274576271186334e+03
1.023083615819208944e+03
1.021897175141242997e+03
1.020720903954802225e+03
1.019590960451977480e+03
1.018503954802259841e+03
1.017467796610169444e+03
1.016501694915254120e+03
1.015621468926553689e+03
1.014827118644067696e+03
1.014110734463276685e+03
1.013490395480225857e+03
1.012934463276836027e+03
1.012451977401129852e+03
1.012058757062146697e+03
1.011725423728813439e+03
1.011453107344632713e+03
1.011262146892655210e+03
1.011131073446327491e+03
1.011093785310734347e+03
1.011129943502824744e+03
1.011256497175141249e+03
1.011503954802259727e+03
1.011872316384180749e+03
1.012387570621468740e+03
1.013048587570621294e+03
1.013861016949152372e+03
1.014823728813559228e+03
1.015949152542372872e+03
1.017229378531073280e+03
1.018649717514124177e+03
1.020190960451977276e+03
1.021793220338983019e+03
1.023218079096045130e+03
1.024463276836158002e+03
1.025483615819208808e+03
1.026333333333333030e+03
1.026974011299434778e+03
1.027416949152542202e+03
1.027659887005649580e+03
1.027710734463276594e+03
1.027567231638417979e+03
1.027248587570621339e+03
1.026776271186440681e+03
1.026117514124293848e+03
1.025318644067796640e+03
1.024374011299435097e+03
1.023302824858757049e+03
1.022099435028248536e+03
1.020775141242937707e+03
1.019335593220338978e+03
1.017841807909604427e+03
1.016448587570621385e+03
1.015176271186440545e+03
1.014031638418078956e+03
1.013015819209039364e+03
1.012133333333333212e+03
1.011397740112994143e+03
1.010818079096045039e+03
1.010381920903954551e+03
1.010082485875706197e+03
1.009949152542372758e+03
1.009926553672316231e+03
1.010050847457627015e+03
1.010310734463276731e+03
1.010672316384180704e+03
1.011134463276836073e+03
1.011683615819208967e+03
1.012332203389830397e+03
1.013056497175141203e+03
1.013877966101694938e+03
1.014771751412429239e+03
1.015770621468926493e+03
1.016848587570621362e+03
1.017987570621468876e+03
1.019219209039547991e+03
1.020517514124293712e+03
1.021857627118643904e+03
1.023262146892655210e+03
1.024684745762711827e+03
1.026126553672316277e+03
1.027599999999999909e+03
1.029068926553672100e+03
1.030523163841807900e+03
1.031872316384180749e+03
1.033021468926553553e+03
1.033932203389830647e+03
1.034575141242937889e+03
1.034967231638418070e+03
1.035081355932203223e+03
1.034909604519773893e+03
1.034442937853107196e+03
1.033697175141242724e+03
1.032670056497174983e+03
1.031416949152542202e+03
1.030150282485875550e+03
1.028894915254237048e+03
1.027649717514124177e+03
1.026425988700564858e+03
1.025232768361581748e+03
1.024092655367231600e+03
1.023011299435028263e+03
1.021995480225988786e+03
1.021057627118644064e+03
1.020197740112994325e+03
1.019415819209039455e+03
1.018703954802259886e+03
1.018061016949152418e+03
1.017501694915254234e+03
1.017015819209039478e+03
1.016585310734463292e+03
1.016210169491525335e+03
1.015906214689265539e+03
1.015692655367231623e+03
1.015529943502824835e+03
1.015468926553672190e+03
1.015514124293785130e+03
1.015680225988700499e+03
1.015946892655367265e+03
1.016384180790960386e+03
1.016944632768361544e+03
1.017676836158191918e+03
1.018568361581920954e+03
1.019629378531073371e+03
1.020830508474576277e+03
1.022167231638418116e+03
1.023648587570621430e+03
1.025002259887005494e+03
1.026180790960451986e+03
1.027176271186440772e+03
1.028004519774011214e+03
1.028631638418079092e+03
1.029087005649717412e+03
1.029355932203389784e+03
1.029419209039547923e+03
1.029309604519773984e+03
1.029006779661016935e+03
1.028534463276836050e+03
1.027919774011299523e+03
1.027146892655367083e+03
1.026231638418079001e+03
1.025196610169491578e+03
1.024046327683615800e+03
1.022771751412429239e+03
1.021380790960452032e+03
1.019879096045197684e+03
1.018479096045197707e+03
1.017169491525423723e+03
1.015978531073446220e+03
1.014926553672316459e+03
1.013987570621468990e+03
1.013181920903954733e+03
1.012526553672316368e+03
1.012009039548022542e+03
1.011654237288135619e+03
1.011431638418079046e+03
1.011343502824858660e+03
1.011390960451977435e+03
1.011563841807909512e+03
1.011840677966101680e+03
1.012224858757062066e+03
1.012693785310734484e+03
1.013272316384180840e+03
1.013915254237288082e+03
1.014655367231638479e+03
1.015470056497175165e+03
1.016362711864406833e+03
1.017353672316384177e+03
1.018413559322033962e+03
1.019552542372881362e+03
1.020760451977401090e+03
1.022039548022598865e+03
1.023348022598870102e+03
1.024715254237288264e+03
1.026105084745762724e+03
1.027503954802260068e+03
1.028910734463276640e+03
1.030320903954802361e+03
1.031701694915254166e+03
1.032867796610169535e+03
1.033802259887005675e+03
1.034481355932203314e+03
1.034905084745762451e+03
1.035040677966101612e+03
1.034889265536723087e+03
1.034456497175141067e+03
1.033729943502824881e+03
1.032709604519773848e+03
1.031482485875706061e+03
1.030242937853107378e+03
1.029009039548022429e+03
1.027780790960451895e+03
1.026558192090395323e+03
1.025355932203389784e+03
1.024197740112994325e+03
1.023099435028248536e+03
1.022065536723163859e+03
1.021106214689265585e+03
1.020224858757062066e+03
1.019409039548022633e+03
1.018684745762711827e+03
1.018045197740112940e+03
1.017448587570621385e+03
1.016925423728813485e+03
1.016484745762711782e+03
1.016110734463276685e+03
1.015794350282485766e+03
1.015559322033898297e+03
1.015392090395480182e+03
1.015320903954802134e+03
1.015346892655367128e+03
1.015479096045197593e+03
1.015720903954802225e+03
1.016125423728813530e+03
1.016654237288135505e+03
1.017331073446327537e+03
1.018174011299434824e+03
1.019178531073446266e+03
1.020352542372881317e+03
1.021676836158192032e+03
1.023128813559321884e+03
1.024694915254237003e+03
1.026184180790960454e+03
1.027506214689265562e+03
1.028633898305084585e+03
1.029566101694915233e+03
1.030302824858757049e+03
1.030845197740112781e+03
1.031212429378530942e+03
1.031363841807909466e+03
1.031325423728813348e+03
1.031109604519773939e+03
1.030728813559321907e+03
1.030188700564971441e+03
1.029488135593220250e+03
1.028637288135593053e+03
1.027657627118643859e+03
1.026549152542372667e+03
1.025312994350282224e+03
1.023957062146892554e+03
1.022473446327683519e+03
1.021055367231638456e+03
1.019752542372881294e+03
1.018577401129943382e+03
1.017526553672316368e+03
1.016607909604519591e+03
1.015825988700564949e+03
1.015192090395480136e+03
1.014701694915254166e+03
1.014354802259886810e+03
1.014149152542372804e+03
1.014077966101694756e+03
1.014117514124293734e+03
1.014291525423728672e+03
1.014559322033898297e+03
1.014924293785310624e+03
1.015394350282485789e+03
1.015946892655367037e+03
1.016576271186440636e+03
1.017302824858757049e+03
1.018097175141242815e+03
1.018985310734463155e+03
1.019959322033898161e+03
1.021012429378531010e+03
1.022128813559321884e+03
1.023303954802259682e+03
1.024548022598869920e+03
1.025845197740112781e+03
1.027162711864406447e+03
1.028519774011299432e+03
1.029884745762711646e+03
1.031266666666666424e+03
1.032629378531073371e+03
1.033995480225988558e+03
1.035266666666666424e+03
1.036292655367231418e+03
1.037080225988700477e+03
1.037603389830508377e+03
1.037857627118643904e+03
1.037810169491525357e+03
1.037493785310734438e+03
1.036882485875706152e+03
1.036005649717513961e+03
1.034840677966101794e+03
1.033647457627118456e+03
1.032457627118644041e+03
1.031267796610169626e+03
1.030092655367231600e+03
1.028948022598870011e+03
1.027870056497175028e+03
1.026850847457626969e+03
1.025877966101694710e+03
1.024993220338983065e+03
1.024179661016949012e+03
1.023459887005649762e+03
1.022793220338983019e+03
1.022207909604519728e+03
1.021707344632768354e+03
1.021272316384180840e+03
1.020888135593220341e+03
1.020564971751412372e+03
1.020317514124293780e+03
1.020148022598870057e+03
1.020068926553672327e+03
1.020056497175141317e+03
1.020151412429378524e+03
1.020340112994350307e+03
1.020666666666666629e+03
1.021137853107344654e+03
1.021750282485875687e+03
1.022515254237288218e+03
1.023429378531073553e+03
1.024499435028248627e+03
1.025737853107344563e+03
1.027112994350282634e+03
1.028615819209039728e+03
1.030010169491525403e+03
1.031230508474576254e+03
1.032255367231638502e+03
1.033111864406779659e+03
1.033787570621469058e+03
1.034272316384181067e+03
1.034581920903955051e+03
1.034700564971751646e+03
1.034641807909604722e+03
1.034396610169491396e+03
1.033986440677966129e+03
1.033414689265536708e+03
1.032697175141242951e+03
1.031842937853107287e+03
1.030864406779661067e+03
1.029734463276836323e+03
1.028502824858757094e+03
1.027164971751412395e+03
1.025711864406779569e+03
1.024273446327683814e+03
1.022941242937853190e+03
1.021733333333333348e+03
1.020636158192090534e+03
1.019681355932203360e+03
1.018847457627118729e+03
1.018167231638418116e+03
1.017623728813559410e+03
1.017215819209039523e+03
1.016934463276836141e+03
1.016809039548022611e+03
1.016815819209039546e+03
1.016919774011299410e+03
1.017149152542372917e+03
1.017492655367231691e+03
1.017919774011299410e+03
1.018432768361582021e+03
1.019045197740113053e+03
1.019723163841807946e+03
1.020483615819209035e+03
1.021324293785310829e+03
1.022262146892655437e+03
1.023259887005649716e+03
1.024349152542372849e+03
1.025525423728813621e+03
1.026751412429378433e+03
1.028025988700564994e+03
1.029367231638418161e+03
1.030717514124293757e+03
1.032102824858757003e+03
1.033497175141242906e+03
1.034890395480225834e+03
1.036296045197740114e+03
1.037493785310734438e+03
1.038489265536723224e+03
1.039236158192090443e+03
1.039709604519774075e+03
1.039944632768361771e+03
1.039905084745762906e+03
1.039584180790960545e+03
1.038962711864407083e+03
1.038080225988700704e+03
1.036912994350282588e+03
1.035642937853107469e+03
1.034360451977401226e+03
1.033083615819209172e+03
1.031819209039548014e+03
1.030576271186440636e+03
1.029366101694915415e+03
1.028211299435028195e+03
1.027117514124293848e+03
1.026085875706214665e+03
1.025135593220338933e+03
1.024253107344632554e+03
1.023451977401129852e+03
1.022732203389830488e+03
1.022083615819208944e+03
1.021490395480225970e+03
1.020966101694915324e+03
1.020497175141242906e+03
1.020093785310734461e+03
1.019757062146892622e+03
1.019498305084745766e+03
1.019328813559322043e+03
1.019253107344632667e+03
1.019270056497175119e+03
1.019398870056497117e+03
1.019646327683615709e+03
1.020064406779660885e+03
1.020604519774011123e+03
1.021309604519773984e+03
1.022172881355932304e+03
1.023197740112994438e+03
1.024374011299435097e+03
1.025665536723163768e+03
1.027076836158192236e+03
1.028519774011299432e+03
1.029797740112994234e+03
1.030896045197740023e+03
1.031819209039547786e+03
1.032528813559321861e+03
1.033068926553672100e+03
1.033414689265536708e+03
1.033564971751412486e+03
1.033553672316384109e+03
1.033348022598870102e+03
1.032981920903954915e+03
1.032447457627118638e+03
1.031763841807909557e+03
1.030949152542372758e+03
1.030004519774011442e+03
1.028927683615819205e+03
1.027725423728813439e+03
1.026397740112994370e+03
1.025002259887005721e+03
1.023700564971751419e+03
1.022490395480225970e+03
1.021403389830508559e+03
1.020440677966101703e+03
1.019614689265536640e+03
1.018917514124293803e+03
1.018374011299434983e+03
1.017962711864406856e+03
1.017675706214689285e+03
1.017548022598870034e+03
1.017537853107344631e+03
1.017641807909604495e+03
1.017864406779661067e+03
1.018201129943502792e+03
1.018633898305084813e+03
1.019160451977401181e+03
1.019775141242937934e+03
1.020453107344632826e+03
1.021230508474576254e+03
1.022080225988700477e+03
1.023013559322033871e+03
1.024027118644067741e+03
1.025122033898305062e+03
1.026291525423728672e+03
1.027498305084745880e+03
1.028777401129943428e+03
1.030120903954802088e+03
1.031488135593220250e+03
1.032870056497175256e+03
1.034287005649717685e+03
1.035702824858757140e+03
1.037106214689265471e+03
1.038498305084745880e+03
1.039693785310734484e+03
1.040636158192090534e+03
1.041328813559322043e+03
1.041767231638418252e+03
1.041948022598870239e+03
1.041821468926553734e+03
1.041424858757062339e+03
1.040736723163841816e+03
1.039779661016949376e+03
1.038559322033898297e+03
1.037335593220338978e+03
1.036129943502824972e+03
1.034922033898305017e+03
1.033726553672316413e+03
1.032572881355932168e+03
1.031477966101695074e+03
1.030431638418079274e+03
1.029445197740113144e+03
1.028561581920904018e+03
1.027749152542372940e+03
1.026988700564971850e+03
1.026318644067796868e+03
1.025734463276836323e+03
1.025218079096045358e+03
1.024772881355932213e+03
1.024395480225988649e+03
1.024076836158192236e+03
1.023829378531073530e+03
1.023656497175141226e+03
1.023545762711864427e+03
1.023531073446327696e+03
1.023609039548022565e+03
1.023802259887005675e+03
1.024107344632768445e+03
1.024544632768361680e+03
1.025141242937853121e+03
1.025877966101694938e+03
1.026779661016949376e+03
1.027836158192090352e+03
1.029029378531073462e+03
1.030364971751412668e+03
1.031840677966101794e+03
1.033343502824858888e+03
1.034690395480226016e+03
1.035838418079096073e+03
1.036801129943502929e+03
1.037589830508474506e+03
1.038177401129943519e+03
1.038577401129943610e+03
1.038780790960451895e+03
1.038810169491525357e+03
1.038639548022598774e+03
1.038301694915254302e+03
1.037790960451977298e+03
1.037128813559322225e+03
1.036317514124293666e+03
1.035368361581920908e+03
1.034311864406779478e+03
1.033105084745762724e+03
1.031793220338983019e+03
1.030349152542372849e+03
1.028892655367231555e+03
1.027551412429378615e+03
1.026312994350282452e+03
1.025185310734463201e+03
1.024209039548022702e+03
1.023357062146892645e+03
1.022638418079096027e+03
1.022058757062146810e+03
1.021633898305084699e+03
1.021349152542372849e+03
1.021188700564971668e+03
1.021167231638418116e+03
1.021266666666666652e+03
1.021479096045197593e+03
1.021789830508474552e+03
1.022204519774011260e+03
1.022702824858757026e+03
1.023291525423728672e+03
1.023969491525423564e+03
1.024740112994350284e+03
1.025585310734463292e+03
1.026507344632768309e+03
1.027508474576271055e+03
1.028599999999999909e+03
1.029750282485875687e+03
1.030958192090395414e+03
1.032232768361581748e+03
1.033541242937852985e+03
1.034896045197740023e+03
1.036267796610169398e+03
1.037657627118644086e+03
1.039027118644067741e+03
1.040410169491525266e+03
1.041630508474576345e+03
1.042628248587570397e+03
1.043385310734463246e+03
1.043890395480225834e+03
1.044110734463276685e+03
1.044062146892655164e+03
1.043720903954801997e+03
1.043118644067796595e+03
1.042222598870056345e+03
1.041062146892655164e+03
1.039875706214689217e+03
1.038673446327683450e+03
1.037481355932203314e+03
1.036299435028248354e+03
1.035133333333333212e+03
1.034024858757062020e+03
1.032964971751412349e+03
1.031951412429378479e+03
1.031030508474575981e+03
1.030186440677965948e+03
1.029422598870056390e+03
1.028732203389830374e+03
1.028115254237287900e+03
1.027568361581920726e+03
1.027096045197740295e+03
1.026682485875706107e+03
1.026341242937852940e+03
1.026056497175141203e+03
1.025861016949152599e+03
1.025733333333333121e+03
1.025685875706214574e+03
1.025732203389830374e+03
1.025873446327683723e+03
1.026129943502824972e+03
1.026517514124293712e+03
1.027049717514124268e+03
1.027732203389830374e+03
1.028577401129943382e+03
1.029563841807909512e+03
1.030726553672316186e+03
1.032030508474576209e+03
1.033475706214689353e+03
1.035048587570621294e+03
1.036466666666666697e+03
1.037693785310734484e+03
1.038750282485875687e+03
1.039613559322033780e+03
1.040282485875706243e+03
1.040783050847457616e+03
1.041056497175140976e+03
1.041154802259886992e+03
1.041059887005649671e+03
1.040797740112994234e+03
1.040344632768361407e+03
1.039761581920903836e+03
1.039020338983050806e+03
1.038132203389830465e+03
1.037101694915254257e+03
1.035952542372881453e+03
1.034685875706214574e+03
1.033293785310734393e+03
1.031805649717514143e+03
1.030376271186440590e+03
1.029059887005649671e+03
1.027861016949152372e+03
1.026796610169491487e+03
1.025881355932203405e+03
1.025090395480225880e+03
1.024464406779660976e+03
1.023967231638418070e+03
1.023615819209039500e+03
1.023407909604519773e+03
1.023338983050847446e+03
1.023399999999999864e+03
1.023592090395480227e+03
1.023897175141242769e+03
1.024311864406779478e+03
1.024815819209039546e+03
1.025411299435028013e+03
1.026087005649717412e+03
1.026855367231638411e+03
1.027705084745762633e+03
1.028650847457627151e+03
1.029665536723163996e+03
1.030763841807909557e+03
1.031927683615819205e+03
1.033178531073446266e+03
1.034493785310734438e+03
1.035847457627118729e+03
1.037237288135593190e+03
1.038665536723163768e+03
1.040102824858757003e+03
1.041559322033898297e+03
1.043016949152542566e+03
1.044427118644067832e+03
1.045644067796610216e+03
1.046601129943502883e+03
1.047327683615819296e+03
1.047800000000000182e+03
1.047986440677966129e+03
1.047894915254237276e+03
1.047536723163841771e+03
1.046891525423728808e+03
1.045954802259886947e+03
1.044737853107344563e+03
1.043461016949152508e+03
1.042194350282485630e+03
1.040933333333333394e+03
1.039698305084745698e+03
1.038497175141242906e+03
1.037345762711864381e+03
1.036245197740112872e+03
1.035207909604519728e+03
1.034280225988700749e+03
1.033413559322033962e+03
1.032611299435028286e+03
1.031900564971751464e+03
1.031271186440677866e+03
1.030712994350282543e+03
1.030233898305084722e+03
1.029816949152542293e+03
1.029475706214689126e+03
1.029209039548022474e+03
1.029004519774011214e+03
1.028879096045197684e+03
1.028857627118643904e+03
1.028924293785310738e+03
1.029101694915254257e+03
1.029415819209039455e+03
1.029850847457626969e+03
1.030457627118643813e+03
1.031212429378530942e+03
1.032109604519773939e+03
1.033157062146892486e+03
1.034375141242937843e+03
1.035737853107344563e+03
1.037227118644067787e+03
1.038746892655367219e+03
1.040090395480225880e+03
1.041266666666666652e+03
1.042237288135593190e+03
1.043028248587570488e+03
1.043618079096045221e+03
1.044011299435028150e+03
1.044218079096045130e+03
1.044238418079095936e+03
1.044051977401129989e+03
1.043679096045197639e+03
1.043146892655367083e+03
1.042455367231638320e+03
1.041597740112994188e+03
1.040611299435028059e+03
1.039497175141242906e+03
1.038230508474576254e+03
1.036830508474576163e+03
1.035323163841807855e+03
1.033858757062146879e+03
1.032503954802260068e+03
1.031255367231638502e+03
1.030124293785310783e+03
1.029137853107344654e+03
1.028270056497175119e+03
1.027544632768361453e+03
1.026974011299435006e+03
1.026541242937853212e+03
1.026245197740112872e+03
1.026103954802259977e+03
1.026090395480226107e+03
1.026207909604519955e+03
1.026435028248587514e+03
1.026770621468926493e+03
1.027203389830508513e+03
1.027741242937853031e+03
1.028358192090395278e+03
1.029050847457627242e+03
1.029838418079096073e+03
1.030724293785310692e+03
1.031676836158192145e+03
1.032732203389830374e+03
1.033866666666666788e+03
1.035073446327683541e+03
1.036348022598870102e+03
1.037679096045197639e+03
1.039066666666666606e+03
1.040501694915254120e+03
1.041959322033898388e+03
1.043448587570621385e+03
1.044938983050847355e+03
1.046433898305084767e+03
1.047850847457626969e+03
1.049042937853107105e+03
1.049968361581920817e+03
1.050653107344632645e+03
1.051055367231638229e+03
1.051184180790960454e+03
1.051018079096045312e+03
1.050555932203389830e+03
1.049792090395480045e+03
1.048740112994350284e+03
1.047396610169491396e+03
1.046024858757062248e+03
1.044675706214689399e+03
1.043319774011299614e+03
1.042003389830508695e+03
1.040718644067796504e+03
1.039496045197739932e+03
1.038319774011299387e+03
1.037210169491525448e+03
1.036198870056497071e+03
1.035280225988700295e+03
1.034418079096045176e+03
1.033641807909604495e+03
1.032940112994350329e+03
1.032317514124293893e+03
1.031763841807909557e+03
1.031274576271186334e+03
1.030873446327683496e+03
1.030532203389830556e+03
1.030267796610169626e+03
1.030100564971751282e+03
1.030025988700564994e+03
1.030054237288135482e+03
1.030192090395480136e+03
1.030477966101694847e+03
1.030911864406779387e+03
1.031487005649717503e+03
1.032215819209039637e+03
1.033109604519774166e+03
1.034164971751412395e+03
1.035364971751412440e+03
1.036732203389830374e+03
1.038210169491525448e+03
1.039810169491525357e+03
1.041334463276836232e+03
1.042668926553672463e+03
1.043816949152542293e+03
1.044767231638418025e+03
1.045522033898304926e+03
1.046081355932203223e+03
1.046437288135593235e+03
1.046592090395480227e+03
1.046567231638417979e+03
1.046354802259887038e+03
1.045975141242937980e+03
1.045418079096045176e+03
1.044731073446327628e+03
1.043877966101694938e+03
1.042888135593220341e+03
1.041783050847457616e+03
1.040527683615819114e+03
1.039141242937853121e+03
1.037692655367231737e+03
1.036346892655367355e+03
1.035124293785310783e+03
1.034010169491525403e+03
1.033049717514124268e+03
1.032209039548022702e+03
1.031494915254237185e+03
1.030935593220338887e+03
1.030527683615819114e+03
1.030254237288135528e+03
1.030129943502824972e+03
1.030136723163841907e+03
1.030264406779660931e+03
1.030509604519774030e+03
1.030862146892655346e+03
1.031298305084745834e+03
1.031830508474576391e+03
1.032437288135593462e+03
1.033151412429378524e+03
1.033946892655367265e+03
1.034824858757062202e+03
1.035789830508474552e+03
1.036864406779661067e+03
1.038013559322033871e+03
1.039232768361581975e+03
1.040518644067796686e+03
1.041847457627118729e+03
1.043248587570621567e+03
1.044671186440677957e+03
1.046124293785310783e+03
1.047581920903955051e+03
1.049065536723163859e+03
1.050528813559322316e+03
1.051787570621469058e+03
1.052818079096045267e+03
1.053611299435028286e+03
1.054118644067796595e+03
1.054359322033898479e+03
1.054323163841808082e+03
1.053980790960451941e+03
1.053368361581920908e+03
1.052463276836158229e+03
1.051275706214689308e+03
1.049940112994350329e+03
1.048616949152542475e+03
1.047291525423728899e+03
1.045987570621468876e+03
1.044726553672316413e+03
1.043501694915254120e+03
1.042348022598870102e+03
1.041258757062146969e+03
1.040244067796610352e+03
1.039320903954802361e+03
1.038475706214689353e+03
1.037702824858757140e+03
1.037025988700564994e+03
1.036431638418079046e+03
1.035923163841807764e+03
1.035473446327683632e+03
1.035090395480226107e+03
1.034793220338983019e+03
1.034558192090395551e+03
1.034414689265536708e+03
1.034344632768361635e+03
1.034394350282485902e+03
1.034548022598869920e+03
1.034840677966101794e+03
1.035271186440677866e+03
1.035854237288135664e+03
1.036583050847457798e+03
1.037485875706214756e+03
1.038552542372881362e+03
1.039781920903954870e+03
1.041152542372881271e+03
1.042670056497175210e+03
1.044301694915254302e+03
1.045798870056497208e+03
1.047083615819209172e+03
1.048179661016949240e+03
1.049094915254237321e+03
1.049815819209039546e+03
1.050312994350282679e+03
1.050616949152542475e+03
1.050732203389830602e+03
1.050647457627118456e+03
1.050379661016949285e+03
1.049936723163841862e+03
1.049319774011299387e+03
1.048528813559322089e+03
1.047602259887005857e+03
1.046538983050847492e+03
1.045336723163841725e+03
1.043992090395480318e+03
1.042520903954802179e+03
1.040911864406779841e+03
1.039352542372881544e+03
1.037896045197740250e+03
1.036562711864406992e+03
1.035344632768361862e+03
1.034270056497175347e+03
1.033324293785311056e+03
1.032502824858757094e+03
1.031840677966101794e+03
1.031322033898305108e+03
1.030937853107344608e+03
1.030690395480226016e+03
1.030563841807909739e+03
1.030567231638417979e+03
1.030684745762711827e+03
1.030901694915254211e+03
1.031207909604519955e+03
1.031602259887005857e+03
1.032115254237288127e+03
1.032707344632768354e+03
1.033390960451977435e+03
1.034167231638418116e+03
1.035033898305084676e+03
1.035993220338983065e+03
1.037025988700564994e+03
1.038143502824858842e+03
1.039312994350282452e+03
1.040552542372881362e+03
1.041839548022598819e+03
1.043158192090395460e+03
1.044510734463277004e+03
1.045881355932203405e+03
1.047263276836158184e+03
1.048636158192090306e+03
1.049936723163841634e+03
1.051010169491525403e+03
1.051824858757061975e+03
1.052364971751412440e+03
1.052618079096045221e+03
1.052592090395480227e+03
1.052270056497175119e+03
1.051659887005649580e+03
1.050748022598870193e+03
1.049564971751412486e+03
1.048247457627118592e+03
1.046914124293785335e+03
1.045590960451977480e+03
1.044285875706214711e+03
1.043011299435028377e+03
1.041778531073446175e+03
1.040603389830508377e+03
1.039505084745762815e+03
1.038474576271186379e+03
1.037525423728813621e+03
1.036648587570621658e+03
1.035845197740113008e+03
1.035110734463276913e+03
1.034464406779661203e+03
1.033868926553672281e+03
1.033342372881355914e+03
1.032907344632768400e+03
1.032522033898304926e+03
1.032227118644067787e+03
1.032012429378531124e+03
1.031881355932203405e+03
1.031853107344632917e+03
1.031945762711864518e+03
1.032185310734463201e+03
1.032544632768361680e+03
1.033066666666666606e+03
1.033750282485875687e+03
1.034596610169491441e+03
1.035601129943502656e+03
1.036764971751412304e+03
1.038070056497175074e+03
1.039522033898305153e+03
1.041079096045197730e+03
1.042687005649717548e+03
1.044124293785310783e+03
1.045363841807909694e+03
1.046423728813559364e+03
1.047298305084745834e+03
1.047966101694915324e+03
1.048455367231638320e+03
1.048748022598870193e+03
1.048857627118644132e+03
1.048790960451977298e+03
1.048563841807909512e+03
1.048157062146892713e+03
1.047610169491525539e+03
1.046915254237288082e+03
1.046072316384180795e+03
1.045092655367231600e+03
1.043979661016949194e+03
1.042733333333333121e+03
1.041360451977401226e+03
1.039980790960451941e+03
1.038735593220338842e+03
1.037606779661016844e+03
1.036594350282485948e+03
1.035729943502824881e+03
1.035018079096045312e+03
1.034419209039548150e+03
1.034003389830508468e+03
1.033710734463276822e+03
1.033557062146892804e+03
1.033517514124293939e+03
1.033620338983050715e+03
1.033836158192090352e+03
1.034155932203389739e+03
1.034578531073446356e+03
1.035098305084745789e+03
1.035715254237288264e+03
1.036409039548022520e+03
1.037205649717514007e+03
1.038074576271186515e+03
1.039054237288135482e+03
1.040123163841808037e+03
1.041280225988700749e+03
1.042498305084745880e+03
1.043794350282485993e+03
1.045140112994350375e+03
1.046555932203389830e+03
1.048004519774011442e+03
1.049490395480225970e+03
1.050992090395480318e+03
1.052499435028248627e+03
1.054023728813559273e+03
1.055527683615819114e+03
1.056812429378531306e+03
1.057859887005649853e+03
1.058658757062146833e+03
1.059181920903954961e+03
1.059423728813559592e+03
1.059398870056497344e+03
1.059067796610169580e+03
1.058448587570621385e+03
1.057557062146892804e+03
1.056363841807909694e+03
1.054928813559322180e+03
1.053496045197740159e+03
1.052083615819209172e+03
1.050699435028248672e+03
1.049374011299435097e+03
1.048085875706214665e+03
1.046859887005649853e+03
1.045716384180791010e+03
1.044644067796610216e+03
1.043641807909604722e+03
1.042734463276836323e+03
1.041897175141242997e+03
1.041142372881356096e+03
1.040453107344632826e+03
1.039845197740113235e+03
1.039316384180790919e+03
1.038862146892655346e+03
1.038483615819209035e+03
1.038185310734463201e+03
1.037979661016949194e+03
1.037879096045197684e+03
1.037887005649717594e+03
1.038024858757062248e+03
1.038307344632768491e+03
1.038738983050847537e+03
1.039343502824858888e+03
1.040108474576271419e+03
1.041048587570621748e+03
1.042146892655367310e+03
1.043398870056497344e+03
1.044784180790960590e+03
1.046312994350282452e+03
1.047874576271186470e+03
1.049265536723163905e+03
1.050480225988700568e+03
1.051502824858757094e+03
1.052328813559322043e+03
1.052966101694915324e+03
1.053424858757062339e+03
1.053682485875706107e+03
1.053742372881356005e+03
1.053620338983050715e+03
1.053334463276836232e+03
1.052883615819209126e+03
1.052259887005649716e+03
1.051480225988700568e+03
1.050581920903955051e+03
1.049545762711864427e+03
1.048364971751412668e+03
1.047048587570621521e+03
1.045614689265536526e+03
1.044063276836158138e+03
1.042624858757062157e+03
1.041276836158192054e+03
1.040070056497175301e+03
1.038976271186440727e+03
1.038024858757062248e+03
1.037198870056497071e+03
1.036522033898304926e+03
1.035984180790960409e+03
1.035586440677966038e+03
1.035324293785310601e+03
1.035177401129943519e+03
1.035160451977401181e+03
1.035236158192090443e+03
1.035413559322033962e+03
1.035684745762711827e+03
1.036040677966101839e+03
1.036488135593220250e+03
1.037014689265536617e+03
1.037645197740112962e+03
1.038357062146892531e+03
1.039151412429378524e+03
1.040038418079096118e+03
1.041010169491525630e+03
1.042037288135593371e+03
1.043123163841808037e+03
1.044276836158192054e+03
1.045474576271186379e+03
1.046708474576271101e+03
1.047984180790960181e+03
1.049275706214689308e+03
1.050580790960451850e+03
1.051866666666666788e+03
1.053152542372881271e+03
1.054235028248587696e+03
1.055057627118643950e+03
1.055613559322033780e+03
1.055905084745762906e+03
1.055899435028248490e+03
1.055610169491525539e+03
1.055022598870056527e+03
1.054128813559321998e+03
1.052960451977401135e+03
1.051685875706214574e+03
1.050406779661017026e+03
1.049144632768361589e+03
1.047882485875706152e+03
1.046651977401129898e+03
1.045465536723163950e+03
1.044325423728813576e+03
1.043251977401129807e+03
1.042253107344632781e+03
1.041314124293785426e+03
1.040456497175141294e+03
1.039667796610169489e+03
1.038942372881355823e+03
1.038297175141243088e+03
1.037723163841807946e+03
1.037215819209039637e+03
1.036778531073446175e+03
1.036398870056497344e+03
1.036100564971751510e+03
1.035873446327683723e+03
1.035732203389830374e+03
1.035698305084745925e+03
1.035790960451977298e+03
1.036004519774011442e+03
1.036351412429378797e+03
1.036853107344632917e+03
1.037505084745762815e+03
1.038308474576271237e+03
1.039279096045198003e+03
1.040407909604519773e+03
1.041671186440677957e+03
1.043068926553672554e+03
1.044571751412429421e+03
1.046167231638418343e+03
1.047636158192090534e+03
1.048905084745762906e+03
1.049995480225989013e+03
1.050888135593220341e+03
1.051580790960452077e+03
1.052082485875706425e+03
1.052381920903955006e+03
1.052499435028248627e+03
1.052447457627118865e+03
1.052232768361582202e+03
1.051832768361582112e+03
1.051293785310734620e+03
1.050580790960452077e+03
1.049735593220339069e+03
1.048749152542373167e+03
1.047648587570621658e+03
1.046406779661017026e+03
1.045038418079096118e+03
1.043665536723163996e+03
1.042387570621468967e+03
1.041241807909604631e+03
1.040202259887005766e+03
1.039302824858757049e+03
1.038546892655367401e+03
1.037922033898305017e+03
1.037429378531073553e+03
1.037083615819209172e+03
1.036882485875706152e+03
1.036806779661017117e+03
1.036844067796610261e+03
1.036987570621469104e+03
1.037239548022599138e+03
1.037606779661017299e+03
1.038045197740113053e+03
1.038584180790960545e+03
1.039213559322034143e+03
1.039919774011299523e+03
1.040726553672316641e+03
1.041620338983051170e+03
1.042593220338982974e+03
1.043662146892655528e+03
1.044790960451977526e+03
1.046012429378531124e+03
1.047291525423728899e+03
1.048619209039548196e+03
1.049988700564971850e+03
1.051394350282485902e+03
1.052830508474576391e+03
1.054274576271186561e+03
1.055735593220339069e+03
1.057175141242938025e+03
1.058467796610169444e+03
1.059528813559322316e+03
1.060342372881356141e+03
1.060899435028248718e+03
1.061178531073446720e+03
1.061183050847457935e+03
1.060882485875706607e+03
1.060305084745762997e+03
1.059444067796610398e+03
1.058326553672316550e+03
1.056943502824859024e+03
1.055551412429378615e+03
1.054181920903954961e+03
1.052836158192090579e+03
1.051505084745762815e+03
1.050264406779661158e+03
1.049066666666667061e+03
1.047928813559322407e+03
1.046876836158192418e+03
1.045905084745762906e+03
1.045013559322034325e+03
1.044181920903954961e+03
1.043444067796610398e+03
1.042766101694915506e+03
1.042148022598870057e+03
1.041612429378531260e+03
1.041148022598870284e+03
1.040734463276836323e+03
1.040435028248587969e+03
1.040198870056497299e+03
1.040063276836158366e+03
1.040051977401129989e+03
1.040144632768361816e+03
1.040387570621469195e+03
1.040754802259887128e+03
1.041282485875706243e+03
1.041967231638418298e+03
1.042810169491525585e+03
1.043809039548022611e+03
1.044951412429378706e+03
1.046251977401130034e+03
1.047661016949152554e+03
1.049185310734463428e+03
1.050632768361582066e+03
1.051909604519774120e+03
1.053006779661016935e+03
1.053911864406779841e+03
1.054639548022599001e+03
1.055189830508474643e+03
1.055546892655367174e+03
1.055720903954802452e+03
1.055716384180791010e+03
1.055525423728813621e+03
1.055206779661017208e+03
1.054712994350282770e+03
1.054066666666666833e+03
1.053274576271186561e+03
1.052367231638418161e+03
1.051317514124293893e+03
1.050142372881356096e+03
1.048840677966101794e+03
1.047420338983050897e+03
1.046059887005649898e+03
1.044797740112994688e+03
1.043640677966101975e+03
1.042625988700564903e+03
1.041738983050847537e+03
1.040983050847457889e+03
1.040349152542372849e+03
1.039879096045197912e+03
1.039528813559322316e+03
1.039306214689265744e+03
1.039200000000000273e+03
1.039201129943503020e+03
1.039326553672316550e+03
1.039546892655367401e+03
1.039865536723164041e+03
1.040259887005649944e+03
1.040750282485875914e+03
1.041312994350282679e+03
1.041980790960451941e+03
1.042719774011299478e+03
1.043543502824858933e+03
1.044459887005649989e+03
1.045448587570621612e+03
1.046526553672316368e+03
1.047648587570621658e+03
1.048830508474576618e+03
1.050081355932203678e+03
1.051354802259887265e+03
1.052640677966101975e+03
1.053967231638418298e+03
1.055306214689265744e+03
1.056644067796610443e+03
1.057920903954802270e+03
1.058975141242937980e+03
1.059780790960452123e+03
1.060331073446327764e+03
1.060621468926553916e+03
1.060624858757062157e+03
1.060336723163841953e+03
1.059761581920904064e+03
1.058911864406779841e+03
1.057787570621469058e+03
1.056502824858757094e+03
1.055221468926553825e+03
1.053944632768361771e+03
1.052679096045198094e+03
1.051438418079096209e+03
1.050253107344633008e+03
1.049109604519774166e+03
1.048031638418079183e+03
1.047030508474576436e+03
1.046098305084745789e+03
1.045246327683615846e+03
1.044466666666666697e+03
1.043769491525423746e+03
1.043137853107344654e+03
1.042568361581920954e+03
1.042074576271186288e+03
1.041655367231638593e+03
1.041296045197740114e+03
1.041028248587570488e+03
1.040837288135593099e+03
1.040712994350282315e+03
1.040701694915254166e+03
1.040809039548022611e+03
1.041024858757062248e+03
1.041385310734463246e+03
1.041903954802259705e+03
1.042577401129943610e+03
1.043398870056497117e+03
1.044377401129943337e+03
1.045529943502824835e+03
1.046816949152542293e+03
1.048232768361581975e+03
1.049764971751412531e+03
1.051383050847457753e+03
1.052794350282485993e+03
1.054014689265536845e+03
1.055073446327683769e+03
1.055935593220339115e+03
1.056588700564971987e+03
1.057048587570621748e+03
1.057315254237288173e+03
1.057401129943502838e+03
1.057289265536723178e+03
1.057006779661016935e+03
1.056570621468926674e+03
1.055967231638418070e+03
1.055201129943503020e+03
1.054296045197740114e+03
1.053249717514124541e+03
1.052058757062146924e+03
1.050744632768361726e+03
1.049289265536723178e+03
1.047857627118644132e+03
1.046533333333333303e+03
1.045319774011299614e+03
1.044229378531073507e+03
1.043281355932203496e+03
1.042470056497175392e+03
1.041810169491525585e+03
1.041273446327683814e+03
1.040890395480226061e+03
1.040647457627118911e+03
1.040527683615819342e+03
1.040542372881356187e+03
1.040677966101694892e+03
1.040902824858757185e+03
1.041230508474576254e+03
1.041639548022599001e+03
1.042159322033898206e+03
1.042762711864406810e+03
1.043445197740113144e+03
1.044239548022599138e+03
1.045096045197740295e+03
1.046046327683615800e+03
1.047076836158192236e+03
1.048200000000000045e+03
1.049385310734463474e+03
1.050640677966101748e+03
1.051954802259887174e+03
1.053283615819208990e+03
1.054670056497175210e+03
1.056061016949152418e+03
1.057482485875706516e+03
1.058907344632768400e+03
1.060335593220338978e+03
1.061635028248587787e+03
1.062708474576271328e+03
1.063525423728813621e+03
1.064076836158192236e+03
1.064353672316384291e+03
1.064352542372881544e+03
1.064054237288135710e+03
1.063468926553672190e+03
1.062593220338982974e+03
1.061454237288135573e+03
1.060100564971751282e+03
1.058749152542372940e+03
1.057414689265536708e+03
1.056092655367231600e+03
1.054821468926553734e+03
1.053593220338982974e+03
1.052436158192090488e+03
1.051345762711864381e+03
1.050326553672316550e+03
1.049374011299435097e+03
1.048507344632768309e+03
1.047732203389830829e+03
1.047011299435028377e+03
1.046379661016949285e+03
1.045820338983050988e+03
1.045343502824858888e+03
1.044927683615819205e+03
1.044597740112994416e+03
1.044350282485875596e+03
1.044184180790960454e+03
1.044120903954802088e+03
1.044172881355932077e+03
1.044336723163841725e+03
1.044641807909604722e+03
1.045103954802259977e+03
1.045712994350282770e+03
1.046470056497175165e+03
1.047407909604519773e+03
1.048499435028248627e+03
1.049746892655367219e+03
1.051112994350282406e+03
1.052620338983050942e+03
1.054233898305084949e+03
1.055679096045197639e+03
1.056958192090395642e+03
1.058049717514124495e+03
1.058964971751412577e+03
1.059687005649717548e+03
1.060214689265536890e+03
1.060542372881356187e+03
1.060682485875706334e+03
1.060638418079096027e+03
1.060416949152542657e+03
1.060027118644067741e+03
1.059482485875706288e+03
1.058787570621469058e+03
1.057943502824859024e+03
1.056951412429378706e+03
1.055827118644067923e+03
1.054571751412429649e+03
1.053198870056497299e+03
1.051702824858757140e+03
1.050270056497175347e+03
1.048953672316384427e+03
1.047755932203389875e+03
1.046682485875706334e+03
1.045750282485875914e+03
1.044968361581921272e+03
1.044312994350282679e+03
1.043803389830508650e+03
1.043416949152542657e+03
1.043189830508474870e+03
1.043085875706214892e+03
1.043091525423729081e+03
1.043205649717514461e+03
1.043409039548022974e+03
1.043709604519774302e+03
1.044116384180791329e+03
1.044602259887005857e+03
1.045176271186440772e+03
1.045853107344632917e+03
1.046581920903955051e+03
1.047431638418079274e+03
1.048360451977401226e+03
1.049377401129943792e+03
1.050456497175141294e+03
1.051607909604520046e+03
1.052812429378531306e+03
1.054076836158192236e+03
1.055375141242938071e+03
1.056715254237288264e+03
1.058072316384180795e+03
1.059441807909604904e+03
1.060807909604519864e+03
1.062168361581921090e+03
1.063329943502825017e+03
1.064248587570621567e+03
1.064905084745762906e+03
1.065285875706214711e+03
1.065383050847457753e+03
1.065202259887005766e+03
1.064729943502824881e+03
1.063967231638418070e+03
1.062911864406779841e+03
1.061601129943503111e+03
1.060261016949152690e+03
1.058924293785310965e+03
1.057588700564971987e+03
1.056281355932203496e+03
1.055030508474576436e+03
1.053811299435028559e+03
1.052657627118644314e+03
1.051574011299435369e+03
1.050566101694915687e+03
1.049636158192090534e+03
1.048767231638418252e+03
1.047996610169491760e+03
1.047308474576271465e+03
1.046685875706215029e+03
1.046112994350282861e+03
1.045628248587570852e+03
1.045215819209039637e+03
1.044888135593220341e+03
1.044631638418079092e+03
1.044473446327683632e+03
1.044407909604519773e+03
1.044467796610169898e+03
1.044649717514124404e+03
1.044969491525424019e+03
1.045449717514124586e+03
1.046084745762711918e+03
1.046876836158192418e+03
1.047836158192090579e+03
1.048946892655367492e+03
1.050203389830508968e+03
1.051596610169491669e+03
1.053108474576271419e+03
1.054728813559322134e+03
1.056237288135593417e+03
1.057553672316384336e+03
1.058677966101695120e+03
1.059611299435028286e+03
1.060344632768361862e+03
1.060883615819209354e+03
1.061227118644068014e+03
1.061397740112994597e+03
1.061350282485876050e+03
1.061148022598870284e+03
1.060769491525424201e+03
1.060223728813559774e+03
1.059520903954802634e+03
1.058675706214689399e+03
1.057688135593220522e+03
1.056552542372881589e+03
1.055288135593220431e+03
1.053870056497175256e+03
1.052429378531073553e+03
1.051090395480226107e+03
1.049858757062147106e+03
1.048763841807909557e+03
1.047809039548022611e+03
1.046972881355932259e+03
1.046290395480226152e+03
1.045731073446327855e+03
1.045325423728813576e+03
1.045070056497175301e+03
1.044934463276836141e+03
1.044929943502825154e+03
1.045039548022599092e+03
1.045263276836158411e+03
1.045578531073446356e+03
1.045987570621469104e+03
1.046481355932203542e+03
1.047079096045197957e+03
1.047763841807910012e+03
1.048551412429378615e+03
1.049430508474576527e+03
1.050400000000000091e+03
1.051442937853107424e+03
1.052593220338983201e+03
1.053812429378531306e+03
1.055107344632768672e+03
1.056441807909604904e+03
1.057845197740113235e+03
1.059282485875706470e+03
1.060743502824858979e+03
1.062242937853107605e+03
1.063751412429378888e+03
1.065273446327683814e+03
1.066598870056497390e+03
1.067684745762712055e+03
1.068528813559322316e+03
1.069097175141243042e+03
1.069380790960452032e+03
1.069379661016949285e+03
1.069083615819209172e+03
1.068493785310734438e+03
1.067616949152542475e+03
1.066458757062147015e+03
1.065023728813559501e+03
1.063540112994350466e+03
1.062065536723163859e+03
1.060629378531073598e+03
1.059209039548022702e+03
1.057855367231638411e+03
1.056546892655367401e+03
1.055319774011299614e+03
1.054177401129943746e+03
1.053097175141243042e+03
1.052100564971751510e+03
1.051184180790960681e+03
1.050363841807909694e+03
1.049614689265536981e+03
1.048946892655367265e+03
1.048357062146892986e+03
1.047847457627118729e+03
1.047414689265536936e+03
1.047053107344632735e+03
1.046792090395480272e+03
1.046615819209039728e+03
1.046552542372881589e+03
1.046613559322034007e+03
1.046819209039548241e+03
1.047171751412429330e+03
1.047689265536723269e+03
1.048362711864406947e+03
1.049197740112994325e+03
1.050190960451977389e+03
1.051355932203389784e+03
1.052663276836158275e+03
1.054100564971751282e+03
1.055661016949152554e+03
1.057319774011299614e+03
1.058825988700565176e+03
1.060125423728813530e+03
1.061233898305084722e+03
1.062131073446327719e+03
1.062838418079096073e+03
1.063328813559322043e+03
1.063628248587570852e+03
1.063736723163841816e+03
1.063653107344632645e+03
1.063381920903954779e+03
1.062935593220339115e+03
1.062336723163841725e+03
1.061570621468926674e+03
1.060648587570621658e+03
1.059575141242937889e+03
1.058354802259887038e+03
1.057010169491525630e+03
1.055527683615819342e+03
1.054046327683616028e+03
1.052664406779661022e+03
1.051409039548022520e+03
1.050274576271186561e+03
1.049281355932203496e+03
1.048409039548022520e+03
1.047665536723163996e+03
1.047063276836158366e+03
1.046612429378531033e+03
1.046293785310734620e+03
1.046103954802259977e+03
1.046035028248587878e+03
1.046055367231638684e+03
1.046189830508474643e+03
1.046398870056497344e+03
1.046727683615819387e+03
1.047135593220339160e+03
1.047648587570621658e+03
1.048248587570621567e+03
1.048940112994350329e+03
1.049710734463277049e+03
1.050587570621469013e+03
1.051550282485875869e+03
1.052580790960451850e+03
1.053698305084745698e+03
1.054862146892655346e+03
1.056097175141243042e+03
1.057364971751412440e+03
1.058679096045197639e+03
1.060024858757062248e+03
1.061370621468926629e+03
1.062736723163841816e+03
1.064099435028248536e+03
1.065385310734463246e+03
1.066429378531073326e+03
1.067190960451977389e+03
1.067699435028248672e+03
1.067914124293785335e+03
1.067838418079096073e+03
1.067473446327683632e+03
1.066812429378531078e+03
1.065854237288135664e+03
1.064616949152542475e+03
1.063267796610169626e+03
1.061899435028248718e+03
1.060563841807909739e+03
1.059244067796610125e+03
1.057961581920903882e+03
1.056749152542372940e+03
1.055597740112994416e+03
1.054522033898305153e+03
1.053524293785310874e+03
1.052611299435028286e+03
1.051758192090395369e+03
1.050993220338983065e+03
1.050296045197740114e+03
1.049672316384180931e+03
1.049138983050847628e+03
1.048680225988700613e+03
1.048306214689265516e+03
1.047987570621469104e+03
1.047775141242937934e+03
1.047645197740112962e+03
1.047627118644067878e+03
1.047715254237288264e+03
1.047943502824858797e+03
1.048291525423728899e+03
1.048804519774011396e+03
1.049467796610169444e+03
1.050306214689265744e+03
1.051306214689265516e+03
1.052459887005649762e+03
1.053786440677966311e+03
1.055229378531073507e+03
1.056814689265536799e+03
1.058510734463277004e+03
1.060161581920903927e+03
1.061629378531073598e+03
1.062919774011299523e+03
1.064013559322033871e+03
1.064903954802259705e+03
1.065598870056497162e+03
1.066090395480226107e+03
1.066381920903954779e+03
1.066493785310734438e+03
1.066427118644067832e+03
1.066195480225988831e+03
1.065797740112994234e+03
1.065237288135593190e+03
1.064505084745762815e+03
1.063620338983050715e+03
1.062596610169491441e+03
1.061433898305084767e+03
1.060144632768361589e+03
1.058716384180791010e+03
1.057168361581921090e+03
1.055755932203389875e+03
1.054454237288135573e+03
1.053289265536723178e+03
1.052251977401130034e+03
1.051345762711864609e+03
1.050589830508474506e+03
1.049995480225988786e+03
1.049534463276836050e+03
1.049201129943502792e+03
1.049003389830508468e+03
1.048916384180790828e+03
1.048941242937853076e+03
1.049067796610169580e+03
1.049288135593220431e+03
1.049623728813559410e+03
1.050063276836158366e+03
1.050595480225988695e+03
1.051227118644068014e+03
1.051968361581921044e+03
1.052804519774011396e+03
1.053729943502824881e+03
1.054754802259887128e+03
1.055837288135593099e+03
1.057012429378531124e+03
1.058264406779661158e+03
1.059563841807909739e+03
1.060910734463277095e+03
1.062305084745762770e+03
1.063705084745762861e+03
1.065151412429378524e+03
1.066590960451977253e+03
1.068039548022598865e+03
1.069319774011299387e+03
1.070351412429378570e+03
1.071117514124293848e+03
1.071625988700565131e+03
1.071839548022598819e+03
1.071774011299434960e+03
1.071444067796610170e+03
1.070802259887005675e+03
1.069874576271186470e+03
1.068696045197740204e+03
1.067259887005649716e+03
1.065764971751412531e+03
1.064280225988700749e+03
1.062818079096045267e+03
1.061401129943502838e+03
1.060045197740113053e+03
1.058740112994350511e+03
1.057496045197740159e+03
1.056338983050847673e+03
1.055256497175141249e+03
1.054247457627118592e+03
1.053324293785310601e+03
1.052457627118644041e+03
1.051683615819209081e+03
1.050976271186440727e+03
1.050335593220338978e+03
1.049775141242937934e+03
1.049283615819208990e+03
1.048897175141242769e+03
1.048594350282485948e+03
1.048413559322033962e+03
1.048338983050847673e+03
1.048410169491525721e+03
1.048621468926553689e+03
1.048983050847457662e+03
1.049503954802259841e+03
1.050211299435028195e+03
1.051076836158192009e+03
1.052106214689265471e+03
1.053287005649717685e+03
1.054590960451977480e+03
1.056027118644067968e+03
1.057561581920904018e+03
1.059046327683615800e+03
1.060368361581920908e+03
1.061489265536723224e+03
1.062421468926553644e+03
1.063164971751412622e+03
1.063705084745762633e+03
1.064054237288135482e+03
1.064189830508474643e+03
1.064167231638418116e+03
1.063969491525424019e+03
1.063598870056497162e+03
1.063054237288135710e+03
1.062362711864406947e+03
1.061509604519774257e+03
1.060519774011299660e+03
1.059379661016949285e+03
1.058083615819209172e+03
1.056670056497175210e+03
1.055215819209039637e+03
1.053868926553672281e+03
1.052625988700565131e+03
1.051517514124293939e+03
1.050528813559322316e+03
1.049661016949152781e+03
1.048942372881356050e+03
1.048353672316384291e+03
1.047911864406779841e+03
1.047598870056497390e+03
1.047398870056497344e+03
1.047322033898305108e+03
1.047359322033898479e+03
1.047489265536723451e+03
1.047716384180791010e+03
1.048051977401129989e+03
1.048468926553672418e+03
1.048990960451977571e+03
1.049588700564971987e+03
1.050284745762711736e+03
1.051085875706214665e+03
1.051955932203389921e+03
1.052918644067796549e+03
1.053963841807909603e+03
1.055075706214689262e+03
1.056255367231638502e+03
1.057499435028248627e+03
1.058787570621469058e+03
1.060129943502824972e+03
1.061493785310734665e+03
1.062884745762712100e+03
1.064288135593220431e+03
1.065705084745762633e+03
1.067096045197740295e+03
1.068358192090395505e+03
1.069344632768361635e+03
1.070059887005649671e+03
1.070508474576271055e+03
1.070642937853107242e+03
1.070487005649717503e+03
1.070035028248587423e+03
1.069268926553672372e+03
1.068236158192090443e+03
1.066927683615819205e+03
1.065451977401130080e+03
1.063980790960451941e+03
1.062534463276836050e+03
1.061099435028248536e+03
1.059731073446327628e+03
1.058398870056497117e+03
1.057146892655367310e+03
1.055966101694915324e+03
1.054856497175141158e+03
1.053846327683615755e+03
1.052887005649717594e+03
1.052004519774011214e+03
1.051189830508474643e+03
1.050475706214689126e+03
1.049814689265536572e+03
1.049235028248587696e+03
1.048731073446327628e+03
1.048319774011299387e+03
1.047981920903954915e+03
1.047754802259887128e+03
1.047654237288135391e+03
1.047680225988700386e+03
1.047849717514124222e+03
1.048167231638417888e+03
1.048649717514124177e+03
1.049300564971751555e+03
1.050125423728813530e+03
1.051100564971751282e+03
1.052224858757062066e+03
1.053507344632768309e+03
1.054922033898305017e+03
1.056450847457627106e+03
1.058088135593220159e+03
1.059797740112994234e+03
1.061332203389830283e+03
1.062658757062146833e+03
1.063802259887005675e+03
1.064725423728813439e+03
1.065488135593220250e+03
1.066046327683615573e+03
1.066411299435028013e+03
1.066599999999999909e+03
1.066636158192090079e+03
1.066475706214689126e+03
1.066152542372881271e+03
1.065677966101694892e+03
1.065055367231638229e+03
1.064272316384180613e+03
1.063338983050847219e+03
1.062270056497175119e+03
1.061054237288135482e+03
1.059688135593220068e+03
1.058322033898304880e+03
1.057053107344632735e+03
1.055917514124293575e+03
1.054897175141242769e+03
1.054019209039547832e+03
1.053266666666666424e+03
1.052651977401129898e+03
1.052172881355932077e+03
1.051811299435028104e+03
1.051585310734463292e+03
1.051473446327683405e+03
1.051471186440677911e+03
1.051575141242937661e+03
1.051763841807909557e+03
1.052038418079096118e+03
1.052402259887005584e+03
1.052855367231638184e+03
1.053416949152542202e+03
1.054072316384180567e+03
1.054802259887005448e+03
1.055627118644067650e+03
1.056550282485875414e+03
1.057533333333333076e+03
1.058593220338982974e+03
1.059725423728813439e+03
1.060911864406779387e+03
1.062151412429378297e+03
1.063430508474576072e+03
1.064738983050847310e+03
1.066050847457626787e+03
1.067384180790960272e+03
1.068717514124293757e+03
1.070028248587570488e+03
1.071087005649717412e+03
1.071897175141242769e+03
1.072421468926553644e+03
1.072689265536722814e+03
1.072663276836157820e+03
1.072348022598869875e+03
1.071743502824858751e+03
1.070864406779660840e+03
1.069724293785310692e+03
1.068311864406779478e+03
1.066893785310734529e+03
1.065476836158191873e+03
1.064102824858756776e+03
1.062766101694915051e+03
1.061482485875706061e+03
1.060249717514124086e+03
1.059096045197739841e+03
1.058015819209039364e+03
1.057003389830508240e+03
1.056071186440677820e+03
1.055216949152542156e+03
1.054446327683615436e+03
1.053741242937852803e+03
1.053114124293785153e+03
1.052563841807909284e+03
1.052084745762711464e+03
1.051674576271186197e+03
1.051352542372881089e+03
1.051125423728813303e+03
1.051007909604519455e+03
1.051006779661016708e+03
1.051140112994350147e+03
1.051436158192090261e+03
1.051862146892655346e+03
1.052468926553672190e+03
1.053233898305084494e+03
1.054152542372881271e+03
1.055237288135593190e+03
1.056451977401129852e+03
1.057811299435028104e+03
1.059302824858757049e+03
1.060898305084745516e+03
1.062399999999999636e+03
1.063734463276835868e+03
1.064880225988700431e+03
1.065845197740112781e+03
1.066619209039547968e+03
1.067195480225988604e+03
1.067575141242937661e+03
1.067772881355932213e+03
1.067802259887005675e+03
1.067640677966101748e+03
1.067315254237288173e+03
1.066825988700565176e+03
1.066194350282485857e+03
1.065387570621468967e+03
1.064446327683615664e+03
1.063371751412429376e+03
1.062151412429378524e+03
1.060810169491525357e+03
1.059323163841807855e+03
1.057863276836158093e+03
1.056526553672316368e+03
1.055303954802259796e+03
1.054203389830508513e+03
1.053220338983050624e+03
1.052389830508474461e+03
1.051684745762711827e+03
1.051109604519773711e+03
1.050663276836158047e+03
1.050350282485875596e+03
1.050152542372881271e+03
1.050055367231638229e+03
1.050070056497175074e+03
1.050168361581920635e+03
1.050378531073446084e+03
1.050654237288135391e+03
1.051044067796609852e+03
1.051531073446327582e+03
1.052101694915254029e+03
1.052767231638417798e+03
1.053506214689265562e+03
1.054348022598869875e+03
1.055272316384180613e+03
1.056259887005649489e+03
1.057314124293784971e+03
1.058437288135593008e+03
1.059620338983050715e+03
1.060848587570621476e+03
1.062110734463276913e+03
1.063398870056497117e+03
1.064700564971751191e+03
1.065995480225988558e+03
1.067310734463276731e+03
1.068471186440677911e+03
1.069393220338982928e+03
1.070038418079096118e+03
1.070427118644067832e+03
1.070532203389830556e+03
1.070332203389830283e+03
1.069847457627118729e+03
1.069084745762711918e+03
1.068033898305084676e+03
1.066723163841807946e+03
1.065320903954802361e+03
1.063933333333333394e+03
1.062562711864406538e+03
1.061218079096045130e+03
1.059901694915254211e+03
1.058658757062146833e+03
1.057470056497174937e+03
1.056335593220338978e+03
1.055291525423728672e+03
1.054315254237288173e+03
1.053409039548022520e+03
1.052580790960451850e+03
1.051810169491525357e+03
1.051141242937853121e+03
1.050517514124293939e+03
1.049952542372881453e+03
1.049467796610169444e+03
1.049064406779660885e+03
1.048744632768361498e+03
1.048528813559321861e+03
1.048414689265536708e+03
1.048410169491525494e+03
1.048562711864406765e+03
1.048857627118643904e+03
1.049301694915254302e+03
1.049901694915254211e+03
1.050674576271186424e+03
1.051596610169491214e+03
1.052663276836158047e+03
1.053898305084745516e+03
1.055253107344632554e+03
1.056722033898304971e+03
1.058279096045197548e+03
1.059936723163841634e+03
1.061405649717514052e+03
1.062703954802259886e+03
1.063804519774011169e+03
1.064722033898304971e+03
1.065421468926553644e+03
1.065950282485875505e+03
1.066294915254236912e+03
1.066456497175141067e+03
1.066440677966101248e+03
1.066263276836157956e+03
1.065934463276836141e+03
1.065433898305084540e+03
1.064787570621468603e+03
1.063997740112994052e+03
1.063081355932203223e+03
1.062007909604519455e+03
1.060803389830508422e+03
1.059431638418079046e+03
1.058108474576270964e+03
1.056902824858756958e+03
1.055799999999999955e+03
1.054832768361581657e+03
1.053992090395480318e+03
1.053303954802259796e+03
1.052736723163841816e+03
1.052317514124293666e+03
1.052010169491525176e+03
1.051827118644067696e+03
1.051770621468926493e+03
1.051803389830508422e+03
1.051950282485875505e+03
1.052181920903954733e+03
1.052501694915254120e+03
1.052926553672316231e+03
1.053446327683615664e+03
1.054056497175141203e+03
1.054751412429378433e+03
1.055538983050847492e+03
1.056406779661017026e+03
1.057363841807909466e+03
1.058406779661017026e+03
1.059531073446327810e+03
1.060702824858757140e+03
1.061928813559321952e+03
1.063224858757062066e+03
1.064552542372881362e+03
1.065900564971751464e+03
1.067275706214689308e+03
1.068674576271186424e+03
1.070064406779661113e+03
1.071444067796610170e+03
1.072632768361581839e+03
1.073557062146892804e+03
1.074237288135593190e+03
1.074616949152542475e+03
1.074724293785310692e+03
1.074562711864406765e+03
1.074122033898305062e+03
1.073379661016949285e+03
1.072381920903954779e+03
1.071131073446327719e+03
1.069693785310734484e+03
1.068272316384180613e+03
1.066870056497175028e+03
1.065508474576271055e+03
1.064186440677966175e+03
1.062935593220338887e+03
1.061744632768361498e+03
1.060644067796610216e+03
1.059611299435028286e+03
1.058661016949152554e+03
1.057783050847457616e+03
1.056984180790960636e+03
1.056266666666666879e+03
1.055602259887005857e+03
1.055032768361581930e+03
1.054550282485875869e+03
1.054125423728813530e+03
1.053786440677966311e+03
1.053555932203389830e+03
1.053414689265536708e+03
1.053392090395480182e+03
1.053507344632768309e+03
1.053768361581920999e+03
1.054179661016949012e+03
1.054763841807909557e+03
1.055514124293785244e+03
1.056410169491525494e+03
1.057470056497175165e+03
1.058677966101694892e+03
1.060014689265536617e+03
1.061472316384180886e+03
1.063035028248587651e+03
1.064574011299435142e+03
1.065929943502824699e+03
1.067127683615819251e+03
1.068120903954802316e+03
1.068937853107344836e+03
1.069532203389830556e+03
1.069959322033898388e+03
1.070178531073446266e+03
1.070235028248587696e+03
1.070107344632768218e+03
1.069806779661017117e+03
1.069357062146892758e+03
1.068731073446327628e+03
1.067958192090395642e+03
1.067053107344632735e+03
1.066002259887005721e+03
1.064803389830508422e+03
1.063475706214689126e+03
1.061989830508474597e+03
1.060550282485875869e+03
1.059225988700565040e+03
1.058009039548022656e+03
1.056915254237288082e+03
1.055959322033898388e+03
1.055132203389830693e+03
1.054432768361582021e+03
1.053877966101694938e+03
1.053455367231638547e+03
1.053160451977401181e+03
1.052985310734463383e+03
1.052916384180791056e+03
1.052950282485875960e+03
1.053085875706214665e+03
1.053307344632768491e+03
1.053639548022598774e+03
1.054055367231638456e+03
1.054552542372881362e+03
1.055144632768361589e+03
1.055832768361582112e+03
1.056616949152542475e+03
1.057477966101695074e+03
1.058418079096045403e+03
1.059440677966101703e+03
1.060533333333333303e+03
1.061687005649717548e+03
1.062892655367231782e+03
1.064145762711864336e+03
1.065439548022598956e+03
1.066748022598870193e+03
1.068077966101694983e+03
1.069397740112994370e+03
1.070738983050847310e+03
1.071911864406779387e+03
1.072822598870056481e+03
1.073482485875706061e+03
1.073855367231638411e+03
1.073945762711864518e+03
1.073745762711864472e+03
1.073240677966101885e+03
1.072458757062146788e+03
1.071390960451977662e+03
1.070044067796610307e+03
1.068638418079096027e+03
1.067238418079096164e+03
1.065849717514124222e+03
1.064500564971751373e+03
1.063193220338983110e+03
1.061944632768361771e+03
1.060741242937853258e+03
1.059611299435028286e+03
1.058554802259887083e+03
1.057571751412429421e+03
1.056677966101694892e+03
1.055839548022599047e+03
1.055083615819209172e+03
1.054397740112994370e+03
1.053777401129943655e+03
1.053240677966101885e+03
1.052771751412429467e+03
1.052389830508474461e+03
1.052093785310734347e+03
1.051894915254237503e+03
1.051805649717514370e+03
1.051837288135593326e+03
1.052002259887005721e+03
1.052322033898305108e+03
1.052794350282485993e+03
1.053429378531073780e+03
1.054225988700565267e+03
1.055177401129943519e+03
1.056289265536723633e+03
1.057551412429378615e+03
1.058944632768361771e+03
1.060453107344632826e+03
1.062049717514124495e+03
1.063683615819209081e+03
1.065133333333333439e+03
1.066390960451977662e+03
1.067473446327683632e+03
1.068344632768361635e+03
1.069022598870056754e+03
1.069498305084745880e+03
1.069792090395480272e+03
1.069901694915254211e+03
1.069833898305084858e+03
1.069604519774011351e+03
1.069204519774011260e+03
1.068646327683615937e+03
1.067923163841807991e+03
1.067049717514124495e+03
1.066042937853107333e+03
1.064899435028248718e+03
1.063589830508474734e+03
1.062120903954802543e+03
1.060743502824858751e+03
1.059472316384180886e+03
1.058316384180790919e+03
1.057298305084745607e+03
1.056413559322033962e+03
1.055654237288135619e+03
1.055040677966102066e+03
1.054559322033898297e+03
1.054211299435028195e+03
1.053975141242937980e+03
1.053859887005649853e+03
1.053858757062147106e+03
1.053950282485875960e+03
1.054136723163841907e+03
1.054428248587570579e+03
1.054811299435028332e+03
1.055274576271186561e+03
1.055833898305084858e+03
1.056493785310734665e+03
1.057244067796610352e+03
1.058073446327683769e+03
1.058992090395480318e+03
1.059995480225988786e+03
1.061080225988700704e+03
1.062215819209039637e+03
1.063413559322034189e+03
1.064658757062147288e+03
1.065950282485875960e+03
1.067276836158192282e+03
1.068627118644068105e+03
1.069990960451977571e+03
1.071351412429378797e+03
1.072706214689265835e+03
1.073857627118644359e+03
1.074751412429378661e+03
1.075377401129943792e+03
1.075723163841808173e+03
1.075777401129943655e+03
1.075557062146892804e+03
1.075038418079096118e+03
1.074245197740113326e+03
1.073180790960452214e+03
1.071839548022599047e+03
1.070383050847457980e+03
1.068944632768361771e+03
1.067528813559322316e+03
1.066169491525424064e+03
1.064848587570621703e+03
1.063576271186440863e+03
1.062368361581921135e+03
1.061242937853107378e+03
1.060194350282486084e+03
1.059229378531073735e+03
1.058325423728813803e+03
1.057512994350282497e+03
1.056767231638418252e+03
1.056111864406779887e+03
1.055531073446327810e+03
1.055022598870056527e+03
1.054575141242938116e+03
1.054244067796610352e+03
1.053989830508474824e+03
1.053857627118644359e+03
1.053825988700565176e+03
1.053944632768361771e+03
1.054209039548022702e+03
1.054614689265536981e+03
1.055178531073446266e+03
1.055911864406779841e+03
1.056821468926553734e+03
1.057865536723164041e+03
1.059082485875706425e+03
1.060421468926553644e+03
1.061905084745762906e+03
1.063488135593220477e+03
1.065158192090395460e+03
1.066685875706214574e+03
1.068020338983050806e+03
1.069181920903954961e+03
1.070145762711864336e+03
1.070893785310734529e+03
1.071468926553672418e+03
1.071853107344632917e+03
1.072047457627118547e+03
1.072061016949152645e+03
1.071894915254237503e+03
1.071571751412429421e+03
1.071079096045197730e+03
1.070406779661017026e+03
1.069603389830508604e+03
1.068650847457627151e+03
1.067534463276836277e+03
1.066284745762711964e+03
1.064891525423728808e+03
1.063432768361582021e+03
1.062073446327683541e+03
1.060836158192090352e+03
1.059722033898305199e+03
1.058748022598870193e+03
1.057894915254237276e+03
1.057186440677965948e+03
1.056607909604519818e+03
1.056171751412429330e+03
1.055857627118644359e+03
1.055666666666666970e+03
1.055596610169491669e+03
1.055627118644067878e+03
1.055762711864406810e+03
1.055988700564971850e+03
1.056310734463276731e+03
1.056741242937853258e+03
1.057257627118644223e+03
1.057868926553672509e+03
1.058587570621469240e+03
1.059387570621468967e+03
1.060273446327683814e+03
1.061251977401130034e+03
1.062331073446327537e+03
1.063458757062147015e+03
1.064680225988700613e+03
1.065936723163841862e+03
1.067258757062146969e+03
1.068611299435028286e+03
1.069993220338983065e+03
1.071401129943502838e+03
1.072827118644067923e+03
1.074253107344633008e+03
1.075570621468926674e+03
1.076636158192090534e+03
1.077446327683615891e+03
1.077969491525424019e+03
1.078194350282486084e+03
1.078144632768361589e+03
1.077796610169491942e+03
1.077159322033898661e+03
1.076237288135593417e+03
1.075029378531073689e+03
1.073568361581921181e+03
1.072049717514124495e+03
1.070548022598870375e+03
1.069068926553672554e+03
1.067644067796610216e+03
1.066265536723163905e+03
1.064967231638418298e+03
1.063727683615819387e+03
1.062559322033898297e+03
1.061484745762712009e+03
1.060472316384180886e+03
1.059534463276836277e+03
1.058699435028248899e+03
1.057920903954802498e+03
1.057231638418079228e+03
1.056607909604520046e+03
1.056094915254237549e+03
1.055631638418079092e+03
1.055271186440678093e+03
1.055015819209039819e+03
1.054863276836158548e+03
1.054847457627118729e+03
1.054949152542373213e+03
1.055225988700565267e+03
1.055662146892655528e+03
1.056253107344633008e+03
1.057020338983051261e+03
1.057955932203390148e+03
1.059047457627119002e+03
1.060289265536723406e+03
1.061658757062147288e+03
1.063155932203389966e+03
1.064763841807910012e+03
1.066455367231638775e+03
1.068006779661017163e+03
1.069377401129943792e+03
1.070541242937853440e+03
1.071517514124293939e+03
1.072274576271186561e+03
1.072841807909604768e+03
1.073221468926553825e+03
1.073406779661017254e+03
1.073420338983051124e+03
1.073242937853107378e+03
1.072911864406779841e+03
1.072381920903955233e+03
1.071696045197740204e+03
1.070849717514124677e+03
1.069858757062147106e+03
1.068719774011299705e+03
1.067418079096045403e+03
1.065976271186440954e+03
1.064496045197740386e+03
1.063132203389830693e+03
1.061896045197740477e+03
1.060775141242937934e+03
1.059787570621469058e+03
1.058934463276836595e+03
1.058218079096045585e+03
1.057642937853107469e+03
1.057205649717514234e+03
1.056881355932203405e+03
1.056675706214689399e+03
1.056590960451977480e+03
1.056611299435028513e+03
1.056722033898305426e+03
1.056938983050847582e+03
1.057253107344633008e+03
1.057680225988700840e+03
1.058196610169491805e+03
1.058813559322034052e+03
1.059526553672316368e+03
1.060351412429378797e+03
1.061257627118644223e+03
1.062248587570621567e+03
1.063318644067796868e+03
1.064459887005649762e+03
1.065681355932203587e+03
1.066948022598870011e+03
1.068275706214689308e+03
1.069630508474576345e+03
1.071010169491525630e+03
1.072422598870056618e+03
1.073825988700565176e+03
1.075231638418079228e+03
1.076483615819209035e+03
1.077485875706214756e+03
1.078197740112994325e+03
1.078645197740112962e+03
1.078792090395480500e+03
1.078665536723163768e+03
1.078235028248587696e+03
1.077527683615819342e+03
1.076532203389830556e+03
1.075254237288135755e+03
1.073735593220339069e+03
1.072224858757062293e+03
1.070757062146892849e+03
1.069316384180791147e+03
1.067931073446327900e+03
1.066589830508474734e+03
1.065342372881356141e+03
1.064141242937853349e+03
1.063032768361581930e+03
1.062004519774011442e+03
1.061050847457627242e+03
1.060186440677966175e+03
1.059379661016949285e+03
1.058676836158192145e+03
1.058045197740113053e+03
1.057491525423728945e+03
1.057011299435028377e+03
1.056624858757062157e+03
1.056349152542373076e+03
1.056159322033898434e+03
1.056117514124293848e+03
1.056205649717514461e+03
1.056436158192090716e+03
1.056827118644067923e+03
1.057395480225989104e+03
1.058120903954802543e+03
1.059003389830508695e+03
1.060057627118644177e+03
1.061264406779661385e+03
1.062621468926553916e+03
1.064102824858757231e+03
1.065705084745763088e+03
1.067424858757062339e+03
1.069062146892655619e+03
1.070532203389830784e+03
1.071772881355932441e+03
1.072839548022599047e+03
1.073705084745762861e+03
1.074378531073446538e+03
1.074844067796610489e+03
1.075123163841808037e+03
1.075212429378531169e+03
1.075107344632768218e+03
1.074845197740113008e+03
1.074412429378531215e+03
1.073812429378531306e+03
1.073051977401130216e+03
1.072133333333333439e+03
1.071058757062146924e+03
1.069831638418079137e+03
1.068453107344632826e+03
1.066912994350282588e+03
1.065413559322033962e+03
1.064018079096045312e+03
1.062750282485875687e+03
1.061610169491525539e+03
1.060613559322034007e+03
1.059749152542372940e+03
1.059030508474576209e+03
1.058436158192090261e+03
1.057983050847457434e+03
1.057654237288135391e+03
1.057424858757061884e+03
1.057322033898305108e+03
1.057302824858757049e+03
1.057399999999999864e+03
1.057589830508474506e+03
1.057877966101694710e+03
1.058248587570621567e+03
1.058724293785310692e+03
1.059306214689265289e+03
1.059976271186440499e+03
1.060741242937853258e+03
1.061612429378531033e+03
1.062548022598869920e+03
1.063572881355932168e+03
1.064653107344632645e+03
1.065815819209039546e+03
1.067022598870056299e+03
1.068279096045197775e+03
1.069581920903954597e+03
1.070906214689265425e+03
1.072259887005649489e+03
1.073601129943502656e+03
1.074957062146892440e+03
1.076274576271186561e+03
1.077324293785310601e+03
1.078105084745762724e+03
1.078605649717514098e+03
1.078813559322034052e+03
1.078741242937853258e+03
1.078362711864406720e+03
1.077689265536723269e+03
1.076748022598870193e+03
1.075540112994350238e+03
1.074076836158192236e+03
1.072560451977401044e+03
1.071063276836158366e+03
1.069607909604520046e+03
1.068193220338983110e+03
1.066821468926553734e+03
1.065517514124293939e+03
1.064284745762711964e+03
1.063119774011299569e+03
1.062023728813559501e+03
1.061010169491525630e+03
1.060063276836158366e+03
1.059190960451977617e+03
1.058411299435028468e+03
1.057682485875706334e+03
1.057023728813559501e+03
1.056463276836158229e+03
1.055989830508474824e+03
1.055610169491525539e+03
1.055348022598870102e+03
1.055189830508474643e+03
1.055189830508474643e+03
1.055328813559322043e+03
1.055629378531073598e+03
1.056093785310734575e+03
1.056727683615819387e+03
1.057523163841808127e+03
1.058484745762712009e+03
1.059594350282485721e+03
1.060814689265536799e+03
1.062179661016949012e+03
1.063653107344632645e+03
1.065215819209039637e+03
1.066854237288135664e+03
1.068369491525423655e+03
1.069708474576271328e+03
1.070859887005649853e+03
1.071822598870056481e+03
1.072587570621469013e+03
1.073167231638417888e+03
1.073566101694915233e+03
1.073781920903954870e+03
1.073827118644067923e+03
1.073699435028248445e+03
1.073402259887005584e+03
1.072959322033898388e+03
1.072349152542372849e+03
1.071581920903954824e+03
1.070687005649717548e+03
1.069624858757062157e+03
1.068413559322033962e+03
1.067029378531073462e+03
1.065732203389830602e+03
1.064536723163841998e+03
1.063483615819209035e+03
1.062543502824858933e+03
1.061741242937853258e+03
1.061080225988700704e+03
1.060550282485875869e+03
1.060136723163841907e+03
1.059858757062146879e+03
1.059682485875706334e+03
1.059625988700564903e+03
1.059671186440677957e+03
1.059805649717514143e+03
1.060054237288135482e+03
1.060389830508474461e+03
1.060813559322033825e+03
1.061331073446327537e+03
1.061952542372881453e+03
1.062663276836158275e+03
1.063476836158191873e+03
1.064372881355932122e+03
1.065372881355932122e+03
1.066446327683615891e+03
1.067586440677966038e+03
1.068801129943502929e+03
1.070079096045197730e+03
1.071389830508474461e+03
1.072752542372881408e+03
1.074155932203389966e+03
1.075575141242937661e+03
1.077018079096045085e+03
1.078441807909604449e+03
1.079776271186440681e+03
1.080850847457627196e+03
1.081671186440677957e+03
1.082206779661016981e+03
1.082461016949152508e+03
1.082427118644067832e+03
1.082106214689265471e+03
1.081489265536722996e+03
1.080580790960452077e+03
1.079400000000000091e+03
1.077983050847457434e+03
1.076362711864406720e+03
1.074754802259887128e+03
1.073177401129943519e+03
1.071658757062147060e+03
1.070177401129943746e+03
1.068763841807909557e+03
1.067415819209039682e+03
1.066146892655367537e+03
1.064943502824859024e+03
1.063812429378531306e+03
1.062771751412429467e+03
1.061812429378531306e+03
1.060929943502824926e+03
1.060116384180791101e+03
1.059371751412429603e+03
1.058719774011299478e+03
1.058168361581921090e+03
1.057705084745762861e+03
1.057346892655367355e+03
1.057106214689265698e+03
1.057003389830508695e+03
1.057037288135593371e+03
1.057239548022599138e+03
1.057606779661016844e+03
1.058146892655367310e+03
1.058850847457627196e+03
1.059715254237288264e+03
1.060748022598870193e+03
1.061933333333333394e+03
1.063265536723164132e+03
1.064706214689265607e+03
1.066258757062146969e+03
1.067889265536723087e+03
1.069516384180791192e+03
1.070957062146892895e+03
1.072195480225988831e+03
1.073257627118644223e+03
1.074109604519774166e+03
1.074775141242937934e+03
1.075240677966101885e+03
1.075520903954802407e+03
1.075619209039548423e+03
1.075525423728813621e+03
1.075272316384181067e+03
1.074851977401130171e+03
1.074258757062146742e+03
1.073501694915254120e+03
1.072607909604519818e+03
1.071534463276836277e+03
1.070307344632768491e+03
1.068903954802260159e+03
1.067414689265536936e+03
1.066031638418079183e+03
1.064755932203389875e+03
1.063580790960452077e+03
1.062552542372881362e+03
1.061662146892655528e+03
1.060890395480226061e+03
1.060233898305084949e+03
1.059709604519774075e+03
1.059307344632768491e+03
1.059019209039548059e+03
1.058830508474576163e+03
1.058727683615819160e+03
1.058712994350282543e+03
1.058796610169491487e+03
1.058985310734463383e+03
1.059253107344632554e+03
1.059625988700564903e+03
1.060084745762711918e+03
1.060641807909604722e+03
1.061281355932203496e+03
1.062010169491525630e+03
1.062836158192090352e+03
1.063735593220339069e+03
1.064684745762711827e+03
1.065712994350282543e+03
1.066787570621469058e+03
1.067908474576271146e+03
1.069057627118644177e+03
1.070249717514124313e+03
1.071461016949152736e+03
1.072668926553672463e+03
1.073868926553672281e+03
1.075087005649717412e+03
1.076161581920904155e+03
1.076979661016949194e+03
1.077506214689265789e+03
1.077746892655367446e+03
1.077698305084745925e+03
1.077353672316384291e+03
1.076728813559322134e+03
1.075822598870056481e+03
1.074648587570621658e+03
1.073232768361581975e+03
1.071813559322034052e+03
1.070429378531073780e+03
1.069059887005649898e+03
1.067751412429378661e+03
1.066492655367231691e+03
1.065285875706214938e+03
1.064161581920904155e+03
1.063099435028248536e+03
1.062110734463276913e+03
1.061202259887005766e+03
1.060367231638418161e+03
1.059594350282485948e+03
1.058915254237288309e+03
1.058290395480226152e+03
1.057737853107344790e+03
1.057263276836158184e+03
1.056876836158192191e+03
1.056577401129943610e+03
1.056392090395480409e+03
1.056343502824858888e+03
1.056413559322033962e+03
1.056638418079096027e+03
1.057009039548022656e+03
1.057549152542372894e+03
1.058258757062146969e+03
1.059124293785310783e+03
1.060152542372881499e+03
1.061322033898305108e+03
1.062630508474576345e+03
1.064076836158192236e+03
1.065623728813559410e+03
1.067271186440677866e+03
1.068997740112994506e+03
1.070546892655367174e+03
1.071918644067796549e+03
1.073105084745762724e+03
1.074098305084745789e+03
1.074902824858756958e+03
1.075528813559322089e+03
1.075979661016949194e+03
1.076239548022599138e+03
1.076335593220338978e+03
1.076244067796610125e+03
1.076014689265536617e+03
1.075601129943502656e+03
1.075039548022598865e+03
1.074343502824858660e+03
1.073496045197740159e+03
1.072490395480226198e+03
1.071351412429378797e+03
1.070047457627118547e+03
1.068603389830508604e+03
1.067267796610169626e+03
1.066054237288135482e+03
1.064981920903954688e+03
1.064020338983050806e+03
1.063200000000000045e+03
1.062525423728813621e+03
1.061971751412429512e+03
1.061531073446327810e+03
1.061206779661017208e+03
1.061005649717514189e+03
1.060905084745762906e+03
1.060898305084745971e+03
1.060985310734463383e+03
1.061192090395480363e+03
1.061468926553672418e+03
1.061862146892655574e+03
1.062345762711864609e+03
1.062926553672316459e+03
1.063605649717514098e+03
1.064376271186440817e+03
1.065244067796610125e+03
1.066178531073446266e+03
1.067214689265536890e+03
1.068314124293785426e+03
1.069481355932203314e+03
1.070705084745762633e+03
1.071978531073446447e+03
1.073273446327683587e+03
1.074607909604519818e+03
1.075943502824859024e+03
1.077298305084745834e+03
1.078661016949152781e+03
1.079859887005649853e+03
1.080786440677966311e+03
1.081457627118644041e+03
1.081849717514124222e+03
1.081970621468926538e+03
1.081810169491525357e+03
1.081364971751412668e+03
1.080650847457627151e+03
1.079690395480226016e+03
1.078463276836158229e+03
1.077000000000000000e+03
1.075463276836158229e+03
1.073933333333333394e+03
1.072466666666666697e+03
1.071027118644067741e+03
1.069656497175141340e+03
1.068343502824858888e+03
1.067082485875706425e+03
1.065914124293785335e+03
1.064812429378531306e+03
1.063815819209039546e+03
1.062873446327683723e+03
1.062007909604519682e+03
1.061209039548022702e+03
1.060496045197740386e+03
1.059857627118644359e+03
1.059292655367231873e+03
1.058838418079096300e+03
1.058477966101695074e+03
1.058228248587570761e+03
1.058099435028248536e+03
1.058138983050847401e+03
1.058302824858757276e+03
1.058631638418079092e+03
1.059133333333333212e+03
1.059806779661017117e+03
1.060625988700565131e+03
1.061611299435028286e+03
1.062746892655367446e+03
1.064020338983051033e+03
1.065400000000000091e+03
1.066897175141242997e+03
1.068474576271186379e+03
1.069955932203389921e+03
1.071259887005649716e+03
1.072374011299435097e+03
1.073310734463276958e+03
1.074065536723163859e+03
1.074622598870056663e+03
1.075004519774011442e+03
1.075210169491525448e+03
1.075241807909604631e+03
1.075085875706214665e+03
1.074778531073446402e+03
1.074298305084745834e+03
1.073681355932203587e+03
1.072893785310734529e+03
1.071971751412429512e+03
1.070908474576271146e+03
1.069692655367231737e+03
1.068312994350282679e+03
1.066874576271186470e+03
1.065544632768361680e+03
1.064316384180790919e+03
1.063222598870056572e+03
1.062236158192090443e+03
1.061390960451977435e+03
1.060688135593220295e+03
1.060090395480226107e+03
1.059616949152542475e+03
1.059264406779661158e+03
1.059028248587570715e+03
1.058874576271186470e+03
1.058835028248587605e+03
1.058889265536723315e+03
1.059037288135593371e+03
1.059267796610169626e+03
1.059612429378531033e+03
1.060032768361581930e+03
1.060550282485875869e+03
1.061166101694915369e+03
1.061872316384180976e+03
1.062664406779661022e+03
1.063533333333333303e+03
1.064483615819209263e+03
1.065514124293785471e+03
1.066600000000000136e+03
1.067749152542372940e+03
1.068935593220339115e+03
1.070158192090395460e+03
1.071418079096045403e+03
1.072679096045197866e+03
1.073953672316384427e+03
1.075244067796610352e+03
1.076524293785310874e+03
1.077611299435028286e+03
1.078433898305084767e+03
1.078976271186440954e+03
1.079246327683616073e+03
1.079201129943503020e+03
1.078874576271186470e+03
1.078259887005649944e+03
1.077368361581920908e+03
1.076221468926553825e+03
1.074795480225988740e+03
1.073334463276836232e+03
1.071907344632768400e+03
1.070498305084745880e+03
1.069141242937853349e+03
1.067850847457627424e+03
1.066601129943503111e+03
1.065416949152542657e+03
1.064317514124293893e+03
1.063283615819209217e+03
1.062315254237288173e+03
1.061427118644067832e+03
1.060610169491525539e+03
1.059859887005649853e+03
1.059189830508474643e+03
1.058579661016949558e+03
1.058065536723163859e+03
1.057622598870056663e+03
1.057290395480226152e+03
1.057054237288135710e+03
1.056929943502824926e+03
1.056936723163841862e+03
1.057097175141243042e+03
1.057400000000000091e+03
1.057850847457627424e+03
1.058482485875706288e+03
1.059270056497175119e+03
1.060228248587570761e+03
1.061326553672316550e+03
1.062561581920903791e+03
1.063928813559322180e+03
1.065396610169491851e+03
1.066959322033898388e+03
1.068609039548022793e+03
1.070248587570621567e+03
1.071717514124293757e+03
1.072993220338983065e+03
1.074074576271186515e+03
1.074981920903954915e+03
1.075692655367231737e+03
1.076201129943503020e+03
1.076536723163841998e+03
1.076685875706214802e+03
1.076663276836158275e+03
1.076468926553672645e+03
1.076120903954802316e+03
1.075596610169491669e+03
1.074929943502824926e+03
1.074107344632768445e+03
1.073111864406779887e+03
1.071974011299435006e+03
1.070667796610169717e+03
1.069296045197740114e+03
1.068041807909604813e+03
1.066894915254237276e+03
1.065881355932203405e+03
1.064993220338983065e+03
1.064233898305084949e+03
1.063604519774011351e+03
1.063105084745762724e+03
1.062725423728813439e+03
1.062466666666666697e+03
1.062308474576271237e+03
1.062259887005649716e+03
1.062322033898305335e+03
1.062471186440678139e+03
1.062701694915254393e+03
1.063041807909604586e+03
1.063467796610169444e+03
1.063998870056497253e+03
1.064623728813559410e+03
1.065344632768361635e+03
1.066145762711864563e+03
1.067047457627118774e+03
1.068016949152542566e+03
1.069071186440678048e+03
1.070201129943503020e+03
1.071369491525423882e+03
1.072609039548022793e+03
1.073887005649717594e+03
1.075206779661016753e+03
1.076534463276836277e+03
1.077890395480226061e+03
1.079246327683616073e+03
1.080604519774011351e+03
1.081790960451977526e+03
1.082706214689265835e+03
1.083355932203389784e+03
1.083732203389830829e+03
1.083828248587570670e+03
1.083638418079096027e+03
1.083167231638418116e+03
1.082407909604519773e+03
1.081393220338983156e+03
1.080107344632768445e+03
1.078584180790960545e+03
1.077056497175141430e+03
1.075562711864406765e+03
1.074107344632768218e+03
1.072694915254237458e+03
1.071348022598870102e+03
1.070080225988700477e+03
1.068862146892655346e+03
1.067726553672316413e+03
1.066665536723163768e+03
1.065675706214689399e+03
1.064770621468926493e+03
1.063934463276836141e+03
1.063181920903954961e+03
1.062499435028248627e+03
1.061894915254237276e+03
1.061385310734463474e+03
1.060966101694915324e+03
1.060649717514124177e+03
1.060448587570621385e+03
1.060375141242937843e+03
1.060458757062146788e+03
1.060685875706214574e+03
1.061066666666666606e+03
1.061633898305084585e+03
1.062352542372881317e+03
1.063250847457627060e+03
1.064290395480225925e+03
1.065483615819208808e+03
1.066816949152542293e+03
1.068275706214689308e+03
1.069836158192090352e+03
1.071505084745762588e+03
1.073059887005649671e+03
1.074413559322033962e+03
1.075589830508474506e+03
1.076572881355932168e+03
1.077353672316384291e+03
1.077948022598870011e+03
1.078355932203389784e+03
1.078592090395480227e+03
1.078650847457627151e+03
1.078529943502824835e+03
1.078238418079095936e+03
1.077785310734463110e+03
1.077185310734463201e+03
1.076420338983050897e+03
1.075505084745762815e+03
1.074438418079096209e+03
1.073220338983051079e+03
1.071856497175141385e+03
1.070346892655367355e+03
1.068960451977401135e+03
1.067679096045197639e+03
1.066522033898305153e+03
1.065496045197740159e+03
1.064593220338983201e+03
1.063825988700565176e+03
1.063196610169491578e+03
1.062672316384180931e+03
1.062272316384181067e+03
1.061986440677966129e+03
1.061793220338983247e+03
1.061701694915254393e+03
1.061706214689265835e+03
1.061809039548022838e+03
1.061997740112994506e+03
1.062291525423729126e+03
1.062681355932203587e+03
1.063159322033898661e+03
1.063725423728813894e+03
1.064394350282486130e+03
1.065155932203389966e+03
1.065995480225989013e+03
1.066916384180791056e+03
1.067905084745762906e+03
1.068957062146892895e+03
1.070049717514124495e+03
1.071221468926553825e+03
1.072422598870056845e+03
1.073666666666666970e+03
1.074910734463276867e+03
1.076162711864406901e+03
1.077435028248587514e+03
1.078711864406779796e+03
1.079759322033898570e+03
1.080540112994350466e+03
1.081049717514124495e+03
1.081264406779661385e+03
1.081181920903954961e+03
1.080819209039548241e+03
1.080180790960452214e+03
1.079272316384181067e+03
1.078068926553672327e+03
1.076642937853107469e+03
1.075185310734463201e+03
1.073754802259887128e+03
1.072341242937853167e+03
1.070975141242937752e+03
1.069641807909604722e+03
1.068376271186440590e+03
1.067194350282485857e+03
1.066070056497175301e+03
1.065016949152542566e+03
1.064041807909604813e+03
1.063151412429378524e+03
1.062335593220339206e+03
1.061597740112994416e+03
1.060917514124294030e+03
1.060327683615819296e+03
1.059811299435028559e+03
1.059392090395480409e+03
1.059076836158192236e+03
1.058864406779661294e+03
1.058766101694915506e+03
1.058807909604520091e+03
1.058990960451977571e+03
1.059320903954802361e+03
1.059819209039548241e+03
1.060485875706214756e+03
1.061310734463277186e+03
1.062300564971751555e+03
1.063459887005649762e+03
1.064735593220339069e+03
1.066151412429378524e+03
1.067679096045198094e+03
1.069301694915254529e+03
1.071004519774011442e+03
1.072641807909604722e+03
1.074090395480226334e+03
1.075369491525424110e+03
1.076429378531073780e+03
1.077316384180791374e+03
1.078018079096045312e+03
1.078529943502825063e+03
1.078848587570621930e+03
1.078986440677966357e+03
1.078941242937853531e+03
1.078728813559322134e+03
1.078342372881356141e+03
1.077795480225988968e+03
1.077089265536723360e+03
1.076228248587570761e+03
1.075209039548022929e+03
1.074033898305085131e+03
1.072670056497175437e+03
1.071227118644068014e+03
1.069894915254237731e+03
1.068689265536723497e+03
1.067592090395480682e+03
1.066615819209039728e+03
1.065788700564972032e+03
1.065101694915254484e+03
1.064536723163841998e+03
1.064099435028248990e+03
1.063788700564971805e+03
1.063577401129943610e+03
1.063474576271186606e+03
1.063468926553672645e+03
1.063584180790960545e+03
1.063795480225988740e+03
1.064093785310734575e+03
1.064512994350282497e+03
1.065016949152542566e+03
1.065633898305084813e+03
1.066353672316384291e+03
1.067161581920904155e+03
1.068056497175141430e+03
1.069050847457627242e+03
1.070136723163841907e+03
1.071303954802260250e+03
1.072519774011299660e+03
1.073800000000000182e+03
1.075138983050847401e+03
1.076518644067796686e+03
1.077923163841808218e+03
1.079367231638418161e+03
1.080810169491525585e+03
1.082267796610169626e+03
1.083630508474576345e+03
1.084744632768361953e+03
1.085589830508474734e+03
1.086155932203389966e+03
1.086428248587570806e+03
1.086409039548022747e+03
1.086096045197740295e+03
1.085506214689265562e+03
1.084645197740112962e+03
1.083507344632768309e+03
1.082132203389830465e+03
1.080511864406779750e+03
1.078870056497175256e+03
1.077263276836158184e+03
1.075714124293785517e+03
1.074212429378531169e+03
1.072781920903954870e+03
1.071427118644067832e+03
1.070138983050847628e+03
1.068926553672316459e+03
1.067803389830508422e+03
1.066760451977401317e+03
1.065781920903954870e+03
1.064891525423729036e+03
1.064082485875706425e+03
1.063346892655367355e+03
1.062717514124293757e+03
1.062163841807909648e+03
1.061729943502824881e+03
1.061424858757062339e+03
1.061241807909604631e+03
1.061189830508474643e+03
1.061311864406779478e+03
1.061603389830508604e+03
1.062065536723163859e+03
1.062684745762711827e+03
1.063474576271186379e+03
1.064436158192090261e+03
1.065535593220339024e+03
1.066785310734463337e+03
1.068171751412429330e+03
1.069665536723163996e+03
1.071255367231638502e+03
1.072935593220338887e+03
1.074485875706214756e+03
1.075838418079096300e+03
1.077012429378531124e+03
1.077996610169491532e+03
1.078776271186440681e+03
1.079363841807909466e+03
1.079764971751412304e+03
1.079988700564971623e+03
1.080018079096045312e+03
1.079879096045197457e+03
1.079563841807909512e+03
1.079074576271186288e+03
1.078429378531073326e+03
1.077611299435028286e+03
1.076650847457627151e+03
1.075514124293785244e+03
1.074239548022598683e+03
1.072783050847457616e+03
1.071351412429378570e+03
1.070037288135593371e+03
1.068832768361582112e+03
1.067763841807909557e+03
1.066823728813559228e+03
1.065998870056497253e+03
1.065307344632768263e+03
1.064749152542372940e+03
1.064299435028248581e+03
1.063957062146892895e+03
1.063732203389830374e+03
1.063601129943502883e+03
1.063575141242937889e+03
1.063646327683615709e+03
1.063822598870056481e+03
1.064093785310734347e+03
1.064474576271186379e+03
1.064948022598870011e+03
1.065516384180791192e+03
1.066193220338983110e+03
1.066959322033898388e+03
1.067797740112994461e+03
1.068725423728813439e+03
1.069727683615819160e+03
1.070812429378531078e+03
1.071942372881355823e+03
1.073135593220339160e+03
1.074389830508474461e+03
1.075670056497175210e+03
1.076975141242937752e+03
1.078293785310734620e+03
1.079630508474576345e+03
1.080968361581920817e+03
1.082172881355932304e+03
1.083126553672316277e+03
1.083776271186440681e+03
1.084159322033898434e+03
1.084239548022598910e+03
1.084029378531073689e+03
1.083528813559322316e+03
1.082726553672316413e+03
1.081653107344632872e+03
1.080331073446327991e+03
1.078793220338983247e+03
1.077275706214689308e+03
1.075785310734463337e+03
1.074345762711864381e+03
1.072938983050847582e+03
1.071593220338982974e+03
1.070311864406779705e+03
1.069105084745762724e+03
1.067981920903954915e+03
1.066928813559321952e+03
1.065961581920903882e+03
1.065074576271186515e+03
1.064263276836158184e+03
1.063516384180790965e+03
1.062870056497175256e+03
1.062290395480225925e+03
1.061795480225988740e+03
1.061396610169491396e+03
1.061116384180791101e+03
1.060969491525424019e+03
1.060948022598870011e+03
1.061063276836158366e+03
1.061338983050847446e+03
1.061790960451977298e+03
1.062395480225988649e+03
1.063192090395480136e+03
1.064126553672316277e+03
1.065229378531073507e+03
1.066476836158192100e+03
1.067868926553672281e+03
1.069366101694915415e+03
1.070969491525423791e+03
1.072670056497175210e+03
1.074428248587570579e+03
1.076001129943502747e+03
1.077377401129943564e+03
1.078570621468926674e+03
1.079576271186440636e+03
1.080389830508474688e+03
1.080992090395480318e+03
1.081419209039547923e+03
1.081654237288135619e+03
1.081705084745762633e+03
1.081590960451977253e+03
1.081287005649717457e+03
1.080847457627118729e+03
1.080210169491525448e+03
1.079435028248587741e+03
1.078497175141243133e+03
1.077407909604519773e+03
1.076133333333333212e+03
1.074679096045197866e+03
1.073210169491525448e+03
1.071855367231638411e+03
1.070619209039547968e+03
1.069499435028248627e+03
1.068511864406779750e+03
1.067653107344632645e+03
1.066929943502824699e+03
1.066337853107344699e+03
1.065857627118644132e+03
1.065494915254237185e+03
1.065235028248587696e+03
1.065077966101694756e+03
1.065018079096045312e+03
1.065048587570621521e+03
1.065189830508474643e+03
1.065430508474576072e+03
1.065792090395480045e+03
1.066238418079095936e+03
1.066798870056496980e+03
1.067456497175141067e+03
1.068212429378530942e+03
1.069038418079095891e+03
1.069974011299435006e+03
1.070995480225988558e+03
1.072089265536722905e+03
1.073233898305084949e+03
1.074435028248587514e+03
1.075697175141242951e+03
1.076983050847457662e+03
1.078299435028248581e+03
1.079638418079096027e+03
1.080997740112994279e+03
1.082354802259887038e+03
1.083524293785310647e+03
1.084448587570621385e+03
1.085088135593220159e+03
1.085429378531073326e+03
1.085490395480225970e+03
1.085262146892655437e+03
1.084732203389830374e+03
1.083926553672316459e+03
1.082865536723163814e+03
1.081535593220339024e+03
1.079979661016949194e+03
1.078363841807909466e+03
1.076770621468926493e+03
1.075212429378530942e+03
1.073718644067796731e+03
1.072283615819208990e+03
1.070912994350282588e+03
1.069604519774011351e+03
1.068371751412429376e+03
1.067227118644067787e+03
1.066142372881356096e+03
1.065132203389830693e+03
1.064213559322033916e+03
1.063344632768361862e+03
1.062579661016949103e+03
1.061888135593220341e+03
1.061294915254237367e+03
1.060805649717514370e+03
1.060416949152542202e+03
1.060168361581920863e+03
1.060055367231638456e+03
1.060096045197740068e+03
1.060294915254237367e+03
1.060672316384180931e+03
1.061205649717514234e+03
1.061903954802259705e+03
1.062776271186440681e+03
1.063809039548022611e+03
1.064969491525423791e+03
1.066262146892655437e+03
1.067683615819209081e+03
1.069198870056497299e+03
1.070788700564971805e+03
1.072455367231638320e+03
1.074005649717514189e+03
1.075385310734463246e+03
1.076554802259887083e+03
1.077532203389830556e+03
1.078338983050847446e+03
1.078952542372881453e+03
1.079372881355932350e+03
1.079616949152542475e+03
1.079690395480226016e+03
1.079575141242938116e+03
1.079303954802259796e+03
1.078858757062147106e+03
1.078246327683615846e+03
1.077472316384180886e+03
1.076545762711864427e+03
1.075438418079095982e+03
1.074157062146892713e+03
1.072740112994350284e+03
1.071429378531073326e+03
1.070232768361581748e+03
1.069160451977401181e+03
1.068203389830508513e+03
1.067378531073446311e+03
1.066658757062146833e+03
1.066077966101694983e+03
1.065623728813559410e+03
1.065266666666666652e+03
1.065023728813559501e+03
1.064884745762711873e+03
1.064833898305084858e+03
1.064887005649717594e+03
1.065045197740113053e+03
1.065298305084745834e+03
1.065648587570621430e+03
1.066099435028248536e+03
1.066645197740112962e+03
1.067277966101694801e+03
1.068010169491525403e+03
1.068850847457627196e+03
1.069753672316384382e+03
1.070752542372881180e+03
1.071815819209039546e+03
1.072953672316384200e+03
1.074141242937853349e+03
1.075374011299435097e+03
1.076642937853107469e+03
1.077954802259886947e+03
1.079271186440678093e+03
1.080606779661017072e+03
1.081957062146892895e+03
1.083319774011299614e+03
1.084461016949152508e+03
1.085317514124293893e+03
1.085874576271186470e+03
1.086152542372881499e+03
1.086150282485875778e+03
1.085849717514124222e+03
1.085267796610169398e+03
1.084413559322033962e+03
1.083291525423728672e+03
1.081927683615819205e+03
1.080326553672316322e+03
1.078749152542372940e+03
1.077224858757062066e+03
1.075719774011299251e+03
1.074272316384180613e+03
1.072893785310734529e+03
1.071586440677966038e+03
1.070344632768361407e+03
1.069187570621468922e+03
1.068100564971751282e+03
1.067085875706214892e+03
1.066150282485875778e+03
1.065294915254237367e+03
1.064518644067796686e+03
1.063819209039547786e+03
1.063206779661016981e+03
1.062716384180791010e+03
1.062322033898305108e+03
1.062046327683615800e+03
1.061911864406779614e+03
1.061917514124293803e+03
1.062094915254237549e+03
1.062425988700565085e+03
1.062933333333333394e+03
1.063606779661016844e+03
1.064449717514124359e+03
1.065451977401130080e+03
1.066613559322034007e+03
1.067912994350282588e+03
1.069344632768361635e+03
1.070885875706214847e+03
1.072518644067796458e+03
1.074232768361581748e+03
1.075950282485875732e+03
1.077506214689265562e+03
1.078870056497175028e+03
1.080035028248587651e+03
1.081013559322033871e+03
1.081811299435028332e+03
1.082422598870056390e+03
1.082838418079096073e+03
1.083083615819208944e+03
1.083159322033898434e+03
1.083075706214689262e+03
1.082804519774011396e+03
1.082364971751412440e+03
1.081790960451977298e+03
1.081048587570621294e+03
1.080134463276836186e+03
1.079035028248587423e+03
1.077758192090395369e+03
1.076302824858757049e+03
1.074914124293785335e+03
1.073646327683615709e+03
1.072499435028248627e+03
1.071475706214689353e+03
1.070555932203389830e+03
1.069775141242937934e+03
1.069115254237288127e+03
1.068567231638417979e+03
1.068126553672316504e+03
1.067781920903954870e+03
1.067526553672316368e+03
1.067380790960452032e+03
1.067323163841807855e+03
1.067368361581920908e+03
1.067508474576271055e+03
1.067750282485875687e+03
1.068094915254237094e+03
1.068532203389830556e+03
1.069073446327683769e+03
1.069701694915254393e+03
1.070430508474576300e+03
1.071232768361582202e+03
1.072127683615819251e+03
1.073081355932203451e+03
1.074101694915254257e+03
1.075181920903954961e+03
1.076314124293785426e+03
1.077484745762712009e+03
1.078684745762711827e+03
1.079918644067796777e+03
1.081164971751412395e+03
1.082425988700565085e+03
1.083630508474576345e+03
1.084577401129943610e+03
1.085248587570621339e+03
1.085653107344632645e+03
1.085753672316384154e+03
1.085571751412429421e+03
1.085111864406779659e+03
1.084380790960452032e+03
1.083366101694915187e+03
1.082111864406779659e+03
1.080624858757062157e+03
1.079063276836158138e+03
1.077544632768361680e+03
1.076048587570621521e+03
1.074610169491525539e+03
1.073210169491525448e+03
1.071873446327683496e+03
1.070614689265536754e+03
1.069429378531073553e+03
1.068317514124293666e+03
1.067266666666666652e+03
1.066282485875706243e+03
1.065378531073446311e+03
1.064538983050847492e+03
1.063785310734463110e+03
1.063107344632768218e+03
1.062529943502824835e+03
1.062068926553672327e+03
1.061701694915254166e+03
1.061454237288135573e+03
1.061351412429378342e+03
1.061396610169491396e+03
1.061613559322033780e+03
1.061977401129943473e+03
1.062511864406779750e+03
1.063215819209039637e+03
1.064076836158192009e+03
1.065099435028248536e+03
1.066261016949152463e+03
1.067572881355932168e+03
1.068979661016949194e+03
1.070482485875706061e+03
1.072087005649717412e+03
1.073733333333333348e+03
1.075216949152542384e+03
1.076510734463277004e+03
1.077619209039547968e+03
1.078529943502824835e+03
1.079257627118643995e+03
1.079812429378530851e+03
1.080170621468926583e+03
1.080350282485875596e+03
1.080355932203389784e+03
1.080194350282485857e+03
1.079855367231638411e+03
1.079353672316384063e+03
1.078687005649717321e+03
1.077882485875706152e+03
1.076905084745762679e+03
1.075764971751412304e+03
1.074463276836158002e+03
1.072987570621468876e+03
1.071631638418079092e+03
1.070370621468926402e+03
1.069227118644067559e+03
1.068202259887005312e+03
1.067308474576271237e+03
1.066538983050847492e+03
1.065888135593220341e+03
1.065346892655367128e+03
1.064907344632768400e+03
1.064581920903954597e+03
1.064374011299435097e+03
1.064239548022598910e+03
1.064204519774011260e+03
1.064259887005649489e+03
1.064410169491525266e+03
1.064667796610169489e+03
1.065009039548022429e+03
1.065449717514124131e+03
1.065978531073446447e+03
1.066606779661016844e+03
1.067338983050847446e+03
1.068135593220338933e+03
1.069035028248587423e+03
1.070000000000000000e+03
1.071049717514124268e+03
1.072127683615819024e+03
1.073270056497175119e+03
1.074459887005649762e+03
1.075665536723163768e+03
1.076888135593220341e+03
1.078140112994350147e+03
1.079395480225988649e+03
1.080665536723163768e+03
1.081927683615819205e+03
1.082924293785310738e+03
1.083633898305084585e+03
1.084061016949152418e+03
1.084204519774011260e+03
1.084068926553672100e+03
1.083628248587570624e+03
1.082915254237288082e+03
1.081962711864406629e+03
1.080757062146892622e+03
1.079318644067796413e+03
1.077807909604519864e+03
1.076333333333333485e+03
1.074885875706214620e+03
1.073487005649717503e+03
1.072151412429378524e+03
1.070871186440677775e+03
1.069655367231638138e+03
1.068511864406779750e+03
1.067436158192090261e+03
1.066450847457626878e+03
1.065508474576271055e+03
1.064655367231638138e+03
1.063858757062146651e+03
1.063150282485875550e+03
1.062520903954802179e+03
1.061970621468926538e+03
1.061537853107344517e+03
1.061220338983050624e+03
1.061027118644067741e+03
1.060964971751412349e+03
1.061053107344632735e+03
1.061314124293785426e+03
1.061717514124293757e+03
1.062300564971751101e+03
1.063035028248587423e+03
1.063935593220338887e+03
1.064992090395480091e+03
1.066162711864406674e+03
1.067473446327683405e+03
1.068879096045197457e+03
1.070383050847457298e+03
1.071961581920903882e+03
1.073592090395480227e+03
1.075166101694915142e+03
1.076567231638417979e+03
1.077774011299434733e+03
1.078803389830508422e+03
1.079653107344632645e+03
1.080325423728813348e+03
1.080830508474576163e+03
1.081159322033898206e+03
1.081318644067796413e+03
1.081287005649717230e+03
1.081114124293785153e+03
1.080776271186440681e+03
1.080300564971751328e+03
1.079659887005649580e+03
1.078851977401129716e+03
1.077880225988700431e+03
1.076729943502824881e+03
1.075396610169491396e+03
1.074120903954802088e+03
1.072959322033898388e+03
1.071910734463276867e+03
1.070988700564971623e+03
1.070201129943503020e+03
1.069512994350282497e+03
1.068950282485875732e+03
1.068498305084745652e+03
1.068142372881356096e+03
1.067896045197740023e+03
1.067737853107344563e+03
1.067684745762712055e+03
1.067717514124293757e+03
1.067854237288135664e+03
1.068094915254237321e+03
1.068419209039548150e+03
1.068847457627118729e+03
1.069368361581920908e+03
1.069984180790960409e+03
1.070692655367231509e+03
1.071488135593220250e+03
1.072383050847457525e+03
1.073337853107344699e+03
1.074366101694915415e+03
1.075468926553672190e+03
1.076630508474576345e+03
1.077822598870056481e+03
1.079056497175141430e+03
1.080309604519773984e+03
1.081595480225988922e+03
1.082884745762711873e+03
1.084200000000000045e+03
1.085421468926553871e+03
1.086374011299435097e+03
1.087075706214689262e+03
1.087498305084745652e+03
1.087638418079096027e+03
1.087485875706214756e+03
1.087047457627118547e+03
1.086359322033898252e+03
1.085410169491525266e+03
1.084201129943503020e+03
1.082753672316384382e+03
1.081181920903954961e+03
1.079632768361581839e+03
1.078110734463276913e+03
1.076647457627118456e+03
1.075228248587570533e+03
1.073854237288135664e+03
1.072561581920903791e+03
1.071350282485875596e+03
1.070205649717514007e+03
1.069133333333333212e+03
1.068124293785310783e+03
1.067205649717514007e+03
1.066355932203389784e+03
1.065574011299434915e+03
1.064870056497175028e+03
1.064258757062146742e+03
1.063768361581920999e+03
1.063381920903954779e+03
1.063109604519773939e+03
1.062977401129943473e+03
1.062984180790960636e+03
1.063148022598870057e+03
1.063488135593220250e+03
1.064000000000000000e+03
1.064671186440677957e+03
1.065511864406779750e+03
1.066498305084745880e+03
1.067648587570621430e+03
1.068923163841807764e+03
1.070312994350282679e+03
1.071814689265536799e+03
1.073385310734463246e+03
1.075050847457627015e+03
1.076572881355932168e+03
1.077900564971751464e+03
1.079042937853107333e+03
1.079981920903954915e+03
1.080741242937853258e+03
1.081322033898305108e+03
1.081707344632768582e+03
1.081902824858756958e+03
1.081925423728813712e+03
1.081774011299434960e+03
1.081451977401130080e+03
1.080954802259886947e+03
1.080298305084745834e+03
1.079477966101695074e+03
1.078509604519774030e+03
1.077353672316384291e+03
1.076036158192090397e+03
1.074559322033898297e+03
1.073183050847457707e+03
1.071926553672316459e+03
1.070763841807909557e+03
1.069733333333333576e+03
1.068830508474576391e+03
1.068048587570621521e+03
1.067396610169491396e+03
1.066837288135593099e+03
1.066400000000000091e+03
1.066051977401129989e+03
1.065812429378531078e+03
1.065666666666666742e+03
1.065612429378531033e+03
1.065664406779661022e+03
1.065801129943502701e+03
1.066048587570621748e+03
1.066395480225988649e+03
1.066829378531073417e+03
1.067372881355932350e+03
1.067984180790960409e+03
1.068691525423728990e+03
1.069500564971751373e+03
1.070380790960452032e+03
1.071348022598870102e+03
1.072372881355932350e+03
1.073468926553672418e+03
1.074595480225988922e+03
1.075775141242937934e+03
1.076985310734463383e+03
1.078207909604519955e+03
1.079454237288135573e+03
1.080706214689265380e+03
1.081980790960451941e+03
1.083140112994350375e+03
1.084047457627118547e+03
1.084672316384180704e+03
1.085005649717514189e+03
1.085045197740113053e+03
1.084805649717514370e+03
1.084280225988700749e+03
1.083462146892655710e+03
1.082392090395480409e+03
1.081055367231638684e+03
1.079550282485875869e+03
1.078058757062146924e+03
1.076583050847457798e+03
1.075150282485876005e+03
1.073776271186440908e+03
1.072468926553672645e+03
1.071220338983051079e+03
1.070027118644067741e+03
1.068898305084745971e+03
1.067863276836158320e+03
1.066899435028248718e+03
1.066020338983051033e+03
1.065196610169491578e+03
1.064457627118644268e+03
1.063778531073446175e+03
1.063205649717514007e+03
1.062723163841807946e+03
1.062345762711864609e+03
1.062066666666666606e+03
1.061945762711864518e+03
1.061957062146892895e+03
1.062115254237288354e+03
1.062444067796610170e+03
1.062928813559321952e+03
1.063603389830508604e+03
1.064438418079096209e+03
1.065438418079096209e+03
1.066570621468926674e+03
1.067854237288135437e+03
1.069259887005649716e+03
1.070776271186440681e+03
1.072377401129943337e+03
1.074068926553672327e+03
1.075827118644067923e+03
1.077422598870056390e+03
1.078835028248587605e+03
1.080051977401129989e+03
1.081096045197740295e+03
1.081943502824858797e+03
1.082611299435028286e+03
1.083100564971751282e+03
1.083410169491525494e+03
1.083548022598869920e+03
1.083508474576271055e+03
1.083296045197740114e+03
1.082937853107344836e+03
1.082402259887005812e+03
1.081711864406779569e+03
1.080858757062147106e+03
1.079823728813559228e+03
1.078628248587570852e+03
1.077238418079095936e+03
1.075880225988700658e+03
1.074642937853107469e+03
1.073519774011299432e+03
1.072517514124293939e+03
1.071656497175141340e+03
1.070896045197740023e+03
1.070266666666666652e+03
1.069742372881356005e+03
1.069333333333333258e+03
1.069045197740113053e+03
1.068846327683615982e+03
1.068748022598870193e+03
1.068751412429378661e+03
1.068836158192090352e+03
1.069015819209039591e+03
1.069307344632768491e+03
1.069687005649717548e+03
1.070177401129943519e+03
1.070771751412429467e+03
1.071461016949152508e+03
1.072241807909604631e+03
1.073094915254237549e+03
1.074037288135593371e+03
1.075050847457627242e+03
1.076143502824858842e+03
1.077292655367231873e+03
1.078484745762712009e+03
1.079727683615819387e+03
1.080998870056497253e+03
1.082290395480225925e+03
1.083590960451977480e+03
1.084914124293785335e+03
1.086210169491525676e+03
1.087255367231638502e+03
1.088029378531073689e+03
1.088537853107344745e+03
1.088754802259887128e+03
1.088707344632768582e+03
1.088361581920903973e+03
1.087737853107344563e+03
1.086873446327683723e+03
1.085745762711864245e+03
1.084389830508474461e+03
1.082822598870056709e+03
1.081247457627118820e+03
1.079700564971751646e+03
1.078203389830508740e+03
1.076762711864407038e+03
1.075367231638418161e+03
1.074045197740113053e+03
1.072784180790960590e+03
1.071616949152542475e+03
1.070500564971751373e+03
1.069471186440678139e+03
1.068515254237288218e+03
1.067644067796610216e+03
1.066856497175141385e+03
1.066131073446327719e+03
1.065524293785310874e+03
1.064995480225989013e+03
1.064581920903955051e+03
1.064294915254237367e+03
1.064145762711864563e+03
1.064149152542373031e+03
1.064316384180790919e+03
1.064638418079096027e+03
1.065136723163841907e+03
1.065805649717514370e+03
1.066646327683615937e+03
1.067649717514124404e+03
1.068802259887005675e+03
1.070088135593220386e+03
1.071492655367231691e+03
1.072995480225988786e+03
1.074595480225988695e+03
1.076253107344632781e+03
1.077764971751412531e+03
1.079103954802259977e+03
1.080265536723163905e+03
1.081236158192090443e+03
1.082027118644067741e+03
1.082633898305084813e+03
1.083032768361581930e+03
1.083263276836158184e+03
1.083310734463276731e+03
1.083187570621468922e+03
1.082894915254237276e+03
1.082433898305084767e+03
1.081809039548022611e+03
1.081009039548022656e+03
1.080058757062146924e+03
1.078951412429378706e+03
1.077659887005649580e+03
1.076171751412429330e+03
1.074783050847457616e+03
1.073506214689265562e+03
1.072331073446327764e+03
1.071279096045197775e+03
1.070360451977401226e+03
1.069555932203390057e+03
1.068879096045197912e+03
1.068316384180791147e+03
1.067877966101695165e+03
1.067533333333333303e+03
1.067279096045198003e+03
1.067145762711864336e+03
1.067103954802259977e+03
1.067170621468926583e+03
1.067327683615819069e+03
1.067605649717514325e+03
1.067960451977401135e+03
1.068405649717514279e+03
1.068960451977401135e+03
1.069610169491525539e+03
1.070358192090395278e+03
1.071179661016949240e+03
1.072085875706214665e+03
1.073083615819209172e+03
1.074158192090395460e+03
1.075300564971751555e+03
1.076506214689265562e+03
1.077748022598870193e+03
1.079014689265537072e+03
1.080319774011299614e+03
1.081635028248587787e+03
1.082975141242937980e+03
1.084323163841808082e+03
1.085620338983051170e+03
1.086630508474576573e+03
1.087362711864406947e+03
1.087827118644067923e+03
1.087976271186440954e+03
1.087840677966101794e+03
1.087400000000000091e+03
1.086690395480226016e+03
1.085701694915254393e+03
1.084464406779661203e+03
1.082970621468926765e+03
1.081345762711864609e+03
1.079752542372881408e+03
1.078188700564971896e+03
1.076677966101694892e+03
1.075224858757062520e+03
1.073827118644067923e+03
1.072503954802260068e+03
1.071253107344633008e+03
1.070067796610169808e+03
1.068970621468926765e+03
1.067955932203390148e+03
1.067002259887005948e+03
1.066122033898305290e+03
1.065315254237288173e+03
1.064609039548022793e+03
1.063996610169491760e+03
1.063488135593220477e+03
1.063093785310734802e+03
1.062831638418079137e+03
1.062696045197740204e+03
1.062732203389830602e+03
1.062912994350282588e+03
1.063271186440678093e+03
1.063797740112994461e+03
1.064498305084745880e+03
1.065351412429378797e+03
1.066363841807909466e+03
1.067520903954802179e+03
1.068813559322034052e+03
1.070211299435028195e+03
1.071699435028248445e+03
1.073291525423728672e+03
1.074935593220339115e+03
1.076657627118644086e+03
1.078247457627118592e+03
1.079640677966101748e+03
1.080833898305084858e+03
1.081841807909604540e+03
1.082645197740112962e+03
1.083263276836158184e+03
1.083697175141242951e+03
1.083951412429378706e+03
1.084024858757062248e+03
1.083927683615819205e+03
1.083645197740112962e+03
1.083186440677966402e+03
1.082564971751412486e+03
1.081769491525423746e+03
1.080797740112994461e+03
1.079650847457627151e+03
1.078293785310734620e+03
1.076932203389830647e+03
1.075694915254237458e+03
1.074577401129943610e+03
1.073566101694915233e+03
1.072672316384180931e+03
1.071901694915254211e+03
1.071254237288135528e+03
1.070719774011299478e+03
1.070289265536723178e+03
1.069967231638418070e+03
1.069745762711864700e+03
1.069614689265536754e+03
1.069593220338982974e+03
1.069664406779661022e+03
1.069837288135593326e+03
1.070110734463276913e+03
1.070490395480226198e+03
1.070962711864406856e+03
1.071526553672316368e+03
1.072196610169491578e+03
1.072944632768361771e+03
1.073802259887005675e+03
1.074736723163841816e+03
1.075754802259887128e+03
1.076836158192090352e+03
1.077998870056497253e+03
1.079211299435028195e+03
1.080455367231638320e+03
1.081743502824858751e+03
1.083047457627118774e+03
1.084360451977401226e+03
1.085696045197740204e+03
1.087045197740113053e+03
1.088205649717514461e+03
1.089097175141243042e+03
1.089714124293785517e+03
1.090036158192090625e+03
1.090056497175141430e+03
1.089801129943502929e+03
1.089255367231638502e+03
1.088422598870056845e+03
1.087348022598870102e+03
1.086025988700564994e+03
1.084465536723163950e+03
1.082882485875706379e+03
1.081314124293785426e+03
1.079787570621469058e+03
1.078316384180790919e+03
1.076908474576271146e+03
1.075569491525423928e+03
1.074299435028248809e+03
1.073102824858757231e+03
1.071980790960451941e+03
1.070928813559321952e+03
1.069972881355932259e+03
1.069094915254237321e+03
1.068281355932203496e+03
1.067559322033898297e+03
1.066931073446327900e+03
1.066421468926553644e+03
1.065992090395480318e+03
1.065710734463276822e+03
1.065555932203389830e+03
1.065549152542372894e+03
1.065711864406779569e+03
1.066025988700564994e+03
1.066524293785310874e+03
1.067190960451977389e+03
1.068047457627118774e+03
1.069054237288135710e+03
1.070216949152542384e+03
1.071519774011299432e+03
1.072959322033898388e+03
1.074515254237287991e+03
1.076177401129943519e+03
1.077920903954802270e+03
1.079687005649717321e+03
1.081264406779660931e+03
1.082661016949152554e+03
1.083862146892655346e+03
1.084882485875706152e+03
1.085712994350282543e+03
1.086364971751412440e+03
1.086818079096045039e+03
1.087084745762711918e+03
1.087176271186440772e+03
1.087073446327683541e+03
1.086813559322033825e+03
1.086372881355932122e+03
1.085781920903954870e+03
1.085001129943502747e+03
1.084058757062146924e+03
1.082940112994350329e+03
1.081635028248587332e+03
1.080144632768361589e+03
1.078656497175141112e+03
1.077283615819208990e+03
1.076044067796610079e+03
1.074932203389830420e+03
1.073931073446327673e+03
1.073055367231638229e+03
1.072287005649717457e+03
1.071648587570621430e+03
1.071110734463276685e+03
1.070663276836158047e+03
1.070331073446327537e+03
1.070097175141242815e+03
1.069971751412429285e+03
1.069941242937853076e+03
1.070019209039548059e+03
1.070192090395480136e+03
1.070474576271186379e+03
1.070859887005649853e+03
1.071329943502824790e+03
1.071902824858756958e+03
1.072581920903954597e+03
1.073349152542372849e+03
1.074205649717514007e+03
1.075142372881356096e+03
1.076140112994350147e+03
1.077213559322033916e+03
1.078324293785310601e+03
1.079506214689265335e+03
1.080682485875706334e+03
1.081901694915254211e+03
1.083137853107344654e+03
1.084395480225988649e+03
1.085671186440677957e+03
1.086836158192090352e+03
1.087701694915254166e+03
1.088298305084745607e+03
1.088613559322033780e+03
1.088631638418079092e+03
1.088353672316383836e+03
1.087813559322033825e+03
1.086997740112994279e+03
1.085927683615819205e+03
1.084627118644067650e+03
1.083098305084745789e+03
1.081518644067796686e+03
1.079977401129943473e+03
1.078466666666666697e+03
1.077011299435028377e+03
1.075604519774011351e+03
1.074268926553672372e+03
1.073004519774011442e+03
1.071815819209039546e+03
1.070685875706214574e+03
1.069625988700564903e+03
1.068639548022598774e+03
1.067717514124293757e+03
1.066873446327683723e+03
1.066117514124293848e+03
1.065458757062146788e+03
1.064901694915254211e+03
1.064447457627118638e+03
1.064132203389830465e+03
1.063959322033898388e+03
1.063940112994350329e+03
1.064081355932203223e+03
1.064386440677966220e+03
1.064874576271186470e+03
1.065501694915254120e+03
1.066310734463276731e+03
1.067280225988700522e+03
1.068396610169491623e+03
1.069644067796610216e+03
1.071014689265536845e+03
1.072498305084745880e+03
1.074048587570621521e+03
1.075689265536723269e+03
1.077394350282485902e+03
1.078993220338983065e+03
1.080414689265536708e+03
1.081654237288135619e+03
1.082693785310734484e+03
1.083534463276836050e+03
1.084219209039547877e+03
1.084717514124293757e+03
1.085028248587570488e+03
1.085155932203389966e+03
1.085115254237288354e+03
1.084903954802260159e+03
1.084503954802260068e+03
1.083951412429378706e+03
1.083225988700564812e+03
1.082312994350282679e+03
1.081220338983050851e+03
1.079936723163841862e+03
1.078541242937852985e+03
1.077229378531073507e+03
1.076040677966101612e+03
1.074971751412429512e+03
1.074015819209039819e+03
1.073174011299435278e+03
1.072466666666666697e+03
1.071862146892655574e+03
1.071346892655367355e+03
1.070941242937853076e+03
1.070636158192090534e+03
1.070440677966101703e+03
1.070323163841807855e+03
1.070315254237288173e+03
1.070403389830508331e+03
1.070594350282485948e+03
1.070889265536723315e+03
1.071266666666666879e+03
1.071769491525423746e+03
1.072380790960452032e+03
1.073061016949152418e+03
1.073831638418079365e+03
1.074702824858757140e+03
1.075663276836158275e+03
1.076702824858757140e+03
1.077809039548022611e+03
1.078974011299435006e+03
1.080179661016949240e+03
1.081428248587570579e+03
1.082710734463276822e+03
1.084021468926553780e+03
1.085362711864406720e+03
1.086710734463276822e+03
1.088039548022598865e+03
1.089108474576271192e+03
1.089908474576271146e+03
1.090418079096045176e+03
1.090640677966101748e+03
1.090572881355932168e+03
1.090223728813559319e+03
1.089605649717514098e+03
1.088708474576271328e+03
1.087576271186440863e+03
1.086213559322034143e+03
1.084636158192090534e+03
1.082957062146892895e+03
1.081315254237288173e+03
1.079699435028248672e+03
1.078140112994350375e+03
1.076648587570621658e+03
1.075218079096045130e+03
1.073871186440678230e+03
1.072599999999999909e+03
1.071406779661017026e+03
1.070264406779660931e+03
1.069225988700565040e+03
1.068238418079096164e+03
1.067334463276836232e+03
1.066529943502825063e+03
1.065823728813559455e+03
1.065241807909604631e+03
1.064781920903954870e+03
1.064453107344632826e+03
1.064263276836158184e+03
1.064255367231638047e+03
1.064411299435028013e+03
1.064728813559322134e+03
1.065204519774011260e+03
1.065882485875706152e+03
1.066726553672316186e+03
1.067723163841807946e+03
1.068866666666666561e+03
1.070132203389830465e+03
1.071525423728813394e+03
1.073007909604519682e+03
1.074575141242937661e+03
1.076232768361581975e+03
1.077951412429378479e+03
1.079490395480225970e+03
1.080835028248587605e+03
1.082006779661016935e+03
1.083000000000000000e+03
1.083803389830508422e+03
1.084418079096045176e+03
1.084851977401129943e+03
1.085108474576271192e+03
1.085169491525423837e+03
1.085080225988700477e+03
1.084799999999999727e+03
1.084354802259887038e+03
1.083731073446327628e+03
1.082943502824858570e+03
1.081968361581920817e+03
1.080792090395480045e+03
1.079423728813559364e+03
1.077987570621468876e+03
1.076666666666666515e+03
1.075456497175141067e+03
1.074357062146892531e+03
1.073388700564971714e+03
1.072516384180790737e+03
1.071769491525423746e+03
1.071117514124293848e+03
1.070568361581920954e+03
1.070111864406779659e+03
1.069750282485875687e+03
1.069483615819208808e+03
1.069307344632768491e+03
1.069229378531073507e+03
1.069257627118643995e+03
1.069393220338983156e+03
1.069619209039547968e+03
1.069933333333333394e+03
1.070353672316384291e+03
1.070861016949152599e+03
1.071456497175141294e+03
1.072146892655367310e+03
1.072932203389830647e+03
1.073786440677966311e+03
1.074723163841807946e+03
1.075705084745762861e+03
1.076746892655367219e+03
1.077825988700565176e+03
1.078929943502824926e+03
1.080080225988700477e+03
1.081227118644068014e+03
1.082413559322033962e+03
1.083621468926553916e+03
1.084865536723164041e+03
1.085871186440678002e+03
1.086595480225988695e+03
1.087040677966101839e+03
1.087192090395480363e+03
1.087064406779661113e+03
1.086659887005650035e+03
1.085986440677966129e+03
1.085068926553672554e+03
1.083902824858757185e+03
1.082519774011299660e+03
1.081000000000000000e+03
1.079510734463277004e+03
1.078061016949152418e+03
1.076659887005650035e+03
1.075308474576271237e+03
1.074016949152542566e+03
1.072794350282485993e+03
1.071633898305084813e+03
1.070542372881355959e+03
1.069518644067796686e+03
1.068561581920904246e+03
1.067685875706214802e+03
1.066885875706214847e+03
1.066170621468926583e+03
1.065538983050847492e+03
1.065019209039548059e+03
1.064598870056497162e+03
1.064299435028248809e+03
1.064151412429378524e+03
1.064140112994350375e+03
1.064283615819208990e+03
1.064592090395480227e+03
1.065076836158192236e+03
1.065727683615819387e+03
1.066536723163841998e+03
1.067499435028248627e+03
1.068615819209039728e+03
1.069857627118644132e+03
1.071231638418079228e+03
1.072711864406779796e+03
1.074276836158192054e+03
1.075919774011299523e+03
1.077624858757062157e+03
1.079246327683615846e+03
1.080684745762711827e+03
1.081952542372881453e+03
1.083040677966101839e+03
1.083933333333333394e+03
1.084661016949152781e+03
1.085209039548022702e+03
1.085576271186440863e+03
1.085767231638418025e+03
1.085807909604519864e+03
1.085681355932203360e+03
1.085355932203389784e+03
1.084894915254237276e+03
1.084266666666666652e+03
1.083474576271186379e+03
1.082500564971751373e+03
1.081319774011299387e+03
1.079962711864406629e+03
1.078633898305084585e+03
1.077416949152542202e+03
1.076309604519773984e+03
1.075322033898305108e+03
1.074448587570621385e+03
1.073682485875706107e+03
1.073028248587570488e+03
1.072483615819208808e+03
1.072032768361581930e+03
1.071687005649717321e+03
1.071416949152542202e+03
1.071266666666666652e+03
1.071206779661016753e+03
1.071244067796610125e+03
1.071383050847457525e+03
1.071610169491525085e+03
1.071940112994350329e+03
1.072362711864406720e+03
1.072897175141242769e+03
1.073523163841807673e+03
1.074229378531073507e+03
1.075036158192090170e+03
1.075918644067796549e+03
1.076875706214689217e+03
1.077905084745762679e+03
1.078993220338983065e+03
1.080138983050847401e+03
1.081322033898305108e+03
1.082523163841807673e+03
1.083742372881356005e+03
1.085000000000000000e+03
1.086274576271186334e+03
1.087576271186440636e+03
1.088587570621468785e+03
1.089343502824858660e+03
1.089836158192090124e+03
1.090035028248587423e+03
1.089953672316383745e+03
1.089593220338982974e+03
1.088962711864406629e+03
1.088090395480225880e+03
1.086966101694915324e+03
1.085612429378531033e+03
1.084035028248587423e+03
1.082412429378530760e+03
1.080827118644067468e+03
1.079267796610169398e+03
1.077777401129943428e+03
1.076344632768361407e+03
1.074967231638418070e+03
1.073661016949152554e+03
1.072431638418079046e+03
1.071253107344632781e+03
1.070136723163841907e+03
1.069098305084745789e+03
1.068124293785310783e+03
1.067241807909604631e+03
1.066425988700565085e+03
1.065719774011299478e+03
1.065108474576270964e+03
1.064619209039547968e+03
1.064264406779660931e+03
1.064047457627118547e+03
1.063979661016949194e+03
1.064064406779661113e+03
1.064346892655367128e+03
1.064769491525423746e+03
1.065364971751412440e+03
1.066125423728813530e+03
1.067042937853107333e+03
1.068096045197740068e+03
1.069287005649717457e+03
1.070592090395480227e+03
1.072011299435028150e+03
1.073485875706214756e+03
1.075056497175141430e+03
1.076679096045197639e+03
1.078238418079095936e+03
1.079609039548022338e+03
1.080813559322034052e+03
1.081816949152542293e+03
1.082640677966101521e+03
1.083283615819208990e+03
1.083749152542372940e+03
1.084033898305084676e+03
1.084146892655367083e+03
1.084093785310734347e+03
1.083881355932203405e+03
1.083491525423728945e+03
1.082945762711864518e+03
1.082214689265536890e+03
1.081300564971751555e+03
1.080206779661017208e+03
1.078909604519774348e+03
1.077575141242938116e+03
1.076322033898305108e+03
1.075210169491525448e+03
1.074180790960451986e+03
1.073271186440678093e+03
1.072487005649717503e+03
1.071797740112994234e+03
1.071231638418079001e+03
1.070744632768361498e+03
1.070349152542372849e+03
1.070048587570621294e+03
1.069855367231638411e+03
1.069751412429378433e+03
1.069742372881356005e+03
1.069823728813559228e+03
1.070019209039548059e+03
1.070281355932203496e+03
1.070642937853107469e+03
1.071110734463276913e+03
1.071671186440677957e+03
1.072326553672316550e+03
1.073057627118644177e+03
1.073881355932203405e+03
1.074783050847457616e+03
1.075759322033898343e+03
1.076802259887005675e+03
1.077891525423728808e+03
1.079014689265536845e+03
1.080169491525423837e+03
1.081334463276836232e+03
1.082533333333333303e+03
1.083748022598870193e+03
1.084988700564971850e+03
1.086259887005649944e+03
1.087311864406779705e+03
1.088088135593220159e+03
1.088579661016949103e+03
1.088794350282485993e+03
1.088711864406779796e+03
1.088359322033898479e+03
1.087744632768361726e+03
1.086881355932203633e+03
1.085778531073446629e+03
1.084454237288135573e+03
1.082916384180790828e+03
1.081423728813559364e+03
1.079971751412429512e+03
1.078557062146892804e+03
1.077189830508474643e+03
1.075888135593220341e+03
1.074666666666666742e+03
1.073502824858757322e+03
1.072411299435028468e+03
1.071383050847457753e+03
1.070420338983050897e+03
1.069519774011299432e+03
1.068701694915254393e+03
1.067995480225988786e+03
1.067338983050847673e+03
1.066802259887005675e+03
1.066375141242937843e+03
1.066077966101694983e+03
1.065900564971751464e+03
1.065871186440678230e+03
1.066009039548022656e+03
1.066298305084746062e+03
1.066753672316384154e+03
1.067392090395480409e+03
1.068187570621469149e+03
1.069138983050847401e+03
1.070237288135593190e+03
1.071489265536723224e+03
1.072851977401129943e+03
1.074303954802259796e+03
1.075850847457627196e+03
1.077472316384180886e+03
1.079176271186440772e+03
1.080842937853107287e+03
1.082340112994350420e+03
1.083659887005649807e+03
1.084790960451977526e+03
1.085731073446327628e+03
1.086511864406779750e+03
1.087105084745762724e+03
1.087515254237288445e+03
1.087752542372881408e+03
1.087824858757061975e+03
1.087731073446327628e+03
1.087456497175141294e+03
1.087013559322033871e+03
1.086418079096045176e+03
1.085650847457627151e+03
1.084688135593220295e+03
1.083532203389830556e+03
1.082181920903954961e+03
1.080830508474576391e+03
1.079575141242937889e+03
1.078466666666666697e+03
1.077458757062147015e+03
1.076561581920904018e+03
1.075781920903954870e+03
1.075111864406779659e+03
1.074540112994350466e+03
1.074068926553672327e+03
1.073700564971751646e+03
1.073412429378531215e+03
1.073237288135593190e+03
1.073140112994350147e+03
1.073154802259886765e+03
1.073264406779660931e+03
1.073471186440677911e+03
1.073784180790960363e+03
1.074181920903954961e+03
1.074690395480226016e+03
1.075280225988700295e+03
1.075955932203389693e+03
1.076746892655367446e+03
1.077606779661016844e+03
1.078550282485875641e+03
1.079559322033898297e+03
1.080627118644067878e+03
1.081755932203389875e+03
1.082925423728813712e+03
1.084127683615819024e+03
1.085336723163841725e+03
1.086581920903954597e+03
1.087855367231638411e+03
1.089111864406779659e+03
1.090125423728813530e+03
1.090864406779660840e+03
1.091336723163841725e+03
1.091524293785310647e+03
1.091418079096045176e+03
1.091056497175141203e+03
1.090407909604519773e+03
1.089519774011299432e+03
1.088387570621468967e+03
1.087036158192090397e+03
1.085464406779661203e+03
1.083849717514124222e+03
1.082272316384180613e+03
1.080726553672316413e+03
1.079228248587570761e+03
1.077803389830508422e+03
1.076427118644067832e+03
1.075118644067796595e+03
1.073882485875706152e+03
1.072719774011299251e+03
1.071627118644067878e+03
1.070603389830508604e+03
1.069657627118644086e+03
1.068777401129943428e+03
1.067998870056497253e+03
1.067314124293785426e+03
1.066728813559322134e+03
1.066268926553672372e+03
1.065933333333333394e+03
1.065745762711864472e+03
1.065708474576271328e+03
1.065846327683615755e+03
1.066131073446327719e+03
1.066606779661016844e+03
1.067240677966101657e+03
1.068042937853107333e+03
1.068994350282485811e+03
1.070100564971751282e+03
1.071331073446327537e+03
1.072688135593220295e+03
1.074144632768361589e+03
1.075679096045197639e+03
1.077294915254237139e+03
1.078936723163841862e+03
1.080398870056497117e+03
1.081681355932203360e+03
1.082790960451977298e+03
1.083697175141242951e+03
1.084419209039547923e+03
1.084940112994350329e+03
1.085302824858757049e+03
1.085477966101694847e+03
1.085484745762712009e+03
1.085311864406779705e+03
1.084958192090395414e+03
1.084464406779660749e+03
1.083776271186440681e+03
1.082937853107344836e+03
1.081912994350282588e+03
1.080705084745762633e+03
1.079294915254237367e+03
1.077915254237288082e+03
1.076622598870056663e+03
1.075440677966101703e+03
1.074372881355932122e+03
1.073418079096045176e+03
1.072585310734463292e+03
1.071846327683615755e+03
1.071214689265536663e+03
1.070677966101694892e+03
1.070254237288135528e+03
1.069912994350282361e+03
1.069675706214689171e+03
1.069532203389830556e+03
1.069479096045197593e+03
1.069524293785310647e+03
1.069662146892655301e+03
1.069902824858756958e+03
1.070245197740112872e+03
1.070672316384180704e+03
1.071187570621468922e+03
1.071811299435028104e+03
1.072505084745762588e+03
1.073310734463276731e+03
1.074189830508474415e+03
1.075146892655367083e+03
1.076164971751412395e+03
1.077238418079095936e+03
1.078353672316384063e+03
1.079503954802259841e+03
1.080674576271186652e+03
1.081867796610169535e+03
1.083103954802259750e+03
1.084342372881355914e+03
1.085622598870056436e+03
1.086703954802259659e+03
1.087506214689265335e+03
1.088036158192090170e+03
1.088270056497175119e+03
1.088220338983050624e+03
1.087911864406779387e+03
1.087315254237288173e+03
1.086479096045197821e+03
1.085384180790960272e+03
1.084046327683615800e+03
1.082507344632768309e+03
1.080954802259886947e+03
1.079436158192090261e+03
1.077981920903954688e+03
1.076570621468926674e+03
1.075230508474576254e+03
1.073950282485875505e+03
1.072749152542372713e+03
1.071607909604519591e+03
1.070544632768361680e+03
1.069560451977401044e+03
1.068644067796610216e+03
1.067814689265536799e+03
1.067053107344632735e+03
1.066379661016949285e+03
1.065812429378531306e+03
1.065355932203389784e+03
1.065010169491525630e+03
1.064814689265536799e+03
1.064759322033898570e+03
1.064880225988700658e+03
1.065162711864406901e+03
1.065613559322034234e+03
1.066224858757062520e+03
1.067024858757062248e+03
1.067967231638418070e+03
1.069054237288135710e+03
1.070279096045197775e+03
1.071639548022598774e+03
1.073094915254237321e+03
1.074650847457627151e+03
1.076285875706214711e+03
1.077971751412429512e+03
1.079737853107344563e+03
1.081351412429378570e+03
1.082790960451977298e+03
1.084045197740113053e+03
1.085119774011299342e+03
1.086020338983050806e+03
1.086732203389830602e+03
1.087275706214689308e+03
1.087640677966101521e+03
1.087836158192090352e+03
1.087861016949152372e+03
1.087717514124293757e+03
1.087386440677965993e+03
1.086880225988700431e+03
1.086220338983050624e+03
1.085362711864406720e+03
1.084310734463276731e+03
1.083057627118644177e+03
1.081724293785310692e+03
1.080499435028248627e+03
1.079387570621468967e+03
1.078390960451977207e+03
1.077522033898304926e+03
1.076771751412429239e+03
1.076122033898305062e+03
1.075562711864406765e+03
1.075127683615819024e+03
1.074794350282485766e+03
1.074553672316384109e+03
1.074394350282485902e+03
1.074354802259887038e+03
1.074411299435028241e+03
1.074575141242937661e+03
1.074855367231638411e+03
1.075207909604519500e+03
1.075663276836158275e+03
1.076223728813559092e+03
1.076896045197740023e+03
1.077651977401129898e+03
1.078514124293785244e+03
1.079459887005649762e+03
1.080492655367231691e+03
1.081588700564971759e+03
1.082760451977400862e+03
1.083975141242937752e+03
1.085231638418079001e+03
1.086535593220338797e+03
1.087862146892655346e+03
1.089204519774011260e+03
1.090579661016949103e+03
1.091985310734463155e+03
1.093141242937852894e+03
1.094031638418078956e+03
1.094650847457627151e+03
1.094981920903954688e+03
1.095029378531073235e+03
1.094793220338983019e+03
1.094273446327683359e+03
1.093491525423728717e+03
1.092456497175141294e+03
1.091192090395480136e+03
1.089717514124293530e+03
1.088020338983050806e+03
1.086317514124293666e+03
1.084654237288135391e+03
1.083057627118643950e+03
1.081484745762711782e+03
1.079998870056497253e+03
1.078578531073446356e+03
1.077239548022598683e+03
1.075952542372881453e+03
1.074743502824858751e+03
1.073620338983050715e+03
1.072588700564971532e+03
1.071605649717514098e+03
1.070734463276836095e+03
1.069950282485875732e+03
1.069271186440677866e+03
1.068708474576271328e+03
1.068285875706214711e+03
1.068004519774011442e+03
1.067880225988700658e+03
1.067934463276836141e+03
1.068171751412429330e+03
1.068560451977401044e+03
1.069125423728813530e+03
1.069861016949152599e+03
1.070755932203389875e+03
1.071815819209039546e+03
1.072998870056497026e+03
1.074324293785310601e+03
1.075742372881356005e+03
1.077256497175141249e+03
1.078859887005649625e+03
1.080540112994350238e+03
1.082184180790960454e+03
1.083653107344632645e+03
1.084932203389830647e+03
1.086018079096045312e+03
1.086909604519773893e+03
1.087611299435028286e+03
1.088129943502824744e+03
1.088454237288135573e+03
1.088614689265536526e+03
1.088571751412429421e+03
1.088355932203389784e+03
1.087987570621468876e+03
1.087423728813559364e+03
1.086697175141242951e+03
1.085775141242937707e+03
1.084665536723163768e+03
1.083350282485875596e+03
1.081877966101694938e+03
1.080519774011299432e+03
1.079276836158192054e+03
1.078135593220339160e+03
1.077117514124293848e+03
1.076207909604519955e+03
1.075413559322033962e+03
1.074716384180791010e+03
1.074120903954802316e+03
1.073631638418079092e+03
1.073238418079096164e+03
1.072940112994350329e+03
1.072738983050847310e+03
1.072630508474576345e+03
1.072622598870056663e+03
1.072719774011299251e+03
1.072906214689265653e+03
1.073177401129943519e+03
1.073562711864406538e+03
1.074047457627118547e+03
1.074627118644067650e+03
1.075291525423728672e+03
1.076054237288135482e+03
1.076906214689265425e+03
1.077830508474576163e+03
1.078828248587570442e+03
1.079872316384180522e+03
1.080980790960451941e+03
1.082116384180790874e+03
1.083284745762711736e+03
1.084474576271186379e+03
1.085696045197740204e+03
1.086940112994350329e+03
1.088212429378531169e+03
1.089332203389830511e+03
1.090166101694915142e+03
1.090698305084745698e+03
1.090940112994350329e+03
1.090894915254237276e+03
1.090571751412429421e+03
1.089961581920903882e+03
1.089099435028248536e+03
1.087983050847457662e+03
1.086624858757062157e+03
1.085046327683615800e+03
1.083485875706214756e+03
1.081948022598870011e+03
1.080467796610169444e+03
1.079042937853107333e+03
1.077676836158192145e+03
1.076375141242937843e+03
1.075155932203389966e+03
1.073993220338983065e+03
1.072906214689265653e+03
1.071906214689265653e+03
1.070979661016949194e+03
1.070119774011299342e+03
1.069340112994350193e+03
1.068665536723163768e+03
1.068089265536723133e+03
1.067620338983050715e+03
1.067281355932203269e+03
1.067081355932203223e+03
1.067015819209039364e+03
1.067123163841808037e+03
1.067390960451977207e+03
1.067829378531073417e+03
1.068440677966101703e+03
1.069233898305084722e+03
1.070179661016949012e+03
1.071296045197740114e+03
1.072558192090395551e+03
1.073946892655367037e+03
1.075453107344632826e+03
1.077062146892655392e+03
1.078748022598870193e+03
1.080509604519773802e+03
1.082343502824858660e+03
1.084049717514124268e+03
1.085594350282485948e+03
1.086948022598870011e+03
1.088106214689265471e+03
1.089085875706214665e+03
1.089873446327683496e+03
1.090471186440677911e+03
1.090889265536723087e+03
1.091132203389830465e+03
1.091195480225988604e+03
1.091081355932203223e+03
1.090786440677965857e+03
1.090324293785310601e+03
1.089676836158192145e+03
1.088840677966101794e+03
1.087797740112994234e+03
1.086563841807909739e+03
1.085091525423728854e+03
1.083663276836158275e+03
1.082343502824858660e+03
1.081141242937853121e+03
1.080066666666666606e+03
1.079090395480225880e+03
1.078236158192090443e+03
1.077470056497175165e+03
1.076816949152542293e+03
1.076254237288135755e+03
1.075799999999999955e+03
1.075429378531073553e+03
1.075168361581920863e+03
1.075011299435028377e+03
1.074932203389830647e+03
1.074984180790960409e+03
1.075126553672316277e+03
1.075377401129943564e+03
1.075715254237288264e+03
1.076166101694915369e+03
1.076716384180791010e+03
1.077355932203389784e+03
1.078098305084745789e+03
1.078923163841807764e+03
1.079833898305084858e+03
1.080812429378531306e+03
1.081856497175141158e+03
1.082951412429378706e+03
1.084097175141243042e+03
1.085281355932203496e+03
1.086483615819209035e+03
1.087726553672316641e+03
1.089011299435028377e+03
1.090310734463276958e+03
1.091456497175141294e+03
1.092317514124293893e+03
1.092901694915254211e+03
1.093187570621469149e+03
1.093204519774011260e+03
1.092942372881355823e+03
1.092428248587570579e+03
1.091656497175141340e+03
1.090651977401130125e+03
1.089424858757062339e+03
1.087980790960452168e+03
1.086341242937853167e+03
1.084710734463277049e+03
1.083111864406780114e+03
1.081580790960452305e+03
1.080100564971751737e+03
1.078685875706215029e+03
1.077310734463277186e+03
1.076041807909604813e+03
1.074820338983050988e+03
1.073656497175141340e+03
1.072574011299435142e+03
1.071566101694915460e+03
1.070642937853107469e+03
1.069809039548022838e+03
1.069084745762711918e+03
1.068471186440678139e+03
1.067977401129943701e+03
1.067638418079096255e+03
1.067442937853107424e+03
1.067401129943502838e+03
1.067546892655367401e+03
1.067866666666666788e+03
1.068335593220339206e+03
1.068980790960451941e+03
1.069778531073446402e+03
1.070732203389830602e+03
1.071830508474576163e+03
1.073067796610169580e+03
1.074413559322033962e+03
1.075845197740113008e+03
1.077364971751412668e+03
1.078949152542372985e+03
1.080603389830508604e+03
1.082163841807909648e+03
1.083540112994350466e+03
1.084748022598870193e+03
1.085769491525423746e+03
1.086621468926553916e+03
1.087281355932203496e+03
1.087759322033898570e+03
1.088053107344632735e+03
1.088158192090395460e+03
1.088114124293785608e+03
1.087916384180791056e+03
1.087526553672316368e+03
1.086959322033898388e+03
1.086204519774011260e+03
1.085249717514124313e+03
1.084100564971751282e+03
1.082736723163841816e+03
1.081379661016949285e+03
1.080136723163841907e+03
1.078993220338983065e+03
1.077957062146892667e+03
1.077036158192090625e+03
1.076228248587570761e+03
1.075531073446327810e+03
1.074909604519774348e+03
1.074407909604519773e+03
1.073994350282485811e+03
1.073671186440677957e+03
1.073447457627118638e+03
1.073315254237288173e+03
1.073284745762711964e+03
1.073353672316384291e+03
1.073526553672316368e+03
1.073794350282485993e+03
1.074175141242938025e+03
1.074633898305084585e+03
1.075204519774011260e+03
1.075887005649717594e+03
1.076636158192090534e+03
1.077480225988700568e+03
1.078409039548022520e+03
1.079413559322033962e+03
1.080487005649717503e+03
1.081607909604519818e+03
1.082786440677966311e+03
1.084002259887005721e+03
1.085233898305084949e+03
1.086517514124293939e+03
1.087815819209039546e+03
1.089154802259887219e+03
1.090449717514124586e+03
1.091484745762712009e+03
1.092236158192090443e+03
1.092698305084745925e+03
1.092879096045197684e+03
1.092774011299435188e+03
1.092396610169491623e+03
1.091750282485875687e+03
1.090876836158192191e+03
1.089733333333333576e+03
1.088378531073446538e+03
1.086821468926553734e+03
1.085151412429378752e+03
1.083508474576271510e+03
1.081927683615819433e+03
1.080396610169491623e+03
1.078936723163841862e+03
1.077536723163841771e+03
1.076204519774011260e+03
1.074934463276836141e+03
1.073758192090395596e+03
1.072649717514124404e+03
1.071604519774011351e+03
1.070647457627118683e+03
1.069781920903954870e+03
1.069000000000000000e+03
1.068329943502825017e+03
1.067803389830508422e+03
1.067404519774011533e+03
1.067154802259887219e+03
1.067061016949152645e+03
1.067118644067796822e+03
1.067369491525423882e+03
1.067789830508474779e+03
1.068374011299435097e+03
1.069122033898305290e+03
1.070037288135593371e+03
1.071099435028248763e+03
1.072288135593220431e+03
1.073616949152542475e+03
1.075028248587570715e+03
1.076553672316384109e+03
1.078148022598870284e+03
1.079805649717514143e+03
1.081534463276836050e+03
1.083215819209039637e+03
1.084707344632768354e+03
1.086027118644067741e+03
1.087162711864406901e+03
1.088110734463276913e+03
1.088880225988700658e+03
1.089455367231638547e+03
1.089856497175141158e+03
1.090074576271186288e+03
1.090118644067796595e+03
1.089978531073446447e+03
1.089674576271186652e+03
1.089205649717514007e+03
1.088519774011299432e+03
1.087656497175141112e+03
1.086561581920904018e+03
1.085253107344632781e+03
1.083883615819208899e+03
1.082623728813559410e+03
1.081464406779660976e+03
1.080409039548022520e+03
1.079471186440677911e+03
1.078649717514124404e+03
1.077909604519773893e+03
1.077274576271186334e+03
1.076735593220339069e+03
1.076279096045198003e+03
1.075911864406779614e+03
1.075636158192090534e+03
1.075468926553672418e+03
1.075393220338982928e+03
1.075395480225988649e+03
1.075503954802259841e+03
1.075710734463276822e+03
1.076020338983050806e+03
1.076422598870056390e+03
1.076926553672316459e+03
1.077512994350282497e+03
1.078213559322033689e+03
1.078984180790960636e+03
1.079830508474576163e+03
1.080758192090395369e+03
1.081733333333333348e+03
1.082771751412429467e+03
1.083838418079096073e+03
1.084951412429378479e+03
1.086092655367231600e+03
1.087270056497175119e+03
1.088480225988700568e+03
1.089731073446327628e+03
1.090880225988700658e+03
1.091752542372881180e+03
1.092340112994350193e+03
1.092641807909604495e+03
1.092654237288135619e+03
1.092414689265536708e+03
1.091900564971751464e+03
1.091143502824858615e+03
1.090131073446327719e+03
1.088898305084745743e+03
1.087450847457626878e+03
1.085832768361581884e+03
1.084254237288135528e+03
1.082714124293785289e+03
1.081215819209039637e+03
1.079775141242937934e+03
1.078395480225988649e+03
1.077083615819208944e+03
1.075842937853107287e+03
1.074667796610169489e+03
1.073561581920903791e+03
1.072514124293785244e+03
1.071543502824858706e+03
1.070650847457627151e+03
1.069841807909604540e+03
1.069137853107344654e+03
1.068558192090395551e+03
1.068105084745762724e+03
1.067789830508474552e+03
1.067611299435028286e+03
1.067610169491525539e+03
1.067775141242937934e+03
1.068099435028248536e+03
1.068594350282485948e+03
1.069258757062146969e+03
1.070098305084745789e+03
1.071079096045197730e+03
1.072211299435028195e+03
1.073455367231638320e+03
1.074816949152542293e+03
1.076288135593220431e+03
1.077819209039548241e+03
1.079432768361582021e+03
1.081115254237288127e+03
1.082779661016949376e+03
1.084268926553672372e+03
1.085584180790960545e+03
1.086717514124293757e+03
1.087684745762711827e+03
1.088449717514124359e+03
1.089046327683615800e+03
1.089476836158192327e+03
1.089726553672316413e+03
1.089820338983050988e+03
1.089733333333333576e+03
1.089479096045197821e+03
1.089039548022598865e+03
1.088421468926553871e+03
1.087609039548022793e+03
1.086588700564971987e+03
1.085362711864406720e+03
1.083961581920904109e+03
1.082648587570621658e+03
1.081454237288135801e+03
1.080371751412429603e+03
1.079412429378531215e+03
1.078543502824858933e+03
1.077758192090395596e+03
1.077087005649717867e+03
1.076522033898305381e+03
1.076041807909604813e+03
1.075657627118644086e+03
1.075355932203389784e+03
1.075152542372881499e+03
1.075045197740113053e+03
1.075032768361581930e+03
1.075117514124293848e+03
1.075300564971751555e+03
1.075572881355932395e+03
1.075936723163841862e+03
1.076390960451977435e+03
1.076959322033898388e+03
1.077619209039548196e+03
1.078349152542373076e+03
1.079180790960452214e+03
1.080083615819209172e+03
1.081041807909604586e+03
1.082049717514124495e+03
1.083142372881356096e+03
1.084238418079096164e+03
1.085376271186440590e+03
1.086541242937853212e+03
1.087738983050847537e+03
1.088979661016949194e+03
1.090246327683616073e+03
1.091332203389830738e+03
1.092136723163841907e+03
1.092664406779661022e+03
1.092903954802259932e+03
1.092894915254237276e+03
1.092609039548022793e+03
1.092062146892655619e+03
1.091282485875706243e+03
1.090265536723163905e+03
1.089031638418079183e+03
1.087581920903955051e+03
1.085988700564971850e+03
1.084418079096045403e+03
1.082900564971751464e+03
1.081451977401130080e+03
1.080044067796610307e+03
1.078687005649717776e+03
1.077414689265536708e+03
1.076198870056497299e+03
1.075049717514124495e+03
1.073976271186440954e+03
1.072960451977401135e+03
1.072032768361581930e+03
1.071185310734463428e+03
1.070419209039548150e+03
1.069771751412429467e+03
1.069240677966101885e+03
1.068833898305084858e+03
1.068561581920904018e+03
1.068467796610169444e+03
1.068525423728813621e+03
1.068746892655367446e+03
1.069119774011299342e+03
1.069688135593220522e+03
1.070409039548022520e+03
1.071282485875706243e+03
1.072299435028248581e+03
1.073456497175141521e+03
1.074714124293785517e+03
1.076087005649717639e+03
1.077566101694915460e+03
1.079118644067796822e+03
1.080748022598870193e+03
1.082422598870056618e+03
1.084001129943502974e+03
1.085411299435028468e+03
1.086653107344633099e+03
1.087711864406779796e+03
1.088589830508474734e+03
1.089310734463276731e+03
1.089837288135593326e+03
1.090201129943503020e+03
1.090407909604519773e+03
1.090441807909604677e+03
1.090299435028248581e+03
1.089997740112994506e+03
1.089514124293785471e+03
1.088849717514124450e+03
1.087997740112994506e+03
1.086937853107344836e+03
1.085671186440677957e+03
1.084325423728813803e+03
1.083090395480226107e+03
1.081959322033898388e+03
1.080935593220339115e+03
1.080002259887005721e+03
1.079190960451977617e+03
1.078473446327683860e+03
1.077857627118644359e+03
1.077328813559322271e+03
1.076888135593220568e+03
1.076545762711864882e+03
1.076291525423729126e+03
1.076107344632768672e+03
1.076051977401130216e+03
1.076077966101694983e+03
1.076202259887005766e+03
1.076407909604520228e+03
1.076715254237288264e+03
1.077119774011299796e+03
1.077628248587570852e+03
1.078233898305084949e+03
1.078923163841808218e+03
1.079706214689265835e+03
1.080574011299435142e+03
1.081496045197740386e+03
1.082480225988700795e+03
1.083509604519774257e+03
1.084588700564971987e+03
1.085694915254237458e+03
1.086845197740113235e+03
1.088018079096045312e+03
1.089225988700565267e+03
1.090487005649717730e+03
1.091623728813559410e+03
1.092498305084745880e+03
1.093098305084746016e+03
1.093423728813559592e+03
1.093472316384180886e+03
1.093235028248587696e+03
1.092752542372881635e+03
1.092000000000000227e+03
1.091007909604519909e+03
1.089801129943502929e+03
1.088392090395480409e+03
1.086762711864406810e+03
1.085169491525423837e+03
1.083597740112994416e+03
1.082075706214689490e+03
1.080615819209039728e+03
1.079220338983051079e+03
1.077879096045197912e+03
1.076603389830508604e+03
1.075389830508474688e+03
1.074242937853107378e+03
1.073164971751412622e+03
1.072152542372881499e+03
1.071223728813559546e+03
1.070376271186440817e+03
1.069628248587570624e+03
1.068989830508474597e+03
1.068485875706214756e+03
1.068106214689265471e+03
1.067884745762712100e+03
1.067821468926553734e+03
1.067927683615819205e+03
1.068188700564971896e+03
1.068620338983050942e+03
1.069227118644068014e+03
1.069990960451977571e+03
1.070908474576271374e+03
1.071953672316384427e+03
1.073140112994350602e+03
1.074438418079096209e+03
1.075824858757062430e+03
1.077302824858757049e+03
1.078857627118644132e+03
1.080459887005649762e+03
1.082123163841808037e+03
1.083602259887005857e+03
1.084906214689265653e+03
1.086028248587570943e+03
1.086971751412429285e+03
1.087731073446327855e+03
1.088293785310734620e+03
1.088689265536723269e+03
1.088906214689265653e+03
1.088960451977401362e+03
1.088840677966101794e+03
1.088545762711864427e+03
1.088081355932203678e+03
1.087420338983051124e+03
1.086572881355932623e+03
1.085515254237288445e+03
1.084232768361582202e+03
1.082845197740113235e+03
1.081578531073446811e+03
1.080418079096045403e+03
1.079353672316384745e+03
1.078402259887006039e+03
1.077559322033898752e+03
1.076816949152542747e+03
1.076161581920904382e+03
1.075611299435028741e+03
1.075162711864407129e+03
1.074786440677966311e+03
1.074502824858757322e+03
1.074314124293785653e+03
1.074224858757062520e+03
1.074236158192090670e+03
1.074338983050847673e+03
1.074548022598870375e+03
1.074830508474576618e+03
1.075224858757062520e+03
1.075708474576271556e+03
1.076305084745762997e+03
1.076978531073446675e+03
1.077749152542373167e+03
1.078587570621469240e+03
1.079522033898305381e+03
1.080510734463277004e+03
1.081554802259887310e+03
1.082649717514124632e+03
1.083786440677966311e+03
1.084944632768361771e+03
1.086146892655367537e+03
1.087369491525424110e+03
1.088629378531073598e+03
1.089942372881356278e+03
1.091084745762712146e+03
1.091972881355932486e+03
1.092554802259887310e+03
1.092863276836158320e+03
1.092908474576271601e+03
1.092675706214689399e+03
1.092180790960452214e+03
1.091436158192090488e+03
1.090457627118644268e+03
1.089255367231638729e+03
1.087847457627118956e+03
1.086242937853107605e+03
1.084680225988700840e+03
1.083155932203390194e+03
1.081690395480226243e+03
1.080289265536723406e+03
1.078954802259887174e+03
1.077689265536723269e+03
1.076488135593220704e+03
1.075353672316384291e+03
1.074308474576271237e+03
1.073311864406779932e+03
1.072404519774011533e+03
1.071590960451977480e+03
1.070868926553672509e+03
1.070263276836158411e+03
1.069764971751412759e+03
1.069394350282485902e+03
1.069157062146892940e+03
1.069085875706214892e+03
1.069177401129943746e+03
1.069439548022599183e+03
1.069879096045197912e+03
1.070481355932203769e+03
1.071241807909604859e+03
1.072163841807909876e+03
1.073232768361582202e+03
1.074440677966101930e+03
1.075755932203389875e+03
1.077192090395480591e+03
1.078705084745763088e+03
1.080298305084746062e+03
1.081959322033898388e+03
1.083680225988700840e+03
1.085281355932203496e+03
1.086736723163841816e+03
1.088010169491525630e+03
1.089112994350282634e+03
1.090013559322033871e+03
1.090751412429378661e+03
1.091326553672316550e+03
1.091715254237288264e+03
1.091948022598870466e+03
1.092009039548022656e+03
1.091903954802260159e+03
1.091618079096045221e+03
1.091162711864406901e+03
1.090526553672316822e+03
1.089696045197740204e+03
1.088659887005650035e+03
1.087401129943503065e+03
1.086030508474576436e+03
1.084776271186440908e+03
1.083619209039548423e+03
1.082554802259887310e+03
1.081627118644068105e+03
1.080793220338983247e+03
1.080050847457627242e+03
1.079419209039548377e+03
1.078883615819209354e+03
1.078440677966101930e+03
1.078087005649717867e+03
1.077823728813559683e+03
1.077655367231638593e+03
1.077587570621469240e+03
1.077611299435028513e+03
1.077732203389830829e+03
1.077949152542373213e+03
1.078264406779661385e+03
1.078674576271186652e+03
1.079181920903954961e+03
1.079783050847458071e+03
1.080497175141243133e+03
1.081284745762712191e+03
1.082157062146892940e+03
1.083093785310734802e+03
1.084094915254237549e+03
1.085150282485875778e+03
1.086235028248587696e+03
1.087372881355932350e+03
1.088534463276836277e+03
1.089745762711864700e+03
1.090980790960452168e+03
1.092254237288135982e+03
1.093343502824859115e+03
1.094179661016949467e+03
1.094728813559322361e+03
1.095006779661017163e+03
1.095003389830508695e+03
1.094725423728813666e+03
1.094187570621469149e+03
1.093406779661017254e+03
1.092371751412429603e+03
1.091111864406779887e+03
1.089648587570621658e+03
1.087998870056497253e+03
1.086368361581921135e+03
1.084777401129943883e+03
1.083238418079096391e+03
1.081758192090395596e+03
1.080341242937853167e+03
1.078967231638418070e+03
1.077680225988700840e+03
1.076462146892655483e+03
1.075297175141242860e+03
1.074209039548022702e+03
1.073188700564971896e+03
1.072245197740113326e+03
1.071396610169491851e+03
1.070645197740113190e+03
1.070004519774011442e+03
1.069490395480226198e+03
1.069127683615819478e+03
1.068896045197740250e+03
1.068830508474576391e+03
1.068932203389830647e+03
1.069203389830508740e+03
1.069637288135593280e+03
1.070256497175141476e+03
1.071035028248587878e+03
1.071960451977401362e+03
1.073039548022598865e+03
1.074244067796610352e+03
1.075548022598870148e+03
1.076976271186440954e+03
1.078475706214689581e+03
1.080070056497175301e+03
1.081729943502825108e+03
1.083438418079096209e+03
1.085009039548022884e+03
1.086400000000000091e+03
1.087586440677966266e+03
1.088601129943503111e+03
1.089429378531073780e+03
1.090077966101694983e+03
1.090529943502825063e+03
1.090814689265536799e+03
1.090900564971751692e+03
1.090813559322034052e+03
1.090564971751412486e+03
1.090129943502824972e+03
1.089500564971751601e+03
1.088677966101695120e+03
1.087638418079096255e+03
1.086383050847457753e+03
1.084978531073446447e+03
1.083646327683615937e+03
1.082444067796610398e+03
1.081350282485876050e+03
1.080342372881355914e+03
1.079453107344632826e+03
1.078667796610169717e+03
1.077970621468926765e+03
1.077363841807909921e+03
1.076881355932203633e+03
1.076482485875706288e+03
1.076158192090395687e+03
1.075936723163842089e+03
1.075816949152542293e+03
1.075795480225988740e+03
1.075877966101694938e+03
1.076044067796610307e+03
1.076316384180791147e+03
1.076684745762712055e+03
1.077153672316384245e+03
1.077731073446327628e+03
1.078389830508474688e+03
1.079159322033898434e+03
1.080009039548022884e+03
1.080934463276836368e+03
1.081931073446327900e+03
1.082972881355932486e+03
1.084067796610169808e+03
1.085224858757062293e+03
1.086416949152542657e+03
1.087637288135593280e+03
1.088888135593220341e+03
1.090190960451977389e+03
1.091532203389830556e+03
1.092783050847457616e+03
1.093753672316384154e+03
1.094445197740113144e+03
1.094856497175141158e+03
1.094985310734463383e+03
1.094815819209039773e+03
1.094383050847457525e+03
1.093706214689265380e+03
1.092781920903954870e+03
1.091620338983050942e+03
1.090233898305084949e+03
1.088659887005649580e+03
1.087002259887005494e+03
1.085394350282485902e+03
1.083849717514124222e+03
1.082346892655367355e+03
1.080911864406779614e+03
1.079553672316384336e+03
1.078254237288135528e+03
1.077020338983050806e+03
1.075868926553672281e+03
1.074778531073446402e+03
1.073781920903954870e+03
1.072873446327683723e+03
1.072071186440678048e+03
1.071352542372881317e+03
1.070772881355932213e+03
1.070322033898305108e+03
1.070020338983050806e+03
1.069864406779660840e+03
1.069879096045197684e+03
1.070068926553672100e+03
1.070447457627118638e+03
1.070980790960451941e+03
1.071684745762711827e+03
1.072562711864406765e+03
1.073587570621468785e+03
1.074745762711864245e+03
1.076033898305084676e+03
1.077445197740112917e+03
1.078952542372881453e+03
1.080532203389830556e+03
1.082197740112994325e+03
1.083919774011299523e+03
1.085706214689265380e+03
1.087345762711864381e+03
1.088807909604519864e+03
1.090083615819209172e+03
1.091183050847457707e+03
1.092106214689265471e+03
1.092851977401129716e+03
1.093413559322033962e+03
1.093792090395480272e+03
1.093997740112994506e+03
1.094027118644067741e+03
1.093866666666666788e+03
1.093542372881355732e+03
1.093016949152542338e+03
1.092291525423728672e+03
1.091341242937853167e+03
1.090197740112994325e+03
1.088820338983050760e+03
1.087472316384180886e+03
1.086236158192090443e+03
1.085096045197740068e+03
1.084066666666666606e+03
1.083141242937853121e+03
1.082338983050847446e+03
1.081619209039547968e+03
1.080980790960451941e+03
1.080449717514124131e+03
1.080015819209039591e+03
1.079662146892655528e+03
1.079420338983050897e+03
1.079270056497175119e+03
1.079214689265536663e+03
1.079246327683615846e+03
1.079407909604519773e+03
1.079650847457627151e+03
1.079997740112994279e+03
1.080449717514124131e+03
1.081006779661016935e+03
1.081661016949152554e+03
1.082405649717514279e+03
1.083242937853107378e+03
1.084140112994350147e+03
1.085123163841807809e+03
1.086151412429378524e+03
1.087221468926553598e+03
1.088348022598870102e+03
1.089511864406779750e+03
1.090708474576271101e+03
1.091936723163841634e+03
1.093213559322033689e+03
1.094473446327683632e+03
1.095457627118644041e+03
1.096180790960451759e+03
1.096612429378531033e+03
1.096762711864406810e+03
1.096633898305084585e+03
1.096248587570621567e+03
1.095597740112994416e+03
1.094699435028248445e+03
1.093555932203389602e+03
1.092197740112994325e+03
1.090638418079096027e+03
1.088975141242937752e+03
1.087349152542372849e+03
1.085759322033898115e+03
1.084233898305084722e+03
1.082772881355932213e+03
1.081368361581920908e+03
1.080022598870056527e+03
1.078754802259887128e+03
1.077550282485875869e+03
1.076429378531073326e+03
1.075375141242937843e+03
1.074406779661017026e+03
1.073519774011299432e+03
1.072731073446327628e+03
1.072077966101694983e+03
1.071540112994350238e+03
1.071138983050847401e+03
1.070892655367231782e+03
1.070800000000000182e+03
1.070882485875706152e+03
1.071128813559322225e+03
1.071561581920903791e+03
1.072142372881355868e+03
1.072899435028248718e+03
1.073825988700564949e+03
1.074905084745762679e+03
1.076119774011299342e+03
1.077440677966101703e+03
1.078890395480226061e+03
1.080425988700564858e+03
1.082055367231638456e+03
1.083759322033898115e+03
1.085515254237287991e+03
1.087110734463276913e+03
1.088525423728813621e+03
1.089763841807909557e+03
1.090805649717514143e+03
1.091661016949152554e+03
1.092337853107344472e+03
1.092821468926553734e+03
1.093132203389830465e+03
1.093282485875706243e+03
1.093240677966101657e+03
1.093002259887005721e+03
1.092610169491525312e+03
1.092007909604519909e+03
1.091224858757062066e+03
1.090214689265536890e+03
1.088997740112994506e+03
1.087550282485875869e+03
1.086066666666666606e+03
1.084685875706214802e+03
1.083406779661017026e+03
1.082247457627118820e+03
1.081198870056497299e+03
1.080251977401130034e+03
1.079393220338983156e+03
1.078640677966101748e+03
1.077966101694915324e+03
1.077384180790960500e+03
1.076910734463277095e+03
1.076533333333333303e+03
1.076248587570621567e+03
1.076068926553672327e+03
1.075995480225989013e+03
1.076014689265536845e+03
1.076141242937853349e+03
1.076349152542373304e+03
1.076671186440678412e+03
1.077099435028248990e+03
1.077636158192090534e+03
1.078239548022599138e+03
1.078963841807909830e+03
1.079772881355932441e+03
1.080640677966101975e+03
1.081586440677966266e+03
1.082581920903955051e+03
1.083637288135593508e+03
1.084720903954802452e+03
1.085847457627118729e+03
1.087019209039548059e+03
1.088235028248587696e+03
1.089496045197740386e+03
1.090813559322034052e+03
1.091925423728813712e+03
1.092774011299435188e+03
1.093327683615819524e+03
1.093595480225988922e+03
1.093610169491525539e+03
1.093343502824858888e+03
1.092832768361582112e+03
1.092055367231638684e+03
1.091064406779661113e+03
1.089846327683615982e+03
1.088427118644068059e+03
1.086805649717514370e+03
1.085162711864406901e+03
1.083587570621469240e+03
1.082041807909604586e+03
1.080580790960452077e+03
1.079161581920904155e+03
1.077835028248587605e+03
1.076560451977401044e+03
1.075340112994350420e+03
1.074198870056497071e+03
1.073135593220338933e+03
1.072152542372881271e+03
1.071251977401129807e+03
1.070466666666666697e+03
1.069786440677966084e+03
1.069239548022599138e+03
1.068829378531073417e+03
1.068569491525423928e+03
1.068474576271186379e+03
1.068551412429378615e+03
1.068795480225988740e+03
1.069221468926553598e+03
1.069805649717514143e+03
1.070558192090395551e+03
1.071453107344632826e+03
1.072497175141243133e+03
1.073680225988700613e+03
1.074986440677966129e+03
1.076362711864406947e+03
1.077841807909604540e+03
1.079376271186440590e+03
1.080995480225988786e+03
1.082670056497175210e+03
1.084407909604519773e+03
1.085985310734463383e+03
1.087403389830508331e+03
1.088615819209039500e+03
1.089663276836158275e+03
1.090522033898304926e+03
1.091223728813559319e+03
1.091732203389830374e+03
1.092080225988700477e+03
1.092263276836158184e+03
1.092241807909604631e+03
1.092044067796610307e+03
1.091651977401129898e+03
1.091063276836158138e+03
1.090255367231638502e+03
1.089231638418079001e+03
1.087974011299435006e+03
1.086680225988700386e+03
1.085499435028248627e+03
1.084416949152542202e+03
1.083435028248587514e+03
1.082554802259887083e+03
1.081772881355932213e+03
1.081101694915254484e+03
1.080522033898305153e+03
1.080031638418078956e+03
1.079641807909604722e+03
1.079340112994350420e+03
1.079122033898305290e+03
1.079006779661016935e+03
1.078981920903954688e+03
1.079066666666666606e+03
1.079236158192090443e+03
1.079507344632768309e+03
1.079893785310734529e+03
1.080372881355932350e+03
1.080955932203389693e+03
1.081622598870056436e+03
1.082403389830508331e+03
1.083270056497175119e+03
1.084204519774011260e+03
1.085221468926553598e+03
1.086280225988700522e+03
1.087392090395480182e+03
1.088562711864406992e+03
1.089769491525423746e+03
1.091015819209039364e+03
1.092323163841807855e+03
1.093653107344632872e+03
1.095053107344632735e+03
1.096274576271186561e+03
1.097204519774011260e+03
1.097864406779661294e+03
1.098255367231638502e+03
1.098378531073446311e+03
1.098206779661016981e+03
1.097789830508474552e+03
1.097123163841808037e+03
1.096203389830508513e+03
1.095079096045197730e+03
1.093734463276836095e+03
1.092192090395480136e+03
1.090450847457627106e+03
1.088740112994350511e+03
1.087081355932203451e+03
1.085487005649717730e+03
1.083950282485875960e+03
1.082467796610169671e+03
1.081064406779661113e+03
1.079716384180791010e+03
1.078447457627118638e+03
1.077244067796610352e+03
1.076132203389830693e+03
1.075098305084745789e+03
1.074162711864406901e+03
1.073344632768361862e+03
1.072656497175141340e+03
1.072082485875706197e+03
1.071667796610169489e+03
1.071421468926553644e+03
1.071317514124293893e+03
1.071413559322033962e+03
1.071668926553672463e+03
1.072116384180791101e+03
1.072718644067796504e+03
1.073474576271186379e+03
1.074387570621468967e+03
1.075449717514124586e+03
1.076625988700564903e+03
1.077915254237288082e+03
1.079318644067796640e+03
1.080794350282485993e+03
1.082359322033898479e+03
1.083997740112994506e+03
1.085684745762711827e+03
1.087345762711864609e+03
1.088833898305084858e+03
1.090128813559322225e+03
1.091245197740113099e+03
1.092176271186440772e+03
1.092937853107344608e+03
1.093506214689265789e+03
1.093906214689265653e+03
1.094112994350282634e+03
1.094159322033898434e+03
1.094023728813559501e+03
1.093684745762712055e+03
1.093143502824858842e+03
1.092412429378531215e+03
1.091448587570621612e+03
1.090248587570621567e+03
1.088818079096045267e+03
1.087472316384180886e+03
1.086209039548022702e+03
1.085056497175141203e+03
1.084006779661016935e+03
1.083041807909604586e+03
1.082183050847457707e+03
1.081415819209039455e+03
1.080727683615819387e+03
1.080138983050847401e+03
1.079622598870056663e+03
1.079201129943503020e+03
1.078881355932203405e+03
1.078638418079096027e+03
1.078499435028248627e+03
1.078455367231638320e+03
1.078493785310734438e+03
1.078624858757062157e+03
1.078863276836158320e+03
1.079205649717514234e+03
1.079648587570621658e+03
1.080184180790960454e+03
1.080809039548022611e+03
1.081517514124293939e+03
1.082288135593220431e+03
1.083117514124293848e+03
1.084016949152542566e+03
1.084968361581921044e+03
1.085951412429378706e+03
1.086975141242937752e+03
1.088047457627118774e+03
1.089154802259887219e+03
1.090312994350282452e+03
1.091538983050847492e+03
1.092650847457627151e+03
1.093482485875706288e+03
1.094036158192090397e+03
1.094316384180790919e+03
1.094319774011299614e+03
1.094050847457627242e+03
1.093533333333333303e+03
1.092763841807909557e+03
1.091761581920904064e+03
1.090544632768361680e+03
1.089136723163841907e+03
1.087537853107344745e+03
1.085953672316384200e+03
1.084435028248587514e+03
1.082968361581920817e+03
1.081551412429378615e+03
1.080192090395480363e+03
1.078894915254237276e+03
1.077657627118644086e+03
1.076483615819209263e+03
1.075381920903954779e+03
1.074348022598870102e+03
1.073411299435028468e+03
1.072545762711864427e+03
1.071789830508474552e+03
1.071143502824858842e+03
1.070630508474576345e+03
1.070246327683616073e+03
1.070006779661017163e+03
1.069937853107344836e+03
1.070029378531073689e+03
1.070302824858757276e+03
1.070740112994350284e+03
1.071345762711864609e+03
1.072108474576271192e+03
1.073020338983050806e+03
1.074096045197740295e+03
1.075290395480226152e+03
1.076592090395480227e+03
1.077995480225988786e+03
1.079499435028248627e+03
1.081093785310734575e+03
1.082740112994350511e+03
1.084454237288135801e+03
1.086193220338983338e+03
1.087758192090395596e+03
1.089153672316384473e+03
1.090355932203389784e+03
1.091395480225988877e+03
1.092244067796610125e+03
1.092923163841807764e+03
1.093428248587570579e+03
1.093760451977401090e+03
1.093920903954802270e+03
1.093912994350282588e+03
1.093723163841807946e+03
1.093352542372881544e+03
1.092771751412429467e+03
1.091976271186440727e+03
1.090959322033898388e+03
1.089720903954802225e+03
1.088325423728813576e+03
1.087020338983050806e+03
1.085827118644067923e+03
1.084728813559322134e+03
1.083731073446327628e+03
1.082841807909604540e+03
1.082049717514124495e+03
1.081333333333333485e+03
1.080705084745762861e+03
1.080164971751412395e+03
1.079717514124293757e+03
1.079363841807909694e+03
1.079092655367231600e+03
1.078933333333333394e+03
1.078868926553672281e+03
1.078887005649717594e+03
1.079011299435028377e+03
1.079235028248587696e+03
1.079554802259887083e+03
1.079980790960451941e+03
1.080482485875706288e+03
1.081110734463276913e+03
1.081810169491525585e+03
1.082590960451977480e+03
1.083423728813559592e+03
1.084320903954802361e+03
1.085279096045197775e+03
1.086289265536723178e+03
1.087328813559322043e+03
1.088425988700565085e+03
1.089569491525423928e+03
1.090753672316384382e+03
1.091994350282486039e+03
1.093245197740113099e+03
1.094246327683616073e+03
1.094963841807909830e+03
1.095400000000000091e+03
1.095557062146892804e+03
1.095470056497175392e+03
1.095128813559321998e+03
1.094537853107344745e+03
1.093705084745762633e+03
1.092656497175141340e+03
1.091395480225988649e+03
1.089942372881356050e+03
1.088299435028248809e+03
1.086657627118644086e+03
1.085065536723164087e+03
1.083522033898305381e+03
1.082013559322034098e+03
1.080571751412429649e+03
1.079202259887005766e+03
1.077894915254237731e+03
1.076646327683616164e+03
1.075462146892655483e+03
1.074370621468926856e+03
1.073341242937853394e+03
1.072412429378531215e+03
1.071579661016949558e+03
1.070879096045197912e+03
1.070294915254237367e+03
1.069868926553672509e+03
1.069574011299435369e+03
1.069442937853107651e+03
1.069482485875706516e+03
1.069689265536723269e+03
1.070076836158192236e+03
1.070616949152542475e+03
1.071329943502825245e+03
1.072188700564971896e+03
1.073190960451977844e+03
1.074301694915254529e+03
1.075535593220339251e+03
1.076876836158192418e+03
1.078285875706214938e+03
1.079779661016949376e+03
1.081338983050847673e+03
1.082966101694915324e+03
1.084579661016949558e+03
1.086053107344633190e+03
1.087340112994350420e+03
1.088447457627118865e+03
1.089393220338983156e+03
1.090158192090395914e+03
1.090743502824859206e+03
1.091155932203390194e+03
1.091418079096045403e+03
1.091508474576271510e+03
1.091418079096045403e+03
1.091145762711864791e+03
1.090683615819209081e+03
1.090016949152542566e+03
1.089142372881356096e+03
1.088027118644068196e+03
1.086696045197740204e+03
1.085429378531073553e+03
1.084249717514124313e+03
1.083171751412429558e+03
1.082187570621469149e+03
1.081305084745762997e+03
1.080509604519774257e+03
1.079803389830508650e+03
1.079192090395480136e+03
1.078674576271186652e+03
1.078230508474576254e+03
1.077887005649717594e+03
1.077640677966101748e+03
1.077463276836158457e+03
1.077376271186440590e+03
1.077383050847457753e+03
1.077493785310734438e+03
1.077714124293785289e+03
1.078021468926553553e+03
1.078435028248587514e+03
1.078944632768361544e+03
1.079546892655367174e+03
1.080223728813559319e+03
1.081003389830508468e+03
1.081856497175141158e+03
1.082761581920904064e+03
1.083722033898305199e+03
1.084745762711864245e+03
1.085799999999999955e+03
1.086885875706214392e+03
1.088038418079095891e+03
1.089223728813559319e+03
1.090468926553672190e+03
1.091748022598869966e+03
1.092936723163841862e+03
1.093862146892655119e+03
1.094509604519774030e+03
1.094905084745762679e+03
1.095019209039548059e+03
1.094866666666666561e+03
1.094454237288135573e+03
1.093816949152542293e+03
1.092950282485875505e+03
1.091855367231638411e+03
1.090549152542372667e+03
1.089063276836158138e+03
1.087463276836158002e+03
1.085889265536723087e+03
1.084364971751412213e+03
1.082912994350282588e+03
1.081502824858757094e+03
1.080169491525423609e+03
1.078880225988700204e+03
1.077667796610169262e+03
1.076515254237287991e+03
1.075466666666666697e+03
1.074468926553672190e+03
1.073570621468926447e+03
1.072784180790960363e+03
1.072093785310734347e+03
1.071536723163841543e+03
1.071098305084745789e+03
1.070815819209039546e+03
1.070672316384180704e+03
1.070723163841807718e+03
1.070932203389830420e+03
1.071299435028248581e+03
1.071844067796610034e+03
1.072557062146892576e+03
1.073402259887005584e+03
1.074411299435028013e+03
1.075527683615819114e+03
1.076779661016949149e+03
1.078129943502824744e+03
1.079568361581920726e+03
1.081100564971751282e+03
1.082683615819209081e+03
1.084343502824858660e+03
1.086049717514124040e+03
1.087585310734463292e+03
1.088960451977401135e+03
1.090161581920903927e+03
1.091170621468926583e+03
1.092002259887005494e+03
1.092681355932203587e+03
1.093174011299435051e+03
1.093514124293785244e+03
1.093668926553672236e+03
1.093654237288135619e+03
1.093467796610169444e+03
1.093076836158192236e+03
1.092500564971751373e+03
1.091705084745762633e+03
1.090705084745762633e+03
1.089475706214689353e+03
1.088118644067796595e+03
1.086875706214689217e+03
1.085716384180791010e+03
1.084661016949152781e+03
1.083717514124293984e+03
1.082865536723164041e+03
1.082107344632768672e+03
1.081446327683615891e+03
1.080871186440678230e+03
1.080385310734463474e+03
1.079998870056497253e+03
1.079693785310734711e+03
1.079494915254237640e+03
1.079384180790960727e+03
1.079371751412429603e+03
1.079459887005649989e+03
1.079640677966101975e+03
1.079909604519774120e+03
1.080275706214689535e+03
1.080761581920904064e+03
1.081345762711864609e+03
1.082020338983050806e+03
1.082785310734463337e+03
1.083621468926553916e+03
1.084518644067796686e+03
1.085480225988700795e+03
1.086489265536723451e+03
1.087550282485875869e+03
1.088640677966101975e+03
1.089774011299435188e+03
1.090962711864406856e+03
1.092192090395480363e+03
1.093472316384180886e+03
1.094694915254237458e+03
1.095640677966101975e+03
1.096303954802260023e+03
1.096698305084745925e+03
1.096824858757062202e+03
1.096682485875706334e+03
1.096268926553672372e+03
1.095614689265536981e+03
1.094698305084745925e+03
1.093569491525423928e+03
1.092233898305084949e+03
1.090702824858757140e+03
1.089035028248587878e+03
1.087400000000000091e+03
1.085813559322034052e+03
1.084275706214689308e+03
1.082797740112994688e+03
1.081394350282485902e+03
1.080040677966101612e+03
1.078762711864406810e+03
1.077537853107344745e+03
1.076392090395480409e+03
1.075323163841807855e+03
1.074348022598870102e+03
1.073440677966101703e+03
1.072641807909604722e+03
1.071971751412429512e+03
1.071424858757062111e+03
1.071029378531073462e+03
1.070783050847457616e+03
1.070681355932203587e+03
1.070767231638418025e+03
1.071024858757062248e+03
1.071428248587570579e+03
1.072012429378531124e+03
1.072749152542372940e+03
1.073647457627118911e+03
1.074684745762711827e+03
1.075841807909604540e+03
1.077114124293785380e+03
1.078489265536723451e+03
1.079950282485875732e+03
1.081491525423728945e+03
1.083090395480226107e+03
1.084759322033898115e+03
1.086474576271186379e+03
1.088010169491525403e+03
1.089376271186440590e+03
1.090551412429378615e+03
1.091555932203389830e+03
1.092368361581920908e+03
1.093010169491525403e+03
1.093476836158192100e+03
1.093772881355932441e+03
1.093872316384180976e+03
1.093814689265536799e+03
1.093560451977401272e+03
1.093101694915254257e+03
1.092447457627118638e+03
1.091564971751412486e+03
1.090470056497175392e+03
1.089140112994350375e+03
1.087832768361582112e+03
1.086621468926553916e+03
1.085508474576271283e+03
1.084482485875706288e+03
1.083557062146892804e+03
1.082719774011299478e+03
1.081988700564971850e+03
1.081331073446327764e+03
1.080764971751412304e+03
1.080290395480226152e+03
1.079910734463276640e+03
1.079604519774011351e+03
1.079409039548022520e+03
1.079306214689265516e+03
1.079289265536723178e+03
1.079369491525423655e+03
1.079550282485875641e+03
1.079819209039548014e+03
1.080190960451977617e+03
1.080668926553672236e+03
1.081246327683616073e+03
1.081906214689265653e+03
1.082623728813559410e+03
1.083450847457627333e+03
1.084324293785310829e+03
1.085258757062147197e+03
1.086242937853107378e+03
1.087266666666666879e+03
1.088346892655367355e+03
1.089445197740113144e+03
1.090597740112994416e+03
1.091804519774011624e+03
1.093077966101694983e+03
1.094294915254237367e+03
1.095241807909604631e+03
1.095927683615819433e+03
1.096342372881356141e+03
1.096476836158192327e+03
1.096354802259887265e+03
1.095985310734463383e+03
1.095361581920904200e+03
1.094503954802260068e+03
1.093425988700565085e+03
1.092138983050847628e+03
1.090656497175141567e+03
1.089048587570621748e+03
1.087497175141243133e+03
1.085995480225988786e+03
1.084546892655367174e+03
1.083162711864406901e+03
1.081849717514124450e+03
1.080587570621469013e+03
1.079412429378531215e+03
1.078290395480225925e+03
1.077249717514124541e+03
1.076302824858757049e+03
1.075442937853107651e+03
1.074677966101694892e+03
1.074025988700564994e+03
1.073492655367231691e+03
1.073107344632768672e+03
1.072870056497175256e+03
1.072809039548022838e+03
1.072894915254237276e+03
1.073149152542373031e+03
1.073580790960452077e+03
1.074192090395480363e+03
1.074952542372881453e+03
1.075874576271186470e+03
1.076949152542372985e+03
1.078163841807909876e+03
1.079487005649717503e+03
1.080928813559322180e+03
1.082445197740113144e+03
1.084067796610169580e+03
1.085754802259887128e+03
1.087490395480226198e+03
1.089273446327683814e+03
1.090891525423728808e+03
1.092338983050847446e+03
1.093609039548022793e+03
1.094699435028248672e+03
1.095609039548022793e+03
1.096355932203389784e+03
1.096919774011299523e+03
1.097316384180791147e+03
1.097538983050847492e+03
1.097587570621469013e+03
1.097459887005649762e+03
1.097136723163841907e+03
1.096615819209039500e+03
1.095889265536723087e+03
1.094944632768361544e+03
1.093762711864406810e+03
1.092345762711864381e+03
1.091010169491525403e+03
1.089775141242937934e+03
1.088625988700564903e+03
1.087593220338982974e+03
1.086655367231638138e+03
1.085814689265536799e+03
1.085067796610169353e+03
1.084406779661017026e+03
1.083829378531073417e+03
1.083363841807909466e+03
1.082984180790960409e+03
1.082700564971751419e+03
1.082505084745762588e+03
1.082406779661017026e+03
1.082405649717514279e+03
1.082522033898305153e+03
1.082728813559322134e+03
1.083048587570621521e+03
1.083462146892655255e+03
1.083989830508474597e+03
1.084604519774011351e+03
1.085310734463276731e+03
1.086109604519774166e+03
1.086985310734463383e+03
1.087928813559322180e+03
1.088916384180790828e+03
1.089963841807909603e+03
1.091048587570621521e+03
1.092201129943503020e+03
1.093383050847457525e+03
1.094631638418079092e+03
1.095927683615819205e+03
1.097221468926553825e+03
1.098266666666666879e+03
1.099012429378531124e+03
1.099477966101695074e+03
1.099676836158192145e+03
1.099607909604520046e+03
1.099281355932203496e+03
1.098697175141243179e+03
1.097876836158192191e+03
1.096795480225988740e+03
1.095509604519774030e+03
1.094025988700564994e+03
1.092361581920903973e+03
1.090637288135593280e+03
1.088961581920904109e+03
1.087329943502824790e+03
1.085745762711864472e+03
1.084224858757062066e+03
1.082760451977401317e+03
1.081376271186440817e+03
1.080048587570621294e+03
1.078788700564971805e+03
1.077601129943502656e+03
1.076497175141242906e+03
1.075482485875706288e+03
1.074578531073446356e+03
1.073798870056497208e+03
1.073149152542373031e+03
1.072615819209039728e+03
1.072246327683615846e+03
1.072046327683615800e+03
1.072016949152542338e+03
1.072154802259886992e+03
1.072482485875706061e+03
1.072964971751412349e+03
1.073618079096045221e+03
1.074433898305084767e+03
1.075371751412429376e+03
1.076436158192090261e+03
1.077631638418079092e+03
1.078944632768361544e+03
1.080354802259887038e+03
1.081833898305084631e+03
1.083374011299434869e+03
1.085005649717514189e+03
1.086682485875706107e+03
1.088279096045197548e+03
1.089681355932203132e+03
1.090894915254237276e+03
1.091928813559321952e+03
1.092788700564971805e+03
1.093457627118643813e+03
1.093946892655367265e+03
1.094262146892655437e+03
1.094389830508474461e+03
1.094333333333333258e+03
1.094071186440678048e+03
1.093603389830508377e+03
1.092917514124293575e+03
1.092031638418078956e+03
1.090900564971751237e+03
1.089536723163841543e+03
1.088162711864406901e+03
1.086908474576271146e+03
1.085751412429378433e+03
1.084689265536722814e+03
1.083715254237288036e+03
1.082841807909604540e+03
1.082058757062146924e+03
1.081352542372881317e+03
1.080758192090395369e+03
1.080251977401129807e+03
1.079827118644067696e+03
1.079489265536722996e+03
1.079262146892655210e+03
1.079123163841807809e+03
1.079066666666666606e+03
1.079112994350282406e+03
1.079261016949152463e+03
1.079505084745762588e+03
1.079849717514124222e+03
1.080302824858757049e+03
1.080867796610169535e+03
1.081509604519774030e+03
1.082224858757062066e+03
1.083019209039548059e+03
1.083905084745762679e+03
1.084839548022598819e+03
1.085831638418078910e+03
1.086862146892655346e+03
1.087942372881355823e+03
1.089066666666666606e+03
1.090235028248587469e+03
1.091464406779660976e+03
1.092741242937853031e+03
1.094077966101694983e+03
1.095211299435028195e+03
1.096065536723163632e+03
1.096647457627118456e+03
1.096938983050847582e+03
1.096968361581920817e+03
1.096719774011299251e+03
1.096238418079095936e+03
1.095510734463276549e+03
1.094553672316384109e+03
1.093372881355932122e+03
1.091995480225988558e+03
1.090415819209039455e+03
1.088794350282485993e+03
1.087225988700564812e+03
1.085722033898305199e+03
1.084265536723163677e+03
1.082871186440677775e+03
1.081551412429378615e+03
1.080296045197740114e+03
1.079111864406779659e+03
1.078015819209039819e+03
1.076985310734463383e+03
1.076037288135593371e+03
1.075214689265536890e+03
1.074501694915254348e+03
1.073908474576271146e+03
1.073446327683615891e+03
1.073137853107344654e+03
1.072978531073446447e+03
1.073003389830508695e+03
1.073206779661017208e+03
1.073585310734463292e+03
1.074128813559322225e+03
1.074850847457627424e+03
1.075726553672316641e+03
1.076760451977401317e+03
1.077931073446327900e+03
1.079250847457627287e+03
1.080656497175141340e+03
1.082186440677966175e+03
1.083803389830508422e+03
1.085489265536723224e+03
1.087259887005649716e+03
1.089072316384180795e+03
1.090859887005649853e+03
1.092474576271186379e+03
1.093926553672316459e+03
1.095188700564971896e+03
1.096272316384181067e+03
1.097200000000000045e+03
1.097946892655367265e+03
1.098522033898304926e+03
1.098927683615819205e+03
1.099144632768361589e+03
1.099181920903954961e+03
1.099022598870056527e+03
1.098662146892655301e+03
1.098102824858757003e+03
1.097298305084745607e+03
1.096273446327683587e+03
1.095016949152542338e+03
1.093541242937852985e+03
1.092177401129943519e+03
1.090897175141242997e+03
1.089734463276836095e+03
1.088666666666666515e+03
1.087700564971751419e+03
1.086823728813559228e+03
1.086040677966101612e+03
1.085352542372881317e+03
1.084743502824858751e+03
1.084254237288135755e+03
1.083847457627118729e+03
1.083545762711864427e+03
1.083333333333333485e+03
1.083222598870056572e+03
1.083218079096045358e+03
1.083314124293785426e+03
1.083525423728813621e+03
1.083827118644067923e+03
1.084237288135593417e+03
1.084770621468926720e+03
1.085384180790960500e+03
1.086085875706214665e+03
1.086871186440678002e+03
1.087708474576271328e+03
1.088623728813559410e+03
1.089593220338982974e+03
1.090606779661016844e+03
1.091682485875706334e+03
1.092796610169491487e+03
1.093986440677966129e+03
1.095215819209039637e+03
1.096517514124293712e+03
1.097685875706214574e+03
1.098604519774011351e+03
1.099246327683615846e+03
1.099605649717514098e+03
1.099698305084745698e+03
1.099526553672316368e+03
1.099114124293785153e+03
1.098447457627118638e+03
1.097550282485875869e+03
1.096435028248587514e+03
1.095111864406779659e+03
1.093593220338982974e+03
1.091906214689265653e+03
1.090213559322033916e+03
1.088563841807909739e+03
1.086972881355932259e+03
1.085445197740113144e+03
1.083969491525423791e+03
1.082545762711864427e+03
1.081183050847457707e+03
1.079882485875706152e+03
1.078680225988700386e+03
1.077544632768361680e+03
1.076501694915254348e+03
1.075567231638417979e+03
1.074733333333333576e+03
1.074029378531073689e+03
1.073442937853107424e+03
1.073029378531073689e+03
1.072780790960452123e+03
1.072691525423728763e+03
1.072772881355932441e+03
1.073014689265536617e+03
1.073433898305084995e+03
1.074024858757062248e+03
1.074754802259887128e+03
1.075633898305084813e+03
1.076656497175141340e+03
1.077781920903954870e+03
1.079014689265536845e+03
1.080341242937853167e+03
1.081763841807909557e+03
1.083253107344632781e+03
1.084812429378531078e+03
1.086428248587570579e+03
1.088112994350282634e+03
1.089656497175141340e+03
1.091031638418079183e+03
1.092228248587570761e+03
1.093222598870056572e+03
1.094071186440678048e+03
1.094711864406779796e+03
1.095177401129943519e+03
1.095481355932203314e+03
1.095596610169491669e+03
1.095514124293785244e+03
1.095240677966101885e+03
1.094748022598870193e+03
1.094035028248587651e+03
1.093084745762711918e+03
1.091898305084745971e+03
1.090522033898305153e+03
1.089235028248587696e+03
1.088058757062146924e+03
1.086972881355932259e+03
1.085969491525423791e+03
1.085072316384181022e+03
1.084254237288135755e+03
1.083535593220339251e+03
1.082899435028248718e+03
1.082357062146892758e+03
1.081885875706214847e+03
1.081508474576271283e+03
1.081237288135593190e+03
1.081055367231638456e+03
1.080978531073446447e+03
1.080990960451977571e+03
1.081108474576271419e+03
1.081320903954802361e+03
1.081630508474576345e+03
1.082045197740113053e+03
1.082567231638418207e+03
1.083197740112994325e+03
1.083902824858757185e+03
1.084694915254237458e+03
1.085553672316384564e+03
1.086482485875706288e+03
1.087454237288135573e+03
1.088507344632768536e+03
1.089600000000000136e+03
1.090733333333333576e+03
1.091931073446327900e+03
1.093171751412429785e+03
1.094472316384180886e+03
1.095841807909604540e+03
1.097084745762711918e+03
1.098042937853107560e+03
1.098723163841807946e+03
1.099140112994350602e+03
1.099277966101695029e+03
1.099154802259887219e+03
1.098775141242937934e+03
1.098151412429378524e+03
1.097305084745762770e+03
1.096215819209039637e+03
1.094918644067796777e+03
1.093422598870056390e+03
1.091759322033898115e+03
1.090071186440678048e+03
1.088432768361582021e+03
1.086858757062146879e+03
1.085338983050847446e+03
1.083864406779660840e+03
1.082457627118644268e+03
1.081126553672316504e+03
1.079873446327683723e+03
1.078687005649717548e+03
1.077589830508474734e+03
1.076603389830508604e+03
1.075722033898305199e+03
1.074961581920904109e+03
1.074325423728813803e+03
1.073839548022599047e+03
1.073520903954802407e+03
1.073369491525423882e+03
1.073397740112994597e+03
1.073613559322034007e+03
1.073981920903954915e+03
1.074534463276836277e+03
1.075247457627118820e+03
1.076117514124293848e+03
1.077127683615819251e+03
1.078263276836158184e+03
1.079534463276836050e+03
1.080890395480226061e+03
1.082363841807909694e+03
1.083906214689265653e+03
1.085522033898305153e+03
1.087204519774011260e+03
1.088949152542372985e+03
1.090761581920904064e+03
1.092412429378531215e+03
1.093870056497175256e+03
1.095140112994350602e+03
1.096250847457627060e+03
1.097186440677965948e+03
1.097945762711864518e+03
1.098527683615819342e+03
1.098923163841807991e+03
1.099143502824858842e+03
1.099148022598870284e+03
1.098960451977401135e+03
1.098555932203390057e+03
1.097909604519774120e+03
1.097030508474576436e+03
1.095927683615819205e+03
1.094564971751412486e+03
1.093201129943503020e+03
1.091955932203389921e+03
1.090786440677966311e+03
1.089716384180791010e+03
1.088711864406779569e+03
1.087813559322033825e+03
1.087000000000000000e+03
1.086282485875706243e+03
1.085636158192090534e+03
1.085091525423728854e+03
1.084624858757062157e+03
1.084256497175141249e+03
1.083967231638418070e+03
1.083794350282485766e+03
1.083703954802259886e+03
1.083710734463276822e+03
1.083828248587570670e+03
1.084039548022598865e+03
1.084364971751412213e+03
1.084778531073446175e+03
1.085291525423728672e+03
1.085888135593220341e+03
1.086574011299434915e+03
1.087316384180790919e+03
1.088128813559321998e+03
1.088989830508474597e+03
1.089905084745762451e+03
1.090867796610169307e+03
1.091874576271186470e+03
1.092949152542372758e+03
1.094088135593220159e+03
1.095293785310734165e+03
1.096587570621468785e+03
1.097602259887005630e+03
1.098357062146892531e+03
1.098850847457626969e+03
1.099064406779660885e+03
1.099029378531073235e+03
1.098734463276835868e+03
1.098197740112994325e+03
1.097431638418079046e+03
1.096454237288135346e+03
1.095267796610169398e+03
1.093889265536723087e+03
1.092320903954801906e+03
1.090679096045197639e+03
1.089072316384180795e+03
1.087523163841807673e+03
1.086019209039548059e+03
1.084581920903954597e+03
1.083207909604519500e+03
1.081873446327683496e+03
1.080614689265536526e+03
1.079435028248587514e+03
1.078315254237288173e+03
1.077297175141242860e+03
1.076380790960452032e+03
1.075588700564971532e+03
1.074900564971751237e+03
1.074344632768361407e+03
1.073950282485875505e+03
1.073701694915254166e+03
1.073623728813559410e+03
1.073722033898305199e+03
1.073985310734463155e+03
1.074405649717514279e+03
1.074987570621468876e+03
1.075740112994350284e+03
1.076627118644067878e+03
1.077646327683615709e+03
1.078788700564971805e+03
1.080042937853107333e+03
1.081398870056497344e+03
1.082844067796610034e+03
1.084355932203389784e+03
1.085945762711864518e+03
1.087581920903954824e+03
1.089268926553672145e+03
1.090796610169491260e+03
1.092135593220338706e+03
1.093317514124293666e+03
1.094308474576271237e+03
1.095143502824858615e+03
1.095794350282485766e+03
1.096289265536722951e+03
1.096597740112994188e+03
1.096729943502824881e+03
1.096679096045197639e+03
1.096419209039547923e+03
1.095970621468926311e+03
1.095297175141242860e+03
1.094395480225988649e+03
1.093262146892655437e+03
1.091898305084745516e+03
1.090564971751412259e+03
1.089318644067796413e+03
1.088159322033898206e+03
1.087099435028248536e+03
1.086125423728813530e+03
1.085236158192090443e+03
1.084435028248587514e+03
1.083728813559322134e+03
1.083102824858757231e+03
1.082555932203389830e+03
1.082105084745762724e+03
1.081743502824858751e+03
1.081454237288135573e+03
1.081273446327683587e+03
1.081188700564971896e+03
1.081190960451977389e+03
1.081297175141242860e+03
1.081493785310734438e+03
1.081797740112994234e+03
1.082212429378530942e+03
1.082712994350282543e+03
1.083305084745762770e+03
1.083985310734463383e+03
1.084726553672316413e+03
1.085537853107344745e+03
1.086406779661017026e+03
1.087334463276836232e+03
1.088299435028248581e+03
1.089324293785310601e+03
1.090409039548022520e+03
1.091550282485875869e+03
1.092753672316384154e+03
1.094023728813559273e+03
1.095283615819208990e+03
1.096281355932203496e+03
1.097016949152542338e+03
1.097473446327683632e+03
1.097673446327683678e+03
1.097595480225988922e+03
1.097288135593220431e+03
1.096736723163841816e+03
1.095966101694915324e+03
1.094989830508474824e+03
1.093815819209039546e+03
1.092435028248587514e+03
1.090885875706214847e+03
1.089240677966101885e+03
1.087641807909604722e+03
1.086100564971751510e+03
1.084610169491525539e+03
1.083158192090395460e+03
1.081779661016949376e+03
1.080464406779661203e+03
1.079229378531073507e+03
1.078041807909604586e+03
1.076948022598870011e+03
1.075941242937853076e+03
1.075065536723163859e+03
1.074306214689265516e+03
1.073662146892655301e+03
1.073150282485875778e+03
1.072809039548022611e+03
1.072609039548022565e+03
1.072594350282485721e+03
1.072749152542372713e+03
1.073075706214689035e+03
1.073579661016949103e+03
1.074218079096045130e+03
1.075020338983050806e+03
1.075959322033898161e+03
1.077041807909604358e+03
1.078215819209039637e+03
1.079501694915254120e+03
1.080875706214689217e+03
1.082344632768361635e+03
1.083873446327683723e+03
1.085471186440678139e+03
1.087124293785310783e+03
1.088827118644067696e+03
1.090402259887005584e+03
1.091812429378531078e+03
1.093042937853107333e+03
1.094132203389830465e+03
1.095042937853107105e+03
1.095775141242937934e+03
1.096336723163841953e+03
1.096728813559322134e+03
1.096944632768361771e+03
1.096960451977401135e+03
1.096794350282485993e+03
1.096402259887005584e+03
1.095801129943502929e+03
1.094963841807909603e+03
1.093890395480225834e+03
1.092567231638417979e+03
1.091319774011299160e+03
1.090149152542373031e+03
1.089079096045197730e+03
1.088111864406779659e+03
1.087219209039547877e+03
1.086413559322033962e+03
1.085689265536723042e+03
1.085053107344632735e+03
1.084508474576271055e+03
1.084042937853107333e+03
1.083670056497174983e+03
1.083376271186440590e+03
1.083185310734463201e+03
1.083072316384180795e+03
1.083054237288135482e+03
1.083150282485875778e+03
1.083350282485875596e+03
1.083648587570621203e+03
1.084040677966101612e+03
1.084528813559321861e+03
1.085099435028248536e+03
1.085769491525423746e+03
1.086511864406779750e+03
1.087326553672316322e+03
1.088193220338982883e+03
1.089106214689265471e+03
1.090082485875706197e+03
1.091091525423728854e+03
1.092163841807909648e+03
1.093283615819208990e+03
1.094449717514124131e+03
1.095700564971751419e+03
1.097012429378531124e+03
1.098087005649717412e+03
1.098910734463276867e+03
1.099463276836158002e+03
1.099755932203389875e+03
1.099783050847457616e+03
1.099567231638417979e+03
1.099102824858757231e+03
1.098405649717514052e+03
1.097480225988700568e+03
1.096346892655367355e+03
1.095022598870056299e+03
1.093499435028248627e+03
1.091840677966101794e+03
1.090231638418079001e+03
1.088662146892655301e+03
1.087155932203389739e+03
1.085690395480226016e+03
1.084300564971751555e+03
1.082940112994350102e+03
1.081659887005649580e+03
1.080448587570621385e+03
1.079331073446327764e+03
1.078294915254237139e+03
1.077338983050847219e+03
1.076502824858756867e+03
1.075794350282485766e+03
1.075212429378530942e+03
1.074778531073446175e+03
1.074500564971751146e+03
1.074378531073446084e+03
1.074422598870056390e+03
1.074633898305084585e+03
1.075020338983050578e+03
1.075576271186440408e+03
1.076276836158192054e+03
1.077137853107344426e+03
1.078122033898304835e+03
1.079219209039547877e+03
1.080442937853107196e+03
1.081757062146892622e+03
1.083153672316384245e+03
1.084627118644067650e+03
1.086195480225988831e+03
1.087804519774011169e+03
1.089459887005649762e+03
1.091117514124293848e+03
1.092598870056497162e+03
1.093908474576271146e+03
1.095036158192090625e+03
1.095998870056497253e+03
1.096790960451977298e+03
1.097415819209039455e+03
1.097868926553672281e+03
1.098142372881355868e+03
1.098204519774011032e+03
1.098088135593220159e+03
1.097757062146892622e+03
1.097205649717514007e+03
1.096423728813559137e+03
1.095416949152542202e+03
1.094167231638417888e+03
1.092836158192090352e+03
1.091599999999999909e+03
1.090450847457626878e+03
1.089405649717514052e+03
1.088442937853107196e+03
1.087571751412429194e+03
1.086788700564971805e+03
1.086101694915254029e+03
1.085481355932203314e+03
1.084979661016949194e+03
1.084537853107344745e+03
1.084187570621468694e+03
1.083936723163841634e+03
1.083770621468926493e+03
1.083712994350282543e+03
1.083734463276836323e+03
1.083861016949152599e+03
1.084105084745762724e+03
1.084437288135593008e+03
1.084877966101694938e+03
1.085419209039547923e+03
1.086048587570621294e+03
1.086742372881356005e+03
1.087520903954802179e+03
1.088352542372881317e+03
1.089244067796610125e+03
1.090195480225988831e+03
1.091179661016949012e+03
1.092223728813559319e+03
1.093314124293785198e+03
1.094476836158192100e+03
1.095681355932203132e+03
1.096954802259886947e+03
1.098203389830508513e+03
1.099163841807909421e+03
1.099856497175141158e+03
1.100276836158192054e+03
1.100438418079096209e+03
1.100343502824858660e+03
1.099987570621468876e+03
1.099392090395480182e+03
1.098577401129943610e+03
1.097557062146892576e+03
1.096305084745762542e+03
1.094888135593220341e+03
1.093271186440677866e+03
1.091639548022598774e+03
1.090047457627118547e+03
1.088505084745762588e+03
1.087024858757062020e+03
1.085609039548022565e+03
1.084258757062146742e+03
1.082961581920903882e+03
1.081723163841807946e+03
1.080572881355932168e+03
1.079499435028248627e+03
1.078511864406779750e+03
1.077650847457627151e+03
1.076891525423728581e+03
1.076273446327683587e+03
1.075788700564971577e+03
1.075470056497174937e+03
1.075305084745762542e+03
1.075303954802259796e+03
1.075481355932203314e+03
1.075838418079095845e+03
1.076354802259886810e+03
1.077032768361581702e+03
1.077868926553672054e+03
1.078847457627118274e+03
1.079951412429378479e+03
1.081168361581920863e+03
1.082505084745762588e+03
1.083936723163841634e+03
1.085461016949152508e+03
1.087041807909604358e+03
1.088699435028248672e+03
1.090414689265536708e+03
1.092135593220338933e+03
1.093674576271186424e+03
1.095037288135593371e+03
1.096230508474576254e+03
1.097251977401129807e+03
1.098107344632768218e+03
1.098787570621468831e+03
1.099292655367231418e+03
1.099632768361581839e+03
1.099777401129943428e+03
1.099725423728813439e+03
1.099473446327683405e+03
1.099022598870056299e+03
1.098348022598869875e+03
1.097444067796609943e+03
1.096312994350282224e+03
1.094916384180790828e+03
1.093552542372881362e+03
1.092297175141242860e+03
1.091133333333333212e+03
1.090047457627118547e+03
1.089062146892655164e+03
1.088162711864406674e+03
1.087342372881355914e+03
1.086607909604519591e+03
1.085972881355932032e+03
1.085407909604519773e+03
1.084946892655367037e+03
1.084563841807909512e+03
1.084279096045197548e+03
1.084073446327683541e+03
1.083977401129943246e+03
1.083976271186440499e+03
1.084077966101694983e+03
1.084279096045197548e+03
1.084580790960451850e+03
1.084987570621468876e+03
1.085480225988700568e+03
1.086065536723163859e+03
1.086741242937852803e+03
1.087482485875706061e+03
1.088283615819208990e+03
1.089153672316384018e+03
1.090037288135593144e+03
1.090995480225988558e+03
1.092005649717514189e+03
1.093061016949152418e+03
1.094180790960451986e+03
1.095364971751412440e+03
1.096615819209039500e+03
1.097675706214689171e+03
1.098474576271186379e+03
1.099013559322033871e+03
1.099270056497175119e+03
1.099274576271186561e+03
1.099030508474576209e+03
1.098532203389830556e+03
1.097796610169491487e+03
1.096846327683615527e+03
1.095676836158191918e+03
1.094325423728813576e+03
1.092792090395480045e+03
1.091146892655367083e+03
1.089542372881355732e+03
1.088002259887005494e+03
1.086492655367231691e+03
1.085057627118644177e+03
1.083680225988700840e+03
1.082344632768361635e+03
1.081081355932203223e+03
1.079900564971751464e+03
1.078788700564971805e+03
1.077793220338983247e+03
1.076853107344632690e+03
1.076037288135593144e+03
1.075340112994350193e+03
1.074785310734463110e+03
1.074363841807909466e+03
1.074107344632768218e+03
1.074029378531073235e+03
1.074103954802259977e+03
1.074352542372881317e+03
1.074752542372881180e+03
1.075341242937853167e+03
1.076079096045197730e+03
1.076960451977401135e+03
1.077975141242937752e+03
1.079111864406779659e+03
1.080366101694914960e+03
1.081718644067796504e+03
1.083166101694915142e+03
1.084687005649717321e+03
1.086277966101694801e+03
1.087938983050847582e+03
1.089641807909604495e+03
1.091343502824858660e+03
1.092854237288135437e+03
1.094203389830508286e+03
1.095370621468926402e+03
1.096360451977400999e+03
1.097170621468926356e+03
1.097816949152542293e+03
1.098271186440677866e+03
1.098551412429378615e+03
1.098629378531073371e+03
1.098497175141242678e+03
1.098161581920903700e+03
1.097610169491525539e+03
1.096823728813559228e+03
1.095813559322033825e+03
1.094538983050847492e+03
1.093193220338982883e+03
1.091923163841807764e+03
1.090753672316383927e+03
1.089681355932203132e+03
1.088714124293785062e+03
1.087819209039547786e+03
1.087010169491525176e+03
1.086299435028248354e+03
1.085677966101694892e+03
1.085138983050847401e+03
1.084696045197739977e+03
1.084341242937852940e+03
1.084082485875706197e+03
1.083897175141242769e+03
1.083823728813559228e+03
1.083857627118643904e+03
1.083979661016948967e+03
1.084210169491525448e+03
1.084548022598869920e+03
1.084992090395480091e+03
1.085534463276836050e+03
1.086174011299434824e+03
1.086879096045197684e+03
1.087682485875706107e+03
1.088554802259886856e+03
1.089482485875706061e+03
1.090471186440677684e+03
1.091519774011299205e+03
1.092620338983050715e+03
1.093767231638417798e+03
1.094970621468926311e+03
1.096250847457627060e+03
1.097595480225988467e+03
1.099005649717513961e+03
1.100183050847457707e+03
1.101090395480226107e+03
1.101735593220339069e+03
1.102102824858757003e+03
1.102203389830508513e+03
1.102061016949152418e+03
1.101664406779661022e+03
1.101037288135592917e+03
1.100197740112994325e+03
1.099133333333333212e+03
1.097873446327683496e+03
1.096421468926553644e+03
1.094806779661016662e+03
1.093105084745762724e+03
1.091457627118643813e+03
1.089853107344632690e+03
1.088319774011299387e+03
1.086848587570621476e+03
1.085454237288135573e+03
1.084114124293785153e+03
1.082871186440678002e+03
1.081698305084745698e+03
1.080614689265536526e+03
1.079638418079096027e+03
1.078783050847457616e+03
1.078076836158192009e+03
1.077508474576271055e+03
1.077085875706214665e+03
1.076833898305084858e+03
1.076757062146892622e+03
1.076851977401129716e+03
1.077120903954802088e+03
1.077555932203389602e+03
1.078163841807909648e+03
1.078937853107344381e+03
1.079849717514124222e+03
1.080910734463276640e+03
1.082083615819208717e+03
1.083360451977401226e+03
1.084733333333333121e+03
1.086199999999999818e+03
1.087754802259886674e+03
1.089369491525423655e+03
1.091050847457626787e+03
1.092776271186440681e+03
1.094418079096044949e+03
1.095883615819208899e+03
1.097184180790960454e+03
1.098316384180790919e+03
1.099268926553672145e+03
1.100063276836157911e+03
1.100647457627118456e+03
1.101080225988700477e+03
1.101336723163841725e+03
1.101381920903954779e+03
1.101241807909604404e+03
1.100883615819208899e+03
1.100297175141242860e+03
1.099477966101694847e+03
1.098423728813559137e+03
1.097131073446327719e+03
1.095786440677966084e+03
1.094520903954802179e+03
1.093351412429378797e+03
1.092277966101695029e+03
1.091289265536723178e+03
1.090401129943502838e+03
1.089600000000000136e+03
1.088870056497175483e+03
1.088257627118644223e+03
1.087735593220339069e+03
1.087297175141242860e+03
1.086938983050847582e+03
1.086656497175141340e+03
1.086476836158192327e+03
1.086419209039548150e+03
1.086448587570621385e+03
1.086566101694915233e+03
1.086802259887005675e+03
1.087149152542373031e+03
1.087589830508474734e+03
1.088129943502824972e+03
1.088761581920904064e+03
1.089474576271186379e+03
1.090272316384180840e+03
1.091107344632768445e+03
1.092005649717514416e+03
1.092984180790960636e+03
1.094011299435028377e+03
1.095085875706214892e+03
1.096219209039548105e+03
1.097406779661017026e+03
1.098670056497175210e+03
1.099990960451977571e+03
1.101148022598870284e+03
1.102022598870056527e+03
1.102615819209039728e+03
1.102941242937853076e+03
1.102981920903954688e+03
1.102784180790960363e+03
1.102329943502824790e+03
1.101639548022598774e+03
1.100693785310734484e+03
1.099542372881355959e+03
1.098193220338983110e+03
1.096633898305084813e+03
1.094889265536723087e+03
1.093193220338983110e+03
1.091541242937852985e+03
1.089940112994350329e+03
1.088384180790960500e+03
1.086902824858757185e+03
1.085480225988700568e+03
1.084123163841808037e+03
1.082835028248587605e+03
1.081639548022599001e+03
1.080535593220339251e+03
1.079520903954802407e+03
1.078616949152542475e+03
1.077824858757062430e+03
1.077183050847457707e+03
1.076693785310734484e+03
1.076358192090395733e+03
1.076176271186440772e+03
1.076186440677966175e+03
1.076364971751412668e+03
1.076711864406779796e+03
1.077222598870056572e+03
1.077903954802260159e+03
1.078737853107344790e+03
1.079698305084745925e+03
1.080807909604519864e+03
1.082037288135593371e+03
1.083371751412429603e+03
1.084790960451977753e+03
1.086315254237288173e+03
1.087900564971751464e+03
1.089566101694915460e+03
1.091285875706214711e+03
1.093049717514124495e+03
1.094733333333333348e+03
1.096238418079095936e+03
1.097572881355932395e+03
1.098726553672316641e+03
1.099688135593220522e+03
1.100484745762712009e+03
1.101091525423728854e+03
1.101509604519774257e+03
1.101719774011299478e+03
1.101749152542372940e+03
1.101560451977401272e+03
1.101131073446327719e+03
1.100477966101695074e+03
1.099578531073446356e+03
1.098435028248587741e+03
1.097020338983051033e+03
1.095636158192090534e+03
1.094331073446327991e+03
1.093109604519774166e+03
1.091985310734463383e+03
1.090957062146892895e+03
1.090011299435028377e+03
1.089148022598870284e+03
1.088367231638418389e+03
1.087687005649717776e+03
1.087075706214689490e+03
1.086575141242938116e+03
1.086155932203389966e+03
1.085822598870056709e+03
1.085602259887005857e+03
1.085472316384180886e+03
1.085466666666666924e+03
1.085544632768361680e+03
1.085734463276836323e+03
1.086024858757062248e+03
1.086407909604520000e+03
1.086903954802260159e+03
1.087480225988700795e+03
1.088142372881356096e+03
1.088870056497175483e+03
1.089656497175141340e+03
1.090514124293785471e+03
1.091425988700565085e+03
1.092398870056497344e+03
1.093423728813559592e+03
1.094520903954802407e+03
1.095681355932203587e+03
1.096912994350282588e+03
1.098209039548022702e+03
1.099559322033898525e+03
1.100632768361582066e+03
1.101445197740113144e+03
1.101976271186440727e+03
1.102248587570621567e+03
1.102274576271186561e+03
1.102062146892655619e+03
1.101597740112994416e+03
1.100911864406779841e+03
1.100021468926554007e+03
1.098910734463276867e+03
1.097621468926553916e+03
1.096140112994350602e+03
1.094496045197740386e+03
1.092876836158192418e+03
1.091309604519774211e+03
1.089788700564971805e+03
1.088319774011299614e+03
1.086927683615819205e+03
1.085599999999999909e+03
1.084318644067796868e+03
1.083136723163841907e+03
1.082048587570621521e+03
1.081062146892655619e+03
1.080188700564971896e+03
1.079438418079096209e+03
1.078833898305084858e+03
1.078376271186440817e+03
1.078075706214689490e+03
1.077945762711864518e+03
1.077990960451977571e+03
1.078207909604519955e+03
1.078611299435028286e+03
1.079178531073446493e+03
1.079887005649717594e+03
1.080752542372881635e+03
1.081745762711864700e+03
1.082882485875706379e+03
1.084119774011299342e+03
1.085462146892655255e+03
1.086896045197740023e+03
1.088432768361582021e+03
1.090031638418079183e+03
1.091684745762711827e+03
1.093397740112994370e+03
1.095148022598870057e+03
1.096781920903954870e+03
1.098242937853107378e+03
1.099527683615819114e+03
1.100644067796610216e+03
1.101611299435028286e+03
1.102390960451977435e+03
1.103007909604519909e+03
1.103439548022598956e+03
1.103680225988700840e+03
1.103706214689265607e+03
1.103511864406779750e+03
1.103090395480226107e+03
1.102465536723163950e+03
1.101576271186440863e+03
1.100454237288135801e+03
1.099077966101694983e+03
1.097742372881356005e+03
1.096498305084745880e+03
1.095338983050847673e+03
1.094290395480226152e+03
1.093324293785310829e+03
1.092437288135593235e+03
1.091653107344632872e+03
1.090943502824858797e+03
1.090320903954802361e+03
1.089784180790960590e+03
1.089337853107344699e+03
1.088986440677966129e+03
1.088734463276836323e+03
1.088574011299435142e+03
1.088514124293785244e+03
1.088563841807909739e+03
1.088702824858757140e+03
1.088970621468926765e+03
1.089323163841807855e+03
1.089784180790960363e+03
1.090337853107344472e+03
1.090970621468926538e+03
1.091677966101694892e+03
1.092473446327683632e+03
1.093336723163841725e+03
1.094233898305084949e+03
1.095192090395480136e+03
1.096212429378530942e+03
1.097308474576271237e+03
1.098449717514124131e+03
1.099675706214689171e+03
1.100969491525423564e+03
1.102277966101694801e+03
1.103322033898305108e+03
1.104085875706214665e+03
1.104594350282485721e+03
1.104846327683615527e+03
1.104833898305084631e+03
1.104568361581920726e+03
1.104056497175141203e+03
1.103318644067796413e+03
1.102354802259886810e+03
1.101186440677965948e+03
1.099821468926553734e+03
1.098274576271186334e+03
1.096551412429378388e+03
1.094821468926553507e+03
1.093126553672316277e+03
1.091482485875706061e+03
1.089888135593220341e+03
1.088358192090395278e+03
1.086896045197740023e+03
1.085490395480225970e+03
1.084155932203389511e+03
1.082916384180790828e+03
1.081770621468926493e+03
1.080718644067796504e+03
1.079793220338983019e+03
1.079012429378531124e+03
1.078357062146892531e+03
1.077863276836158093e+03
1.077549152542372667e+03
1.077381920903954779e+03
1.077395480225988649e+03
1.077593220338982974e+03
1.077954802259886947e+03
1.078481355932203314e+03
1.079155932203389966e+03
1.079996610169491532e+03
1.080940112994350329e+03
1.082016949152542338e+03
1.083215819209039410e+03
1.084499435028248627e+03
1.085875706214689217e+03
1.087324293785310601e+03
1.088857627118643904e+03
1.090447457627118638e+03
1.092100564971751282e+03
1.093798870056497208e+03
1.095384180790960272e+03
1.096798870056496980e+03
1.098030508474576209e+03
1.099096045197739841e+03
1.099984180790960181e+03
1.100707344632768127e+03
1.101211299435028195e+03
1.101535593220338797e+03
1.101642937853107469e+03
1.101546892655367174e+03
1.101210169491525448e+03
1.100656497175141340e+03
1.099856497175141158e+03
1.098811299435028104e+03
1.097493785310734665e+03
1.096122033898305290e+03
1.094829378531073417e+03
1.093620338983050942e+03
1.092489265536722996e+03
1.091461016949152508e+03
1.090488135593220250e+03
1.089613559322034007e+03
1.088822598870056481e+03
1.088101694915254257e+03
1.087472316384180886e+03
1.086929943502824699e+03
1.086471186440677911e+03
1.086092655367231600e+03
1.085824858757062202e+03
1.085636158192090306e+03
1.085553672316384109e+03
1.085566101694915233e+03
1.085673446327683450e+03
1.085885875706214392e+03
1.086205649717514007e+03
1.086620338983050715e+03
1.087111864406779659e+03
1.087690395480226016e+03
1.088335593220338978e+03
1.089045197740113053e+03
1.089814689265536572e+03
1.090641807909604267e+03
1.091524293785310647e+03
1.092473446327683632e+03
1.093484745762712009e+03
1.094571751412429421e+03
1.095719774011299251e+03
1.096943502824858570e+03
1.098244067796610125e+03
1.099366101694915415e+03
1.100222598870056572e+03
1.100798870056496980e+03
1.101124293785310783e+03
1.101192090395480136e+03
1.101021468926553553e+03
1.100614689265536754e+03
1.099962711864406629e+03
1.099099435028248536e+03
1.098035028248587423e+03
1.096795480225988740e+03
1.095367231638418161e+03
1.093776271186440681e+03
1.092175141242938025e+03
1.090623728813559410e+03
1.089116384180791101e+03
1.087662146892655528e+03
1.086276836158192054e+03
1.084942372881355823e+03
1.083697175141242951e+03
1.082516384180790737e+03
1.081419209039547923e+03
1.080423728813559137e+03
1.079544632768361680e+03
1.078789830508474552e+03
1.078171751412429330e+03
1.077701694915254393e+03
1.077387570621468967e+03
1.077256497175141249e+03
1.077281355932203496e+03
1.077480225988700568e+03
1.077847457627118729e+03
1.078359322033898252e+03
1.079057627118643950e+03
1.079907344632768400e+03
1.080880225988700431e+03
1.081993220338983065e+03
1.083212429378530942e+03
1.084536723163841771e+03
1.085952542372881453e+03
1.087450847457627106e+03
1.089006779661016935e+03
1.090658757062146833e+03
1.092344632768361407e+03
1.094087005649717412e+03
1.095779661016949149e+03
1.097318644067796413e+03
1.098674576271186652e+03
1.099884745762712100e+03
1.100927683615819205e+03
1.101783050847457616e+03
1.102487005649717503e+03
1.103011299435028150e+03
1.103320903954802134e+03
1.103456497175141294e+03
1.103388700564971714e+03
1.103079096045197730e+03
1.102546892655367174e+03
1.101788700564971805e+03
1.100783050847457616e+03
1.099523163841807900e+03
1.098188700564971668e+03
1.096942372881355823e+03
1.095771751412429239e+03
1.094688135593220295e+03
1.093693785310734484e+03
1.092785310734463337e+03
1.091961581920904109e+03
1.091232768361581975e+03
1.090580790960451850e+03
1.090015819209039591e+03
1.089544632768361680e+03
1.089140112994350375e+03
1.088825988700564949e+03
1.088628248587570852e+03
1.088522033898304926e+03
1.088519774011299432e+03
1.088622598870056208e+03
1.088833898305084631e+03
1.089137853107344426e+03
1.089532203389830329e+03
1.090042937853107105e+03
1.090622598870056436e+03
1.091287005649717457e+03
1.092014689265536617e+03
1.092806779661016890e+03
1.093664406779661022e+03
1.094578531073446356e+03
1.095549152542372894e+03
1.096575141242937889e+03
1.097681355932203360e+03
1.098868926553672281e+03
1.100115254237288127e+03
1.101431638418079046e+03
1.102552542372881362e+03
1.103413559322033962e+03
1.104011299435028150e+03
1.104357062146892758e+03
1.104455367231638320e+03
1.104311864406779705e+03
1.103941242937853076e+03
1.103343502824858660e+03
1.102517514124293712e+03
1.101494915254237185e+03
1.100280225988700522e+03
1.098884745762711646e+03
1.097319774011299387e+03
1.095601129943502656e+03
1.093937853107344608e+03
1.092315254237288173e+03
1.090748022598869966e+03
1.089250847457627060e+03
1.087796610169491487e+03
1.086401129943502838e+03
1.085081355932203223e+03
1.083853107344632917e+03
1.082702824858757140e+03
1.081656497175141340e+03
1.080719774011299478e+03
1.079927683615819205e+03
1.079270056497175119e+03
1.078764971751412304e+03
1.078414689265536708e+03
1.078229378531073507e+03
1.078228248587570533e+03
1.078384180790960500e+03
1.078698305084745698e+03
1.079184180790960454e+03
1.079827118644067923e+03
1.080585310734463292e+03
1.081490395480226198e+03
1.082527683615819342e+03
1.083662146892655528e+03
1.084890395480226061e+03
1.086210169491525448e+03
1.087619209039547968e+03
1.089083615819209172e+03
1.090619209039547968e+03
1.092204519774011260e+03
1.093832768361582112e+03
1.095433898305084767e+03
1.096870056497175028e+03
1.098136723163841907e+03
1.099241807909604631e+03
1.100195480225988831e+03
1.100951412429378706e+03
1.101534463276836277e+03
1.101928813559321952e+03
1.102129943502824972e+03
1.102136723163841907e+03
1.101919774011299523e+03
1.101472316384180886e+03
1.100789830508474552e+03
1.099868926553672509e+03
1.098697175141242951e+03
1.097387570621468967e+03
1.096155932203389966e+03
1.095005649717514189e+03
1.093933333333333394e+03
1.092948022598870011e+03
1.092032768361582157e+03
1.091207909604519955e+03
1.090463276836158457e+03
1.089802259887005675e+03
1.089201129943503020e+03
1.088688135593220522e+03
1.088267796610169626e+03
1.087934463276836141e+03
1.087674576271186652e+03
1.087532203389830556e+03
1.087459887005649762e+03
1.087497175141242906e+03
1.087628248587570624e+03
1.087875706214689217e+03
1.088199999999999818e+03
1.088632768361581839e+03
1.089141242937853121e+03
1.089731073446327628e+03
1.090397740112994597e+03
1.091128813559321998e+03
1.091923163841807991e+03
1.092760451977401090e+03
1.093659887005649807e+03
1.094606779661017072e+03
1.095630508474576345e+03
1.096726553672316413e+03
1.097887005649717594e+03
1.099111864406779659e+03
1.100407909604519773e+03
1.101476836158192327e+03
1.102303954802259796e+03
1.102849717514124222e+03
1.103127683615819024e+03
1.103157062146892713e+03
1.102950282485875732e+03
1.102501694915254120e+03
1.101840677966101794e+03
1.100941242937853076e+03
1.099856497175141385e+03
1.098563841807909739e+03
1.097102824858757231e+03
1.095466666666666697e+03
1.093866666666666788e+03
1.092306214689265744e+03
1.090789830508474779e+03
1.089327683615819296e+03
1.087918644067796777e+03
1.086578531073446356e+03
1.085300564971751328e+03
1.084117514124293848e+03
1.082996610169491532e+03
1.081986440677966129e+03
1.081087005649717412e+03
1.080294915254237367e+03
1.079641807909604495e+03
1.079141242937853121e+03
1.078798870056497208e+03
1.078611299435028286e+03
1.078609039548022565e+03
1.078774011299434960e+03
1.079105084745762724e+03
1.079587570621469013e+03
1.080235028248587696e+03
1.081013559322034098e+03
1.081941242937853076e+03
1.083000000000000000e+03
1.084170621468926811e+03
1.085446327683615891e+03
1.086822598870056481e+03
1.088274576271186561e+03
1.089814689265536799e+03
1.091415819209039682e+03
1.093079096045197730e+03
1.094780790960452123e+03
1.096497175141243133e+03
1.098057627118644177e+03
1.099450847457627333e+03
1.100674576271186652e+03
1.101735593220339069e+03
1.102611299435028286e+03
1.103342372881355914e+03
1.103864406779661294e+03
1.104193220338982883e+03
1.104322033898305108e+03
1.104242937853107378e+03
1.103946892655367265e+03
1.103420338983050897e+03
1.102646327683615709e+03
1.101621468926553689e+03
1.100338983050847446e+03
1.098989830508474370e+03
1.097711864406779569e+03
1.096523163841807900e+03
1.095433898305084767e+03
1.094420338983050897e+03
1.093482485875706288e+03
1.092648587570621430e+03
1.091882485875706152e+03
1.091199999999999818e+03
1.090616949152542247e+03
1.090100564971751282e+03
1.089689265536723269e+03
1.089364971751412668e+03
1.089140112994350375e+03
1.088988700564971850e+03
1.088960451977401135e+03
1.089040677966101612e+03
1.089216949152542384e+03
1.089498305084745880e+03
1.089877966101695165e+03
1.090350282485875823e+03
1.090901694915254211e+03
1.091527683615819114e+03
1.092231638418079001e+03
1.092986440677966129e+03
1.093804519774011396e+03
1.094670056497175210e+03
1.095605649717514098e+03
1.096598870056497162e+03
1.097653107344632645e+03
1.098774011299435188e+03
1.099969491525423564e+03
1.101250847457627060e+03
1.102435028248587741e+03
1.103368361581920908e+03
1.104018079096045312e+03
1.104409039548022747e+03
1.104551412429378615e+03
1.104442937853107424e+03
1.104084745762711918e+03
1.103507344632768536e+03
1.102703954802259886e+03
1.101674576271186652e+03
1.100465536723163950e+03
1.099072316384180795e+03
1.097512994350282497e+03
1.095865536723164041e+03
1.094242937853107378e+03
1.092664406779661022e+03
1.091151412429378524e+03
1.089676836158192145e+03
1.088268926553672372e+03
1.086924293785310965e+03
1.085647457627118911e+03
1.084463276836158457e+03
1.083358192090395505e+03
1.082358192090395505e+03
1.081466666666666697e+03
1.080709604519774075e+03
1.080087005649717639e+03
1.079623728813559410e+03
1.079326553672316550e+03
1.079189830508474643e+03
1.079216949152542611e+03
1.079421468926553871e+03
1.079787570621469058e+03
1.080305084745762770e+03
1.080987570621468876e+03
1.081814689265536799e+03
1.082772881355932213e+03
1.083858757062146879e+03
1.085046327683615800e+03
1.086352542372881544e+03
1.087738983050847310e+03
1.089209039548022702e+03
1.090732203389830602e+03
1.092343502824858660e+03
1.093981920903954688e+03
1.095682485875706334e+03
1.097275706214689308e+03
1.098694915254237458e+03
1.099963841807909603e+03
1.101049717514124268e+03
1.101977401129943473e+03
1.102725423728813666e+03
1.103287005649717685e+03
1.103665536723163996e+03
1.103851977401129943e+03
1.103829378531073417e+03
1.103610169491525539e+03
1.103149152542373031e+03
1.102455367231638547e+03
1.101522033898305153e+03
1.100335593220338978e+03
1.098966101694915324e+03
1.097682485875706334e+03
1.096480225988700795e+03
1.095357062146892986e+03
1.094325423728813803e+03
1.093379661016949285e+03
1.092518644067796686e+03
1.091734463276836323e+03
1.091022598870056754e+03
1.090394350282485902e+03
1.089867796610169535e+03
1.089415819209039455e+03
1.089055367231638684e+03
1.088784180790960590e+03
1.088603389830508604e+03
1.088514124293785244e+03
1.088523163841808127e+03
1.088629378531073598e+03
1.088841807909604540e+03
1.089167231638418116e+03
1.089577401129943610e+03
1.090087005649717412e+03
1.090673446327683905e+03
1.091325423728813803e+03
1.092045197740113053e+03
1.092823728813559455e+03
1.093666666666666742e+03
1.094553672316384109e+03
1.095519774011299432e+03
1.096534463276836050e+03
1.097620338983050715e+03
1.098787570621469058e+03
1.100010169491525403e+03
1.101331073446327764e+03
1.102446327683615891e+03
1.103302824858757049e+03
1.103885875706214847e+03
1.104241807909604631e+03
1.104340112994350420e+03
1.104179661016949012e+03
1.103797740112994461e+03
1.103186440677966402e+03
1.102349152542372849e+03
1.101331073446327764e+03
1.100107344632768218e+03
1.098711864406779796e+03
1.097157062146892713e+03
1.095518644067796686e+03
1.093915254237288309e+03
1.092371751412429603e+03
1.090884745762712100e+03
1.089451977401130080e+03
1.088084745762711918e+03
1.086786440677966084e+03
1.085566101694915460e+03
1.084430508474576300e+03
1.083385310734463474e+03
1.082446327683615891e+03
1.081638418079096027e+03
1.080959322033898161e+03
1.080447457627118638e+03
1.080091525423728854e+03
1.079899435028248718e+03
1.079881355932203405e+03
1.080041807909604358e+03
1.080363841807909466e+03
1.080849717514124222e+03
1.081503954802259841e+03
1.082303954802259796e+03
1.083249717514124313e+03
1.084320903954802361e+03
1.085518644067796686e+03
1.086814689265536799e+03
1.088209039548022702e+03
1.089708474576271328e+03
1.091267796610169626e+03
1.092907344632768400e+03
1.094578531073446356e+03
1.096308474576271237e+03
1.098002259887005721e+03
1.099535593220339024e+03
1.100898305084745971e+03
1.102103954802259750e+03
1.103135593220338933e+03
1.103996610169491532e+03
1.104692655367231509e+03
1.105180790960451986e+03
1.105484745762712009e+03
1.105596610169491669e+03
1.105485875706214756e+03
1.105154802259886992e+03
1.104596610169491441e+03
1.103796610169491487e+03
1.102742372881356005e+03
1.101454237288135573e+03
1.100077966101694983e+03
1.098778531073446402e+03
1.097584180790960545e+03
1.096470056497175165e+03
1.095437288135593462e+03
1.094497175141243133e+03
1.093637288135593280e+03
1.092868926553672509e+03
1.092187570621469149e+03
1.091584180790960545e+03
1.091083615819209172e+03
1.090666666666666970e+03
1.090332203389830738e+03
1.090114124293785608e+03
1.089993220338983065e+03
1.089972881355932259e+03
1.090066666666666833e+03
1.090265536723164132e+03
1.090585310734463292e+03
1.090989830508474824e+03
1.091483615819209263e+03
1.092089265536723360e+03
1.092767231638418252e+03
1.093503954802260068e+03
1.094323163841808082e+03
1.095214689265536890e+03
1.096167231638418343e+03
1.097179661016949467e+03
1.098267796610169626e+03
1.099411299435028468e+03
1.100648587570621658e+03
1.101937853107344836e+03
1.103309604519774211e+03
1.104586440677966266e+03
1.105601129943502883e+03
1.106338983050847673e+03
1.106816949152542747e+03
1.107022598870056754e+03
1.106976271186440954e+03
1.106696045197740432e+03
1.106176271186440772e+03
1.105407909604520000e+03
1.104432768361582021e+03
1.103258757062147197e+03
1.101871186440678230e+03
1.100318644067796868e+03
1.098613559322034234e+03
1.096868926553672509e+03
1.095174011299435278e+03
1.093528813559322316e+03
1.091937853107344836e+03
1.090403389830508786e+03
1.088936723163842089e+03
1.087540112994350693e+03
1.086227118644068014e+03
1.085027118644068196e+03
1.083914124293785562e+03
1.082918644067796777e+03
1.082045197740113053e+03
1.081331073446327991e+03
1.080742372881356005e+03
1.080336723163841953e+03
1.080085875706214665e+03
1.080018079096045312e+03
1.080115254237288354e+03
1.080387570621468967e+03
1.080822598870056481e+03
1.081425988700565085e+03
1.082172881355932077e+03
1.083050847457627242e+03
1.084055367231638684e+03
1.085188700564971896e+03
1.086407909604519773e+03
1.087726553672316413e+03
1.089140112994350602e+03
1.090619209039548196e+03
1.092166101694915369e+03
1.093781920903954870e+03
1.095442937853107651e+03
1.097143502824858842e+03
1.098812429378531306e+03
1.100310734463276958e+03
1.101630508474576345e+03
1.102768361581920999e+03
1.103722033898305199e+03
1.104503954802260068e+03
1.105087005649717412e+03
1.105458757062147015e+03
1.105635028248587787e+03
1.105585310734463292e+03
1.105297175141243088e+03
1.104769491525423746e+03
1.103984180790960636e+03
1.102926553672316459e+03
1.101616949152542475e+03
1.100301694915254302e+03
1.099081355932203678e+03
1.097943502824859024e+03
1.096896045197740477e+03
1.095927683615819205e+03
1.095041807909604586e+03
1.094233898305084949e+03
1.093502824858757322e+03
1.092862146892655574e+03
1.092305084745762997e+03
1.091830508474576391e+03
1.091462146892655483e+03
1.091181920903954961e+03
1.090998870056497253e+03
1.090905084745762906e+03
1.090923163841808218e+03
1.091042937853107560e+03
1.091256497175141249e+03
1.091586440677966038e+03
1.092011299435028377e+03
1.092526553672316368e+03
1.093129943502824972e+03
1.093805649717514143e+03
1.094568361581920954e+03
1.095372881355932350e+03
1.096233898305084949e+03
1.097184180790960454e+03
1.098168361581920863e+03
1.099225988700564812e+03
1.100357062146892531e+03
1.101561581920903791e+03
1.102827118644067923e+03
1.104187570621468694e+03
1.105415819209039455e+03
1.106381920903954779e+03
1.107088135593220159e+03
1.107524293785310647e+03
1.107700564971751419e+03
1.107641807909604495e+03
1.107338983050847219e+03
1.106799999999999955e+03
1.106019209039547832e+03
1.105041807909604586e+03
1.103868926553672281e+03
1.102509604519773802e+03
1.100980790960451941e+03
1.099287005649717457e+03
1.097613559322033780e+03
1.095983050847457434e+03
1.094429378531073326e+03
1.092929943502824699e+03
1.091502824858756867e+03
1.090145762711864336e+03
1.088840677966101794e+03
1.087647457627118683e+03
1.086540112994350238e+03
1.085549152542373122e+03
1.084689265536723042e+03
1.083968361581920817e+03
1.083383050847457753e+03
1.082951412429378706e+03
1.082702824858757140e+03
1.082632768361581839e+03
1.082733333333333348e+03
1.083006779661016935e+03
1.083455367231638320e+03
1.084071186440677820e+03
1.084839548022598819e+03
1.085757062146892622e+03
1.086815819209039546e+03
1.088016949152542111e+03
1.089309604519773984e+03
1.090717514124293757e+03
1.092213559322033689e+03
1.093801129943502701e+03
1.095453107344632599e+03
1.097174011299434824e+03
1.098962711864406629e+03
1.100797740112994234e+03
1.102473446327683632e+03
1.103978531073446447e+03
1.105334463276836232e+03
1.106511864406779750e+03
1.107514124293785244e+03
1.108340112994349965e+03
1.108975141242937752e+03
1.109422598870056390e+03
1.109662146892655301e+03
1.109694915254237230e+03
1.109501694915254120e+03
1.109076836158192009e+03
1.108409039548022520e+03
1.107487005649717503e+03
1.106301694915254302e+03
1.104863276836158093e+03
1.103412429378531215e+03
1.102028248587570715e+03
1.100737853107344563e+03
1.099546892655367174e+03
1.098429378531073326e+03
1.097392090395480409e+03
1.096446327683615891e+03
1.095587570621468785e+03
1.094801129943502929e+03
1.094097175141243042e+03
1.093491525423728717e+03
1.092996610169491532e+03
1.092572881355932168e+03
1.092268926553672372e+03
1.092054237288135482e+03
1.091960451977401135e+03
1.091977401129943701e+03
1.092098305084745789e+03
1.092322033898305108e+03
1.092642937853107469e+03
1.093048587570621294e+03
1.093558192090395551e+03
1.094127683615819251e+03
1.094772881355932441e+03
1.095484745762712009e+03
1.096268926553672372e+03
1.097111864406779887e+03
1.098023728813559501e+03
1.099018079096045312e+03
1.100067796610169353e+03
1.101209039548022702e+03
1.102428248587570579e+03
1.103745762711864472e+03
1.104868926553672509e+03
1.105717514124293984e+03
1.106315254237288173e+03
1.106637288135593280e+03
1.106707344632768582e+03
1.106522033898305153e+03
1.106106214689265471e+03
1.105459887005649762e+03
1.104585310734463292e+03
1.103511864406779750e+03
1.102237288135593190e+03
1.100762711864406810e+03
1.099137853107344654e+03
1.097432768361582021e+03
1.095767231638418252e+03
1.094129943502824972e+03
1.092553672316384109e+03
1.091028248587570715e+03
1.089558192090395551e+03
1.088170621468926583e+03
1.086835028248587605e+03
1.085595480225988922e+03
1.084444067796610170e+03
1.083405649717514279e+03
1.082493785310734665e+03
1.081720903954802452e+03
1.081096045197740295e+03
1.080623728813559410e+03
1.080337853107344699e+03
1.080193220338982883e+03
1.080228248587570761e+03
1.080430508474576527e+03
1.080809039548022611e+03
1.081336723163841953e+03
1.082013559322033871e+03
1.082827118644067923e+03
1.083780790960451895e+03
1.084840677966101566e+03
1.086001129943502747e+03
1.087247457627118365e+03
1.088594350282485721e+03
1.090027118644067741e+03
1.091511864406779523e+03
1.093077966101694756e+03
1.094687005649717321e+03
1.096343502824858660e+03
1.098045197740113053e+03
1.099594350282485721e+03
1.100979661016949194e+03
1.102196610169491578e+03
1.103236158192090215e+03
1.104077966101694756e+03
1.104728813559322134e+03
1.105193220338982883e+03
1.105432768361582021e+03
1.105449717514124131e+03
1.105238418079095936e+03
1.104784180790960363e+03
1.104064406779660885e+03
1.103094915254237094e+03
1.101859887005649853e+03
1.100544632768361453e+03
1.099318644067796413e+03
1.098151412429378524e+03
1.097083615819208944e+03
1.096076836158191782e+03
1.095168361581920635e+03
1.094334463276836232e+03
1.093568361581920726e+03
1.092905084745762679e+03
1.092305084745762542e+03
1.091804519774011169e+03
1.091370621468926402e+03
1.091042937853107333e+03
1.090798870056496980e+03
1.090667796610169262e+03
1.090641807909604267e+03
1.090722033898304971e+03
1.090908474576271146e+03
1.091192090395480136e+03
1.091576271186440408e+03
1.092063276836157911e+03
1.092618079096045221e+03
1.093251977401129807e+03
1.093970621468926311e+03
1.094738983050847310e+03
1.095581920903954597e+03
1.096488135593220250e+03
1.097475706214689126e+03
1.098534463276836050e+03
1.099653107344632645e+03
1.100853107344632690e+03
1.102142372881355641e+03
1.103506214689265562e+03
1.104954802259886947e+03
1.106177401129943519e+03
1.107144632768361362e+03
1.107848587570621248e+03
1.108299435028248354e+03
1.108500564971751373e+03
1.108446327683615436e+03
1.108160451977400953e+03
1.107661016949152327e+03
1.106932203389830192e+03
1.106012429378530896e+03
1.104908474576270919e+03
1.103630508474576118e+03
1.102166101694915142e+03
1.100555932203389602e+03
1.098836158192089897e+03
1.097152542372881044e+03
1.095536723163841543e+03
1.093960451977400908e+03
1.092462146892655028e+03
1.091040677966101612e+03
1.089710734463276367e+03
1.088459887005649534e+03
1.087335593220338751e+03
1.086312994350282224e+03
1.085424858757061884e+03
1.084697175141242724e+03
1.084126553672316277e+03
1.083719774011299251e+03
1.083468926553672190e+03
1.083412429378530760e+03
1.083528813559321861e+03
1.083833898305084404e+03
1.084299435028248354e+03
1.084916384180790828e+03
1.085692655367231509e+03
1.086592090395480000e+03
1.087623728813558955e+03
1.088776271186440454e+03
1.090051977401129761e+03
1.091413559322033734e+03
1.092876836158191963e+03
1.094411299435028013e+03
1.096010169491525176e+03
1.097681355932203132e+03
1.099399999999999636e+03
1.101167231638417888e+03
1.102820338983050533e+03
1.104327683615818842e+03
1.105650847457626924e+03
1.106815819209039319e+03
1.107824858757061975e+03
1.108636158192090079e+03
1.109270056497174664e+03
1.109697175141242496e+03
1.109919774011299069e+03
1.109916384180790601e+03
1.109682485875705879e+03
1.109203389830508058e+03
1.108471186440677684e+03
1.107485875706214301e+03
1.106230508474575799e+03
1.104789830508474097e+03
1.103440677966101248e+03
1.102184180790959999e+03
1.100985310734462928e+03
1.099873446327683268e+03
1.098827118644067468e+03
1.097882485875706152e+03
1.097001129943502747e+03
1.096220338983050624e+03
1.095507344632768309e+03
1.094875706214689217e+03
1.094343502824858660e+03
1.093896045197740023e+03
1.093551412429378615e+03
1.093307344632768263e+03
1.093169491525423382e+03
1.093129943502824744e+03
1.093186440677965948e+03
1.093361581920903973e+03
1.093625988700564903e+03
1.093993220338983065e+03
1.094428248587570579e+03
1.094941242937852849e+03
1.095512994350282497e+03
1.096183050847457480e+03
1.096903954802259705e+03
1.097700564971751191e+03
1.098564971751412486e+03
1.099503954802259614e+03
1.100516384180790737e+03
1.101610169491525312e+03
1.102804519774011169e+03
1.104079096045197730e+03
1.105224858757062066e+03
1.106129943502824744e+03
1.106748022598869738e+03
1.107112994350282406e+03
1.107227118644067559e+03
1.107106214689265471e+03
1.106746892655366992e+03
1.106157062146892486e+03
1.105371751412429376e+03
1.104374011299435097e+03
1.103166101694915142e+03
1.101786440677966084e+03
1.100241807909604404e+03
1.098522033898304926e+03
1.096844067796610034e+03
1.095204519774011260e+03
1.093609039548022338e+03
1.092077966101694983e+03
1.090585310734463292e+03
1.089167231638418116e+03
1.087831638418079137e+03
1.086581920903954824e+03
1.085413559322033962e+03
1.084360451977401226e+03
1.083438418079096209e+03
1.082645197740112962e+03
1.082001129943502974e+03
1.081512994350282497e+03
1.081192090395480136e+03
1.081035028248587423e+03
1.081054237288135710e+03
1.081248587570621567e+03
1.081596610169491669e+03
1.082112994350282406e+03
1.082775141242937934e+03
1.083562711864406765e+03
1.084497175141242906e+03
1.085542372881356187e+03
1.086707344632768582e+03
1.087960451977401135e+03
1.089302824858757049e+03
1.090731073446327855e+03
1.092240677966101885e+03
1.093810169491525357e+03
1.095430508474576072e+03
1.097083615819208944e+03
1.098776271186440681e+03
1.100366101694915415e+03
1.101779661016949149e+03
1.103039548022598865e+03
1.104117514124293848e+03
1.105024858757062248e+03
1.105732203389830374e+03
1.106239548022598683e+03
1.106561581920904018e+03
1.106661016949152554e+03
1.106527683615819114e+03
1.106152542372881271e+03
1.105523163841807673e+03
1.104645197740112962e+03
1.103492655367231691e+03
1.102128813559321998e+03
1.100824858757061975e+03
1.099609039548022565e+03
1.098470056497175165e+03
1.097398870056497117e+03
1.096418079096045176e+03
1.095509604519774030e+03
1.094663276836158275e+03
1.093903954802259932e+03
1.093216949152542384e+03
1.092623728813559410e+03
1.092108474576271192e+03
1.091676836158192145e+03
1.091333333333333485e+03
1.091099435028248536e+03
1.090959322033898388e+03
1.090922033898305017e+03
1.091001129943502747e+03
1.091170621468926583e+03
1.091437288135593462e+03
1.091803389830508422e+03
1.092246327683616073e+03
1.092778531073446402e+03
1.093364971751412668e+03
1.094029378531073462e+03
1.094751412429378661e+03
1.095561581920904246e+03
1.096429378531073553e+03
1.097360451977401226e+03
1.098376271186440817e+03
1.099466666666666697e+03
1.100633898305084585e+03
1.101891525423728808e+03
1.103223728813559319e+03
1.104461016949152508e+03
1.105453107344632826e+03
1.106179661016949012e+03
1.106677966101694892e+03
1.106914124293785335e+03
1.106911864406779614e+03
1.106662146892655528e+03
1.106188700564971896e+03
1.105519774011299660e+03
1.104655367231638593e+03
1.103598870056497162e+03
1.102363841807909694e+03
1.100960451977401135e+03
1.099388700564971714e+03
1.097734463276836095e+03
1.096134463276836414e+03
1.094581920903954824e+03
1.093084745762711918e+03
1.091655367231638593e+03
1.090288135593220431e+03
1.088992090395480318e+03
1.087780790960452123e+03
1.086697175141242951e+03
1.085710734463277049e+03
1.084858757062147106e+03
1.084155932203389966e+03
1.083596610169491669e+03
1.083193220338983110e+03
1.082961581920903882e+03
1.082894915254237276e+03
1.083002259887005494e+03
1.083284745762711736e+03
1.083725423728813439e+03
1.084326553672316322e+03
1.085061016949152418e+03
1.085949152542372758e+03
1.086946892655367265e+03
1.088059887005649671e+03
1.089279096045197775e+03
1.090594350282485721e+03
1.091992090395480318e+03
1.093464406779660976e+03
1.095009039548022656e+03
1.096612429378531260e+03
1.098268926553672372e+03
1.099976271186440954e+03
1.101718644067796731e+03
1.103290395480226152e+03
1.104717514124293757e+03
1.105972881355932259e+03
1.107055367231638684e+03
1.107971751412429512e+03
1.108710734463276822e+03
1.109239548022598910e+03
1.109560451977401272e+03
1.109673446327683678e+03
1.109561581920903791e+03
1.109215819209039410e+03
1.108598870056497162e+03
1.107731073446327628e+03
1.106611299435028286e+03
1.105229378531073507e+03
1.103935593220338887e+03
1.102707344632768354e+03
1.101564971751412486e+03
1.100496045197740159e+03
1.099503954802260068e+03
1.098589830508474734e+03
1.097775141242937934e+03
1.097024858757062248e+03
1.096353672316384291e+03
1.095772881355932213e+03
1.095258757062146742e+03
1.094853107344632917e+03
1.094536723163841771e+03
1.094327683615819296e+03
1.094224858757062066e+03
1.094216949152542384e+03
1.094315254237288173e+03
1.094505084745762815e+03
1.094788700564971805e+03
1.095163841807909648e+03
1.095618079096045221e+03
1.096158192090395460e+03
1.096768361581920999e+03
1.097444067796610170e+03
1.098187570621469149e+03
1.099004519774011442e+03
1.099865536723164041e+03
1.100816949152542293e+03
1.101839548022598819e+03
1.102935593220339115e+03
1.104112994350282634e+03
1.105380790960452032e+03
1.106603389830508604e+03
1.107589830508474734e+03
1.108305084745762997e+03
1.108776271186440681e+03
1.108990960451977571e+03
1.108976271186440727e+03
1.108718644067796959e+03
1.108230508474576482e+03
1.107540112994350466e+03
1.106644067796610443e+03
1.105559322033898297e+03
1.104293785310734620e+03
1.102851977401130171e+03
1.101254237288135755e+03
1.099581920903955051e+03
1.097964971751412577e+03
1.096388700564971941e+03
1.094868926553672509e+03
1.093394350282485902e+03
1.091992090395480318e+03
1.090657627118644086e+03
1.089412429378531215e+03
1.088246327683616073e+03
1.087200000000000273e+03
1.086266666666666879e+03
1.085464406779661203e+03
1.084806779661017117e+03
1.084297175141242860e+03
1.083961581920903882e+03
1.083783050847457616e+03
1.083764971751412304e+03
1.083924293785310965e+03
1.084253107344632781e+03
1.084741242937853258e+03
1.085381920903954779e+03
1.086146892655367310e+03
1.087050847457627242e+03
1.088081355932203223e+03
1.089232768361582202e+03
1.090462146892655483e+03
1.091785310734463337e+03
1.093183050847457707e+03
1.094675706214689399e+03
1.096214689265536890e+03
1.097816949152542293e+03
1.099461016949152508e+03
1.101159322033898206e+03
1.102706214689265380e+03
1.104082485875706197e+03
1.105299435028248809e+03
1.106341242937853167e+03
1.107205649717514234e+03
1.107883615819208899e+03
1.108359322033898479e+03
1.108625988700565131e+03
1.108705084745762861e+03
1.108529943502825063e+03
1.108135593220339160e+03
1.107484745762712009e+03
1.106574011299435142e+03
1.105390960451977662e+03
1.104013559322034098e+03
1.102740112994350284e+03
1.101517514124293939e+03
1.100383050847457753e+03
1.099327683615819296e+03
1.098345762711864381e+03
1.097458757062147015e+03
1.096665536723163768e+03
1.095932203389830647e+03
1.095271186440678093e+03
1.094707344632768582e+03
1.094207909604519955e+03
1.093794350282485993e+03
1.093490395480225970e+03
1.093267796610169626e+03
1.093154802259886992e+03
1.093134463276836414e+03
1.093233898305084722e+03
1.093435028248587741e+03
1.093727683615819160e+03
1.094106214689265471e+03
1.094560451977401044e+03
1.095096045197740295e+03
1.095699435028248672e+03
1.096378531073446311e+03
1.097122033898305290e+03
1.097935593220339115e+03
1.098815819209039546e+03
1.099748022598870193e+03
1.100752542372881408e+03
1.101832768361581884e+03
1.102988700564971623e+03
1.104232768361581975e+03
1.105562711864406765e+03
1.106792090395480272e+03
1.107766101694915278e+03
1.108483615819209263e+03
1.108935593220338887e+03
1.109142372881356096e+03
1.109108474576271192e+03
1.108819209039548014e+03
1.108316384180790919e+03
1.107615819209039728e+03
1.106694915254237230e+03
1.105586440677966038e+03
1.104308474576271237e+03
1.102842937853107514e+03
1.101219209039548105e+03
1.099567231638417979e+03
1.097950282485875732e+03
1.096385310734463474e+03
1.094877966101695165e+03
1.093425988700565085e+03
1.092054237288135710e+03
1.090742372881356005e+03
1.089538983050847492e+03
1.088423728813559364e+03
1.087423728813559137e+03
1.086549152542372667e+03
1.085812429378531078e+03
1.085237288135593190e+03
1.084809039548022611e+03
1.084555932203390057e+03
1.084479096045197821e+03
1.084581920903955051e+03
1.084833898305084858e+03
1.085256497175141476e+03
1.085835028248587605e+03
1.086561581920904018e+03
1.087435028248587514e+03
1.088428248587570579e+03
1.089544632768361680e+03
1.090761581920904064e+03
1.092089265536723133e+03
1.093482485875706288e+03
1.094983050847457889e+03
1.096541242937853212e+03
1.098168361581921090e+03
1.099845197740113235e+03
1.101551412429378615e+03
1.103242937853107378e+03
1.104770621468926720e+03
1.106150282485875778e+03
1.107362711864406947e+03
1.108407909604519773e+03
1.109265536723163905e+03
1.109942372881356050e+03
1.110427118644067832e+03
1.110697175141242951e+03
1.110763841807909785e+03
1.110590960451977480e+03
1.110188700564971896e+03
1.109534463276836505e+03
1.108630508474576345e+03
1.107472316384180886e+03
1.106067796610169808e+03
1.104746892655367446e+03
1.103493785310734893e+03
1.102326553672316550e+03
1.101248587570621567e+03
1.100247457627118820e+03
1.099322033898305335e+03
1.098470056497175392e+03
1.097707344632768582e+03
1.097022598870056527e+03
1.096422598870056390e+03
1.095909604519774120e+03
1.095496045197740159e+03
1.095171751412429330e+03
1.094954802259886947e+03
1.094821468926553734e+03
1.094816949152542520e+03
1.094908474576271374e+03
1.095098305084745789e+03
1.095397740112994597e+03
1.095781920903954870e+03
1.096258757062146969e+03
1.096807909604519864e+03
1.097419209039548150e+03
1.098105084745762724e+03
1.098862146892655346e+03
1.099671186440677957e+03
1.100566101694915460e+03
1.101523163841807900e+03
1.102567231638417979e+03
1.103694915254237458e+03
1.104888135593220341e+03
1.106178531073446266e+03
1.107470056497175165e+03
1.108519774011299432e+03
1.109310734463276731e+03
1.109849717514124450e+03
1.110132203389830465e+03
1.110166101694915369e+03
1.109958192090395642e+03
1.109540112994350238e+03
1.108911864406779841e+03
1.108067796610169353e+03
1.107021468926553553e+03
1.105792090395480272e+03
1.104388700564971714e+03
1.102815819209039546e+03
1.101126553672316504e+03
1.099483615819209263e+03
1.097889265536723542e+03
1.096345762711864609e+03
1.094865536723164041e+03
1.093442937853107651e+03
1.092098305084746016e+03
1.090831638418079137e+03
1.089649717514124404e+03
1.088587570621469013e+03
1.087632768361582066e+03
1.086827118644067923e+03
1.086153672316384245e+03
1.085653107344632872e+03
1.085298305084745834e+03
1.085114124293785608e+03
1.085115254237288354e+03
1.085274576271186561e+03
1.085609039548022793e+03
1.086093785310734575e+03
1.086736723163841816e+03
1.087522033898305381e+03
1.088445197740113144e+03
1.089475706214689353e+03
1.090618079096045221e+03
1.091872316384180976e+03
1.093220338983051079e+03
1.094640677966101748e+03
1.096133333333333667e+03
1.097685875706214802e+03
1.099302824858757049e+03
1.100970621468926538e+03
1.102672316384180704e+03
1.104349152542372849e+03
1.105868926553672281e+03
1.107212429378530942e+03
1.108385310734463246e+03
1.109377401129943564e+03
1.110190960451977617e+03
1.110811299435028559e+03
1.111219209039548332e+03
1.111424858757062339e+03
1.111396610169491851e+03
1.111137853107344881e+03
1.110616949152542475e+03
1.109840677966101794e+03
1.108803389830508650e+03
1.107493785310734665e+03
1.106170621468926583e+03
1.104927683615819433e+03
1.103758192090395823e+03
1.102679096045198094e+03
1.101683615819209081e+03
1.100769491525423973e+03
1.099929943502825154e+03
1.099155932203389966e+03
1.098485875706214756e+03
1.097873446327683723e+03
1.097364971751412668e+03
1.096946892655367492e+03
1.096610169491525767e+03
1.096374011299435097e+03
1.096254237288135755e+03
1.096228248587570761e+03
1.096308474576271237e+03
1.096500564971751373e+03
1.096780790960452123e+03
1.097163841807909648e+03
1.097653107344632645e+03
1.098195480225988831e+03
1.098823728813559228e+03
1.099531073446327810e+03
1.100318644067796868e+03
1.101159322033898434e+03
1.102073446327683996e+03
1.103064406779661113e+03
1.104133333333333439e+03
1.105273446327683814e+03
1.106496045197740386e+03
1.107811299435028332e+03
1.109214689265536890e+03
1.110506214689265562e+03
1.111550282485875869e+03
1.112317514124293893e+03
1.112839548022599047e+03
1.113112994350282634e+03
1.113125423728813757e+03
1.112897175141243224e+03
1.112451977401130080e+03
1.111785310734463565e+03
1.110922033898305472e+03
1.109849717514124450e+03
1.108596610169491669e+03
1.107159322033898661e+03
1.105551412429378615e+03
1.103787570621469058e+03
1.102061016949152872e+03
1.100386440677966220e+03
1.098771751412429694e+03
1.097207909604520182e+03
1.095731073446328082e+03
1.094328813559322498e+03
1.093009039548022884e+03
1.091788700564972032e+03
1.090697175141243179e+03
1.089737853107345018e+03
1.088899435028248945e+03
1.088214689265536890e+03
1.087699435028248899e+03
1.087351412429378797e+03
1.087183050847457707e+03
1.087171751412429558e+03
1.087354802259887038e+03
1.087714124293785517e+03
1.088209039548022702e+03
1.088870056497175483e+03
1.089675706214689399e+03
1.090611299435028286e+03
1.091671186440677957e+03
1.092848587570621703e+03
1.094123163841808037e+03
1.095489265536723451e+03
1.096938983050847582e+03
1.098463276836158457e+03
1.100056497175141430e+03
1.101708474576271328e+03
1.103419209039548150e+03
1.105154802259887219e+03
1.106794350282485993e+03
1.108259887005649944e+03
1.109581920903955051e+03
1.110718644067796731e+03
1.111672316384180931e+03
1.112438418079096209e+03
1.112998870056497253e+03
1.113337853107344699e+03
1.113453107344632826e+03
1.113334463276836232e+03
1.112948022598870011e+03
1.112332203389830511e+03
1.111440677966101703e+03
1.110282485875706243e+03
1.108851977401129943e+03
1.107489265536723224e+03
1.106206779661016981e+03
1.104994350282485811e+03
1.103854237288135664e+03
1.102785310734463110e+03
1.101797740112994461e+03
1.100889265536723087e+03
1.100064406779661113e+03
1.099323163841808082e+03
1.098655367231638365e+03
1.098076836158192236e+03
1.097622598870056663e+03
1.097229378531073507e+03
1.096941242937853076e+03
1.096762711864406810e+03
1.096689265536723269e+03
1.096720903954802225e+03
1.096864406779660840e+03
1.097110734463276913e+03
1.097439548022598956e+03
1.097861016949152599e+03
1.098364971751412440e+03
1.098949152542372985e+03
1.099596610169491669e+03
1.100324293785310829e+03
1.101115254237288354e+03
1.101979661016949194e+03
1.102909604519773893e+03
1.103933333333333394e+03
1.105035028248587651e+03
1.106216949152542384e+03
1.107489265536723224e+03
1.108849717514124222e+03
1.110022598870056754e+03
1.110929943502825154e+03
1.111583050847457798e+03
1.111963841807909603e+03
1.112098305084745789e+03
1.111974011299435006e+03
1.111616949152542475e+03
1.111042937853107333e+03
1.110235028248587469e+03
1.109229378531073507e+03
1.108031638418079183e+03
1.106645197740112962e+03
1.105080225988700477e+03
1.103357062146892531e+03
1.101687005649717548e+03
1.100048587570621748e+03
1.098474576271186379e+03
1.096960451977401135e+03
1.095509604519774257e+03
1.094127683615819251e+03
1.092830508474576163e+03
1.091616949152542475e+03
1.090522033898305153e+03
1.089540112994350238e+03
1.088690395480226016e+03
1.088006779661016935e+03
1.087456497175141294e+03
1.087067796610169353e+03
1.086867796610169535e+03
1.086836158192090352e+03
1.086967231638418070e+03
1.087280225988700522e+03
1.087750282485875687e+03
1.088377401129943337e+03
1.089146892655367083e+03
1.090057627118644177e+03
1.091107344632768445e+03
1.092258757062146969e+03
1.093518644067796686e+03
1.094867796610169535e+03
1.096325423728813803e+03
1.097862146892655346e+03
1.099450847457627106e+03
1.101107344632768218e+03
1.102819209039548014e+03
1.104580790960451850e+03
1.106398870056497117e+03
1.108062146892655392e+03
1.109553672316384109e+03
1.110871186440678002e+03
1.112007909604519682e+03
1.112954802259886947e+03
1.113709604519774075e+03
1.114280225988700522e+03
1.114605649717514098e+03
1.114716384180791010e+03
1.114575141242937889e+03
1.114190960451977389e+03
1.113535593220339024e+03
1.112614689265536526e+03
1.111433898305084767e+03
1.109972881355932259e+03
1.108583050847457798e+03
1.107273446327683587e+03
1.106057627118644177e+03
1.104912994350282588e+03
1.103835028248587605e+03
1.102849717514124222e+03
1.101942372881356278e+03
1.101100564971751737e+03
1.100336723163842180e+03
1.099679096045197866e+03
1.099091525423728854e+03
1.098606779661017072e+03
1.098233898305084949e+03
1.097952542372881453e+03
1.097783050847457844e+03
1.097710734463276822e+03
1.097758192090395823e+03
1.097903954802260159e+03
1.098162711864406901e+03
1.098496045197740386e+03
1.098928813559322180e+03
1.099430508474576527e+03
1.100019209039548059e+03
1.100672316384180704e+03
1.101386440677966220e+03
1.102184180790960681e+03
1.103050847457627242e+03
1.104013559322034098e+03
1.105047457627118774e+03
1.106171751412429558e+03
1.107377401129943792e+03
1.108690395480226243e+03
1.110082485875706425e+03
1.111326553672316550e+03
1.112306214689265744e+03
1.113038418079096118e+03
1.113510734463277004e+03
1.113751412429378661e+03
1.113757062146892849e+03
1.113532203389830556e+03
1.113084745762711918e+03
1.112438418079096209e+03
1.111596610169491669e+03
1.110563841807909739e+03
1.109349152542372849e+03
1.107970621468926765e+03
1.106420338983050897e+03
1.104719774011299478e+03
1.103016949152542566e+03
1.101371751412429376e+03
1.099784180790960590e+03
1.098253107344633008e+03
1.096796610169491714e+03
1.095419209039548150e+03
1.094154802259887219e+03
1.092990960451977571e+03
1.091967231638418070e+03
1.091079096045197730e+03
1.090322033898305108e+03
1.089723163841807946e+03
1.089310734463276731e+03
1.089053107344632735e+03
1.088988700564971623e+03
1.089083615819209172e+03
1.089359322033898479e+03
1.089781920903954870e+03
1.090360451977401226e+03
1.091102824858757231e+03
1.091959322033898388e+03
1.092954802259886947e+03
1.094073446327683769e+03
1.095306214689265516e+03
1.096627118644067650e+03
1.098044067796610307e+03
1.099535593220339024e+03
1.101100564971751510e+03
1.102708474576271328e+03
1.104400000000000091e+03
1.106136723163841907e+03
1.107820338983050988e+03
1.109332203389830511e+03
1.110696045197740204e+03
1.111894915254237276e+03
1.112907344632768400e+03
1.113742372881356005e+03
1.114388700564971714e+03
1.114828248587570670e+03
1.115040677966101612e+03
1.115032768361581930e+03
1.114780790960452123e+03
1.114268926553672372e+03
1.113491525423728717e+03
1.112446327683615891e+03
1.111137853107344654e+03
1.109737853107344563e+03
1.108419209039547923e+03
1.107175141242938025e+03
1.106013559322033871e+03
1.104926553672316459e+03
1.103914124293785335e+03
1.102975141242937980e+03
1.102133333333333439e+03
1.101368361581920908e+03
1.100683615819209081e+03
1.100088135593220159e+03
1.099592090395480227e+03
1.099188700564971668e+03
1.098868926553672281e+03
1.098677966101694892e+03
1.098584180790960545e+03
1.098596610169491669e+03
1.098722033898305199e+03
1.098945762711864518e+03
1.099270056497175119e+03
1.099680225988700386e+03
1.100184180790960454e+03
1.100750282485875687e+03
1.101396610169491396e+03
1.102119774011299342e+03
1.102909604519773893e+03
1.103778531073446175e+03
1.104724293785310692e+03
1.105754802259886901e+03
1.106873446327683723e+03
1.108074576271186515e+03
1.109364971751412668e+03
1.110752542372881635e+03
1.112050847457627242e+03
1.113068926553672554e+03
1.113846327683615982e+03
1.114360451977401226e+03
1.114627118644067878e+03
1.114629378531073598e+03
1.114418079096045403e+03
1.113980790960452168e+03
1.113308474576271465e+03
1.112429378531073553e+03
1.111355932203390012e+03
1.110109604519774166e+03
1.108670056497175210e+03
1.107055367231638684e+03
1.105266666666666652e+03
1.103497175141242906e+03
1.101763841807909557e+03
1.100089265536723133e+03
1.098468926553672190e+03
1.096935593220338887e+03
1.095474576271186379e+03
1.094108474576271192e+03
1.092838418079096300e+03
1.091687005649717548e+03
1.090681355932203587e+03
1.089783050847457616e+03
1.089049717514124268e+03
1.088475706214689353e+03
1.088085875706214892e+03
1.087879096045197912e+03
1.087821468926553734e+03
1.087936723163842089e+03
1.088225988700565267e+03
1.088671186440677957e+03
1.089267796610169626e+03
1.090003389830508695e+03
1.090881355932203405e+03
1.091868926553672509e+03
1.092966101694915324e+03
1.094172881355932304e+03
1.095465536723163950e+03
1.096853107344632917e+03
1.098325423728813803e+03
1.099849717514124450e+03
1.101437288135593008e+03
1.103066666666666606e+03
1.104753672316384382e+03
1.106472316384180886e+03
1.108176271186440772e+03
1.109719774011299478e+03
1.111087005649717412e+03
1.112264406779660931e+03
1.113248587570621567e+03
1.114024858757062248e+03
1.114571751412429421e+03
1.114908474576271146e+03
1.114986440677966129e+03
1.114821468926553734e+03
1.114380790960452032e+03
1.113666666666666742e+03
1.112684745762711827e+03
1.111412429378531215e+03
1.110070056497175301e+03
1.108797740112994234e+03
1.107590960451977480e+03
1.106446327683615891e+03
1.105370621468926629e+03
1.104390960451977435e+03
1.103458757062147015e+03
1.102616949152542475e+03
1.101841807909604540e+03
1.101151412429378524e+03
1.100525423728813621e+03
1.100006779661016935e+03
1.099566101694915233e+03
1.099236158192090443e+03
1.099010169491525176e+03
1.098885875706214392e+03
1.098854237288135437e+03
1.098936723163841634e+03
1.099112994350282406e+03
1.099369491525423655e+03
1.099712994350282315e+03
1.100142372881355868e+03
1.100630508474576118e+03
1.101197740112994325e+03
1.101836158192090352e+03
1.102546892655367174e+03
1.103328813559322043e+03
1.104179661016949240e+03
1.105133333333333212e+03
1.106163841807909421e+03
1.107276836158192054e+03
1.108487005649717503e+03
1.109797740112994461e+03
1.111115254237288127e+03
1.112180790960451986e+03
1.112975141242937980e+03
1.113540112994350238e+03
1.113845197740113008e+03
1.113928813559321952e+03
1.113776271186440681e+03
1.113420338983050897e+03
1.112853107344632917e+03
1.112100564971751510e+03
1.111146892655367310e+03
1.110013559322033871e+03
1.108711864406779796e+03
1.107249717514124313e+03
1.105623728813559410e+03
1.103995480225988786e+03
1.102409039548022747e+03
1.100882485875706152e+03
1.099402259887005584e+03
1.098005649717514189e+03
1.096683615819209081e+03
1.095455367231638547e+03
1.094345762711864609e+03
1.093359322033898479e+03
1.092482485875706516e+03
1.091766101694915506e+03
1.091206779661017208e+03
1.090815819209039773e+03
1.090597740112994416e+03
1.090536723163841998e+03
1.090647457627118911e+03
1.090916384180791056e+03
1.091352542372881544e+03
1.091948022598870011e+03
1.092683615819209081e+03
1.093560451977401272e+03
1.094567231638418207e+03
1.095683615819209081e+03
1.096918644067796777e+03
1.098238418079096164e+03
1.099653107344632872e+03
1.101126553672316504e+03
1.102670056497175210e+03
1.104294915254237367e+03
1.105976271186440727e+03
1.107699435028248899e+03
1.109473446327683632e+03
1.111093785310734575e+03
1.112549152542373122e+03
1.113856497175141385e+03
1.114978531073446447e+03
1.115931073446327900e+03
1.116699435028248899e+03
1.117257627118644223e+03
1.117611299435028513e+03
1.117725423728813666e+03
1.117613559322034007e+03
1.117238418079096164e+03
1.116609039548022793e+03
1.115726553672316641e+03
1.114576271186440863e+03
1.113152542372881499e+03
1.111768361581920999e+03
1.110449717514124586e+03
1.109204519774011260e+03
1.108036158192090625e+03
1.106926553672316459e+03
1.105903954802259932e+03
1.104954802259887174e+03
1.104077966101694983e+03
1.103291525423729126e+03
1.102570621468926674e+03
1.101937853107344836e+03
1.101413559322033962e+03
1.100987570621469104e+03
1.100651977401130353e+03
1.100427118644067832e+03
1.100307344632768491e+03
1.100303954802260023e+03
1.100403389830508559e+03
1.100579661016949103e+03
1.100855367231638638e+03
1.101209039548022702e+03
1.101645197740112962e+03
1.102146892655367310e+03
1.102746892655367446e+03
1.103402259887005584e+03
1.104127683615819478e+03
1.104937853107344836e+03
1.105825988700565176e+03
1.106803389830508422e+03
1.107876836158192191e+03
1.109032768361582157e+03
1.110284745762712191e+03
1.111584180790960545e+03
1.112645197740113190e+03
1.113442937853107651e+03
1.113989830508474824e+03
1.114305084745762997e+03
1.114370621468926856e+03
1.114204519774011487e+03
1.113833898305084858e+03
1.113250847457627515e+03
1.112459887005649989e+03
1.111471186440678139e+03
1.110311864406779932e+03
1.108971751412429740e+03
1.107470056497175392e+03
1.105795480225988968e+03
1.104097175141243042e+03
1.102447457627118865e+03
1.100821468926553734e+03
1.099271186440678093e+03
1.097777401129943655e+03
1.096361581920904200e+03
1.095022598870056754e+03
1.093772881355932441e+03
1.092662146892655528e+03
1.091655367231638593e+03
1.090784180790960818e+03
1.090061016949152872e+03
1.089494915254237640e+03
1.089077966101695210e+03
1.088835028248587832e+03
1.088761581920904064e+03
1.088853107344632917e+03
1.089100564971751737e+03
1.089501694915254575e+03
1.090065536723164087e+03
1.090752542372881635e+03
1.091578531073446811e+03
1.092511864406779750e+03
1.093558192090395551e+03
1.094698305084746153e+03
1.095946892655367492e+03
1.097268926553672600e+03
1.098658757062147288e+03
1.100105084745762724e+03
1.101606779661017072e+03
1.103185310734463428e+03
1.104794350282485993e+03
1.106448587570621612e+03
1.108064406779661113e+03
1.109509604519774257e+03
1.110784180790960818e+03
1.111872316384180976e+03
1.112785310734463565e+03
1.113494915254237412e+03
1.113997740112994506e+03
1.114289265536723406e+03
1.114324293785310829e+03
1.114106214689265698e+03
1.113638418079096027e+03
1.112891525423729036e+03
1.111877966101695165e+03
1.110597740112994416e+03
1.109301694915254529e+03
1.108059887005649671e+03
1.106884745762711873e+03
1.105785310734463110e+03
1.104759322033898115e+03
1.103800000000000182e+03
1.102916384180790828e+03
1.102099435028248536e+03
1.101368361581920908e+03
1.100716384180791010e+03
1.100137853107344654e+03
1.099632768361581839e+03
1.099239548022598683e+03
1.098942372881355823e+03
1.098742372881356005e+03
1.098632768361581839e+03
1.098645197740112962e+03
1.098758192090395369e+03
1.098952542372881453e+03
1.099248587570621567e+03
1.099623728813559183e+03
1.100073446327683541e+03
1.100601129943502656e+03
1.101198870056497071e+03
1.101857627118644132e+03
1.102593220338982974e+03
1.103409039548022747e+03
1.104294915254237367e+03
1.105262146892655437e+03
1.106316384180790919e+03
1.107458757062147015e+03
1.108688135593220295e+03
1.110010169491525403e+03
1.111415819209039455e+03
1.112554802259887083e+03
1.113456497175141294e+03
1.114100564971751510e+03
1.114516384180790965e+03
1.114679096045197639e+03
1.114614689265536754e+03
1.114336723163841953e+03
1.113855367231638411e+03
1.113164971751412395e+03
1.112287005649717685e+03
1.111256497175141249e+03
1.110022598870056527e+03
1.108622598870056436e+03
1.107055367231638456e+03
1.105371751412429603e+03
1.103745762711864472e+03
1.102161581920904155e+03
1.100655367231638593e+03
1.099215819209039637e+03
1.097847457627118956e+03
1.096576271186440863e+03
1.095387570621468967e+03
1.094345762711864609e+03
1.093424858757062339e+03
1.092631638418079319e+03
1.092001129943502974e+03
1.091531073446327810e+03
1.091222598870056572e+03
1.091079096045197957e+03
1.091124293785311011e+03
1.091322033898305335e+03
1.091673446327683905e+03
1.092203389830508740e+03
1.092863276836158548e+03
1.093665536723163996e+03
1.094588700564971987e+03
1.095637288135593280e+03
1.096785310734463565e+03
1.098033898305084904e+03
1.099371751412429603e+03
1.100789830508474552e+03
1.102291525423729126e+03
1.103848587570621703e+03
1.105459887005649762e+03
1.107136723163841907e+03
1.108850847457627424e+03
1.110514124293785471e+03
1.112021468926554007e+03
1.113363841807909694e+03
1.114545762711864427e+03
1.115543502824858933e+03
1.116355932203390012e+03
1.116962711864406856e+03
1.117351412429378570e+03
1.117538983050847492e+03
1.117474576271186606e+03
1.117155932203389966e+03
1.116585310734463292e+03
1.115755932203390103e+03
1.114667796610169717e+03
1.113292655367231873e+03
1.111946892655367265e+03
1.110675706214689399e+03
1.109491525423728945e+03
1.108372881355932350e+03
1.107327683615819296e+03
1.106352542372881544e+03
1.105466666666666697e+03
1.104641807909604722e+03
1.103903954802260159e+03
1.103240677966101657e+03
1.102675706214689171e+03
1.102202259887005766e+03
1.101831638418079137e+03
1.101544632768361680e+03
1.101372881355932122e+03
1.101317514124293666e+03
1.101360451977400999e+03
1.101484745762711782e+03
1.101717514124293757e+03
1.102042937853107333e+03
1.102445197740112917e+03
1.102931073446327673e+03
1.103496045197739932e+03
1.104132203389830465e+03
1.104846327683615755e+03
1.105639548022598774e+03
1.106489265536722996e+03
1.107439548022598728e+03
1.108454237288135573e+03
1.109571751412429194e+03
1.110778531073446175e+03
1.112079096045197730e+03
1.113421468926553416e+03
1.114484745762711555e+03
1.115310734463276731e+03
1.115871186440677775e+03
1.116186440677965948e+03
1.116276836158192054e+03
1.116123163841807809e+03
1.115726553672316186e+03
1.115132203389830465e+03
1.114341242937852940e+03
1.113353672316383836e+03
1.112183050847457253e+03
1.110847457627118729e+03
1.109333333333333030e+03
1.107656497175141112e+03
1.105923163841807764e+03
1.104238418079095936e+03
1.102589830508474279e+03
1.100995480225988558e+03
1.099466666666666470e+03
1.098016949152542111e+03
1.096653107344632645e+03
1.095381920903954779e+03
1.094230508474576027e+03
1.093194350282485630e+03
1.092290395480225925e+03
1.091544632768361453e+03
1.090943502824858570e+03
1.090522033898304926e+03
1.090268926553672145e+03
1.090181920903954733e+03
1.090270056497175119e+03
1.090514124293785244e+03
1.090922033898305017e+03
1.091484745762711782e+03
1.092188700564971441e+03
1.093019209039548059e+03
1.093980790960451941e+03
1.095049717514124040e+03
1.096223728813559319e+03
1.097493785310734211e+03
1.098861016949152599e+03
1.100273446327683587e+03
1.101784180790960363e+03
1.103348022598869875e+03
1.104951412429378252e+03
1.106625988700564903e+03
1.108331073446327537e+03
1.109946892655367265e+03
1.111406779661016799e+03
1.112696045197739977e+03
1.113798870056496980e+03
1.114719774011299251e+03
1.115431638418078819e+03
1.115951412429378252e+03
1.116237288135593190e+03
1.116296045197739886e+03
1.116106214689265471e+03
1.115658757062146606e+03
1.114959322033898161e+03
1.113974011299434778e+03
1.112728813559321907e+03
1.111394350282485902e+03
1.110132203389830465e+03
1.108928813559321952e+03
1.107819209039547786e+03
1.106768361581920772e+03
1.105792090395480045e+03
1.104892655367231328e+03
1.104064406779660885e+03
1.103312994350282224e+03
1.102637288135593280e+03
1.102037288135593144e+03
1.101517514124293484e+03
1.101099435028248536e+03
1.100776271186440454e+03
1.100554802259886856e+03
1.100433898305084540e+03
1.100418079096044949e+03
1.100512994350282270e+03
1.100685875706214574e+03
1.100970621468926538e+03
1.101327683615819296e+03
1.101742372881355777e+03
1.102248587570621339e+03
1.102829378531073417e+03
1.103480225988700568e+03
1.104186440677965948e+03
1.104972881355932032e+03
1.105835028248587378e+03
1.106779661016948921e+03
1.107806779661016662e+03
1.108916384180790828e+03
1.110120903954802088e+03
1.111397740112994143e+03
1.112743502824858751e+03
1.113844067796610034e+03
1.114702824858756912e+03
1.115288135593219977e+03
1.115627118644067650e+03
1.115742372881355777e+03
1.115619209039547968e+03
1.115287005649717230e+03
1.114741242937852803e+03
1.113987570621468876e+03
1.113053107344632735e+03
1.111922033898305017e+03
1.110618079096045221e+03
1.109142372881355641e+03
1.107502824858756867e+03
1.105841807909604540e+03
1.104247457627118592e+03
1.102685875706214574e+03
1.101202259887005539e+03
1.099775141242937707e+03
1.098419209039547923e+03
1.097171751412429330e+03
1.096013559322033871e+03
1.094993220338983065e+03
1.094090395480225652e+03
1.093337853107344472e+03
1.092737853107344563e+03
1.092297175141242633e+03
1.092024858757061793e+03
1.091912994350282133e+03
1.091978531073446220e+03
1.092206779661016753e+03
1.092598870056497162e+03
1.093151412429378524e+03
1.093841807909604540e+03
1.094682485875705879e+03
1.095647457627118456e+03
1.096736723163841589e+03
1.097929943502824699e+03
1.099225988700564812e+03
1.100597740112994416e+03
1.102054237288135482e+03
1.103583050847457343e+03
1.105177401129943291e+03
1.106832768361581657e+03
1.108548022598869920e+03
1.110312994350282224e+03
1.112076836158191782e+03
1.113674576271186197e+03
1.115115254237287900e+03
1.116384180790960272e+03
1.117463276836158002e+03
1.118348022598870102e+03
1.119032768361581702e+03
1.119502824858756867e+03
1.119738983050847310e+03
1.119740112994350056e+03
1.119483615819208808e+03
1.118964971751412122e+03
1.118189830508474643e+03
1.117127683615819024e+03
1.115797740112994234e+03
1.114424858757062111e+03
1.113109604519773711e+03
1.111865536723163586e+03
1.110691525423728763e+03
1.109605649717514098e+03
1.108596610169491441e+03
1.107649717514124404e+03
1.106781920903954870e+03
1.105997740112994279e+03
1.105303954802259796e+03
1.104698305084745698e+03
1.104176271186440545e+03
1.103769491525423518e+03
1.103447457627118411e+03
1.103246327683615618e+03
1.103148022598869829e+03
1.103152542372881044e+03
1.103268926553671918e+03
1.103474576271186152e+03
1.103777401129943200e+03
1.104169491525423382e+03
1.104645197740112735e+03
1.105214689265536435e+03
1.105846327683615527e+03
1.106554802259886856e+03
1.107351412429378342e+03
1.108211299435028195e+03
1.109163841807909421e+03
1.110198870056497071e+03
1.111326553672316095e+03
1.112549152542372667e+03
1.113865536723163586e+03
1.115279096045197548e+03
1.116532203389830556e+03
1.117532203389830329e+03
1.118276836158192054e+03
1.118764971751412304e+03
1.119003389830508240e+03
1.118996610169491305e+03
1.118770621468926265e+03
1.118331073446327537e+03
1.117673446327683450e+03
1.116829378531073417e+03
1.115793220338983019e+03
1.114553672316384109e+03
1.113141242937852894e+03
1.111577401129943382e+03
1.109819209039547786e+03
1.108064406779660885e+03
1.106375141242937616e+03
1.104733333333333121e+03
1.103160451977400953e+03
1.101653107344632645e+03
1.100215819209039410e+03
1.098896045197740023e+03
1.097676836158191918e+03
1.096594350282485721e+03
1.095628248587570397e+03
1.094823728813559001e+03
1.094174011299434824e+03
1.093679096045197639e+03
1.093357062146892531e+03
1.093215819209039410e+03
1.093236158192090215e+03
1.093421468926553644e+03
1.093758192090395141e+03
1.094245197740112872e+03
1.094887005649717139e+03
1.095674576271186197e+03
1.096572881355931941e+03
1.097601129943502656e+03
1.098731073446327628e+03
1.099960451977400908e+03
1.101265536723163677e+03
1.102654237288135391e+03
1.104114124293785153e+03
1.105636158192090079e+03
1.107214689265536435e+03
1.108865536723163586e+03
1.110546892655366946e+03
1.112264406779660931e+03
1.113822598870056254e+03
1.115205649717514007e+03
1.116407909604519546e+03
1.117424858757061884e+03
1.118219209039547877e+03
1.118813559322033598e+03
1.119175141242937570e+03
1.119309604519773757e+03
1.119186440677965948e+03
1.118792090395480045e+03
1.118143502824858615e+03
1.117207909604519500e+03
1.116001129943502747e+03
1.114610169491525085e+03
1.113294915254237139e+03
1.112058757062146697e+03
1.110877966101694710e+03
1.109766101694915278e+03
1.108745762711864245e+03
1.107790960451977298e+03
1.106909604519773893e+03
1.106101694915254029e+03
1.105368361581920908e+03
1.104719774011299251e+03
1.104151412429378524e+03
1.103675706214689171e+03
1.103312994350282452e+03
1.103044067796610079e+03
1.102883615819208899e+03
1.102835028248587378e+03
1.102879096045197457e+03
1.103027118644067741e+03
1.103280225988700295e+03
1.103615819209039273e+03
1.104019209039548059e+03
1.104516384180790737e+03
1.105080225988700477e+03
1.105715254237287809e+03
1.106435028248587514e+03
1.107224858757062066e+03
1.108102824858757003e+03
1.109053107344632735e+03
1.110111864406779659e+03
1.111240677966101430e+03
1.112476836158191873e+03
1.113820338983050760e+03
1.115240677966101430e+03
1.116429378531073326e+03
1.117348022598870102e+03
1.118018079096045085e+03
1.118439548022598956e+03
1.118632768361581839e+03
1.118578531073446356e+03
1.118305084745762542e+03
1.117809039548022611e+03
1.117114124293785153e+03
1.116215819209039410e+03
1.115141242937852894e+03
1.113854237288135664e+03
1.112414689265536708e+03
1.110810169491525357e+03
1.109064406779661113e+03
1.107370621468926402e+03
1.105738983050847310e+03
1.104151412429378524e+03
1.102620338983050715e+03
1.101181920903954733e+03
1.099833898305084858e+03
1.098574011299434915e+03
1.097442937853107196e+03
1.096447457627118638e+03
1.095587570621468785e+03
1.094879096045197684e+03
1.094351412429378342e+03
1.093985310734463383e+03
1.093785310734463110e+03
1.093758192090395369e+03
1.093907344632768400e+03
1.094220338983050624e+03
1.094690395480226016e+03
1.095331073446327537e+03
1.096109604519774166e+03
1.097011299435028377e+03
1.098047457627118547e+03
1.099213559322033916e+03
1.100477966101695074e+03
1.101841807909604540e+03
1.103291525423728672e+03
1.104831638418078910e+03
1.106438418079095982e+03
1.108114124293785153e+03
1.109851977401129943e+03
1.111644067796610216e+03
1.113482485875706061e+03
1.115146892655367083e+03
1.116649717514124177e+03
1.117976271186440499e+03
1.119124293785310783e+03
1.120067796610169353e+03
1.120803389830508422e+03
1.121328813559322043e+03
1.121635028248587332e+03
1.121681355932203360e+03
1.121485875706214756e+03
1.121023728813559273e+03
1.120280225988700749e+03
1.119255367231638502e+03
1.117985310734463383e+03
1.116462146892655255e+03
1.115004519774011214e+03
1.113628248587570397e+03
1.112316384180790919e+03
1.111081355932203223e+03
1.109931073446327446e+03
1.108855367231638411e+03
1.107855367231638411e+03
1.106925423728813485e+03
1.106085875706214665e+03
1.105332203389830283e+03
1.104682485875706107e+03
1.104116384180790646e+03
1.103666666666666515e+03
1.103331073446327537e+03
1.103103954802259977e+03
1.102977401129943473e+03
1.102963841807909375e+03
1.103041807909604358e+03
1.103214689265536435e+03
1.103482485875706061e+03
1.103838418079095845e+03
1.104272316384180613e+03
1.104789830508474552e+03
1.105385310734463019e+03
1.106056497175140976e+03
1.106809039548022383e+03
1.107648587570621203e+03
1.108595480225988467e+03
1.109619209039547968e+03
1.110749152542372713e+03
1.111980790960451941e+03
1.113305084745762542e+03
1.114717514124293530e+03
1.115876836158191963e+03
1.116788700564971350e+03
1.117438418079095982e+03
1.117859887005649625e+03
1.118033898305084676e+03
1.117967231638417843e+03
1.117690395480225789e+03
1.117205649717513779e+03
1.116520903954802179e+03
1.115632768361581839e+03
1.114560451977401044e+03
1.113293785310734393e+03
1.111850847457626969e+03
1.110245197740112872e+03
1.108476836158191873e+03
1.106762711864406810e+03
1.105066666666666606e+03
1.103442937853107196e+03
1.101865536723163814e+03
1.100390960451977207e+03
1.098992090395480318e+03
1.097728813559321907e+03
1.096562711864406538e+03
1.095531073446327355e+03
1.094656497175140885e+03
1.093932203389830420e+03
1.093377401129943337e+03
1.092971751412429285e+03
1.092749152542372713e+03
1.092703954802259659e+03
1.092819209039547786e+03
1.093077966101694756e+03
1.093509604519773802e+03
1.094084745762711691e+03
1.094810169491525357e+03
1.095659887005649580e+03
1.096619209039547968e+03
1.097692655367231509e+03
1.098861016949152599e+03
1.100117514124293848e+03
1.101474576271186379e+03
1.102896045197740023e+03
1.104385310734463246e+03
1.105938983050847355e+03
1.107540112994350238e+03
1.109194350282485857e+03
1.110897175141242769e+03
1.112642937853107469e+03
1.114261016949152463e+03
1.115705084745762633e+03
1.116944632768361544e+03
1.117993220338983065e+03
1.118842937853107287e+03
1.119477966101695074e+03
1.119854237288135437e+03
1.120005649717514189e+03
1.119873446327683723e+03
1.119461016949152508e+03
1.118801129943502929e+03
1.117861016949152599e+03
1.116622598870056436e+03
1.115292655367231418e+03
1.114027118644067741e+03
1.112837288135593099e+03
1.111710734463276822e+03
1.110658757062146833e+03
1.109681355932203360e+03
1.108767231638418252e+03
1.107940112994350329e+03
1.107178531073446266e+03
1.106505084745762815e+03
1.105906214689265653e+03
1.105401129943502838e+03
1.105003389830508468e+03
1.104703954802259886e+03
1.104516384180790965e+03
1.104442937853107196e+03
1.104468926553672190e+03
1.104579661016949103e+03
1.104806779661017117e+03
1.105116384180790874e+03
1.105512994350282497e+03
1.105990960451977571e+03
1.106559322033898297e+03
1.107196610169491578e+03
1.107897175141242997e+03
1.108679096045197639e+03
1.109554802259887083e+03
1.110511864406779750e+03
1.111562711864406992e+03
1.112709604519774075e+03
1.113960451977401135e+03
1.115302824858757049e+03
1.116733333333333348e+03
1.118077966101694983e+03
1.119163841807909648e+03
1.120018079096045085e+03
1.120615819209039500e+03
1.120975141242937980e+03
1.121106214689265471e+03
1.121020338983050806e+03
1.120700564971751646e+03
1.120167231638418116e+03
1.119449717514124359e+03
1.118531073446327810e+03
1.117432768361581793e+03
1.116161581920903927e+03
1.114719774011299478e+03
1.113108474576270964e+03
1.111319774011299387e+03
1.109554802259886856e+03
1.107841807909604540e+03
1.106196610169491578e+03
1.104631638418079092e+03
1.103143502824858842e+03
1.101754802259886901e+03
1.100494915254237185e+03
1.099349152542372849e+03
1.098358192090395505e+03
1.097516384180791192e+03
1.096833898305084858e+03
1.096326553672316322e+03
1.095977401129943473e+03
1.095812429378531078e+03
1.095824858757061975e+03
1.095998870056497026e+03
1.096324293785310601e+03
1.096812429378530851e+03
1.097463276836158002e+03
1.098224858757062066e+03
1.099132203389830465e+03
1.100143502824858615e+03
1.101280225988700295e+03
1.102499435028248399e+03
1.103823728813559228e+03
1.105240677966101657e+03
1.106726553672316186e+03
1.108284745762711964e+03
1.109897175141242769e+03
1.111579661016949103e+03
1.113307344632768491e+03
1.115106214689265471e+03
1.116745762711864245e+03
1.118229378531073507e+03
1.119518644067796458e+03
1.120631638418079092e+03
1.121527683615819114e+03
1.122210169491525448e+03
1.122668926553672463e+03
1.122880225988700658e+03
1.122845197740112781e+03
1.122531073446327355e+03
1.121960451977400908e+03
1.121110734463276685e+03
1.119976271186440499e+03
1.118545762711864427e+03
1.117103954802259750e+03
1.115731073446327628e+03
1.114435028248587514e+03
1.113195480225988376e+03
1.112010169491525176e+03
1.110906214689265198e+03
1.109850847457626969e+03
1.108882485875706152e+03
1.107981920903954688e+03
1.107155932203389511e+03
1.106436158192090261e+03
1.105799999999999955e+03
1.105251977401129807e+03
1.104806779661016662e+03
1.104487005649717503e+03
1.104259887005649489e+03
1.104120903954802088e+03
1.104098305084745789e+03
1.104161581920903927e+03
1.104307344632768036e+03
1.104552542372881135e+03
1.104853107344632690e+03
1.105248587570621112e+03
1.105719774011299251e+03
1.106271186440677866e+03
1.106916384180790828e+03
1.107627118644067650e+03
1.108447457627118411e+03
1.109343502824858660e+03
1.110352542372881089e+03
1.111454237288135573e+03
1.112656497175140885e+03
1.113970621468926311e+03
1.115174011299434824e+03
1.116125423728813075e+03
1.116825988700564722e+03
1.117275706214689080e+03
1.117493785310734438e+03
1.117475706214689126e+03
1.117250847457627060e+03
1.116806779661016890e+03
1.116150282485875550e+03
1.115315254237287945e+03
1.114285875706214483e+03
1.113064406779660885e+03
1.111671186440677957e+03
1.110102824858757003e+03
1.108412429378531215e+03
1.106753672316384154e+03
1.105155932203389739e+03
1.103598870056497162e+03
1.102118644067796595e+03
1.100712994350282315e+03
1.099398870056497117e+03
1.098171751412429330e+03
1.097058757062146924e+03
1.096090395480225880e+03
1.095265536723163677e+03
1.094587570621468785e+03
1.094062146892655392e+03
1.093714124293785289e+03
1.093526553672316368e+03
1.093493785310734438e+03
1.093641807909604722e+03
1.093938983050847582e+03
1.094384180790960500e+03
1.094987570621468876e+03
1.095716384180791010e+03
1.096580790960452077e+03
1.097551412429378615e+03
1.098646327683615709e+03
1.099835028248587605e+03
1.101103954802259977e+03
1.102454237288135573e+03
1.103874576271186470e+03
1.105361581920903973e+03
1.106917514124293575e+03
1.108529943502824835e+03
1.110194350282486084e+03
1.111897175141242997e+03
1.113636158192090534e+03
1.115259887005649716e+03
1.116727683615819387e+03
1.117998870056497253e+03
1.119087005649717412e+03
1.119959322033898388e+03
1.120612429378531033e+03
1.121035028248587651e+03
1.121206779661016753e+03
1.121124293785310783e+03
1.120774011299435188e+03
1.120157062146892713e+03
1.119257627118643995e+03
1.118061016949152418e+03
1.116676836158192145e+03
1.115377401129943564e+03
1.114143502824858842e+03
1.112968361581921044e+03
1.111862146892655346e+03
1.110825988700565176e+03
1.109846327683615982e+03
1.108941242937853076e+03
1.108109604519774166e+03
1.107357062146892758e+03
1.106681355932203587e+03
1.106101694915254484e+03
1.105604519774011351e+03
1.105214689265536890e+03
1.104929943502825154e+03
1.104753672316384382e+03
1.104671186440677957e+03
1.104691525423728763e+03
1.104805649717514143e+03
1.105018079096045312e+03
1.105319774011299614e+03
1.105696045197740204e+03
1.106150282485875778e+03
1.106684745762712055e+03
1.107296045197740114e+03
1.107986440677966129e+03
1.108752542372881408e+03
1.109620338983050715e+03
1.110568361581920726e+03
1.111607909604519818e+03
1.112754802259887128e+03
1.113986440677966129e+03
1.115320903954802361e+03
1.116754802259887128e+03
1.117988700564971850e+03
1.118971751412429512e+03
1.119708474576271328e+03
1.120218079096045130e+03
1.120512994350282497e+03
1.120574011299435142e+03
1.120430508474576527e+03
1.120084745762711918e+03
1.119544632768361680e+03
1.118829378531073417e+03
1.117941242937853076e+03
1.116854237288135664e+03
1.115592090395480454e+03
1.114177401129943519e+03
1.112592090395480454e+03
1.110861016949152599e+03
1.109186440677966402e+03
1.107568361581921181e+03
1.106030508474576436e+03
1.104577401129943610e+03
1.103215819209039637e+03
1.101954802259886947e+03
1.100824858757062202e+03
1.099820338983050988e+03
1.098968361581921044e+03
1.098270056497175347e+03
1.097738983050847764e+03
1.097372881355932350e+03
1.097163841807909648e+03
1.097141242937853349e+03
1.097271186440677866e+03
1.097566101694915233e+03
1.098009039548022656e+03
1.098592090395480227e+03
1.099314124293785426e+03
1.100161581920904155e+03
1.101126553672316504e+03
1.102202259887005766e+03
1.103370621468926402e+03
1.104629378531073598e+03
1.105962711864406856e+03
1.107378531073446538e+03
1.108864406779660840e+03
1.110397740112994370e+03
1.112004519774011442e+03
1.113665536723163768e+03
1.115370621468926629e+03
1.116977401129943473e+03
1.118437288135593462e+03
1.119726553672316413e+03
1.120831638418079137e+03
1.121749152542372940e+03
1.122458757062147015e+03
1.122952542372881453e+03
1.123204519774011260e+03
1.123210169491525448e+03
1.122969491525424019e+03
1.122465536723163950e+03
1.121680225988700613e+03
1.120636158192090534e+03
1.119317514124293666e+03
1.117940112994350329e+03
1.116613559322034007e+03
1.115361581920903973e+03
1.114180790960451986e+03
1.113063276836158138e+03
1.112009039548022429e+03
1.111003389830508695e+03
1.110073446327683769e+03
1.109232768361582202e+03
1.108476836158192327e+03
1.107800000000000182e+03
1.107216949152542384e+03
1.106736723163841816e+03
1.106352542372881317e+03
1.106080225988700704e+03
1.105902824858756958e+03
1.105828248587570670e+03
1.105863276836158320e+03
1.105980790960451941e+03
1.106189830508474643e+03
1.106482485875706288e+03
1.106846327683615982e+03
1.107302824858757049e+03
1.107836158192090579e+03
1.108433898305084767e+03
1.109120903954802316e+03
1.109893785310734529e+03
1.110744632768361498e+03
1.111689265536723269e+03
1.112731073446327855e+03
1.113875706214689217e+03
1.115105084745762724e+03
1.116447457627118638e+03
1.117625988700564903e+03
1.118561581920904018e+03
1.119245197740113099e+03
1.119690395480226016e+03
1.119894915254237276e+03
1.119877966101694938e+03
1.119647457627118911e+03
1.119202259887005766e+03
1.118537853107344745e+03
1.117679096045197866e+03
1.116645197740113190e+03
1.115444067796610170e+03
1.114045197740113053e+03
1.112493785310734665e+03
1.110771751412429467e+03
1.109067796610169808e+03
1.107397740112994597e+03
1.105770621468926720e+03
1.104211299435028423e+03
1.102727683615819387e+03
1.101327683615819296e+03
1.100025988700564994e+03
1.098827118644067923e+03
1.097768361581920999e+03
1.096838418079096300e+03
1.096067796610169808e+03
1.095444067796610398e+03
1.094992090395480318e+03
1.094705084745763088e+03
1.094576271186440863e+03
1.094606779661017299e+03
1.094806779661017117e+03
1.095160451977401408e+03
1.095663276836158502e+03
1.096317514124294121e+03
1.097088135593220613e+03
1.097979661016949422e+03
1.098983050847457889e+03
1.100093785310734802e+03
1.101303954802259796e+03
1.102583050847457798e+03
1.103946892655367265e+03
1.105388700564971941e+03
1.106892655367231782e+03
1.108438418079096209e+03
1.110048587570621521e+03
1.111703954802259886e+03
1.113396610169491396e+03
1.115077966101694983e+03
1.116594350282485948e+03
1.117929943502825154e+03
1.119061016949152645e+03
1.119994350282485811e+03
1.120708474576271101e+03
1.121178531073446493e+03
1.121427118644067832e+03
1.121398870056497344e+03
1.121099435028248763e+03
1.120543502824858933e+03
1.119696045197740204e+03
1.118584180790960545e+03
1.117257627118643995e+03
1.116001129943502974e+03
1.114790960451977526e+03
1.113658757062147060e+03
1.112600000000000136e+03
1.111584180790960545e+03
1.110655367231638593e+03
1.109788700564971805e+03
1.109001129943502747e+03
1.108289265536723178e+03
1.107653107344632872e+03
1.107111864406779887e+03
1.106663276836158275e+03
1.106305084745762542e+03
1.106039548022598865e+03
1.105891525423728808e+03
1.105842937853107514e+03
1.105873446327683723e+03
1.106009039548022656e+03
1.106224858757062293e+03
1.106527683615819342e+03
1.106908474576271146e+03
1.107355932203389784e+03
1.107885875706214847e+03
1.108480225988700568e+03
1.109175141242938025e+03
1.109942372881355823e+03
1.110779661016949376e+03
1.111706214689265835e+03
1.112740112994350511e+03
1.113864406779661067e+03
1.115077966101694983e+03
1.116395480225988649e+03
1.117810169491525585e+03
1.119028248587570715e+03
1.120004519774011442e+03
1.120719774011299478e+03
1.121209039548022702e+03
1.121464406779661203e+03
1.121502824858757094e+03
1.121316384180790919e+03
1.120942372881356278e+03
1.120344632768361862e+03
1.119586440677966038e+03
1.118644067796610216e+03
1.117503954802260068e+03
1.116190960451977389e+03
1.114722033898305199e+03
1.113088135593220386e+03
1.111377401129943792e+03
1.109709604519774075e+03
1.108119774011299569e+03
1.106594350282486175e+03
1.105149152542373031e+03
1.103807909604519864e+03
1.102554802259886856e+03
1.101422598870056390e+03
1.100431638418079274e+03
1.099594350282485948e+03
1.098893785310734529e+03
1.098376271186440817e+03
1.098031638418079183e+03
1.097832768361582112e+03
1.097823728813559455e+03
1.097980790960451941e+03
1.098294915254237139e+03
1.098746892655367446e+03
1.099352542372881544e+03
1.100105084745762724e+03
1.100990960451977571e+03
1.101988700564971623e+03
1.103094915254237321e+03
1.104307344632768491e+03
1.105619209039547968e+03
1.107007909604519682e+03
1.108457627118644268e+03
1.109985310734463383e+03
1.111583050847457798e+03
1.113225988700565040e+03
1.114927683615819205e+03
1.116676836158192145e+03
1.118372881355932122e+03
1.119905084745762679e+03
1.121275706214689308e+03
1.122447457627118638e+03
1.123435028248587514e+03
1.124216949152542384e+03
1.124777401129943428e+03
1.125114124293785153e+03
1.125206779661016753e+03
1.125040677966101612e+03
1.124616949152542247e+03
1.123910734463276640e+03
1.122937853107344608e+03
1.121683615819209081e+03
1.120264406779661158e+03
1.118911864406779841e+03
1.117624858757062157e+03
1.116403389830508559e+03
1.115245197740112872e+03
1.114146892655367310e+03
1.113120903954802316e+03
1.112176271186440772e+03
1.111287005649717685e+03
1.110490395480225970e+03
1.109777401129943428e+03
1.109151412429378524e+03
1.108611299435028286e+03
1.108185310734463201e+03
1.107854237288135437e+03
1.107632768361581839e+03
1.107506214689265562e+03
1.107470056497175165e+03
1.107537853107344745e+03
1.107692655367231509e+03
1.107927683615819205e+03
1.108248587570621567e+03
1.108649717514124404e+03
1.109126553672316277e+03
1.109681355932203587e+03
1.110324293785310829e+03
1.111048587570621521e+03
1.111848587570621476e+03
1.112752542372881408e+03
1.113753672316384382e+03
1.114856497175141158e+03
1.116058757062146924e+03
1.117363841807909466e+03
1.118564971751412486e+03
1.119534463276836050e+03
1.120256497175141249e+03
1.120727683615819387e+03
1.120964971751412577e+03
1.120986440677966129e+03
1.120783050847457616e+03
1.120370621468926629e+03
1.119749152542372940e+03
1.118932203389830647e+03
1.117938983050847582e+03
1.116757062146892622e+03
1.115409039548022520e+03
1.113871186440678002e+03
1.112178531073446266e+03
1.110483615819209035e+03
1.108831638418079137e+03
1.107224858757062066e+03
1.105694915254237003e+03
1.104242937853107378e+03
1.102866666666666561e+03
1.101602259887005403e+03
1.100436158192090261e+03
1.099406779661017026e+03
1.098496045197739932e+03
1.097752542372881408e+03
1.097162711864406901e+03
1.096751412429378661e+03
1.096497175141242906e+03
1.096406779661017026e+03
1.096493785310734438e+03
1.096729943502824881e+03
1.097135593220338933e+03
1.097684745762711827e+03
1.098370621468926402e+03
1.099192090395480136e+03
1.100141242937853121e+03
1.101202259887005766e+03
1.102369491525423655e+03
1.103620338983050715e+03
1.104969491525423564e+03
1.106389830508474461e+03
1.107873446327683496e+03
1.109429378531073326e+03
1.111037288135593144e+03
1.112696045197740204e+03
1.114413559322033734e+03
1.116164971751412395e+03
1.117831638418078910e+03
1.119289265536722951e+03
1.120588700564971532e+03
1.121687005649717321e+03
1.122580790960451850e+03
1.123253107344632554e+03
1.123673446327683678e+03
1.123854237288135664e+03
1.123790960451977298e+03
1.123453107344632826e+03
1.122837288135593099e+03
1.121942372881355823e+03
1.120748022598869966e+03
1.119343502824858660e+03
1.118001129943502747e+03
1.116731073446327628e+03
1.115540112994350238e+03
1.114404519774011305e+03
1.113327683615819069e+03
1.112335593220338978e+03
1.111403389830508331e+03
1.110542372881355732e+03
1.109768361581920999e+03
1.109074576271186288e+03
1.108477966101695074e+03
1.107979661016949194e+03
1.107580790960451850e+03
1.107289265536723178e+03
1.107111864406779659e+03
1.107038418079096118e+03
1.107048587570621294e+03
1.107166101694915142e+03
1.107376271186440590e+03
1.107672316384180704e+03
1.108046327683615800e+03
1.108507344632768309e+03
1.109054237288135482e+03
1.109675706214689399e+03
1.110381920903954779e+03
1.111167231638418116e+03
1.112053107344632735e+03
1.113021468926553553e+03
1.114098305084745789e+03
1.115258757062146969e+03
1.116526553672316368e+03
1.117907344632768400e+03
1.119377401129943792e+03
1.120722033898305199e+03
1.121818079096045494e+03
1.122661016949152781e+03
1.123270056497175119e+03
1.123627118644067878e+03
1.123775141242937934e+03
1.123691525423728763e+03
1.123397740112994597e+03
1.122892655367231782e+03
1.122189830508474643e+03
1.121297175141243088e+03
1.120218079096045585e+03
1.118953672316384427e+03
1.117524293785310874e+03
1.115920903954802270e+03
1.114148022598870284e+03
1.112414689265536936e+03
1.110715254237288264e+03
1.109093785310734575e+03
1.107560451977401499e+03
1.106097175141243042e+03
1.104746892655367446e+03
1.103517514124293939e+03
1.102427118644067832e+03
1.101477966101695074e+03
1.100680225988700840e+03
1.100059887005649671e+03
1.099598870056497390e+03
1.099306214689265744e+03
1.099201129943503020e+03
1.099241807909604631e+03
1.099462146892655710e+03
1.099833898305084858e+03
1.100344632768361862e+03
1.100993220338983292e+03
1.101784180790960590e+03
1.102692655367231737e+03
1.103717514124293984e+03
1.104848587570621476e+03
1.106077966101694983e+03
1.107393220338983156e+03
1.108783050847457844e+03
1.110251977401130262e+03
1.111768361581921226e+03
1.113374011299435097e+03
1.115041807909604813e+03
1.116732203389830829e+03
1.118485875706214983e+03
1.120135593220339160e+03
1.121587570621469013e+03
1.122861016949152599e+03
1.123928813559322180e+03
1.124801129943502929e+03
1.125451977401130080e+03
1.125859887005649853e+03
1.126018079096045312e+03
1.125898305084745971e+03
1.125529943502825063e+03
1.124873446327683723e+03
1.123946892655367265e+03
1.122733333333333576e+03
1.121303954802260023e+03
1.119927683615819433e+03
1.118638418079096255e+03
1.117405649717514279e+03
1.116240677966101885e+03
1.115148022598870284e+03
1.114114124293785608e+03
1.113150282485875778e+03
1.112266666666666652e+03
1.111463276836158457e+03
1.110734463276836323e+03
1.110112994350282634e+03
1.109584180790960545e+03
1.109161581920904155e+03
1.108854237288135664e+03
1.108646327683615709e+03
1.108533333333333303e+03
1.108523163841808127e+03
1.108618079096045221e+03
1.108804519774011169e+03
1.109082485875706425e+03
1.109442937853107424e+03
1.109879096045197912e+03
1.110402259887005812e+03
1.111016949152542566e+03
1.111706214689265380e+03
1.112488135593220250e+03
1.113353672316384291e+03
1.114317514124293666e+03
1.115387570621468967e+03
1.116544632768361680e+03
1.117829378531073417e+03
1.119193220338983110e+03
1.120559322033898297e+03
1.121674576271186424e+03
1.122534463276836050e+03
1.123152542372881271e+03
1.123532203389830556e+03
1.123683615819209081e+03
1.123612429378531033e+03
1.123317514124293666e+03
1.122816949152542520e+03
1.122115254237288354e+03
1.121219209039547877e+03
1.120150282485875778e+03
1.118896045197740023e+03
1.117454237288135573e+03
1.115854237288135664e+03
1.114074576271186288e+03
1.112331073446327537e+03
1.110642937853107469e+03
1.109011299435028377e+03
1.107450847457627333e+03
1.105984180790960409e+03
1.104614689265536526e+03
1.103353672316384291e+03
1.102222598870056572e+03
1.101238418079095936e+03
1.100386440677966220e+03
1.099714124293785517e+03
1.099194350282486084e+03
1.098861016949152599e+03
1.098693785310734711e+03
1.098701694915254393e+03
1.098866666666666788e+03
1.099179661016949012e+03
1.099661016949152554e+03
1.100276836158192054e+03
1.101042937853107560e+03
1.101943502824859024e+03
1.102968361581921044e+03
1.104094915254237549e+03
1.105335593220338978e+03
1.106651977401129898e+03
1.108051977401129989e+03
1.109529943502825063e+03
1.111096045197740068e+03
1.112728813559322134e+03
1.114415819209039682e+03
1.116164971751412622e+03
1.117959322033898388e+03
1.119767231638418025e+03
1.121405649717514279e+03
1.122856497175141158e+03
1.124117514124293848e+03
1.125185310734463428e+03
1.126030508474576436e+03
1.126640677966101975e+03
1.127028248587570715e+03
1.127129943502824972e+03
1.126968361581921044e+03
1.126536723163841998e+03
1.125840677966101794e+03
1.124823728813559455e+03
1.123543502824858933e+03
1.122079096045197957e+03
1.120667796610169717e+03
1.119343502824858888e+03
1.118077966101694983e+03
1.116882485875706379e+03
1.115732203389830602e+03
1.114670056497175210e+03
1.113677966101694892e+03
1.112766101694915278e+03
1.111931073446327673e+03
1.111188700564971896e+03
1.110540112994350466e+03
1.109989830508474824e+03
1.109545762711864427e+03
1.109212429378531397e+03
1.108980790960451941e+03
1.108839548022599047e+03
1.108811299435028332e+03
1.108876836158192191e+03
1.109032768361581930e+03
1.109281355932203496e+03
1.109590960451977480e+03
1.110005649717514189e+03
1.110497175141243133e+03
1.111080225988700477e+03
1.111746892655367446e+03
1.112496045197740159e+03
1.113346892655367355e+03
1.114291525423728672e+03
1.115338983050847446e+03
1.116498305084745652e+03
1.117775141242937707e+03
1.119124293785310783e+03
1.120537853107344517e+03
1.121718644067796504e+03
1.122653107344632645e+03
1.123332203389830283e+03
1.123779661016948921e+03
1.123992090395480091e+03
1.123986440677966129e+03
1.123769491525423746e+03
1.123350282485875596e+03
1.122740112994350284e+03
1.121919774011299523e+03
1.120924293785310738e+03
1.119742372881356005e+03
1.118381920903954779e+03
1.116847457627118501e+03
1.115133333333333212e+03
1.113377401129943337e+03
1.111684745762711827e+03
1.110031638418078956e+03
1.108465536723163950e+03
1.106986440677966129e+03
1.105596610169491669e+03
1.104332203389830511e+03
1.103195480225988831e+03
1.102196610169491578e+03
1.101358192090395505e+03
1.100681355932203360e+03
1.100164971751412395e+03
1.099809039548022611e+03
1.099637288135593280e+03
1.099623728813559410e+03
1.099775141242937934e+03
1.100084745762711918e+03
1.100549152542372894e+03
1.101152542372881271e+03
1.101897175141242997e+03
1.102763841807909557e+03
1.103731073446327628e+03
1.104822598870056481e+03
1.106010169491525630e+03
1.107275706214689308e+03
1.108632768361581839e+03
1.110059887005649671e+03
1.111564971751412486e+03
1.113134463276836186e+03
1.114760451977401317e+03
1.116453107344632826e+03
1.118189830508474643e+03
1.119966101694915324e+03
1.121570621468926674e+03
1.123013559322033871e+03
1.124236158192090443e+03
1.125261016949152690e+03
1.126051977401129989e+03
1.126618079096045221e+03
1.126907344632768400e+03
1.126958192090395414e+03
1.126734463276836323e+03
1.126222598870056572e+03
1.125419209039548150e+03
1.124335593220338978e+03
1.122970621468926765e+03
1.121578531073446356e+03
1.120246327683615846e+03
1.118981920903955142e+03
1.117777401129943428e+03
1.116627118644067650e+03
1.115552542372881362e+03
1.114542372881355959e+03
1.113595480225988695e+03
1.112738983050847537e+03
1.111964971751412349e+03
1.111282485875706243e+03
1.110699435028248445e+03
1.110210169491525448e+03
1.109823728813559228e+03
1.109541242937853212e+03
1.109358192090395733e+03
1.109279096045198003e+03
1.109299435028248809e+03
1.109411299435028468e+03
1.109601129943503111e+03
1.109867796610169535e+03
1.110221468926553825e+03
1.110685875706214802e+03
1.111216949152542611e+03
1.111829378531073417e+03
1.112527683615819342e+03
1.113327683615819296e+03
1.114204519774011487e+03
1.115203389830508513e+03
1.116328813559322043e+03
1.117534463276836277e+03
1.118849717514124450e+03
1.120262146892655437e+03
1.121603389830508604e+03
1.122690395480226016e+03
1.123550282485875869e+03
1.124150282485875778e+03
1.124527683615819342e+03
1.124673446327683905e+03
1.124602259887005857e+03
1.124315254237288173e+03
1.123822598870056709e+03
1.123122033898305290e+03
1.122240677966101885e+03
1.121171751412429330e+03
1.119909604519774120e+03
1.118473446327683632e+03
1.116842937853107287e+03
1.115058757062146924e+03
1.113274576271186561e+03
1.111557062146892804e+03
1.109893785310734529e+03
1.108324293785310829e+03
1.106845197740113008e+03
1.105476836158192327e+03
1.104233898305084949e+03
1.103119774011299342e+03
1.102161581920903927e+03
1.101362711864406720e+03
1.100729943502824881e+03
1.100246327683615846e+03
1.099944632768361544e+03
1.099813559322034052e+03
1.099844067796610034e+03
1.100046327683615800e+03
1.100401129943502838e+03
1.100900564971751464e+03
1.101557062146892804e+03
1.102319774011299387e+03
1.103214689265536663e+03
1.104222598870056572e+03
1.105345762711864609e+03
1.106546892655367174e+03
1.107838418079095845e+03
1.109211299435028195e+03
1.110664406779661022e+03
1.112190960451977389e+03
1.113763841807909557e+03
1.115403389830508331e+03
1.117096045197740068e+03
1.118830508474576163e+03
1.120612429378531033e+03
1.122247457627118592e+03
1.123694915254237230e+03
1.124925423728813712e+03
1.125961581920903882e+03
1.126757062146892622e+03
1.127303954802259796e+03
1.127598870056497162e+03
1.127633898305084585e+03
1.127377401129943337e+03
1.126838418079096073e+03
1.126022598870056527e+03
1.124901694915254211e+03
1.123496045197740159e+03
1.122097175141243042e+03
1.120774011299434960e+03
1.119502824858756867e+03
1.118297175141242860e+03
1.117163841807909648e+03
1.116075706214689262e+03
1.115071186440678048e+03
1.114120903954802088e+03
1.113275706214689308e+03
1.112502824858756867e+03
1.111816949152542293e+03
1.111231638418079228e+03
1.110734463276836323e+03
1.110348022598870102e+03
1.110066666666666606e+03
1.109882485875706152e+03
1.109790960451977298e+03
1.109799999999999955e+03
1.109876836158191963e+03
1.110064406779661113e+03
1.110320903954802134e+03
1.110677966101694892e+03
1.111106214689265471e+03
1.111620338983050715e+03
1.112219209039548105e+03
1.112908474576271146e+03
1.113707344632768354e+03
1.114594350282485948e+03
1.115596610169491669e+03
1.116708474576271328e+03
1.117919774011299523e+03
1.119223728813559546e+03
1.120633898305085040e+03
1.121890395480226289e+03
1.122901694915254211e+03
1.123668926553672463e+03
1.124210169491525448e+03
1.124536723163841998e+03
1.124636158192090534e+03
1.124550282485875869e+03
1.124235028248587696e+03
1.123740112994350511e+03
1.123062146892655392e+03
1.122179661016949240e+03
1.121123163841808037e+03
1.119889265536723087e+03
1.118490395480225970e+03
1.116924293785310965e+03
1.115196610169491578e+03
1.113503954802260068e+03
1.111859887005649853e+03
1.110300564971751555e+03
1.108827118644067923e+03
1.107429378531073326e+03
1.106161581920903927e+03
1.105018079096045312e+03
1.104004519774011214e+03
1.103138983050847401e+03
1.102423728813559592e+03
1.101881355932203405e+03
1.101507344632768309e+03
1.101303954802260023e+03
1.101250847457627060e+03
1.101385310734463474e+03
1.101664406779661022e+03
1.102079096045197730e+03
1.102653107344632872e+03
1.103357062146892758e+03
1.104184180790960454e+03
1.105129943502824972e+03
1.106192090395480136e+03
1.107341242937853167e+03
1.108586440677966038e+03
1.109923163841807764e+03
1.111335593220338978e+03
1.112799999999999955e+03
1.114346892655367128e+03
1.115951412429378479e+03
1.117614689265536526e+03
1.119328813559322043e+03
1.121053107344632735e+03
1.122613559322033780e+03
1.123988700564971623e+03
1.125179661016949012e+03
1.126162711864406901e+03
1.126938983050847582e+03
1.127481355932203542e+03
1.127787570621469058e+03
1.127838418079096300e+03
1.127611299435028286e+03
1.127100564971751510e+03
1.126318644067796413e+03
1.125248587570621567e+03
1.123900564971751464e+03
1.122445197740112917e+03
1.121066666666666606e+03
1.119729943502824881e+03
1.118470056497175165e+03
1.117261016949152463e+03
1.116105084745762724e+03
1.115036158192090397e+03
1.114020338983050806e+03
1.113092655367231600e+03
1.112228248587570533e+03
1.111467796610169444e+03
1.110797740112994234e+03
1.110230508474576254e+03
1.109764971751412304e+03
1.109392090395480409e+03
1.109132203389830465e+03
1.108979661016949194e+03
1.108917514124293803e+03
1.108938983050847582e+03
1.109063276836158138e+03
1.109261016949152690e+03
1.109546892655367174e+03
1.109919774011299523e+03
1.110380790960452032e+03
1.110907344632768400e+03
1.111548022598869920e+03
1.112281355932203496e+03
1.113108474576270964e+03
1.114029378531073235e+03
1.115071186440678048e+03
1.116221468926553825e+03
1.117466666666666697e+03
1.118823728813559228e+03
1.120201129943502792e+03
1.121317514124293666e+03
1.122203389830508513e+03
1.122854237288135664e+03
1.123282485875706243e+03
1.123484745762711782e+03
1.123474576271186379e+03
1.123259887005649944e+03
1.122839548022599047e+03
1.122227118644068014e+03
1.121418079096045403e+03
1.120432768361582021e+03
1.119274576271186561e+03
1.117936723163841634e+03
1.116415819209039455e+03
1.114724293785310692e+03
1.112985310734463383e+03
1.111275706214689308e+03
1.109642937853107469e+03
1.108074576271186743e+03
1.106593220338982974e+03
1.105204519774011487e+03
1.103933333333333621e+03
1.102807909604519864e+03
1.101813559322034052e+03
1.100967231638418070e+03
1.100273446327683814e+03
1.099759322033898343e+03
1.099396610169491623e+03
1.099203389830508513e+03
1.099170621468926583e+03
1.099305084745762770e+03
1.099584180790960545e+03
1.100005649717514189e+03
1.100566101694915233e+03
1.101256497175141249e+03
1.102073446327683541e+03
1.102997740112994506e+03
1.104016949152542566e+03
1.105146892655367310e+03
1.106340112994350420e+03
1.107641807909604722e+03
1.108998870056497253e+03
1.110439548022598956e+03
1.111920903954802270e+03
1.113480225988700568e+03
1.115093785310734575e+03
1.116748022598870193e+03
1.118447457627118865e+03
1.120162711864406901e+03
1.121687005649717548e+03
1.123036158192090625e+03
1.124175141242938025e+03
1.125075706214689490e+03
1.125750282485875687e+03
1.126179661016949240e+03
1.126341242937853167e+03
1.126227118644068014e+03
1.125841807909604540e+03
1.125177401129943519e+03
1.124212429378531169e+03
1.122970621468926765e+03
1.121658757062147060e+03
1.120387570621468967e+03
1.119193220338983338e+03
1.118050847457627242e+03
1.116969491525423791e+03
1.115950282485875960e+03
1.115012429378531124e+03
1.114133333333333212e+03
1.113326553672316550e+03
1.112606779661016844e+03
1.111974011299435006e+03
1.111440677966101703e+03
1.111015819209039591e+03
1.110668926553672463e+03
1.110433898305084767e+03
1.110299435028248809e+03
1.110250847457627060e+03
1.110292655367231646e+03
1.110429378531073326e+03
1.110646327683615709e+03
1.110934463276836141e+03
1.111322033898305108e+03
1.111774011299434960e+03
1.112311864406779478e+03
1.112929943502824699e+03
1.113636158192090306e+03
1.114444067796609943e+03
1.115357062146892531e+03
1.116364971751412668e+03
1.117465536723163723e+03
1.118684745762711827e+03
1.119994350282485811e+03
1.121398870056497117e+03
1.122693785310734256e+03
1.123757062146892622e+03
1.124585310734463292e+03
1.125179661016949012e+03
1.125564971751412486e+03
1.125725423728813439e+03
1.125696045197740204e+03
1.125474576271186379e+03
1.125037288135593371e+03
1.124403389830508331e+03
1.123598870056497162e+03
1.122611299435028286e+03
1.121442937853107196e+03
1.120115254237288127e+03
1.118612429378531033e+03
1.116960451977401135e+03
1.115250847457627060e+03
1.113599999999999909e+03
1.112028248587570488e+03
1.110542372881355732e+03
1.109140112994350147e+03
1.107859887005649625e+03
1.106687005649717321e+03
1.105641807909604267e+03
1.104768361581920999e+03
1.104040677966101612e+03
1.103466666666666697e+03
1.103070056497175074e+03
1.102861016949152599e+03
1.102787570621469058e+03
1.102884745762711646e+03
1.103148022598870057e+03
1.103548022598869920e+03
1.104090395480225880e+03
1.104777401129943428e+03
1.105598870056497162e+03
1.106522033898305153e+03
1.107557062146892804e+03
1.108708474576271101e+03
1.109935593220338887e+03
1.111257627118643995e+03
1.112670056497175210e+03
1.114154802259886992e+03
1.115701694915254166e+03
1.117299435028248809e+03
1.118960451977401135e+03
1.120657627118644086e+03
1.122414689265536708e+03
1.124030508474576209e+03
1.125467796610169444e+03
1.126724293785310692e+03
1.127792090395480045e+03
1.128636158192090306e+03
1.129242937853107378e+03
1.129633898305084585e+03
1.129764971751412304e+03
1.129621468926553462e+03
1.129211299435028195e+03
1.128516384180790965e+03
1.127546892655367174e+03
1.126285875706214483e+03
1.124845197740112781e+03
1.123464406779660749e+03
1.122161581920903700e+03
1.120902824858756958e+03
1.119707344632768127e+03
1.118570621468926447e+03
1.117491525423728490e+03
1.116483615819208808e+03
1.115554802259886856e+03
1.114699435028248445e+03
1.113929943502824699e+03
1.113245197740112872e+03
1.112662146892655073e+03
1.112164971751412395e+03
1.111774011299434960e+03
1.111491525423728717e+03
1.111300564971751328e+03
1.111199999999999818e+03
1.111190960451977389e+03
1.111279096045197548e+03
1.111432768361581793e+03
1.111664406779661022e+03
1.111983050847457434e+03
1.112383050847457525e+03
1.112857627118643904e+03
1.113438418079095754e+03
1.114118644067796595e+03
1.114873446327683268e+03
1.115740112994350056e+03
1.116708474576270874e+03
1.117779661016948921e+03
1.118959322033897934e+03
1.120227118644067559e+03
1.121537853107344290e+03
1.122596610169491214e+03
1.123420338983050669e+03
1.124003389830508240e+03
1.124353672316383836e+03
1.124488135593220250e+03
1.124395480225988649e+03
1.124096045197739841e+03
1.123585310734463292e+03
1.122885875706214620e+03
1.121995480225988558e+03
1.120912994350282133e+03
1.119657627118643859e+03
1.118224858757062066e+03
1.116620338983050715e+03
1.114883615819208899e+03
1.113189830508474188e+03
1.111560451977400817e+03
1.109975141242937752e+03
1.108474576271186152e+03
1.107059887005649443e+03
1.105741242937852803e+03
1.104541242937852985e+03
1.103466666666666470e+03
1.102540112994350011e+03
1.101743502824858524e+03
1.101108474576270964e+03
1.100642937853107014e+03
1.100336723163841498e+03
1.100193220338982883e+03
1.100210169491524994e+03
1.100394350282485448e+03
1.100726553672316186e+03
1.101204519774011032e+03
1.101830508474576163e+03
1.102572881355932168e+03
1.103453107344632599e+03
1.104441807909604222e+03
1.105522033898304926e+03
1.106709604519773848e+03
1.107972881355932032e+03
1.109310734463276731e+03
1.110745762711864245e+03
1.112219209039547877e+03
1.113759322033898115e+03
1.115379661016948830e+03
1.117054237288135482e+03
1.118771751412429239e+03
1.120514124293785244e+03
1.122195480225988604e+03
1.123705084745762633e+03
1.125013559322033871e+03
1.126105084745762497e+03
1.126979661016948739e+03
1.127612429378531033e+03
1.128013559322033871e+03
1.128124293785310556e+03
1.127964971751412122e+03
1.127514124293785244e+03
1.126792090395480045e+03
1.125776271186440681e+03
1.124470056497174937e+03
1.123128813559321770e+03
1.121829378531073189e+03
1.120597740112994188e+03
1.119424858757061884e+03
1.118322033898304880e+03
1.117276836158192054e+03
1.116298305084745607e+03
1.115393220338982928e+03
1.114558192090395551e+03
1.113798870056496980e+03
1.113128813559321770e+03
1.112555932203389602e+03
1.112083615819208944e+03
1.111710734463276822e+03
1.111439548022598728e+03
1.111270056497175119e+03
1.111187570621468922e+03
1.111195480225988604e+03
1.111296045197740114e+03
1.111480225988700568e+03
1.111743502824858751e+03
1.112071186440677820e+03
1.112498305084745880e+03
1.113000000000000000e+03
1.113609039548022338e+03
1.114291525423728672e+03
1.115065536723163859e+03
1.115935593220338887e+03
1.116906214689265425e+03
1.117976271186440499e+03
1.119154802259886992e+03
1.120441807909604449e+03
1.121836158192090352e+03
1.123223728813559319e+03
1.124363841807909466e+03
1.125267796610169398e+03
1.125950282485875505e+03
1.126411299435028241e+03
1.126656497175141112e+03
1.126681355932203360e+03
1.126505084745762815e+03
1.126148022598869829e+03
1.125584180790960318e+03
1.124845197740113008e+03
1.123923163841807764e+03
1.122821468926553734e+03
1.121558192090395323e+03
1.120129943502824517e+03
1.118524293785310419e+03
1.116821468926553507e+03
1.115171751412429103e+03
1.113589830508474506e+03
1.112099435028248536e+03
1.110706214689265380e+03
1.109410169491525266e+03
1.108231638418079001e+03
1.107201129943502565e+03
1.106332203389830283e+03
1.105590960451977480e+03
1.105015819209039591e+03
1.104629378531073371e+03
1.104395480225988649e+03
1.104324293785310601e+03
1.104407909604519773e+03
1.104659887005649580e+03
1.105072316384180795e+03
1.105618079096045221e+03
1.106288135593220431e+03
1.107102824858757003e+03
1.108039548022598865e+03
1.109087005649717412e+03
1.110227118644067559e+03
1.111455367231638320e+03
1.112772881355932213e+03
1.114189830508474643e+03
1.115673446327683450e+03
1.117224858757062066e+03
1.118841807909604540e+03
1.120523163841807900e+03
1.122256497175141249e+03
1.124036158192090397e+03
1.125700564971751646e+03
1.127188700564971896e+03
1.128501694915254120e+03
1.129609039548022338e+03
1.130487005649717503e+03
1.131160451977400953e+03
1.131586440677966038e+03
1.131761581920903836e+03
1.131672316384180704e+03
1.131320903954802134e+03
1.130691525423728763e+03
1.129768361581920999e+03
1.128563841807909512e+03
1.127085875706214665e+03
1.125670056497175210e+03
1.124315254237288173e+03
1.123027118644067741e+03
1.121785310734463110e+03
1.120618079096045221e+03
1.119511864406779750e+03
1.118461016949152508e+03
1.117498305084745652e+03
1.116619209039547968e+03
1.115806779661017117e+03
1.115112994350282406e+03
1.114512994350282497e+03
1.114010169491525176e+03
1.113618079096045221e+03
1.113318644067796640e+03
1.113128813559321998e+03
1.113046327683615800e+03
1.113058757062146924e+03
1.113161581920903700e+03
1.113354802259887038e+03
1.113633898305084585e+03
1.114003389830508240e+03
1.114450847457626878e+03
1.114996610169491305e+03
1.115636158192090079e+03
1.116383050847457525e+03
1.117238418079095936e+03
1.118171751412429330e+03
1.119225988700564812e+03
1.120397740112994143e+03
1.121668926553672463e+03
1.123062146892655164e+03
1.124491525423728717e+03
1.125681355932203132e+03
1.126623728813559183e+03
1.127322033898305108e+03
1.127790960451977298e+03
1.128054237288135710e+03
1.128062146892655164e+03
1.127870056497175028e+03
1.127483615819208808e+03
1.126867796610169535e+03
1.126077966101694983e+03
1.125102824858757003e+03
1.123920903954802270e+03
1.122566101694915233e+03
1.121033898305084676e+03
1.119315254237288173e+03
1.117461016949152508e+03
1.115667796610169262e+03
1.113929943502824699e+03
1.112280225988700295e+03
1.110706214689265380e+03
1.109236158192090215e+03
1.107888135593220341e+03
1.106651977401129898e+03
1.105566101694915233e+03
1.104641807909604267e+03
1.103854237288135664e+03
1.103236158192090443e+03
1.102784180790960363e+03
1.102501694915254120e+03
1.102390960451977207e+03
1.102432768361581793e+03
1.102620338983050715e+03
1.102970621468926538e+03
1.103467796610169444e+03
1.104096045197740295e+03
1.104853107344632690e+03
1.105734463276836095e+03
1.106729943502824881e+03
1.107795480225988740e+03
1.108974011299435006e+03
1.110228248587570761e+03
1.111568361581920954e+03
1.112974011299435006e+03
1.114463276836158229e+03
1.116007909604519682e+03
1.117616949152542475e+03
1.119284745762711736e+03
1.120978531073446220e+03
1.122714124293785289e+03
1.124280225988700522e+03
1.125662146892655528e+03
1.126833898305084631e+03
1.127768361581920999e+03
1.128482485875706061e+03
1.128944632768361544e+03
1.129126553672316277e+03
1.129035028248587423e+03
1.128664406779661022e+03
1.127997740112994279e+03
1.127036158192090397e+03
1.125794350282485993e+03
1.124427118644067832e+03
1.123089265536722905e+03
1.121832768361581657e+03
1.120616949152542475e+03
1.119470056497174937e+03
1.118394350282485902e+03
1.117387570621468967e+03
1.116440677966101703e+03
1.115577401129943382e+03
1.114797740112994234e+03
1.114112994350282406e+03
1.113503954802259841e+03
1.113003389830508240e+03
1.112618079096045221e+03
1.112323163841807855e+03
1.112133333333333212e+03
1.112046327683615800e+03
1.112044067796610307e+03
1.112141242937852894e+03
1.112316384180790919e+03
1.112578531073446356e+03
1.112917514124293575e+03
1.113353672316384063e+03
1.113879096045197912e+03
1.114476836158192100e+03
1.115168361581921090e+03
1.115960451977401135e+03
1.116854237288135664e+03
1.117858757062147106e+03
1.118962711864406629e+03
1.120169491525423837e+03
1.121472316384180886e+03
1.122898305084745743e+03
1.124350282485875596e+03
1.125567231638417979e+03
1.126535593220339024e+03
1.127258757062146742e+03
1.127758192090395369e+03
1.128030508474576209e+03
1.128084745762711691e+03
1.127938983050847128e+03
1.127587570621468785e+03
1.127021468926553553e+03
1.126279096045197548e+03
1.125327683615819069e+03
1.124206779661016981e+03
1.122901694915254211e+03
1.121418079096045176e+03
1.119761581920904064e+03
1.118016949152542338e+03
1.116312994350282224e+03
1.114684745762711827e+03
1.113129943502824972e+03
1.111668926553672463e+03
1.110310734463276958e+03
1.109076836158192236e+03
1.107978531073446447e+03
1.107025988700564994e+03
1.106228248587570761e+03
1.105589830508474734e+03
1.105125423728813530e+03
1.104831638418079365e+03
1.104694915254237458e+03
1.104744632768361726e+03
1.104944632768361771e+03
1.105311864406779705e+03
1.105821468926553734e+03
1.106463276836158229e+03
1.107259887005649944e+03
1.108179661016949240e+03
1.109219209039548105e+03
1.110344632768361635e+03
1.111588700564971759e+03
1.112920903954802270e+03
1.114335593220338978e+03
1.115837288135593099e+03
1.117421468926553644e+03
1.119074576271186515e+03
1.120783050847457616e+03
1.122558192090395551e+03
1.124374011299435097e+03
1.126237288135593190e+03
1.127945762711864518e+03
1.129454237288135573e+03
1.130783050847457616e+03
1.131901694915254211e+03
1.132780790960452123e+03
1.133421468926553644e+03
1.133802259887005675e+03
1.133915254237288082e+03
1.133744632768361498e+03
1.133284745762711964e+03
1.132537853107344745e+03
1.131509604519774257e+03
1.130190960451977389e+03
1.128667796610169489e+03
1.127209039548022702e+03
1.125803389830508422e+03
1.124462146892655255e+03
1.123168361581920863e+03
1.121948022598870011e+03
1.120798870056497208e+03
1.119719774011299478e+03
1.118722033898305199e+03
1.117811299435028332e+03
1.116978531073446447e+03
1.116266666666666879e+03
1.115658757062146833e+03
1.115132203389830465e+03
1.114706214689265835e+03
1.114381920903955006e+03
1.114174011299435278e+03
1.114047457627118774e+03
1.114021468926554007e+03
1.114073446327683769e+03
1.114216949152542611e+03
1.114441807909604677e+03
1.114759322033898570e+03
1.115168361581921090e+03
1.115653107344633099e+03
1.116256497175141476e+03
1.116953672316384427e+03
1.117767231638418252e+03
1.118685875706215029e+03
1.119716384180791238e+03
1.120844067796610261e+03
1.122101694915254484e+03
1.123451977401130080e+03
1.124822598870056709e+03
1.125961581920904109e+03
1.126839548022599047e+03
1.127490395480226198e+03
1.127924293785310965e+03
1.128150282485875778e+03
1.128149152542373031e+03
1.127949152542373213e+03
1.127542372881356187e+03
1.126937853107344836e+03
1.126144632768361589e+03
1.125154802259887219e+03
1.123981920903955142e+03
1.122636158192090534e+03
1.121120903954802316e+03
1.119437288135593462e+03
1.117671186440677957e+03
1.115944632768361771e+03
1.114293785310734620e+03
1.112727683615819387e+03
1.111253107344633008e+03
1.109903954802260159e+03
1.108655367231638593e+03
1.107543502824858933e+03
1.106592090395480227e+03
1.105788700564972032e+03
1.105152542372881499e+03
1.104672316384180931e+03
1.104360451977401226e+03
1.104221468926553825e+03
1.104227118644068014e+03
1.104400000000000091e+03
1.104743502824858751e+03
1.105216949152542384e+03
1.105818079096045494e+03
1.106558192090395551e+03
1.107427118644068059e+03
1.108395480225988877e+03
1.109461016949152736e+03
1.110635028248587787e+03
1.111882485875706379e+03
1.113227118644068014e+03
1.114635028248587787e+03
1.116135593220339160e+03
1.117681355932203587e+03
1.119298305084745834e+03
1.120970621468926538e+03
1.122689265536723269e+03
1.124447457627118865e+03
1.126118644067796822e+03
1.127580790960452305e+03
1.128863276836158548e+03
1.129917514124294030e+03
1.130740112994350511e+03
1.131317514124293893e+03
1.131610169491525539e+03
1.131633898305085040e+03
1.131374011299435097e+03
1.130822598870056481e+03
1.129974011299435233e+03
1.128848587570621476e+03
1.127437288135593462e+03
1.126084745762711918e+03
1.124781920903955097e+03
1.123537853107344745e+03
1.122360451977401226e+03
1.121236158192090443e+03
1.120170621468926811e+03
1.119163841807909648e+03
1.118244067796610125e+03
1.117403389830508559e+03
1.116647457627118683e+03
1.115986440677966129e+03
1.115437288135593462e+03
1.114985310734463383e+03
1.114627118644067878e+03
1.114360451977401226e+03
1.114204519774011260e+03
1.114154802259887219e+03
1.114170621468926583e+03
1.114291525423728899e+03
1.114497175141243133e+03
1.114783050847457616e+03
1.115162711864406901e+03
1.115638418079096027e+03
1.116203389830508513e+03
1.116859887005649853e+03
1.117609039548022793e+03
1.118479096045197821e+03
1.119429378531073553e+03
1.120511864406779750e+03
1.121692655367231509e+03
1.122997740112994506e+03
1.124398870056497344e+03
1.125908474576271374e+03
1.127263276836158184e+03
1.128364971751412668e+03
1.129245197740113099e+03
1.129906214689265653e+03
1.130346892655367355e+03
1.130544632768361680e+03
1.130533333333333530e+03
1.130328813559322271e+03
1.129917514124294030e+03
1.129307344632768491e+03
1.128497175141243133e+03
1.127508474576271510e+03
1.126324293785310829e+03
1.124974011299435233e+03
1.123446327683615891e+03
1.121754802259887128e+03
1.119928813559322180e+03
1.118157062146892713e+03
1.116461016949152508e+03
1.114854237288135664e+03
1.113345762711864609e+03
1.111974011299435006e+03
1.110701694915254393e+03
1.109599999999999909e+03
1.108642937853107469e+03
1.107849717514124450e+03
1.107210169491525448e+03
1.106742372881356005e+03
1.106448587570621385e+03
1.106308474576271237e+03
1.106343502824858888e+03
1.106528813559322089e+03
1.106872316384180749e+03
1.107359322033898479e+03
1.107977401129943701e+03
1.108709604519774075e+03
1.109586440677966038e+03
1.110569491525423928e+03
1.111645197740112962e+03
1.112811299435028104e+03
1.114072316384180795e+03
1.115416949152542429e+03
1.116840677966101794e+03
1.118329943502825017e+03
1.119893785310734529e+03
1.121522033898305153e+03
1.123200000000000045e+03
1.124937853107344836e+03
1.126708474576271328e+03
1.128329943502825017e+03
1.129750282485875687e+03
1.130958192090395642e+03
1.131949152542372985e+03
1.132694915254237458e+03
1.133170621468926583e+03
1.133390960451977662e+03
1.133333333333333485e+03
1.132975141242937980e+03
1.132325423728813803e+03
1.131377401129943564e+03
1.130158192090395687e+03
1.128671186440678184e+03
1.127240677966101885e+03
1.125862146892655574e+03
1.124535593220339251e+03
1.123272316384180840e+03
1.122062146892655619e+03
1.120917514124293803e+03
1.119838418079096073e+03
1.118824858757062202e+03
1.117893785310734529e+03
1.117022598870056527e+03
1.116275706214689308e+03
1.115619209039548196e+03
1.115070056497175301e+03
1.114605649717514098e+03
1.114238418079095936e+03
1.113970621468926765e+03
1.113794350282485993e+03
1.113710734463276822e+03
1.113716384180791010e+03
1.113811299435028104e+03
1.113990960451977344e+03
1.114247457627118592e+03
1.114619209039547968e+03
1.115056497175141203e+03
1.115605649717514098e+03
1.116259887005649716e+03
1.117007909604519682e+03
1.117876836158191963e+03
1.118855367231638411e+03
1.119953672316384200e+03
1.121152542372881271e+03
1.122476836158192100e+03
1.123907344632768400e+03
1.125143502824858842e+03
1.126142372881355868e+03
1.126926553672316459e+03
1.127484745762711782e+03
1.127799999999999727e+03
1.127916384180790828e+03
1.127825988700564722e+03
1.127550282485875641e+03
1.127059887005649671e+03
1.126368361581920908e+03
1.125512994350282497e+03
1.124463276836158002e+03
1.123244067796610125e+03
1.121825988700564949e+03
1.120248587570621339e+03
1.118512994350282270e+03
1.116778531073446175e+03
1.115111864406779659e+03
1.113527683615819114e+03
1.112031638418078956e+03
1.110651977401129898e+03
1.109366101694915187e+03
1.108228248587570533e+03
1.107224858757062066e+03
1.106379661016949058e+03
1.105691525423728763e+03
1.105158192090395460e+03
1.104798870056496980e+03
1.104590960451977480e+03
1.104549152542372894e+03
1.104659887005649580e+03
1.104929943502824926e+03
1.105349152542372849e+03
1.105889265536723087e+03
1.106574011299434915e+03
1.107375141242937843e+03
1.108283615819208990e+03
1.109306214689265516e+03
1.110420338983050442e+03
1.111616949152542247e+03
1.112915254237287854e+03
1.114282485875706016e+03
1.115729943502824653e+03
1.117249717514124086e+03
1.118828248587570442e+03
1.120450847457626878e+03
1.122138983050847401e+03
1.123861016949152372e+03
1.125614689265536526e+03
1.127212429378530942e+03
1.128613559322033780e+03
1.129786440677966084e+03
1.130750282485875687e+03
1.131470056497174937e+03
1.131943502824858570e+03
1.132133333333333212e+03
1.132054237288135482e+03
1.131677966101694892e+03
1.131033898305084676e+03
1.130102824858756776e+03
1.128873446327683268e+03
1.127468926553672190e+03
1.126114124293785153e+03
1.124798870056496980e+03
1.123552542372881362e+03
1.122367231638417934e+03
1.121228248587570533e+03
1.120161581920903700e+03
1.119174011299434824e+03
1.118264406779660931e+03
1.117437288135593008e+03
1.116698305084745698e+03
1.116065536723163859e+03
1.115512994350282497e+03
1.115089265536723133e+03
1.114742372881356005e+03
1.114501694915254120e+03
1.114361581920903973e+03
1.114312994350282452e+03
1.114345762711864381e+03
1.114467796610169444e+03
1.114670056497175210e+03
1.114960451977401135e+03
1.115343502824858660e+03
1.115809039548022611e+03
1.116367231638418161e+03
1.117033898305084676e+03
1.117806779661016890e+03
1.118683615819209081e+03
1.119673446327683678e+03
1.120785310734463337e+03
1.122001129943502747e+03
1.123333333333333485e+03
1.124769491525423746e+03
1.126144632768361589e+03
1.127281355932203496e+03
1.128187570621469149e+03
1.128859887005649853e+03
1.129324293785310601e+03
1.129574011299434915e+03
1.129620338983050715e+03
1.129482485875706288e+03
1.129129943502824744e+03
1.128606779661016844e+03
1.127879096045197912e+03
1.126976271186440499e+03
1.125888135593220341e+03
1.124629378531073371e+03
1.123203389830508513e+03
1.121618079096045221e+03
1.119862146892655346e+03
1.118118644067796595e+03
1.116455367231638320e+03
1.114868926553672281e+03
1.113389830508474461e+03
1.112011299435028377e+03
1.110763841807909557e+03
1.109654237288135619e+03
1.108700564971751419e+03
1.107877966101694938e+03
1.107221468926553598e+03
1.106731073446327628e+03
1.106402259887005584e+03
1.106235028248587469e+03
1.106214689265536663e+03
1.106370621468926402e+03
1.106668926553672236e+03
1.107100564971751282e+03
1.107671186440677957e+03
1.108367231638418161e+03
1.109179661016949012e+03
1.110097175141243042e+03
1.111116384180790874e+03
1.112222598870056345e+03
1.113431638418078819e+03
1.114718644067796504e+03
1.116077966101694983e+03
1.117520903954802179e+03
1.119024858757062020e+03
1.120593220338982974e+03
1.122214689265536435e+03
1.123888135593220341e+03
1.125596610169491441e+03
1.127236158192090443e+03
1.128694915254237230e+03
1.129943502824858570e+03
1.130976271186440499e+03
1.131779661016948921e+03
1.132337853107344472e+03
1.132642937853107242e+03
1.132650847457626924e+03
1.132385310734463019e+03
1.131825988700564722e+03
1.130981920903954688e+03
1.129854237288135437e+03
1.128450847457626878e+03
1.127077966101694528e+03
1.125744632768361271e+03
1.124455367231638093e+03
1.123225988700564812e+03
1.122057627118643722e+03
1.120932203389830192e+03
1.119887005649717139e+03
1.118907344632768172e+03
1.118010169491525176e+03
1.117198870056497071e+03
1.116455367231638320e+03
1.115845197740112781e+03
1.115297175141242860e+03
1.114861016949152372e+03
1.114502824858756867e+03
1.114248587570621339e+03
1.114085875706214438e+03
1.114013559322033643e+03
1.114013559322033416e+03
1.114108474576270964e+03
1.114287005649717230e+03
1.114554802259886856e+03
1.114893785310734302e+03
1.115317514124293666e+03
1.115855367231638411e+03
1.116475706214689126e+03
1.117203389830508513e+03
1.118041807909604358e+03
1.118996610169491305e+03
1.120062146892655164e+03
1.121221468926553371e+03
1.122498305084745880e+03
1.123879096045197457e+03
1.125168361581920863e+03
1.126213559322033689e+03
1.127024858757062020e+03
1.127619209039547968e+03
1.128002259887005494e+03
1.128164971751412395e+03
1.128105084745762497e+03
1.127856497175141158e+03
1.127403389830508331e+03
1.126761581920903836e+03
1.125927683615818978e+03
1.124902824858756958e+03
1.123700564971751191e+03
1.122333333333333030e+03
1.120788700564971350e+03
1.119065536723163632e+03
1.117379661016948830e+03
1.115752542372881180e+03
1.114185310734463201e+03
1.112717514124293757e+03
1.111335593220338978e+03
1.110072316384180795e+03
1.108950282485875732e+03
1.107953672316384200e+03
1.107122033898305062e+03
1.106447457627118638e+03
1.105929943502824699e+03
1.105562711864406765e+03
1.105350282485875596e+03
1.105308474576271010e+03
1.105421468926553644e+03
1.105683615819209081e+03
1.106110734463276685e+03
1.106665536723163768e+03
1.107348022598870102e+03
1.108154802259886992e+03
1.109068926553672327e+03
1.110089265536723133e+03
1.111203389830508513e+03
1.112419209039548150e+03
1.113701694915254166e+03
1.115066666666666606e+03
1.116517514124293939e+03
1.118038418079095891e+03
1.119607909604519591e+03
1.121248587570621567e+03
1.122934463276836141e+03
1.124662146892655301e+03
1.126415819209039455e+03
1.128071186440677820e+03
1.129540112994350238e+03
1.130794350282485766e+03
1.131799999999999955e+03
1.132583050847457343e+03
1.133102824858756776e+03
1.133357062146892531e+03
1.133322033898305108e+03
1.132993220338983065e+03
1.132378531073446084e+03
1.131470056497174937e+03
1.130275706214689080e+03
1.128882485875706152e+03
1.127550282485875641e+03
1.126266666666666424e+03
1.125041807909604358e+03
1.123881355932203405e+03
1.122781920903954642e+03
1.121745762711864245e+03
1.120786440677965857e+03
1.119901694915254211e+03
1.119106214689265471e+03
1.118375141242937843e+03
1.117759322033898115e+03
1.117236158192090215e+03
1.116789830508474552e+03
1.116454237288135346e+03
1.116222598870056572e+03
1.116083615819208944e+03
1.116040677966101384e+03
1.116081355932203223e+03
1.116203389830508058e+03
1.116402259887005584e+03
1.116680225988700386e+03
1.117058757062146697e+03
1.117515254237287991e+03
1.118071186440678048e+03
1.118726553672316186e+03
1.119470056497174937e+03
1.120318644067796413e+03
1.121283615819208990e+03
1.122360451977400999e+03
1.123554802259886856e+03
1.124842937853107287e+03
1.126250847457626833e+03
1.127663276836158047e+03
1.128850847457626969e+03
1.129796610169491260e+03
1.130519774011299432e+03
1.131033898305084676e+03
1.131331073446327537e+03
1.131423728813559137e+03
1.131319774011299387e+03
1.131023728813559273e+03
1.130536723163841771e+03
1.129857627118643904e+03
1.129001129943502747e+03
1.127968361581920817e+03
1.126766101694915051e+03
1.125394350282485902e+03
1.123845197740113008e+03
1.122148022598870057e+03
1.120420338983050897e+03
1.118761581920904064e+03
1.117177401129943519e+03
1.115706214689265380e+03
1.114355932203389784e+03
1.113129943502824972e+03
1.112024858757062248e+03
1.111077966101694983e+03
1.110279096045197775e+03
1.109638418079096027e+03
1.109163841807909648e+03
1.108838418079096073e+03
1.108698305084745925e+03
1.108710734463276822e+03
1.108885875706214847e+03
1.109211299435028195e+03
1.109677966101694892e+03
1.110297175141243088e+03
1.111025988700564994e+03
1.111870056497175483e+03
1.112833898305084858e+03
1.113902824858757185e+03
1.115056497175141430e+03
1.116296045197740114e+03
1.117635028248587560e+03
1.119053107344632735e+03
1.120536723163841998e+03
1.122098305084745789e+03
1.123718644067796731e+03
1.125398870056497344e+03
1.127124293785310783e+03
1.128855367231638411e+03
1.130404519774011533e+03
1.131759322033898343e+03
1.132931073446327900e+03
1.133881355932203405e+03
1.134603389830508604e+03
1.135084745762711918e+03
1.135299435028248809e+03
1.135248587570621567e+03
1.134909604519774120e+03
1.134296045197740341e+03
1.133404519774011533e+03
1.132235028248587696e+03
1.130790960451977526e+03
1.129351412429378797e+03
1.127974011299435006e+03
1.126657627118644086e+03
1.125371751412429603e+03
1.124157062146892713e+03
1.122988700564972078e+03
1.121898305084745971e+03
1.120859887005649853e+03
1.119899435028248718e+03
1.119031638418079183e+03
1.118232768361582202e+03
1.117548022598870375e+03
1.116957062146892667e+03
1.116466666666666697e+03
1.116072316384180795e+03
1.115770621468926720e+03
1.115561581920904246e+03
1.115432768361582021e+03
1.115386440677966220e+03
1.115440677966101703e+03
1.115574011299435142e+03
1.115796610169491487e+03
1.116100564971751510e+03
1.116502824858757322e+03
1.117011299435028377e+03
1.117607909604520046e+03
1.118297175141242860e+03
1.119125423728813530e+03
1.120055367231638684e+03
1.121105084745762724e+03
1.122265536723163905e+03
1.123524293785310874e+03
1.124906214689265653e+03
1.126157062146892713e+03
1.127180790960452214e+03
1.127972881355932259e+03
1.128531073446327810e+03
1.128875706214689217e+03
1.128986440677966129e+03
1.128892655367231782e+03
1.128601129943503111e+03
1.128122033898305290e+03
1.127442937853107424e+03
1.126571751412429421e+03
1.125515254237288445e+03
1.124270056497175347e+03
1.122861016949152599e+03
1.121274576271186561e+03
1.119515254237287991e+03
1.117797740112994461e+03
1.116144632768361589e+03
1.114561581920904018e+03
1.113053107344632963e+03
1.111656497175141340e+03
1.110389830508474688e+03
1.109246327683615846e+03
1.108235028248587696e+03
1.107371751412429603e+03
1.106676836158192145e+03
1.106137853107344654e+03
1.105764971751412304e+03
1.105540112994350238e+03
1.105492655367231691e+03
1.105599999999999909e+03
1.105842937853107514e+03
1.106238418079096164e+03
1.106778531073446402e+03
1.107442937853107651e+03
1.108228248587570761e+03
1.109127683615819251e+03
1.110136723163841907e+03
1.111238418079096164e+03
1.112447457627118638e+03
1.113734463276836323e+03
1.115105084745762724e+03
1.116554802259887083e+03
1.118053107344632735e+03
1.119633898305084813e+03
1.121264406779660931e+03
1.122942372881355823e+03
1.124659887005649580e+03
1.126422598870056390e+03
1.128159322033898206e+03
1.129690395480226016e+03
1.131007909604519682e+03
1.132108474576271192e+03
1.132954802259886947e+03
1.133546892655367174e+03
1.133874576271186470e+03
1.133917514124293803e+03
1.133656497175141340e+03
1.133117514124293621e+03
1.132294915254237139e+03
1.131174011299435051e+03
1.129768361581920999e+03
1.128419209039548150e+03
1.127124293785310783e+03
1.125882485875706152e+03
1.124682485875706334e+03
1.123564971751412486e+03
1.122511864406779523e+03
1.121531073446327582e+03
1.120611299435028286e+03
1.119796610169491487e+03
1.119066666666666606e+03
1.118432768361582021e+03
1.117900564971751464e+03
1.117456497175141067e+03
1.117122033898305062e+03
1.116892655367231782e+03
1.116764971751412531e+03
1.116706214689265380e+03
1.116769491525423746e+03
1.116908474576271146e+03
1.117115254237287900e+03
1.117418079096045176e+03
1.117806779661016890e+03
1.118285875706214483e+03
1.118874576271186243e+03
1.119555932203389602e+03
1.120344632768361635e+03
1.121242937853107151e+03
1.122241807909604404e+03
1.123350282485875596e+03
1.124571751412429421e+03
1.125916384180790828e+03
1.127354802259887038e+03
1.128906214689265653e+03
1.130238418079095936e+03
1.131324293785310601e+03
1.132166101694915142e+03
1.132807909604519864e+03
1.133230508474576254e+03
1.133441807909604449e+03
1.133462146892655255e+03
1.133279096045197548e+03
1.132885875706214620e+03
1.132310734463276731e+03
1.131535593220339024e+03
1.130579661016949103e+03
1.129449717514124131e+03
1.128133333333333212e+03
1.126654237288135619e+03
1.125012429378531124e+03
1.123211299435028195e+03
1.121467796610169444e+03
1.119811299435028104e+03
1.118242937853107378e+03
1.116793220338983019e+03
1.115465536723163950e+03
1.114259887005649944e+03
1.113221468926553825e+03
1.112331073446327537e+03
1.111604519774011351e+03
1.111031638418079183e+03
1.110632768361581839e+03
1.110397740112994370e+03
1.110310734463276731e+03
1.110400000000000091e+03
1.110649717514124404e+03
1.111030508474576436e+03
1.111561581920904018e+03
1.112216949152542384e+03
1.112992090395480318e+03
1.113881355932203405e+03
1.114877966101694938e+03
1.115979661016949194e+03
1.117171751412429330e+03
1.118454237288135573e+03
1.119823728813559228e+03
1.121257627118643995e+03
1.122764971751412304e+03
1.124357062146892758e+03
1.125989830508474370e+03
1.127687005649717321e+03
1.129427118644067832e+03
1.131177401129943519e+03
1.132734463276836323e+03
1.134090395480226107e+03
1.135228248587570533e+03
1.136143502824858842e+03
1.136805649717514143e+03
1.137189830508474643e+03
1.137328813559322043e+03
1.137168361581921090e+03
1.136700564971751419e+03
1.135963841807909603e+03
1.134935593220338887e+03
1.133620338983050715e+03
1.132171751412429330e+03
1.130759322033898115e+03
1.129413559322033962e+03
1.128123163841808037e+03
1.126872316384180749e+03
1.125682485875706334e+03
1.124559322033898297e+03
1.123516384180791192e+03
1.122532203389830556e+03
1.121640677966101748e+03
1.120857627118644132e+03
1.120159322033898206e+03
1.119566101694915233e+03
1.119062146892655392e+03
1.118676836158192145e+03
1.118363841807909694e+03
1.118151412429378524e+03
1.118024858757062248e+03
1.117993220338983065e+03
1.118051977401129989e+03
1.118198870056497299e+03
1.118432768361582021e+03
1.118759322033898115e+03
1.119170621468926583e+03
1.119685875706214574e+03
1.120290395480225925e+03
1.121001129943502747e+03
1.121825988700564949e+03
1.122775141242937934e+03
1.123836158192090352e+03
1.125007909604519909e+03
1.126288135593220431e+03
1.127674576271186424e+03
1.129006779661016935e+03
1.130120903954802316e+03
1.131001129943502747e+03
1.131640677966101748e+03
1.132056497175141203e+03
1.132250847457627060e+03
1.132241807909604631e+03
1.132021468926553553e+03
1.131603389830508604e+03
1.130972881355932259e+03
1.130143502824858842e+03
1.129141242937853349e+03
1.127938983050847582e+03
1.126550282485875869e+03
1.124984180790960636e+03
1.123248587570621567e+03
1.121468926553672418e+03
1.119771751412429467e+03
1.118128813559322225e+03
1.116585310734463292e+03
1.115129943502824972e+03
1.113809039548022611e+03
1.112590960451977480e+03
1.111527683615819114e+03
1.110611299435028286e+03
1.109842937853107287e+03
1.109246327683615846e+03
1.108821468926553734e+03
1.108543502824858706e+03
1.108432768361582021e+03
1.108499435028248627e+03
1.108712994350282543e+03
1.109075706214689262e+03
1.109590960451977253e+03
1.110235028248587696e+03
1.110992090395480318e+03
1.111889265536723087e+03
1.112891525423728808e+03
1.114019209039548059e+03
1.115227118644067787e+03
1.116519774011299432e+03
1.117912994350282588e+03
1.119397740112994143e+03
1.120949152542372758e+03
1.122592090395480227e+03
1.124280225988700522e+03
1.126027118644067741e+03
1.127816949152542293e+03
1.129650847457627151e+03
1.131444067796609943e+03
1.133048587570621294e+03
1.134433898305084767e+03
1.135603389830508377e+03
1.136516384180790737e+03
1.137175141242937570e+03
1.137560451977401044e+03
1.137654237288135391e+03
1.137468926553672190e+03
1.136979661016949194e+03
1.136186440677966175e+03
1.135110734463276685e+03
1.133751412429378433e+03
1.132272316384180840e+03
1.130827118644067696e+03
1.129430508474576300e+03
1.128103954802259977e+03
1.126830508474576391e+03
1.125638418079096027e+03
1.124484745762712009e+03
1.123428248587570579e+03
1.122447457627118638e+03
1.121569491525423700e+03
1.120762711864406810e+03
1.120071186440678048e+03
1.119480225988700568e+03
1.118980790960451941e+03
1.118580790960451850e+03
1.118268926553672372e+03
1.118053107344632735e+03
1.117935593220338887e+03
1.117917514124293803e+03
1.117987570621468876e+03
1.118138983050847401e+03
1.118387570621468967e+03
1.118726553672316413e+03
1.119149152542373031e+03
1.119702824858757140e+03
1.120333333333333485e+03
1.121090395480226107e+03
1.121974011299435006e+03
1.122976271186440727e+03
1.124099435028248536e+03
1.125343502824858660e+03
1.126690395480226016e+03
1.128143502824858842e+03
1.129632768361581839e+03
1.130881355932203405e+03
1.131909604519773893e+03
1.132725423728813439e+03
1.133319774011299614e+03
1.133711864406779796e+03
1.133882485875706152e+03
1.133854237288135664e+03
1.133612429378531033e+03
1.133186440677965948e+03
1.132576271186440863e+03
1.131767231638418252e+03
1.130772881355932441e+03
1.129610169491525539e+03
1.128274576271186561e+03
1.126755932203389875e+03
1.125064406779661113e+03
1.123294915254237367e+03
1.121596610169491669e+03
1.120002259887005494e+03
1.118489265536723224e+03
1.117114124293785380e+03
1.115868926553672281e+03
1.114758192090395369e+03
1.113819209039548241e+03
1.113033898305084676e+03
1.112396610169491396e+03
1.111926553672316459e+03
1.111630508474576345e+03
1.111483615819209263e+03
1.111501694915254348e+03
1.111673446327683678e+03
1.112003389830508468e+03
1.112458757062147015e+03
1.113046327683615800e+03
1.113752542372881408e+03
1.114588700564971759e+03
1.115531073446327582e+03
1.116568361581920954e+03
1.117710734463276822e+03
1.118928813559321952e+03
1.120253107344633008e+03
1.121640677966101975e+03
1.123116384180791101e+03
1.124655367231638593e+03
1.126287005649717685e+03
1.127955932203389921e+03
1.129654237288135619e+03
1.131388700564971714e+03
1.133082485875706425e+03
1.134579661016949103e+03
1.135849717514124222e+03
1.136893785310734529e+03
1.137698305084745698e+03
1.138242937853107378e+03
1.138500564971751373e+03
1.138493785310734438e+03
1.138175141242938025e+03
1.137574011299435142e+03
1.136681355932203587e+03
1.135506214689265562e+03
1.134056497175141430e+03
1.132655367231638593e+03
1.131300564971751555e+03
1.129994350282486039e+03
1.128734463276836323e+03
1.127544632768361680e+03
1.126415819209039682e+03
1.125352542372881317e+03
1.124368361581920908e+03
1.123467796610169444e+03
1.122665536723163996e+03
1.121960451977401135e+03
1.121341242937853167e+03
1.120813559322033825e+03
1.120395480225988649e+03
1.120063276836158366e+03
1.119838418079095845e+03
1.119709604519774075e+03
1.119656497175141340e+03
1.119693785310734256e+03
1.119829378531073417e+03
1.120061016949152418e+03
1.120387570621468967e+03
1.120788700564971805e+03
1.121303954802259796e+03
1.121919774011299296e+03
1.122653107344632645e+03
1.123511864406779750e+03
1.124482485875706061e+03
1.125569491525423473e+03
1.126783050847457616e+03
1.128112994350282406e+03
1.129550282485875641e+03
1.131087005649717639e+03
1.132386440677966220e+03
1.133467796610169444e+03
1.134312994350282452e+03
1.134941242937853076e+03
1.135362711864406720e+03
1.135577401129943610e+03
1.135580790960452077e+03
1.135368361581920908e+03
1.134962711864406629e+03
1.134361581920903973e+03
1.133563841807909739e+03
1.132571751412429421e+03
1.131398870056497344e+03
1.130044067796610307e+03
1.128517514124293939e+03
1.126819209039548014e+03
1.124950282485875732e+03
1.123149152542373031e+03
1.121424858757062339e+03
1.119787570621469058e+03
1.118276836158192054e+03
1.116884745762712100e+03
1.115623728813559410e+03
1.114516384180790965e+03
1.113561581920904018e+03
1.112772881355932441e+03
1.112143502824858842e+03
1.111698305084745698e+03
1.111407909604519773e+03
1.111291525423728899e+03
1.111319774011299387e+03
1.111502824858757094e+03
1.111847457627118729e+03
1.112309604519774211e+03
1.112924293785310738e+03
1.113654237288135619e+03
1.114487005649717503e+03
1.115433898305084995e+03
1.116499435028248627e+03
1.117654237288135846e+03
1.118894915254237276e+03
1.120218079096045130e+03
1.121621468926553689e+03
1.123100564971751282e+03
1.124646327683615709e+03
1.126267796610169626e+03
1.127934463276836141e+03
1.129648587570621430e+03
1.131390960451977207e+03
1.133124293785310783e+03
1.134665536723163768e+03
1.135970621468926538e+03
1.137051977401129989e+03
1.137884745762711646e+03
1.138433898305084540e+03
1.138718644067796504e+03
1.138690395480226016e+03
1.138380790960451804e+03
1.137761581920903836e+03
1.136861016949152599e+03
1.135684745762711827e+03
1.134216949152542384e+03
1.132796610169491487e+03
1.131423728813559364e+03
1.130098305084745789e+03
1.128823728813559228e+03
1.127613559322033780e+03
1.126480225988700568e+03
1.125406779661017026e+03
1.124409039548022520e+03
1.123483615819209035e+03
1.122650847457627151e+03
1.121929943502824699e+03
1.121288135593220431e+03
1.120764971751412304e+03
1.120328813559322043e+03
1.119986440677966129e+03
1.119728813559322134e+03
1.119567231638417979e+03
1.119492655367231691e+03
1.119503954802259614e+03
1.119598870056497162e+03
1.119790960451977298e+03
1.120079096045197502e+03
1.120464406779660749e+03
1.120944632768361316e+03
1.121543502824858479e+03
1.122241807909604404e+03
1.123044067796610079e+03
1.123971751412429285e+03
1.125027118644067741e+03
1.126200000000000045e+03
1.127493785310734438e+03
1.128888135593220341e+03
1.130362711864406720e+03
1.131609039548022565e+03
1.132625988700564903e+03
1.133422598870056390e+03
1.134010169491525403e+03
1.134383050847457525e+03
1.134542372881355732e+03
1.134511864406779750e+03
1.134284745762711736e+03
1.133856497175141158e+03
1.133250847457627060e+03
1.132438418079095982e+03
1.131441807909604449e+03
1.130265536723163677e+03
1.128917514124293803e+03
1.127413559322033962e+03
1.125737853107344563e+03
1.124005649717514189e+03
1.122349152542372849e+03
1.120776271186440681e+03
1.119305084745762770e+03
1.117944632768361771e+03
1.116717514124293757e+03
1.115610169491525539e+03
1.114667796610169489e+03
1.113880225988700658e+03
1.113238418079095936e+03
1.112776271186440681e+03
1.112467796610169444e+03
1.112319774011299387e+03
1.112320903954802361e+03
1.112487005649717503e+03
1.112788700564971805e+03
1.113231638418079001e+03
1.113818079096045267e+03
1.114515254237287991e+03
1.115323163841807855e+03
1.116240677966101885e+03
1.117277966101694801e+03
1.118403389830508559e+03
1.119629378531073598e+03
1.120920903954802270e+03
1.122301694915254302e+03
1.123771751412429467e+03
1.125294915254237367e+03
1.126882485875706379e+03
1.128522033898305153e+03
1.130235028248587696e+03
1.131975141242937980e+03
1.133749152542372940e+03
1.135366101694915415e+03
1.136781920903954870e+03
1.137961581920903882e+03
1.138907344632768400e+03
1.139595480225988695e+03
1.140019209039548059e+03
1.140155932203389966e+03
1.140019209039548059e+03
1.139585310734463292e+03
1.138870056497175256e+03
1.137875706214689217e+03
1.136597740112994416e+03
1.135142372881356096e+03
1.133728813559322134e+03
1.132350282485875596e+03
1.131038418079096118e+03
1.129775141242937934e+03
1.128576271186440863e+03
1.127432768361582021e+03
1.126371751412429376e+03
1.125384180790960500e+03
1.124482485875706288e+03
1.123670056497175210e+03
1.122972881355932259e+03
1.122344632768361635e+03
1.121820338983050988e+03
1.121387570621468967e+03
1.121050847457627242e+03
1.120814689265536799e+03
1.120689265536723269e+03
1.120620338983050942e+03
1.120638418079096255e+03
1.120743502824858751e+03
1.120952542372881453e+03
1.121242937853107378e+03
1.121641807909604722e+03
1.122123163841808037e+03
1.122727683615819160e+03
1.123436158192090261e+03
1.124270056497175119e+03
1.125225988700565040e+03
1.126294915254237367e+03
1.127479096045197821e+03
1.128770621468926493e+03
1.130174011299435051e+03
1.131595480225988695e+03
1.132802259887005675e+03
1.133766101694915506e+03
1.134527683615819114e+03
1.135068926553672327e+03
1.135410169491525494e+03
1.135550282485875641e+03
1.135493785310734665e+03
1.135236158192090443e+03
1.134776271186440681e+03
1.134142372881356096e+03
1.133300564971751555e+03
1.132285875706214711e+03
1.131083615819209172e+03
1.129729943502824881e+03
1.128189830508474643e+03
1.126487005649717730e+03
1.124752542372881408e+03
1.123117514124293848e+03
1.121555932203390057e+03
1.120101694915254257e+03
1.118774011299435188e+03
1.117560451977401044e+03
1.116507344632768309e+03
1.115580790960452077e+03
1.114822598870056481e+03
1.114212429378531397e+03
1.113755932203389875e+03
1.113461016949152508e+03
1.113319774011299614e+03
1.113315254237288173e+03
1.113487005649717503e+03
1.113797740112994234e+03
1.114236158192090443e+03
1.114812429378531078e+03
1.115523163841808127e+03
1.116332203389830511e+03
1.117244067796610125e+03
1.118267796610169626e+03
1.119378531073446538e+03
1.120578531073446356e+03
1.121868926553672281e+03
1.123247457627118820e+03
1.124700564971751646e+03
1.126216949152542384e+03
1.127797740112994234e+03
1.129430508474576300e+03
1.131123163841808037e+03
1.132835028248587605e+03
1.134577401129943382e+03
1.136175141242937798e+03
1.137552542372881362e+03
1.138697175141242951e+03
1.139602259887005630e+03
1.140236158192090443e+03
1.140602259887005630e+03
1.140677966101694892e+03
1.140463276836158229e+03
1.139972881355932259e+03
1.139192090395480136e+03
1.138124293785310783e+03
1.136790960451977526e+03
1.135398870056497344e+03
1.134040677966101612e+03
1.132732203389830602e+03
1.131479096045197821e+03
1.130292655367231873e+03
1.129160451977401181e+03
1.128099435028248536e+03
1.127118644067796595e+03
1.126207909604519955e+03
1.125400000000000091e+03
1.124690395480226016e+03
1.124063276836158366e+03
1.123543502824858933e+03
1.123111864406779659e+03
1.122774011299435188e+03
1.122518644067796686e+03
1.122360451977401226e+03
1.122288135593220431e+03
1.122309604519773984e+03
1.122403389830508331e+03
1.122581920903954824e+03
1.122866666666666788e+03
1.123239548022598910e+03
1.123710734463276822e+03
1.124294915254237367e+03
1.124984180790960409e+03
1.125779661016949149e+03
1.126692655367231509e+03
1.127722033898305199e+03
1.128884745762712100e+03
1.130162711864406901e+03
1.131528813559322089e+03
1.133004519774011214e+03
1.134287005649717457e+03
1.135350282485875596e+03
1.136203389830508513e+03
1.136848587570621476e+03
1.137279096045197548e+03
1.137511864406779750e+03
1.137536723163841771e+03
1.137358192090395505e+03
1.136994350282486039e+03
1.136428248587570806e+03
1.135697175141242951e+03
1.134763841807909785e+03
1.133661016949152781e+03
1.132375141242938071e+03
1.130931073446327900e+03
1.129328813559322043e+03
1.127555932203390057e+03
1.125846327683615982e+03
1.124214689265536890e+03
1.122675706214689399e+03
1.121247457627118820e+03
1.119948022598870239e+03
1.118784180790960590e+03
1.117764971751412759e+03
1.116889265536723315e+03
1.116178531073446720e+03
1.115628248587570852e+03
1.115238418079096391e+03
1.115018079096045312e+03
1.114929943502825154e+03
1.115010169491525630e+03
1.115238418079096164e+03
1.115610169491525539e+03
1.116106214689265926e+03
1.116740112994350511e+03
1.117488135593220704e+03
1.118346892655367355e+03
1.119300564971751555e+03
1.120366101694915415e+03
1.121523163841808127e+03
1.122770621468926947e+03
1.124112994350282861e+03
1.125517514124293939e+03
1.126988700564971850e+03
1.128536723163841998e+03
1.130131073446327719e+03
1.131780790960452123e+03
1.133472316384180886e+03
1.135206779661017208e+03
1.136763841807909785e+03
1.138120903954802543e+03
1.139257627118644450e+03
1.140161581920904155e+03
1.140814689265537027e+03
1.141188700564972123e+03
1.141274576271186561e+03
1.141087005649717867e+03
1.140601129943503111e+03
1.139813559322034052e+03
1.138742372881356005e+03
1.137403389830508786e+03
1.135983050847457889e+03
1.134621468926553916e+03
1.133289265536723406e+03
1.131998870056497253e+03
1.130758192090395823e+03
1.129590960451977935e+03
1.128488135593220704e+03
1.127448587570621839e+03
1.126493785310734893e+03
1.125609039548022793e+03
1.124828248587570897e+03
1.124126553672316732e+03
1.123519774011299660e+03
1.123007909604519909e+03
1.122593220338983201e+03
1.122262146892655437e+03
1.122030508474576436e+03
1.121875706214689444e+03
1.121805649717514370e+03
1.121819209039548241e+03
1.121915254237288309e+03
1.122114124293785153e+03
1.122403389830508559e+03
1.122778531073446402e+03
1.123273446327683814e+03
1.123868926553672509e+03
1.124579661016949103e+03
1.125394350282485902e+03
1.126352542372881544e+03
1.127435028248587741e+03
1.128623728813559410e+03
1.129926553672316459e+03
1.131338983050847673e+03
1.132762711864406810e+03
1.133974011299435006e+03
1.134959322033898388e+03
1.135715254237288264e+03
1.136258757062146969e+03
1.136593220338982974e+03
1.136727683615819160e+03
1.136636158192090534e+03
1.136362711864406720e+03
1.135885875706214847e+03
1.135225988700564812e+03
1.134361581920903973e+03
1.133316384180790919e+03
1.132101694915254257e+03
1.130715254237288264e+03
1.129145762711864336e+03
1.127411299435028241e+03
1.125656497175141340e+03
1.123987570621468876e+03
1.122398870056497117e+03
1.120936723163841862e+03
1.119590960451977480e+03
1.118368361581920908e+03
1.117277966101694801e+03
1.116350282485875596e+03
1.115564971751412486e+03
1.114946892655367265e+03
1.114488135593220477e+03
1.114184180790960681e+03
1.114049717514124495e+03
1.114064406779661113e+03
1.114236158192090443e+03
1.114553672316384109e+03
1.115003389830508695e+03
1.115593220338982974e+03
1.116303954802259796e+03
1.117132203389830465e+03
1.118056497175141430e+03
1.119091525423728854e+03
1.120220338983050851e+03
1.121435028248587514e+03
1.122736723163841816e+03
1.124122033898305062e+03
1.125597740112994416e+03
1.127132203389830465e+03
1.128732203389830374e+03
1.130379661016949285e+03
1.132063276836158366e+03
1.133797740112994461e+03
1.135551412429378615e+03
1.137207909604519955e+03
1.138654237288135619e+03
1.139871186440678002e+03
1.140837288135593099e+03
1.141545762711864427e+03
1.141983050847457662e+03
1.142153672316384245e+03
1.142030508474576436e+03
1.141618079096045221e+03
1.140910734463276867e+03
1.139927683615819205e+03
1.138675706214689399e+03
1.137261016949152690e+03
1.135903954802259932e+03
1.134583050847457571e+03
1.133332203389830283e+03
1.132126553672316277e+03
1.130975141242937752e+03
1.129906214689265653e+03
1.128922033898305017e+03
1.128007909604519682e+03
1.127180790960451759e+03
1.126466666666666697e+03
1.125833898305084858e+03
1.125289265536723178e+03
1.124841807909604540e+03
1.124505084745762815e+03
1.124249717514124313e+03
1.124072316384180795e+03
1.123990960451977571e+03
1.124004519774011442e+03
1.124089265536723133e+03
1.124273446327683587e+03
1.124560451977401044e+03
1.124929943502824699e+03
1.125394350282485902e+03
1.125971751412429512e+03
1.126655367231638365e+03
1.127455367231638320e+03
1.128371751412429603e+03
1.129414689265536708e+03
1.130576271186440636e+03
1.131845197740113008e+03
1.133216949152542384e+03
1.134696045197740204e+03
1.135995480225988558e+03
1.137073446327683541e+03
1.137922033898305017e+03
1.138576271186440636e+03
1.139012429378531124e+03
1.139267796610169626e+03
1.139298305084745607e+03
1.139150282485875778e+03
1.138799999999999955e+03
1.138276836158192054e+03
1.137562711864406538e+03
1.136672316384180704e+03
1.135599999999999909e+03
1.134342372881355914e+03
1.132924293785310738e+03
1.131345762711864381e+03
1.129594350282485948e+03
1.127899435028248718e+03
1.126307344632768491e+03
1.124799999999999955e+03
1.123412429378531215e+03
1.122142372881356096e+03
1.121015819209039591e+03
1.120031638418079183e+03
1.119193220338982883e+03
1.118519774011299432e+03
1.118016949152542338e+03
1.117654237288135391e+03
1.117455367231638320e+03
1.117420338983050897e+03
1.117542372881355732e+03
1.117822598870056481e+03
1.118231638418079001e+03
1.118784180790960363e+03
1.119444067796610170e+03
1.120224858757062066e+03
1.121141242937852894e+03
1.122136723163841680e+03
1.123254237288135755e+03
1.124466666666666697e+03
1.125758192090395369e+03
1.127140112994350147e+03
1.128611299435028286e+03
1.130144632768361589e+03
1.131745762711864472e+03
1.133412429378531215e+03
1.135127683615819251e+03
1.136880225988700658e+03
1.138663276836158275e+03
1.140283615819208990e+03
1.141683615819209081e+03
1.142873446327683496e+03
1.143831638418079137e+03
1.144528813559321861e+03
1.144951412429378479e+03
1.145098305084745789e+03
1.144969491525423791e+03
1.144529943502825063e+03
1.143806779661017117e+03
1.142792090395480272e+03
1.141493785310734438e+03
1.140009039548022656e+03
1.138558192090395551e+03
1.137158192090395460e+03
1.135819209039548014e+03
1.134531073446327810e+03
1.133298305084745834e+03
1.132136723163841907e+03
1.131062146892655392e+03
1.130054237288135482e+03
1.129125423728813530e+03
1.128291525423728672e+03
1.127559322033898297e+03
1.126915254237288082e+03
1.126360451977401226e+03
1.125901694915254211e+03
1.125570621468926674e+03
1.125310734463276731e+03
1.125152542372881271e+03
1.125075706214689262e+03
1.125083615819209172e+03
1.125179661016949240e+03
1.125364971751412668e+03
1.125657627118644086e+03
1.126047457627118774e+03
1.126531073446327810e+03
1.127137853107344654e+03
1.127853107344632917e+03
1.128687005649717776e+03
1.129653107344632872e+03
1.130725423728813666e+03
1.131931073446327900e+03
1.133242937853107378e+03
1.134661016949152781e+03
1.136186440677966402e+03
1.137491525423728945e+03
1.138561581920904246e+03
1.139413559322033962e+03
1.140047457627118774e+03
1.140454237288135573e+03
1.140647457627118911e+03
1.140630508474576345e+03
1.140422598870056845e+03
1.139995480225989013e+03
1.139371751412429603e+03
1.138561581920904246e+03
1.137552542372881362e+03
1.136349152542373076e+03
1.134974011299435006e+03
1.133413559322033962e+03
1.131666666666666742e+03
1.129872316384180976e+03
1.128134463276836414e+03
1.126507344632768309e+03
1.124975141242937752e+03
1.123570621468926674e+03
1.122300564971751555e+03
1.121164971751412395e+03
1.120152542372881499e+03
1.119312994350282679e+03
1.118625988700565358e+03
1.118099435028248536e+03
1.117743502824858979e+03
1.117544632768361680e+03
1.117515254237288445e+03
1.117624858757062157e+03
1.117896045197740023e+03
1.118292655367231646e+03
1.118814689265536799e+03
1.119473446327683632e+03
1.120263276836158184e+03
1.121146892655367310e+03
1.122138983050847628e+03
1.123227118644068014e+03
1.124405649717514279e+03
1.125681355932203587e+03
1.127044067796610307e+03
1.128488135593220250e+03
1.130019209039548059e+03
1.131595480225988922e+03
1.133232768361581975e+03
1.134912994350282588e+03
1.136633898305084813e+03
1.138384180790960500e+03
1.140151412429378524e+03
1.141692655367231509e+03
1.143005649717514189e+03
1.144085875706214665e+03
1.144897175141242769e+03
1.145422598870056390e+03
1.145671186440677957e+03
1.145612429378531033e+03
1.145255367231638502e+03
1.144579661016949103e+03
1.143640677966101521e+03
1.142412429378530987e+03
1.140962711864406856e+03
1.139584180790960545e+03
1.138231638418079001e+03
1.136927683615819205e+03
1.135715254237288264e+03
1.134527683615819342e+03
1.133420338983050897e+03
1.132397740112994370e+03
1.131461016949152508e+03
1.130610169491525539e+03
1.129849717514124222e+03
1.129186440677966175e+03
1.128614689265536754e+03
1.128148022598870057e+03
1.127787570621469058e+03
1.127516384180790965e+03
1.127329943502824790e+03
1.127254237288135755e+03
1.127251977401129807e+03
1.127351412429378570e+03
1.127535593220339024e+03
1.127810169491525357e+03
1.128179661016949012e+03
1.128647457627118683e+03
1.129222598870056572e+03
1.129903954802259705e+03
1.130703954802259886e+03
1.131609039548022793e+03
1.132657627118644086e+03
1.133825988700564949e+03
1.135106214689265471e+03
1.136484745762712009e+03
1.137987570621469104e+03
1.139450847457626878e+03
1.140697175141242951e+03
1.141710734463276822e+03
1.142515254237288218e+03
1.143109604519774166e+03
1.143494915254237185e+03
1.143670056497175210e+03
1.143645197740112962e+03
1.143418079096045176e+03
1.142998870056497253e+03
1.142376271186440590e+03
1.141569491525423928e+03
1.140584180790960545e+03
1.139415819209039455e+03
1.138070056497175074e+03
1.136559322033898297e+03
1.134881355932203405e+03
1.133116384180791101e+03
1.131421468926553644e+03
1.129823728813559228e+03
1.128324293785310601e+03
1.126954802259886947e+03
1.125723163841807946e+03
1.124642937853107469e+03
1.123712994350282543e+03
1.122949152542372985e+03
1.122336723163841953e+03
1.121897175141243224e+03
1.121603389830508604e+03
1.121480225988700568e+03
1.121532203389830556e+03
1.121720903954802452e+03
1.122063276836158138e+03
1.122546892655367174e+03
1.123159322033898434e+03
1.123899435028248718e+03
1.124764971751412531e+03
1.125732203389830602e+03
1.126813559322034052e+03
1.127975141242937980e+03
1.129250847457627060e+03
1.130602259887005857e+03
1.132071186440678048e+03
1.133610169491525539e+03
1.135221468926553825e+03
1.136900564971751464e+03
1.138635028248587560e+03
1.140421468926553644e+03
1.142241807909604631e+03
1.143963841807909830e+03
1.145462146892655255e+03
1.146774011299434960e+03
1.147827118644067923e+03
1.148640677966101748e+03
1.149181920903954961e+03
1.149450847457627106e+03
1.149436158192090261e+03
1.149108474576271192e+03
1.148501694915254120e+03
1.147601129943502883e+03
1.146403389830508559e+03
1.144959322033898388e+03
1.143411299435028241e+03
1.141894915254237503e+03
1.140436158192090716e+03
1.139031638418079183e+03
1.137685875706214802e+03
1.136398870056497344e+03
1.135190960451977389e+03
1.134061016949152645e+03
1.133012429378531124e+03
1.132039548022598865e+03
1.131184180790960681e+03
1.130401129943502838e+03
1.129717514124293757e+03
1.129131073446327719e+03
1.128637288135593280e+03
1.128240677966101885e+03
1.127931073446327673e+03
1.127717514124293757e+03
1.127599999999999909e+03
1.127555932203390057e+03
1.127619209039547968e+03
1.127785310734463337e+03
1.128039548022598865e+03
1.128397740112994370e+03
1.128888135593220341e+03
1.129487005649717503e+03
1.130206779661016981e+03
1.131045197740113053e+03
1.132013559322033871e+03
1.133112994350282406e+03
1.134340112994350420e+03
1.135671186440677957e+03
1.137120903954802316e+03
1.138510734463276776e+03
1.139683615819209081e+03
1.140639548022598774e+03
1.141359322033898479e+03
1.141881355932203405e+03
1.142174011299435051e+03
1.142277966101695029e+03
1.142157062146892713e+03
1.141848587570621476e+03
1.141344632768361635e+03
1.140631638418079092e+03
1.139744632768361498e+03
1.138668926553672463e+03
1.137405649717514279e+03
1.135954802259887174e+03
1.134329943502824790e+03
1.132555932203390057e+03
1.130794350282485993e+03
1.129103954802259977e+03
1.127507344632768309e+03
1.126018079096045312e+03
1.124672316384180704e+03
1.123447457627118638e+03
1.122379661016949285e+03
1.121442937853107424e+03
1.120679096045197866e+03
1.120058757062147151e+03
1.119613559322034007e+03
1.119312994350282679e+03
1.119187570621469149e+03
1.119198870056497299e+03
1.119362711864406947e+03
1.119688135593220522e+03
1.120122033898305290e+03
1.120688135593220522e+03
1.121376271186440590e+03
1.122163841807909648e+03
1.123079096045197730e+03
1.124073446327683769e+03
1.125176271186440772e+03
1.126370621468926856e+03
1.127656497175141340e+03
1.129027118644067741e+03
1.130465536723163950e+03
1.131968361581920817e+03
1.133549152542372894e+03
1.135166101694915369e+03
1.136823728813559455e+03
1.138531073446327810e+03
1.140255367231638502e+03
1.141918644067796549e+03
1.143349152542372849e+03
1.144532203389830556e+03
1.145473446327683632e+03
1.146120903954802088e+03
1.146492655367231691e+03
1.146568361581920954e+03
1.146345762711864381e+03
1.145818079096045267e+03
1.145010169491525403e+03
1.143919774011299523e+03
1.142535593220339024e+03
1.141131073446327719e+03
1.139770621468926493e+03
1.138465536723163950e+03
1.137209039548022702e+03
1.136015819209039591e+03
1.134890395480226061e+03
1.133861016949152599e+03
1.132894915254237276e+03
1.132002259887005948e+03
1.131216949152542384e+03
1.130497175141243133e+03
1.129911864406779841e+03
1.129401129943502838e+03
1.129000000000000000e+03
1.128685875706214574e+03
1.128472316384180886e+03
1.128331073446327537e+03
1.128279096045197775e+03
1.128338983050847673e+03
1.128475706214689581e+03
1.128706214689265835e+03
1.129047457627119002e+03
1.129499435028248627e+03
1.130059887005649898e+03
1.130741242937853258e+03
1.131526553672316368e+03
1.132457627118644268e+03
1.133501694915254120e+03
1.134672316384180704e+03
1.135957062146892667e+03
1.137371751412429603e+03
1.138900564971751464e+03
1.140517514124293712e+03
1.141907344632768400e+03
1.143098305084745789e+03
1.144056497175141430e+03
1.144818079096045267e+03
1.145348022598870102e+03
1.145687005649717548e+03
1.145822598870056481e+03
1.145750282485875687e+03
1.145481355932203542e+03
1.145013559322033871e+03
1.144338983050847673e+03
1.143492655367231691e+03
1.142454237288135573e+03
1.141224858757062293e+03
1.139828248587570670e+03
1.138247457627118820e+03
1.136477966101695074e+03
1.134648587570621658e+03
1.132911864406779841e+03
1.131279096045197775e+03
1.129780790960452123e+03
1.128392090395480409e+03
1.127162711864406901e+03
1.126071186440678048e+03
1.125143502824858842e+03
1.124379661016949285e+03
1.123769491525423746e+03
1.123335593220338978e+03
1.123073446327683769e+03
1.122946892655367265e+03
1.122987570621468876e+03
1.123183050847457707e+03
1.123519774011299432e+03
1.123993220338983065e+03
1.124580790960452077e+03
1.125292655367231873e+03
1.126117514124293848e+03
1.127050847457627242e+03
1.128092655367231828e+03
1.129236158192090443e+03
1.130476836158192327e+03
1.131811299435028559e+03
1.133231638418079228e+03
1.134724293785310692e+03
1.136293785310734620e+03
1.137916384180791056e+03
1.139603389830508604e+03
1.141320903954802361e+03
1.143068926553672554e+03
1.144846327683615982e+03
1.146429378531073553e+03
1.147774011299435188e+03
1.148874576271186470e+03
1.149690395480226016e+03
1.150229378531073507e+03
1.150491525423728945e+03
1.150451977401130080e+03
1.150125423728813757e+03
1.149496045197740386e+03
1.148568361581921181e+03
1.147372881355932350e+03
1.145893785310734529e+03
1.144384180790960727e+03
1.142917514124293803e+03
1.141509604519774030e+03
1.140142372881356096e+03
1.138866666666666788e+03
1.137624858757062157e+03
1.136465536723163950e+03
1.135393220338983156e+03
1.134395480225988649e+03
1.133475706214689353e+03
1.132666666666666742e+03
1.131945762711864518e+03
1.131311864406779705e+03
1.130776271186440681e+03
1.130338983050847673e+03
1.129990960451977571e+03
1.129715254237288264e+03
1.129543502824858933e+03
1.129447457627118638e+03
1.129445197740113144e+03
1.129553672316384336e+03
1.129746892655367446e+03
1.130053107344632735e+03
1.130457627118644268e+03
1.130992090395480318e+03
1.131638418079096027e+03
1.132397740112994597e+03
1.133300564971751555e+03
1.134309604519773984e+03
1.135461016949152736e+03
1.136724293785310692e+03
1.138087005649717639e+03
1.139550282485875869e+03
1.140792090395480272e+03
1.141818079096045267e+03
1.142632768361581839e+03
1.143257627118643995e+03
1.143648587570621658e+03
1.143830508474576618e+03
1.143819209039548241e+03
1.143602259887005857e+03
1.143192090395480363e+03
1.142581920903954824e+03
1.141779661016949149e+03
1.140805649717514143e+03
1.139635028248587787e+03
1.138296045197740114e+03
1.136783050847457616e+03
1.135097175141243042e+03
1.133369491525423882e+03
1.131718644067796504e+03
1.130170621468926583e+03
1.128724293785310692e+03
1.127390960451977662e+03
1.126200000000000273e+03
1.125152542372881726e+03
1.124245197740113326e+03
1.123475706214689126e+03
1.122889265536723315e+03
1.122448587570621612e+03
1.122168361581921090e+03
1.122047457627118774e+03
1.122079096045197730e+03
1.122246327683616073e+03
1.122575141242938116e+03
1.123028248587570943e+03
1.123593220338983201e+03
1.124302824858757276e+03
1.125119774011299569e+03
1.126050847457627242e+03
1.127081355932203451e+03
1.128203389830508513e+03
1.129421468926553871e+03
1.130734463276836323e+03
1.132134463276836186e+03
1.133597740112994416e+03
1.135157062146892713e+03
1.136775141242937934e+03
1.138449717514124359e+03
1.140169491525423837e+03
1.141917514124293803e+03
1.143703954802259886e+03
1.145383050847457525e+03
1.146832768361582112e+03
1.148064406779661113e+03
1.149024858757062248e+03
1.149734463276836323e+03
1.150160451977401181e+03
1.150293785310734620e+03
1.150128813559321998e+03
1.149665536723163996e+03
1.148925423728813485e+03
1.147888135593220341e+03
1.146579661016949103e+03
1.145094915254237321e+03
1.143648587570621658e+03
1.142238418079095936e+03
1.140890395480225834e+03
1.139598870056497162e+03
1.138369491525423655e+03
1.137220338983050851e+03
1.136134463276836186e+03
1.135144632768361589e+03
1.134227118644068014e+03
1.133421468926553644e+03
1.132699435028248672e+03
1.132077966101694983e+03
1.131554802259887083e+03
1.131109604519774166e+03
1.130768361581920999e+03
1.130514124293785244e+03
1.130355932203389784e+03
1.130275706214689308e+03
1.130288135593220431e+03
1.130395480225988649e+03
1.130611299435028286e+03
1.130915254237288082e+03
1.131337853107344472e+03
1.131854237288135437e+03
1.132498305084745880e+03
1.133277966101695029e+03
1.134174011299435051e+03
1.135186440677966175e+03
1.136318644067796868e+03
1.137569491525423700e+03
1.138917514124294030e+03
1.140370621468926629e+03
1.141837288135593326e+03
1.143092655367231828e+03
1.144154802259887219e+03
1.144995480225988786e+03
1.145622598870056663e+03
1.146048587570621294e+03
1.146287005649717685e+03
1.146306214689265289e+03
1.146135593220338933e+03
1.145767231638418025e+03
1.145216949152542384e+03
1.144465536723163950e+03
1.143544632768361680e+03
1.142432768361582021e+03
1.141142372881356096e+03
1.139672316384180704e+03
1.138032768361581930e+03
1.136232768361582202e+03
1.134535593220339251e+03
1.132950282485875960e+03
1.131457627118644268e+03
1.130082485875706425e+03
1.128853107344632917e+03
1.127774011299435188e+03
1.126839548022599047e+03
1.126068926553672554e+03
1.125441807909604677e+03
1.124964971751412577e+03
1.124655367231638593e+03
1.124505084745762815e+03
1.124497175141243133e+03
1.124630508474576345e+03
1.124918644067796777e+03
1.125322033898305108e+03
1.125848587570621476e+03
1.126519774011299432e+03
1.127274576271186561e+03
1.128155932203389966e+03
1.129135593220339160e+03
1.130211299435028423e+03
1.131367231638418161e+03
1.132638418079096027e+03
1.133977401129943701e+03
1.135393220338983156e+03
1.136896045197740250e+03
1.138453107344632826e+03
1.140055367231638684e+03
1.141700564971751419e+03
1.143388700564971714e+03
1.145101694915254484e+03
1.146691525423728990e+03
1.148041807909604813e+03
1.149154802259887219e+03
1.150001129943503202e+03
1.150589830508474734e+03
1.150897175141243224e+03
1.150901694915254211e+03
1.150632768361582066e+03
1.150070056497175301e+03
1.149212429378531169e+03
1.148073446327683769e+03
1.146663276836158275e+03
1.145236158192090443e+03
1.143850847457627424e+03
1.142503954802260068e+03
1.141206779661017208e+03
1.139961581920904109e+03
1.138780790960452123e+03
1.137668926553672463e+03
1.136649717514124404e+03
1.135711864406779796e+03
1.134855367231638638e+03
1.134085875706214665e+03
1.133392090395480409e+03
1.132809039548022611e+03
1.132297175141243088e+03
1.131879096045197684e+03
1.131558192090395551e+03
1.131308474576271237e+03
1.131153672316384473e+03
1.131081355932203678e+03
1.131083615819209172e+03
1.131176271186440772e+03
1.131367231638418161e+03
1.131675706214689399e+03
1.132088135593220613e+03
1.132603389830508604e+03
1.133250847457627287e+03
1.134012429378531124e+03
1.134899435028248718e+03
1.135926553672316459e+03
1.137051977401129989e+03
1.138308474576271237e+03
1.139658757062146833e+03
1.141120903954802543e+03
1.142468926553672418e+03
1.143613559322034234e+03
1.144536723163841998e+03
1.145247457627118820e+03
1.145755932203390103e+03
1.146053107344632963e+03
1.146153672316384245e+03
1.146059887005649671e+03
1.145776271186440681e+03
1.145288135593220431e+03
1.144611299435028286e+03
1.143741242937853258e+03
1.142682485875706334e+03
1.141454237288135573e+03
1.140049717514124268e+03
1.138471186440677911e+03
1.136720903954802225e+03
1.135014689265536617e+03
1.133400000000000091e+03
1.131903954802259932e+03
1.130510734463276776e+03
1.129236158192090443e+03
1.128116384180790874e+03
1.127140112994350147e+03
1.126301694915254302e+03
1.125629378531073598e+03
1.125111864406779659e+03
1.124757062146892622e+03
1.124562711864406765e+03
1.124517514124293712e+03
1.124616949152542475e+03
1.124871186440677775e+03
1.125258757062146742e+03
1.125776271186440681e+03
1.126412429378530987e+03
1.127157062146892486e+03
1.128015819209039364e+03
1.128969491525423564e+03
1.130030508474575981e+03
1.131186440677965948e+03
1.132447457627118638e+03
1.133772881355932213e+03
1.135198870056497071e+03
1.136683615819209081e+03
1.138239548022598910e+03
1.139841807909604540e+03
1.141502824858757094e+03
1.143195480225988604e+03
1.144906214689265653e+03
1.146636158192090534e+03
1.148160451977400953e+03
1.149464406779660976e+03
1.150512994350282497e+03
1.151297175141242860e+03
1.151805649717513916e+03
1.152031638418079183e+03
1.151963841807909603e+03
1.151609039548022565e+03
1.150954802259886947e+03
1.150032768361581930e+03
1.148828248587570670e+03
1.147371751412429376e+03
1.145986440677966129e+03
1.144628248587570624e+03
1.143324293785310601e+03
1.142076836158192236e+03
1.140894915254237276e+03
1.139772881355931986e+03
1.138729943502824881e+03
1.137770621468926493e+03
1.136906214689265425e+03
1.136109604519773939e+03
1.135424858757062111e+03
1.134820338983050760e+03
1.134298305084745607e+03
1.133879096045197457e+03
1.133560451977401044e+03
1.133309604519773984e+03
1.133152542372881271e+03
1.133090395480225652e+03
1.133105084745762724e+03
1.133219209039547877e+03
1.133427118644067832e+03
1.133728813559321907e+03
1.134150282485875550e+03
1.134659887005649580e+03
1.135306214689265516e+03
1.136067796610169353e+03
1.136955932203389693e+03
1.137967231638418070e+03
1.139102824858757231e+03
1.140364971751412440e+03
1.141732203389830602e+03
1.143205649717514007e+03
1.144587570621468785e+03
1.145738983050847310e+03
1.146700564971751419e+03
1.147463276836158229e+03
1.147995480225988558e+03
1.148333333333333485e+03
1.148462146892655255e+03
1.148399999999999864e+03
1.148136723163841907e+03
1.147688135593220295e+03
1.147040677966101612e+03
1.146223728813559319e+03
1.145222598870056572e+03
1.144041807909604586e+03
1.142670056497175210e+03
1.141136723163841907e+03
1.139437288135593235e+03
1.137651977401129898e+03
1.135943502824859024e+03
1.134349152542373076e+03
1.132854237288135664e+03
1.131499435028248627e+03
1.130266666666666879e+03
1.129184180790960454e+03
1.128244067796610352e+03
1.127467796610169671e+03
1.126832768361582112e+03
1.126381920903954779e+03
1.126066666666666833e+03
1.125907344632768400e+03
1.125908474576271374e+03
1.126070056497175301e+03
1.126355932203390012e+03
1.126776271186440908e+03
1.127327683615819296e+03
1.127986440677966357e+03
1.128779661016949376e+03
1.129657627118644314e+03
1.130653107344633099e+03
1.131728813559322134e+03
1.132912994350282588e+03
1.134176271186440772e+03
1.135541242937853440e+03
1.136976271186440954e+03
1.138485875706214983e+03
1.140046327683616028e+03
1.141666666666666970e+03
1.143323163841808082e+03
1.145016949152542566e+03
1.146741242937853485e+03
1.148337853107344699e+03
1.149705084745762861e+03
1.150828248587570670e+03
1.151687005649717776e+03
1.152281355932203496e+03
1.152592090395480454e+03
1.152614689265536981e+03
1.152329943502825017e+03
1.151771751412429467e+03
1.150915254237288309e+03
1.149795480225988740e+03
1.148388700564971714e+03
1.146943502824859024e+03
1.145537853107344745e+03
1.144177401129943519e+03
1.142872316384180749e+03
1.141619209039547968e+03
1.140431638418079274e+03
1.139307344632768491e+03
1.138259887005649944e+03
1.137301694915254302e+03
1.136421468926553871e+03
1.135618079096045221e+03
1.134917514124294030e+03
1.134308474576271237e+03
1.133790960451977753e+03
1.133349152542373304e+03
1.132989830508474824e+03
1.132728813559322134e+03
1.132554802259887083e+03
1.132466666666666697e+03
1.132458757062147015e+03
1.132560451977401499e+03
1.132734463276836323e+03
1.133013559322033871e+03
1.133404519774011533e+03
1.133916384180791056e+03
1.134536723163841771e+03
1.135267796610169626e+03
1.136135593220339160e+03
1.137122033898305290e+03
1.138218079096045130e+03
1.139445197740112917e+03
1.140779661016949149e+03
1.142215819209039637e+03
1.143631638418079092e+03
1.144824858757062202e+03
1.145820338983050988e+03
1.146584180790960545e+03
1.147152542372881499e+03
1.147506214689265562e+03
1.147659887005649807e+03
1.147613559322034007e+03
1.147371751412429603e+03
1.146933333333333394e+03
1.146292655367231873e+03
1.145473446327683632e+03
1.144467796610169444e+03
1.143273446327683587e+03
1.141891525423729036e+03
1.140338983050847446e+03
1.138633898305085040e+03
1.136964971751412577e+03
1.135393220338983156e+03
1.133932203389830647e+03
1.132579661016949103e+03
1.131338983050847673e+03
1.130263276836158184e+03
1.129319774011299614e+03
1.128525423728813621e+03
1.127896045197740023e+03
1.127423728813559364e+03
1.127103954802259977e+03
1.126959322033898388e+03
1.126950282485875960e+03
1.127090395480226107e+03
1.127384180790960727e+03
1.127806779661016890e+03
1.128361581920904200e+03
1.129038418079096118e+03
1.129829378531073417e+03
1.130732203389830602e+03
1.131746892655367446e+03
1.132841807909604540e+03
1.134056497175141430e+03
1.135359322033898252e+03
1.136754802259887128e+03
1.138228248587570533e+03
1.139776271186440681e+03
1.141376271186440817e+03
1.143050847457627242e+03
1.144776271186440681e+03
1.146537853107344517e+03
1.148318644067796640e+03
1.150129943502824972e+03
1.151743502824858751e+03
1.153117514124293848e+03
1.154248587570621567e+03
1.155107344632768445e+03
1.155697175141242951e+03
1.155994350282486039e+03
1.156005649717514189e+03
1.155714124293785289e+03
1.155119774011299342e+03
1.154251977401130034e+03
1.153108474576271419e+03
1.151681355932203587e+03
1.150198870056497299e+03
1.148766101694915278e+03
1.147392090395480409e+03
1.146072316384180795e+03
1.144818079096045494e+03
1.143637288135593280e+03
1.142549152542373122e+03
1.141528813559321861e+03
1.140619209039547968e+03
1.139796610169491487e+03
1.139061016949152418e+03
1.138430508474576072e+03
1.137880225988700431e+03
1.137435028248587514e+03
1.137085875706214665e+03
1.136832768361581884e+03
1.136675706214689399e+03
1.136596610169491669e+03
1.136621468926553462e+03
1.136722033898305199e+03
1.136950282485875732e+03
1.137267796610169626e+03
1.137696045197740204e+03
1.138235028248587696e+03
1.138902824858757185e+03
1.139689265536723269e+03
1.140593220338982974e+03
1.141631638418079092e+03
1.142789830508474552e+03
1.144071186440678048e+03
1.145464406779660976e+03
1.146975141242937752e+03
1.148505084745762815e+03
1.149829378531073417e+03
1.150934463276836141e+03
1.151825988700565176e+03
1.152499435028248627e+03
1.152972881355932259e+03
1.153239548022598683e+03
1.153303954802259796e+03
1.153171751412429330e+03
1.152841807909604540e+03
1.152315254237288173e+03
1.151590960451977480e+03
1.150675706214689399e+03
1.149577401129943610e+03
1.148307344632768491e+03
1.146835028248587605e+03
1.145201129943503020e+03
1.143401129943502838e+03
1.141603389830508604e+03
1.139905084745762679e+03
1.138315254237288173e+03
1.136837288135593099e+03
1.135500564971751373e+03
1.134315254237288173e+03
1.133264406779661158e+03
1.132367231638418161e+03
1.131628248587570852e+03
1.131059887005649671e+03
1.130628248587570852e+03
1.130370621468926629e+03
1.130256497175141249e+03
1.130307344632768491e+03
1.130494915254237185e+03
1.130821468926553734e+03
1.131276836158192054e+03
1.131863276836158320e+03
1.132564971751412486e+03
1.133385310734463474e+03
1.134312994350282679e+03
1.135348022598870102e+03
1.136475706214689353e+03
1.137702824858757140e+03
1.139022598870056754e+03
1.140432768361582021e+03
1.141908474576271146e+03
1.143453107344632826e+03
1.145047457627118774e+03
1.146687005649717548e+03
1.148374011299435097e+03
1.150093785310734347e+03
1.151719774011299478e+03
1.153124293785310783e+03
1.154266666666666652e+03
1.155169491525423837e+03
1.155789830508474552e+03
1.156107344632768445e+03
1.156138983050847401e+03
1.155890395480226061e+03
1.155320903954802361e+03
1.154477966101695074e+03
1.153331073446327991e+03
1.151906214689265653e+03
1.150427118644067832e+03
1.148987570621469104e+03
1.147593220338983201e+03
1.146236158192090443e+03
1.144953672316384200e+03
1.143735593220339069e+03
1.142572881355932168e+03
1.141500564971751373e+03
1.140506214689265789e+03
1.139597740112994416e+03
1.138794350282485993e+03
1.138080225988700704e+03
1.137448587570621385e+03
1.136923163841807991e+03
1.136483615819209035e+03
1.136106214689265471e+03
1.135838418079096300e+03
1.135658757062146833e+03
1.135578531073446356e+03
1.135584180790960545e+03
1.135675706214689399e+03
1.135850847457627424e+03
1.136155932203389966e+03
1.136558192090395551e+03
1.137073446327683996e+03
1.137707344632768582e+03
1.138457627118644268e+03
1.139354802259887265e+03
1.140355932203390012e+03
1.141488135593220477e+03
1.142752542372881635e+03
1.144122033898305290e+03
1.145590960451977480e+03
1.147098305084745789e+03
1.148362711864406947e+03
1.149414689265537163e+03
1.150254237288135755e+03
1.150857627118644359e+03
1.151272316384181067e+03
1.151473446327683632e+03
1.151456497175141521e+03
1.151232768361582202e+03
1.150797740112994688e+03
1.150187570621469149e+03
1.149368361581920908e+03
1.148353672316384291e+03
1.147151412429378524e+03
1.145742372881356005e+03
1.144161581920904155e+03
1.142398870056497344e+03
1.140631638418079092e+03
1.138957062146892895e+03
1.137380790960452032e+03
1.135916384180791056e+03
1.134595480225988922e+03
1.133394350282485902e+03
1.132346892655367355e+03
1.131445197740113144e+03
1.130725423728813439e+03
1.130146892655367310e+03
1.129735593220339069e+03
1.129477966101694847e+03
1.129383050847457525e+03
1.129444067796610170e+03
1.129656497175141340e+03
1.130011299435028150e+03
1.130498305084745880e+03
1.131105084745762724e+03
1.131842937853107287e+03
1.132689265536723269e+03
1.133650847457627151e+03
1.134712994350282543e+03
1.135889265536723087e+03
1.137154802259886992e+03
1.138528813559322089e+03
1.139976271186440727e+03
1.141514124293785244e+03
1.143122033898305062e+03
1.144788700564971805e+03
1.146512994350282270e+03
1.148273446327683587e+03
1.150075706214689262e+03
1.151900564971751464e+03
1.153667796610169489e+03
1.155206779661016753e+03
1.156498305084745880e+03
1.157531073446327582e+03
1.158290395480225925e+03
1.158755932203389875e+03
1.158922033898305017e+03
1.158793220338982792e+03
1.158368361581920681e+03
1.157663276836158047e+03
1.156664406779661022e+03
1.155386440677965766e+03
1.153838418079095845e+03
1.152324293785310601e+03
1.150865536723163814e+03
1.149459887005649534e+03
1.148120903954802088e+03
1.146854237288135664e+03
1.145653107344632645e+03
1.144535593220338797e+03
1.143502824858756867e+03
1.142561581920903791e+03
1.141727683615818933e+03
1.140974011299435006e+03
1.140312994350282224e+03
1.139744632768361498e+03
1.139281355932203269e+03
1.138899435028248263e+03
1.138607909604519591e+03
1.138415819209039455e+03
1.138302824858756821e+03
1.138300564971751328e+03
1.138396610169491396e+03
1.138598870056496935e+03
1.138906214689265198e+03
1.139333333333333030e+03
1.139884745762711646e+03
1.140543502824858479e+03
1.141349152542372622e+03
1.142275706214689308e+03
1.143345762711864154e+03
1.144538983050847264e+03
1.145837288135593099e+03
1.147274576271186106e+03
1.148783050847457616e+03
1.150235028248587469e+03
1.151471186440677911e+03
1.152509604519773802e+03
1.153325423728813348e+03
1.153938983050847128e+03
1.154367231638417707e+03
1.154585310734463064e+03
1.154597740112993961e+03
1.154420338983050442e+03
1.154049717514124040e+03
1.153485875706214529e+03
1.152742372881356005e+03
1.151809039548022611e+03
1.150693785310734256e+03
1.149403389830508331e+03
1.147914124293785335e+03
1.146271186440677866e+03
1.144466666666666697e+03
1.142740112994350056e+03
1.141146892655367083e+03
1.139635028248587332e+03
1.138257627118643995e+03
1.137038418079095663e+03
1.135969491525423564e+03
1.135032768361581930e+03
1.134263276836157956e+03
1.133664406779661022e+03
1.133231638418079001e+03
1.132935593220338887e+03
1.132810169491525357e+03
1.132831638418078910e+03
1.132989830508474370e+03
1.133292655367231418e+03
1.133719774011299251e+03
1.134279096045197548e+03
1.134966101694915324e+03
1.135767231638418025e+03
1.136658757062146833e+03
1.137680225988700386e+03
1.138792090395480045e+03
1.140006779661016935e+03
1.141300564971751328e+03
1.142681355932203360e+03
1.144137853107344654e+03
1.145645197740112962e+03
1.147237288135593190e+03
1.148868926553672281e+03
1.150559322033898297e+03
1.152283615819208990e+03
1.154029378531073235e+03
1.155584180790960318e+03
1.156908474576271146e+03
1.157970621468926311e+03
1.158781920903954642e+03
1.159301694915254075e+03
1.159525423728813394e+03
1.159457627118643813e+03
1.159084745762711691e+03
1.158423728813559137e+03
1.157487005649717503e+03
1.156254237288135528e+03
1.154744632768361498e+03
1.153253107344632554e+03
1.151815819209039319e+03
1.150440677966101475e+03
1.149087005649717184e+03
1.147823728813559228e+03
1.146621468926553462e+03
1.145480225988700568e+03
1.144432768361581793e+03
1.143461016949152508e+03
1.142593220338982974e+03
1.141804519774011169e+03
1.141122033898305062e+03
1.140518644067796686e+03
1.139999999999999773e+03
1.139584180790960318e+03
1.139257627118643995e+03
1.139003389830508240e+03
1.138862146892655346e+03
1.138807909604519637e+03
1.138835028248587605e+03
1.138970621468926311e+03
1.139209039548022247e+03
1.139561581920903791e+03
1.140019209039547832e+03
1.140603389830508377e+03
1.141331073446327537e+03
1.142171751412429330e+03
1.143141242937852894e+03
1.144237288135593190e+03
1.145451977401129852e+03
1.146786440677965857e+03
1.148228248587570533e+03
1.149781920903954870e+03
1.151180790960451986e+03
1.152367231638418161e+03
1.153326553672316322e+03
1.154075706214689035e+03
1.154613559322033780e+03
1.154936723163841634e+03
1.155045197740113053e+03
1.154957062146892667e+03
1.154670056497175210e+03
1.154172881355932077e+03
1.153496045197740159e+03
1.152602259887005630e+03
1.151517514124293712e+03
1.150239548022598683e+03
1.148768361581920772e+03
1.147119774011299342e+03
1.145294915254237139e+03
1.143534463276836050e+03
1.141856497175141158e+03
1.140308474576271010e+03
1.138868926553672281e+03
1.137558192090395551e+03
1.136379661016949058e+03
1.135358192090395278e+03
1.134488135593220250e+03
1.133780790960451895e+03
1.133238418079095936e+03
1.132850847457626969e+03
1.132625988700564903e+03
1.132560451977401044e+03
1.132625988700564903e+03
1.132844067796610261e+03
1.133193220338982883e+03
1.133679096045197639e+03
1.134280225988700749e+03
1.135007909604519682e+03
1.135835028248587605e+03
1.136786440677966311e+03
1.137832768361582112e+03
1.138981920903954688e+03
1.140230508474576254e+03
1.141570621468926674e+03
1.142994350282485811e+03
1.144494915254237185e+03
1.146059887005649671e+03
1.147692655367231737e+03
1.149376271186440590e+03
1.151087005649717412e+03
1.152830508474576163e+03
1.154612429378531033e+03
1.156317514124293666e+03
1.157760451977400862e+03
1.158943502824858570e+03
1.159823728813559228e+03
1.160444067796610170e+03
1.160769491525423746e+03
1.160780790960452123e+03
1.160493785310734438e+03
1.159902824858756958e+03
1.159021468926553553e+03
1.157856497175141158e+03
1.156407909604519773e+03
1.154884745762711873e+03
1.153419209039548150e+03
1.151989830508474597e+03
1.150614689265536526e+03
1.149310734463276731e+03
1.148072316384180795e+03
1.146925423728813485e+03
1.145850847457626969e+03
1.144861016949152599e+03
1.143955932203389693e+03
1.143143502824858842e+03
1.142421468926553644e+03
1.141781920903954870e+03
1.141235028248587696e+03
1.140787570621468831e+03
1.140421468926553644e+03
1.140144632768361589e+03
1.139962711864406629e+03
1.139883615819208899e+03
1.139891525423728581e+03
1.140002259887005494e+03
1.140210169491525448e+03
1.140553672316384109e+03
1.140987570621468876e+03
1.141569491525423473e+03
1.142273446327683587e+03
1.143115254237287900e+03
1.144083615819208944e+03
1.145175141242937798e+03
1.146390960451977207e+03
1.147743502824858751e+03
1.149168361581920863e+03
1.150708474576271328e+03
1.152102824858757003e+03
1.153298305084745607e+03
1.154280225988700522e+03
1.155053107344632735e+03
1.155611299435028286e+03
1.155992090395480318e+03
1.156155932203389739e+03
1.156120903954802088e+03
1.155883615819209126e+03
1.155471186440677911e+03
1.154849717514124222e+03
1.154038418079096118e+03
1.153054237288135482e+03
1.151879096045197684e+03
1.150520903954802179e+03
1.148985310734463383e+03
1.147276836158192054e+03
1.145564971751412486e+03
1.143963841807909375e+03
1.142479096045197593e+03
1.141101694915254029e+03
1.139870056497175028e+03
1.138771751412429239e+03
1.137831638418079137e+03
1.137036158192090397e+03
1.136410169491525494e+03
1.135932203389830420e+03
1.135623728813559410e+03
1.135482485875706061e+03
1.135476836158192100e+03
1.135616949152542475e+03
1.135893785310734302e+03
1.136299435028248354e+03
1.136832768361581657e+03
1.137485875706214529e+03
1.138261016949152236e+03
1.139133333333333212e+03
1.140123163841807809e+03
1.141229378531073507e+03
1.142413559322033734e+03
1.143683615819209081e+03
1.145070056497174846e+03
1.146538983050847037e+03
1.148068926553672100e+03
1.149656497175141112e+03
1.151305084745762542e+03
1.152992090395480091e+03
1.154726553672316186e+03
1.156497175141242906e+03
1.158145762711864336e+03
1.159581920903954824e+03
1.160742372881355777e+03
1.161654237288135391e+03
1.162298305084745607e+03
1.162642937853107242e+03
1.162693785310734256e+03
1.162462146892655255e+03
1.161933333333333394e+03
1.161123163841807809e+03
1.160035028248587423e+03
1.158671186440677957e+03
1.157125423728813530e+03
1.155624858757062157e+03
1.154163841807909421e+03
1.152750282485875687e+03
1.151396610169491396e+03
1.150127683615819024e+03
1.148911864406779387e+03
1.147771751412429467e+03
1.146703954802259886e+03
1.145740112994350284e+03
1.144865536723164041e+03
1.144084745762711918e+03
1.143381920903954779e+03
1.142775141242937934e+03
1.142275706214689308e+03
1.141838418079096073e+03
1.141496045197739932e+03
1.141238418079095936e+03
1.141077966101694983e+03
1.141007909604519682e+03
1.141033898305084676e+03
1.141168361581920863e+03
1.141421468926553644e+03
1.141764971751412531e+03
1.142246327683615846e+03
1.142837288135593099e+03
1.143575141242937661e+03
1.144435028248587514e+03
1.145423728813559592e+03
1.146529943502824835e+03
1.147761581920904064e+03
1.149109604519774166e+03
1.150555932203390057e+03
1.152013559322033871e+03
1.153266666666666879e+03
1.154310734463276958e+03
1.155138983050847401e+03
1.155775141242937934e+03
1.156200000000000045e+03
1.156415819209039682e+03
1.156448587570621385e+03
1.156261016949152463e+03
1.155898305084745971e+03
1.155323163841807855e+03
1.154560451977401044e+03
1.153618079096045221e+03
1.152477966101695074e+03
1.151174011299434824e+03
1.149674576271186652e+03
1.148012429378531124e+03
1.146227118644067787e+03
1.144541242937853212e+03
1.142945762711864518e+03
1.141459887005649762e+03
1.140103954802259977e+03
1.138885875706214847e+03
1.137813559322034052e+03
1.136894915254237276e+03
1.136118644067796822e+03
1.135510734463277004e+03
1.135039548022598865e+03
1.134725423728813666e+03
1.134575141242938116e+03
1.134574011299435142e+03
1.134712994350282543e+03
1.134980790960451941e+03
1.135377401129943564e+03
1.135889265536723087e+03
1.136520903954802407e+03
1.137257627118643995e+03
1.138117514124293848e+03
1.139080225988700704e+03
1.140127683615819478e+03
1.141289265536723178e+03
1.142543502824858933e+03
1.143877966101695165e+03
1.145291525423728899e+03
1.146757062146892622e+03
1.148289265536723178e+03
1.149877966101695165e+03
1.151517514124293939e+03
1.153185310734463201e+03
1.154875706214689444e+03
1.156567231638418207e+03
1.158014689265536845e+03
1.159189830508474643e+03
1.160117514124293848e+03
1.160752542372881408e+03
1.161108474576271419e+03
1.161157062146892713e+03
1.160918644067796777e+03
1.160379661016949285e+03
1.159561581920904246e+03
1.158474576271186379e+03
1.157110734463276913e+03
1.155667796610169489e+03
1.154270056497175347e+03
1.152917514124294030e+03
1.151611299435028286e+03
1.150371751412429603e+03
1.149198870056497299e+03
1.148097175141243042e+03
1.147083615819209172e+03
1.146144632768361816e+03
1.145303954802260023e+03
1.144540112994350693e+03
1.143877966101695165e+03
1.143282485875706243e+03
1.142794350282485993e+03
1.142371751412429376e+03
1.142038418079096118e+03
1.141803389830508650e+03
1.141661016949152554e+03
1.141598870056497162e+03
1.141631638418079319e+03
1.141760451977401317e+03
1.141997740112994506e+03
1.142342372881356141e+03
1.142801129943502929e+03
1.143386440677966220e+03
1.144093785310734347e+03
1.144924293785310738e+03
1.145890395480225834e+03
1.146984180790960409e+03
1.148187570621469149e+03
1.149517514124293939e+03
1.150968361581921044e+03
1.152514124293785471e+03
1.153906214689265653e+03
1.155108474576271419e+03
1.156082485875706425e+03
1.156861016949152599e+03
1.157450847457627333e+03
1.157835028248587605e+03
1.158021468926553780e+03
1.157985310734463383e+03
1.157771751412429467e+03
1.157364971751412668e+03
1.156761581920904064e+03
1.155986440677966129e+03
1.155003389830508468e+03
1.153856497175141158e+03
1.152519774011299432e+03
1.150997740112994279e+03
1.149322033898305108e+03
1.147579661016949103e+03
1.145933333333333394e+03
1.144414689265536708e+03
1.143015819209039591e+03
1.141741242937853258e+03
1.140590960451977480e+03
1.139607909604519818e+03
1.138778531073446402e+03
1.138107344632768445e+03
1.137583050847457798e+03
1.137222598870056572e+03
1.137014689265536845e+03
1.136962711864406856e+03
1.137038418079096118e+03
1.137280225988700749e+03
1.137629378531073598e+03
1.138101694915254257e+03
1.138703954802259886e+03
1.139421468926553644e+03
1.140256497175141249e+03
1.141186440677966175e+03
1.142236158192090443e+03
1.143367231638418161e+03
1.144595480225988922e+03
1.145908474576271374e+03
1.147303954802259796e+03
1.148776271186440681e+03
1.150312994350282452e+03
1.151900564971751464e+03
1.153537853107344745e+03
1.155192090395480136e+03
1.156893785310734529e+03
1.158610169491525539e+03
1.160131073446327719e+03
1.161411299435028468e+03
1.162413559322033962e+03
1.163150282485875778e+03
1.163604519774011351e+03
1.163757062146892622e+03
1.163615819209039728e+03
1.163186440677966175e+03
1.162467796610169444e+03
1.161475706214689353e+03
1.160198870056497299e+03
1.158702824858757140e+03
1.157253107344632781e+03
1.155841807909604540e+03
1.154481355932203314e+03
1.153168361581921090e+03
1.151915254237288309e+03
1.150745762711864472e+03
1.149650847457627151e+03
1.148613559322033780e+03
1.147679096045197639e+03
1.146822598870056481e+03
1.146056497175141203e+03
1.145379661016949285e+03
1.144787570621468831e+03
1.144277966101694801e+03
1.143865536723163814e+03
1.143518644067796686e+03
1.143273446327683359e+03
1.143100564971751282e+03
1.143033898305084676e+03
1.143072316384180795e+03
1.143195480225988831e+03
1.143431638418079274e+03
1.143781920903954870e+03
1.144253107344632781e+03
1.144844067796610034e+03
1.145570621468926674e+03
1.146411299435028241e+03
1.147386440677966220e+03
1.148487005649717503e+03
1.149717514124293984e+03
1.151031638418079183e+03
1.152454237288135573e+03
1.153950282485875505e+03
1.155236158192090443e+03
1.156318644067796640e+03
1.157185310734463201e+03
1.157850847457627196e+03
1.158310734463276731e+03
1.158570621468926674e+03
1.158638418079096027e+03
1.158501694915254120e+03
1.158168361581921090e+03
1.157649717514124404e+03
1.156929943502824699e+03
1.156036158192090170e+03
1.154936723163841634e+03
1.153666666666666515e+03
1.152216949152542384e+03
1.150594350282485948e+03
1.148868926553672281e+03
1.147224858757062066e+03
1.145684745762711827e+03
1.144256497175141249e+03
1.142962711864406629e+03
1.141793220338982792e+03
1.140762711864406810e+03
1.139897175141242997e+03
1.139170621468926583e+03
1.138609039548022565e+03
1.138214689265536890e+03
1.137962711864406856e+03
1.137856497175141158e+03
1.137902824858756958e+03
1.138088135593220386e+03
1.138413559322033962e+03
1.138870056497175028e+03
1.139455367231638320e+03
1.140132203389830465e+03
1.140920903954802270e+03
1.141839548022598819e+03
1.142832768361581884e+03
1.143942372881355823e+03
1.145148022598870057e+03
1.146439548022598728e+03
1.147824858757061975e+03
1.149294915254237367e+03
1.150813559322034052e+03
1.152390960451977435e+03
1.154031638418079183e+03
1.155720903954801997e+03
1.157437288135593008e+03
1.159164971751412395e+03
1.160840677966101794e+03
1.162287005649717457e+03
1.163483615819208808e+03
1.164414689265536708e+03
1.165041807909604358e+03
1.165404519774011078e+03
1.165468926553672190e+03
1.165242937853107378e+03
1.164725423728813439e+03
1.163931073446327446e+03
1.162850847457626969e+03
1.161508474576271055e+03
1.160007909604519682e+03
1.158543502824858479e+03
1.157123163841807582e+03
1.155763841807909557e+03
1.154467796610169444e+03
1.153230508474576254e+03
1.152075706214689035e+03
1.150979661016949194e+03
1.150001129943502747e+03
1.149076836158192009e+03
1.148261016949152463e+03
1.147537853107344517e+03
1.146892655367231328e+03
1.146334463276835777e+03
1.145870056497175028e+03
1.145498305084745652e+03
1.145210169491525448e+03
1.145025988700564767e+03
1.144923163841807764e+03
1.144906214689265425e+03
1.144997740112994279e+03
1.145190960451977389e+03
1.145499435028248399e+03
1.145917514124293575e+03
1.146465536723163723e+03
1.147127683615819251e+03
1.147931073446327673e+03
1.148857627118643904e+03
1.149920903954802270e+03
1.151094915254237094e+03
1.152402259887005584e+03
1.153812429378530851e+03
1.155312994350282452e+03
1.156689265536723042e+03
1.157863276836158093e+03
1.158824858757061975e+03
1.159567231638417979e+03
1.160119774011299342e+03
1.160453107344632599e+03
1.160598870056496935e+03
1.160550282485875414e+03
1.160302824858756821e+03
1.159862146892655119e+03
1.159241807909604177e+03
1.158425988700564858e+03
1.157413559322033962e+03
1.156221468926553371e+03
1.154864406779660840e+03
1.153335593220338751e+03
1.151620338983050715e+03
1.149877966101694710e+03
1.148229378531073280e+03
1.146696045197739977e+03
1.145257627118643995e+03
1.143976271186440499e+03
1.142810169491525357e+03
1.141812429378530851e+03
1.140951412429378252e+03
1.140250847457626833e+03
1.139711864406779341e+03
1.139324293785310374e+03
1.139094915254237094e+03
1.139015819209039364e+03
1.139080225988700477e+03
1.139284745762711736e+03
1.139618079096044994e+03
1.140070056497174846e+03
1.140657627118643859e+03
1.141353672316384063e+03
1.142180790960451759e+03
1.143102824858756776e+03
1.144136723163841680e+03
1.145270056497175119e+03
1.146500564971751373e+03
1.147819209039547786e+03
1.149213559322033689e+03
1.150688135593220068e+03
1.152231638418079001e+03
1.153839548022598592e+03
1.155489265536722996e+03
1.157171751412429330e+03
1.158892655367231555e+03
1.160630508474576118e+03
1.162167231638417888e+03
1.163440677966101475e+03
1.164449717514124131e+03
1.165188700564971668e+03
1.165647457627118456e+03
1.165795480225988740e+03
1.165650847457627151e+03
1.165225988700564812e+03
1.164474576271186379e+03
1.163458757062146788e+03
1.162154802259886765e+03
1.160619209039547968e+03
1.159144632768361362e+03
1.157711864406779569e+03
1.156324293785310601e+03
1.154998870056497026e+03
1.153741242937853031e+03
1.152551412429378388e+03
1.151439548022598956e+03
1.150410169491525266e+03
1.149456497175141067e+03
1.148603389830508377e+03
1.147838418079095845e+03
1.147149152542372576e+03
1.146566101694915233e+03
1.146061016949152418e+03
1.145654237288135391e+03
1.145334463276835777e+03
1.145085875706214438e+03
1.144933333333332939e+03
1.144868926553672054e+03
1.144918644067796322e+03
1.145066666666666379e+03
1.145314124293784971e+03
1.145676836158191918e+03
1.146171751412429330e+03
1.146788700564971577e+03
1.147532203389830556e+03
1.148404519774011078e+03
1.149410169491525266e+03
1.150534463276836050e+03
1.151793220338982792e+03
1.153152542372881271e+03
1.154637288135593053e+03
1.156218079096044903e+03
1.157682485875705879e+03
1.158928813559321725e+03
1.159955932203389693e+03
1.160764971751412304e+03
1.161369491525423655e+03
1.161776271186440454e+03
1.161954802259886719e+03
1.161937853107344381e+03
1.161706214689265380e+03
1.161290395480225925e+03
1.160657627118643859e+03
1.159825988700564722e+03
1.158819209039547786e+03
1.157601129943502656e+03
1.156212429378530942e+03
1.154644067796609761e+03
1.152881355932203178e+03
1.151118644067796140e+03
1.149446327683615436e+03
1.147898305084745516e+03
1.146448587570621385e+03
1.145150282485875550e+03
1.143997740112994052e+03
1.142987570621468876e+03
1.142125423728813303e+03
1.141437288135593008e+03
1.140894915254237048e+03
1.140522033898304926e+03
1.140298305084745607e+03
1.140221468926553371e+03
1.140297175141242633e+03
1.140490395480225743e+03
1.140825988700564722e+03
1.141289265536722951e+03
1.141872316384180522e+03
1.142571751412428966e+03
1.143384180790960272e+03
1.144308474576271010e+03
1.145337853107344472e+03
1.146453107344632599e+03
1.147672316384180704e+03
1.148978531073445993e+03
1.150376271186440590e+03
1.151842937853107060e+03
1.153374011299434869e+03
1.154971751412429057e+03
1.156610169491525312e+03
1.158282485875706016e+03
1.160000000000000000e+03
1.161727683615818933e+03
1.163293785310734165e+03
1.164612429378530805e+03
1.165661016949152327e+03
1.166445197740112690e+03
1.166922033898305017e+03
1.167112994350282406e+03
1.167012429378530896e+03
1.166618079096044994e+03
1.165940112994350102e+03
1.164977401129943246e+03
1.163743502824858524e+03
1.162247457627118365e+03
1.160789830508474552e+03
1.159367231638417707e+03
1.157993220338982610e+03
1.156690395480225561e+03
1.155445197740112690e+03
1.154272316384180613e+03
1.153183050847457707e+03
1.152174011299434824e+03
1.151258757062146742e+03
1.150423728813559137e+03
1.149696045197739977e+03
1.149044067796609852e+03
1.148481355932203314e+03
1.147992090395480091e+03
1.147603389830508149e+03
1.147309604519773757e+03
1.147127683615819024e+03
1.147023728813559046e+03
1.147005649717513961e+03
1.147100564971751282e+03
1.147308474576270783e+03
1.147620338983050715e+03
1.148054237288135482e+03
1.148613559322033780e+03
1.149293785310734393e+03
1.150117514124293621e+03
1.151077966101694983e+03
1.152153672316384018e+03
1.153369491525423655e+03
1.154688135593220068e+03
1.156140112994350147e+03
1.157687005649717321e+03
1.159123163841807809e+03
1.160336723163841725e+03
1.161349152542372849e+03
1.162153672316384018e+03
1.162742372881355550e+03
1.163125423728813530e+03
1.163320903954802134e+03
1.163299435028248354e+03
1.163088135593220159e+03
1.162666666666666515e+03
1.162044067796609852e+03
1.161227118644067559e+03
1.160230508474576254e+03
1.159031638418078956e+03
1.157644067796609988e+03
1.156101694915254029e+03
1.154372881355931895e+03
1.152540112994350238e+03
1.150801129943502701e+03
1.149161581920903700e+03
1.147664406779660794e+03
1.146296045197739886e+03
1.145045197740112826e+03
1.143971751412429285e+03
1.143028248587570488e+03
1.142249717514124086e+03
1.141646327683615709e+03
1.141188700564971441e+03
1.140897175141242769e+03
1.140760451977400862e+03
1.140777401129943428e+03
1.140922033898305017e+03
1.141202259887005539e+03
1.141624858757061929e+03
1.142190960451977389e+03
1.142887005649717366e+03
1.143690395480225789e+03
1.144606779661016617e+03
1.145630508474575890e+03
1.146763841807909557e+03
1.148010169491525176e+03
1.149351412429378342e+03
1.150771751412429239e+03
1.152262146892654982e+03
1.153842937853107287e+03
1.155481355932203314e+03
1.157184180790960227e+03
1.158928813559321952e+03
1.160707344632768127e+03
1.162510734463276776e+03
1.164169491525423609e+03
1.165572881355932168e+03
1.166712994350282315e+03
1.167574011299434915e+03
1.168138983050847401e+03
1.168437288135593008e+03
1.168405649717513825e+03
1.168093785310734347e+03
1.167468926553672190e+03
1.166577401129943382e+03
1.165378531073446084e+03
1.163901694915254211e+03
1.162300564971751101e+03
1.160726553672316186e+03
1.159213559322033689e+03
1.157748022598869966e+03
1.156343502824858433e+03
1.155018079096044858e+03
1.153774011299434733e+03
1.152598870056496935e+03
1.151510734463276549e+03
1.150502824858756867e+03
1.149584180790960318e+03
1.148762711864406356e+03
1.148031638418078728e+03
1.147398870056496889e+03
1.146831638418078910e+03
1.146361581920903973e+03
1.145976271186440499e+03
1.145693785310734256e+03
1.145500564971751373e+03
1.145402259887005584e+03
1.145410169491525266e+03
1.145535593220338797e+03
1.145778531073446175e+03
1.146125423728813530e+03
1.146614689265536526e+03
1.147220338983050624e+03
1.147972881355932032e+03
1.148850847457626969e+03
1.149865536723163586e+03
1.150997740112994052e+03
1.152237288135592962e+03
1.153599999999999909e+03
1.155067796610169353e+03
1.156631638418078865e+03
1.157979661016948967e+03
1.159131073446327491e+03
1.160058757062146469e+03
1.160770621468926265e+03
1.161280225988700295e+03
1.161588700564971532e+03
1.161689265536723042e+03
1.161587570621468785e+03
1.161279096045197548e+03
1.160769491525423746e+03
1.160061016949152418e+03
1.159166101694915142e+03
1.158058757062146697e+03
1.156762711864406810e+03
1.155290395480225925e+03
1.153635028248587332e+03
1.151915254237288082e+03
1.150283615819208990e+03
1.148754802259886674e+03
1.147341242937853167e+03
1.146058757062146924e+03
1.144911864406779387e+03
1.143918644067796322e+03
1.143059887005649671e+03
1.142380790960451577e+03
1.141862146892655119e+03
1.141485875706214529e+03
1.141271186440677639e+03
1.141206779661016753e+03
1.141283615819208762e+03
1.141473446327683405e+03
1.141824858757061975e+03
1.142287005649717230e+03
1.142884745762711646e+03
1.143585310734463064e+03
1.144405649717514052e+03
1.145338983050847219e+03
1.146371751412429148e+03
1.147517514124293712e+03
1.148748022598869966e+03
1.150073446327683314e+03
1.151481355932203314e+03
1.152955932203389693e+03
1.154509604519773802e+03
1.156115254237287900e+03
1.157767231638417798e+03
1.159463276836158002e+03
1.161202259887005312e+03
1.162959322033898161e+03
1.164708474576270874e+03
1.166216949152542156e+03
1.167451977401129625e+03
1.168423728813559137e+03
1.169108474576270964e+03
1.169474576271186379e+03
1.169561581920903791e+03
1.169338983050847219e+03
1.168833898305084404e+03
1.168027118644067741e+03
1.166937853107344381e+03
1.165592090395480000e+03
1.164071186440677820e+03
1.162588700564971532e+03
1.161159322033898206e+03
1.159775141242937934e+03
1.158473446327683632e+03
1.157236158192090215e+03
1.156070056497175074e+03
1.154988700564971623e+03
1.154009039548022429e+03
1.153100564971751282e+03
1.152281355932203269e+03
1.151552542372881362e+03
1.150928813559321952e+03
1.150378531073446084e+03
1.149946892655367037e+03
1.149590960451977253e+03
1.149323163841807855e+03
1.149161581920903700e+03
1.149084745762711691e+03
1.149125423728813530e+03
1.149258757062146742e+03
1.149524293785310647e+03
1.149914124293785335e+03
1.150439548022598728e+03
1.151087005649717412e+03
1.151858757062146879e+03
1.152772881355932213e+03
1.153818079096045039e+03
1.155014689265536617e+03
1.156334463276836004e+03
1.157761581920904064e+03
1.159301694915254302e+03
1.160954802259886947e+03
1.162420338983050897e+03
1.163668926553672463e+03
1.164692655367231509e+03
1.165540112994350238e+03
1.166159322033898206e+03
1.166586440677966038e+03
1.166816949152542293e+03
1.166846327683615755e+03
1.166672316384180704e+03
1.166302824858757049e+03
1.165740112994350284e+03
1.164966101694915324e+03
1.164015819209039364e+03
1.162871186440677775e+03
1.161527683615819114e+03
1.160006779661016935e+03
1.158326553672316095e+03
1.156470056497174937e+03
1.154715254237288036e+03
1.153079096045197730e+03
1.151560451977401044e+03
1.150201129943502565e+03
1.148970621468926311e+03
1.147899435028248490e+03
1.146980790960451941e+03
1.146210169491525448e+03
1.145606779661016844e+03
1.145160451977400953e+03
1.144876836158191963e+03
1.144735593220338842e+03
1.144744632768361498e+03
1.144888135593220341e+03
1.145161581920903700e+03
1.145576271186440408e+03
1.146103954802259750e+03
1.146755932203389648e+03
1.147534463276836050e+03
1.148425988700564858e+03
1.149433898305084540e+03
1.150533333333333303e+03
1.151737853107344563e+03
1.153038418079095891e+03
1.154414689265536708e+03
1.155874576271186470e+03
1.157400000000000091e+03
1.158986440677966129e+03
1.160620338983050715e+03
1.162301694915254302e+03
1.164028248587570488e+03
1.165757062146892622e+03
1.167279096045197548e+03
1.168545762711864199e+03
1.169524293785310647e+03
1.170225988700564812e+03
1.170635028248587560e+03
1.170750282485875687e+03
1.170562711864406765e+03
1.170071186440678048e+03
1.169293785310734393e+03
1.168215819209039410e+03
1.166873446327683496e+03
1.165266666666666424e+03
1.163708474576270874e+03
1.162181920903954733e+03
1.160694915254237230e+03
1.159283615819208990e+03
1.157918644067796549e+03
1.156625988700564903e+03
1.155404519774011078e+03
1.154267796610169626e+03
1.153213559322033689e+03
1.152248587570621567e+03
1.151353672316384063e+03
1.150548022598869920e+03
1.149831638418079137e+03
1.149196610169491578e+03
1.148650847457627151e+03
1.148194350282485857e+03
1.147811299435028104e+03
1.147528813559321861e+03
1.147355932203389784e+03
1.147285875706214711e+03
1.147308474576271237e+03
1.147445197740112917e+03
1.147729943502824881e+03
1.148112994350282406e+03
1.148635028248587560e+03
1.149291525423728672e+03
1.150068926553672327e+03
1.150990960451977571e+03
1.152031638418079183e+03
1.153197740112994325e+03
1.154483615819209263e+03
1.155863276836158093e+03
1.157345762711864381e+03
1.158744632768361498e+03
1.159911864406779614e+03
1.160873446327683723e+03
1.161624858757062157e+03
1.162169491525423609e+03
1.162527683615819114e+03
1.162661016949152327e+03
1.162581920903954597e+03
1.162310734463276731e+03
1.161847457627118274e+03
1.161180790960451759e+03
1.160318644067796413e+03
1.159261016949152236e+03
1.158011299435027922e+03
1.156571751412429194e+03
1.154943502824858570e+03
1.153189830508474415e+03
1.151508474576271055e+03
1.149942372881355823e+03
1.148487005649717275e+03
1.147154802259886765e+03
1.145953672316383972e+03
1.144881355932202950e+03
1.143992090395479863e+03
1.143232768361581748e+03
1.142636158192090306e+03
1.142181920903954506e+03
1.141887005649717139e+03
1.141735593220338842e+03
1.141731073446327628e+03
1.141839548022598592e+03
1.142103954802259750e+03
1.142481355932203314e+03
1.143000000000000000e+03
1.143624858757062157e+03
1.144360451977400999e+03
1.145206779661016753e+03
1.146171751412429330e+03
1.147235028248587469e+03
1.148397740112994143e+03
1.149659887005649580e+03
1.151005649717514189e+03
1.152422598870056390e+03
1.153915254237288082e+03
1.155484745762711782e+03
1.157087005649717412e+03
1.158748022598870193e+03
1.160447457627118638e+03
1.162168361581920863e+03
1.163916384180790828e+03
1.165498305084745880e+03
1.166819209039548014e+03
1.167866666666666561e+03
1.168627118644067650e+03
1.169096045197740068e+03
1.169291525423728672e+03
1.169171751412429330e+03
1.168751412429378433e+03
1.168044067796610307e+03
1.167082485875706425e+03
1.165828248587570670e+03
1.164309604519773984e+03
1.162809039548022611e+03
1.161337853107344699e+03
1.159931073446327446e+03
1.158586440677966038e+03
1.157315254237288173e+03
1.156103954802259977e+03
1.154970621468926765e+03
1.153907344632768400e+03
1.152943502824858797e+03
1.152058757062146924e+03
1.151268926553672372e+03
1.150571751412429421e+03
1.149941242937853076e+03
1.149401129943502838e+03
1.148963841807909603e+03
1.148613559322033780e+03
1.148343502824858660e+03
1.148183050847457707e+03
1.148101694915254257e+03
1.148122033898305290e+03
1.148271186440677866e+03
1.148524293785310647e+03
1.148929943502824699e+03
1.149455367231638320e+03
1.150107344632768218e+03
1.150902824858756958e+03
1.151822598870056481e+03
1.152871186440677775e+03
1.154058757062146924e+03
1.155359322033898479e+03
1.156764971751412304e+03
1.158289265536723178e+03
1.159823728813559228e+03
1.161149152542372804e+03
1.162287005649717457e+03
1.163225988700564812e+03
1.163964971751412349e+03
1.164494915254237185e+03
1.164827118644067923e+03
1.164990960451977344e+03
1.164937853107344608e+03
1.164675706214689399e+03
1.164230508474576254e+03
1.163600000000000136e+03
1.162778531073446402e+03
1.161766101694915278e+03
1.160569491525423928e+03
1.159193220338983338e+03
1.157654237288135619e+03
1.155933333333333394e+03
1.154185310734463201e+03
1.152559322033898297e+03
1.151046327683615800e+03
1.149671186440677957e+03
1.148431638418079046e+03
1.147349152542372849e+03
1.146405649717514052e+03
1.145616949152542247e+03
1.144976271186440727e+03
1.144508474576271055e+03
1.144174011299435051e+03
1.144021468926553780e+03
1.143984180790960636e+03
1.144084745762711918e+03
1.144316384180790919e+03
1.144680225988700613e+03
1.145171751412429330e+03
1.145777401129943428e+03
1.146500564971751373e+03
1.147326553672316322e+03
1.148265536723163677e+03
1.149322033898305108e+03
1.150457627118644041e+03
1.151694915254237458e+03
1.153009039548022656e+03
1.154406779661017026e+03
1.155868926553672281e+03
1.157396610169491623e+03
1.158986440677966129e+03
1.160596610169491669e+03
1.162253107344633008e+03
1.163935593220339115e+03
1.165585310734463292e+03
1.166972881355932259e+03
1.168097175141243042e+03
1.168960451977401362e+03
1.169519774011299432e+03
1.169796610169491487e+03
1.169796610169491714e+03
1.169498305084745880e+03
1.168902824858757185e+03
1.168012429378531124e+03
1.166880225988700658e+03
1.165475706214689353e+03
1.163976271186440954e+03
1.162492655367231691e+03
1.161066666666666833e+03
1.159717514124294212e+03
1.158411299435028468e+03
1.157187570621469149e+03
1.156023728813559501e+03
1.154938983050847582e+03
1.153926553672316459e+03
1.153006779661016935e+03
1.152168361581921090e+03
1.151414689265536708e+03
1.150737853107344563e+03
1.150155932203389739e+03
1.149646327683615937e+03
1.149230508474576254e+03
1.148892655367231782e+03
1.148666666666666742e+03
1.148510734463277004e+03
1.148467796610169444e+03
1.148533333333333303e+03
1.148707344632768582e+03
1.148985310734463383e+03
1.149398870056497344e+03
1.149941242937853076e+03
1.150613559322034234e+03
1.151412429378531215e+03
1.152349152542372849e+03
1.153418079096045403e+03
1.154605649717514098e+03
1.155893785310734529e+03
1.157299435028248809e+03
1.158789830508474552e+03
1.160197740112994325e+03
1.161383050847457753e+03
1.162388700564971714e+03
1.163172881355932304e+03
1.163755932203389875e+03
1.164140112994350375e+03
1.164320903954802361e+03
1.164291525423728899e+03
1.164085875706214665e+03
1.163664406779661022e+03
1.163046327683615800e+03
1.162230508474576254e+03
1.161230508474576254e+03
1.160025988700564994e+03
1.158673446327683678e+03
1.157119774011299342e+03
1.155371751412429376e+03
1.153658757062146833e+03
1.152058757062146924e+03
1.150571751412429421e+03
1.149203389830508513e+03
1.147977401129943473e+03
1.146892655367231782e+03
1.145954802259886947e+03
1.145168361581921090e+03
1.144522033898304926e+03
1.144038418079096118e+03
1.143708474576271328e+03
1.143528813559321861e+03
1.143482485875706061e+03
1.143577401129943382e+03
1.143798870056496980e+03
1.144149152542372804e+03
1.144623728813559410e+03
1.145207909604519728e+03
1.145923163841807764e+03
1.146743502824858751e+03
1.147662146892655528e+03
1.148687005649717321e+03
1.149794350282485993e+03
1.151024858757062248e+03
1.152333333333333258e+03
1.153718644067796504e+03
1.155170621468926583e+03
1.156699435028248445e+03
1.158276836158192054e+03
1.159893785310734529e+03
1.161545762711864427e+03
1.163245197740112872e+03
1.164951412429378252e+03
1.166552542372881362e+03
1.167893785310734529e+03
1.168964971751412577e+03
1.169755932203389875e+03
1.170255367231638502e+03
1.170463276836158002e+03
1.170359322033898252e+03
1.169971751412429285e+03
1.169277966101694801e+03
1.168325423728813576e+03
1.167093785310734347e+03
1.165593220338982974e+03
1.164107344632768218e+03
1.162651977401129898e+03
1.161254237288135528e+03
1.159914124293785335e+03
1.158653107344632645e+03
1.157442937853107196e+03
1.156315254237288173e+03
1.155271186440677866e+03
1.154303954802259796e+03
1.153420338983050897e+03
1.152638418079096027e+03
1.151934463276836141e+03
1.151294915254237367e+03
1.150753672316384382e+03
1.150294915254237367e+03
1.149931073446327673e+03
1.149665536723163768e+03
1.149492655367231691e+03
1.149423728813559364e+03
1.149463276836158229e+03
1.149602259887005857e+03
1.149863276836158093e+03
1.150240677966101885e+03
1.150754802259887128e+03
1.151397740112994370e+03
1.152181920903954961e+03
1.153096045197740295e+03
1.154132203389830465e+03
1.155312994350282679e+03
1.156596610169491669e+03
1.157988700564971850e+03
1.159496045197739932e+03
1.161040677966101612e+03
1.162374011299435097e+03
1.163501694915254120e+03
1.164438418079095982e+03
1.165177401129943519e+03
1.165711864406779569e+03
1.166030508474576436e+03
1.166155932203389966e+03
1.166111864406779659e+03
1.165859887005649853e+03
1.165412429378531215e+03
1.164762711864406810e+03
1.163909604519774120e+03
1.162898305084745971e+03
1.161683615819209081e+03
1.160284745762711964e+03
1.158725423728813894e+03
1.156990960451977571e+03
1.155287005649717685e+03
1.153672316384181158e+03
1.152166101694915596e+03
1.150813559322034052e+03
1.149587570621469240e+03
1.148514124293785471e+03
1.147579661016949331e+03
1.146812429378531306e+03
1.146184180790960681e+03
1.145725423728813894e+03
1.145412429378531215e+03
1.145247457627118820e+03
1.145222598870056572e+03
1.145337853107344927e+03
1.145585310734463519e+03
1.145963841807909830e+03
1.146457627118644268e+03
1.147080225988700931e+03
1.147814689265537027e+03
1.148650847457627606e+03
1.149610169491525767e+03
1.150676836158192373e+03
1.151829378531073871e+03
1.153076836158192464e+03
1.154401129943503065e+03
1.155807909604520091e+03
1.157285875706214938e+03
1.158811299435028559e+03
1.160407909604520000e+03
1.162047457627119002e+03
1.163709604519774530e+03
1.165407909604520228e+03
1.167048587570621748e+03
1.168445197740113144e+03
1.169581920903955051e+03
1.170433898305085222e+03
1.171006779661017390e+03
1.171292655367231873e+03
1.171293785310734620e+03
1.170984180790960863e+03
1.170403389830508786e+03
1.169525423728813848e+03
1.168380790960452259e+03
1.166966101694915551e+03
1.165447457627119093e+03
1.163966101694915324e+03
1.162532203389830784e+03
1.161148022598870284e+03
1.159822598870056709e+03
1.158560451977401272e+03
1.157378531073446538e+03
1.156285875706214938e+03
1.155250847457627515e+03
1.154316384180791374e+03
1.153473446327684087e+03
1.152693785310734711e+03
1.152000000000000455e+03
1.151400000000000318e+03
1.150866666666667015e+03
1.150410169491525721e+03
1.150059887005650126e+03
1.149788700564971805e+03
1.149613559322034234e+03
1.149537853107344745e+03
1.149580790960452305e+03
1.149727683615819387e+03
1.149994350282486266e+03
1.150377401129943792e+03
1.150891525423729263e+03
1.151534463276836505e+03
1.152298305084746062e+03
1.153205649717514461e+03
1.154239548022599138e+03
1.155384180790960727e+03
1.156642937853107696e+03
1.158013559322034325e+03
1.159487005649717958e+03
1.160946892655367492e+03
1.162194350282486312e+03
1.163241807909604859e+03
1.164089265536723360e+03
1.164738983050847764e+03
1.165179661016949467e+03
1.165431638418079274e+03
1.165477966101695301e+03
1.165308474576271465e+03
1.164971751412429740e+03
1.164423728813559592e+03
1.163679096045198094e+03
1.162760451977401317e+03
1.161638418079096482e+03
1.160328813559322271e+03
1.158839548022599047e+03
1.157190960451977617e+03
1.155477966101695074e+03
1.153863276836158548e+03
1.152367231638418389e+03
1.150998870056497481e+03
1.149755932203390330e+03
1.148641807909604722e+03
1.147692655367231964e+03
1.146885875706214847e+03
1.146240677966101885e+03
1.145742372881356232e+03
1.145398870056497344e+03
1.145201129943503020e+03
1.145152542372881499e+03
1.145229378531073735e+03
1.145441807909604904e+03
1.145792090395480500e+03
1.146261016949152690e+03
1.146857627118644359e+03
1.147568361581921181e+03
1.148397740112994597e+03
1.149335593220339206e+03
1.150383050847457980e+03
1.151529943502825063e+03
1.152761581920904064e+03
1.154087005649717867e+03
1.155500564971751601e+03
1.156978531073446447e+03
1.158510734463277004e+03
1.160120903954802316e+03
1.161766101694915506e+03
1.163430508474576527e+03
1.165129943502824972e+03
1.166863276836158320e+03
1.168461016949152508e+03
1.169804519774011396e+03
1.170880225988700658e+03
1.171699435028248899e+03
1.172201129943503020e+03
1.172439548022598956e+03
1.172357062146892758e+03
1.171987570621468876e+03
1.171342372881355914e+03
1.170405649717514279e+03
1.169189830508474643e+03
1.167710734463276822e+03
1.166210169491525676e+03
1.164735593220339069e+03
1.163323163841808082e+03
1.161966101694915324e+03
1.160688135593220522e+03
1.159464406779661203e+03
1.158328813559322043e+03
1.157253107344633008e+03
1.156271186440678093e+03
1.155386440677966220e+03
1.154571751412429421e+03
1.153848587570621476e+03
1.153210169491525448e+03
1.152666666666666970e+03
1.152205649717514234e+03
1.151848587570621476e+03
1.151566101694915460e+03
1.151377401129943792e+03
1.151306214689265744e+03
1.151335593220339206e+03
1.151473446327683860e+03
1.151731073446327855e+03
1.152118644067796822e+03
1.152636158192090534e+03
1.153282485875706243e+03
1.154074576271186743e+03
1.154993220338983292e+03
1.156051977401129989e+03
1.157212429378531169e+03
1.158536723163841998e+03
1.159953672316384200e+03
1.161485875706214756e+03
1.163064406779661113e+03
1.164429378531073553e+03
1.165581920903955051e+03
1.166527683615819114e+03
1.167273446327683814e+03
1.167801129943502929e+03
1.168126553672316504e+03
1.168250847457627287e+03
1.168178531073446493e+03
1.167910734463277095e+03
1.167436158192090488e+03
1.166766101694915506e+03
1.165902824858757185e+03
1.164827118644067923e+03
1.163581920903954824e+03
1.162134463276836414e+03
1.160519774011299432e+03
1.158731073446327628e+03
1.156909604519774120e+03
1.155211299435028195e+03
1.153606779661017072e+03
1.152135593220339160e+03
1.150812429378531306e+03
1.149630508474576345e+03
1.148586440677966493e+03
1.147708474576271328e+03
1.146971751412429512e+03
1.146402259887005812e+03
1.145980790960452168e+03
1.145714124293785517e+03
1.145592090395480227e+03
1.145606779661017299e+03
1.145754802259887128e+03
1.146030508474576436e+03
1.146441807909604677e+03
1.146969491525424019e+03
1.147621468926553916e+03
1.148396610169491851e+03
1.149281355932203496e+03
1.150274576271186561e+03
1.151368361581920908e+03
1.152564971751412486e+03
1.153855367231638411e+03
1.155210169491525448e+03
1.156650847457627151e+03
1.158164971751412622e+03
1.159720903954802452e+03
1.161335593220338978e+03
1.162974011299435006e+03
1.164635028248587560e+03
1.166329943502824790e+03
1.167872316384180976e+03
1.169137853107344654e+03
1.170150282485875778e+03
1.170865536723163814e+03
1.171283615819208990e+03
1.171388700564971714e+03
1.171216949152542384e+03
1.170738983050847310e+03
1.169963841807909603e+03
1.168917514124293803e+03
1.167579661016949103e+03
1.166051977401129989e+03
1.164564971751412486e+03
1.163126553672316277e+03
1.161751412429378433e+03
1.160424858757062111e+03
1.159160451977401181e+03
1.157980790960451941e+03
1.156875706214689444e+03
1.155847457627118729e+03
1.154898305084745971e+03
1.154039548022598865e+03
1.153264406779660931e+03
1.152571751412429421e+03
1.151976271186440727e+03
1.151459887005649762e+03
1.151035028248587423e+03
1.150703954802259886e+03
1.150444067796610170e+03
1.150302824858757049e+03
1.150255367231638502e+03
1.150300564971751555e+03
1.150456497175141294e+03
1.150746892655366992e+03
1.151152542372881271e+03
1.151692655367231509e+03
1.152362711864406720e+03
1.153170621468926583e+03
1.154100564971751282e+03
1.155153672316384018e+03
1.156335593220338978e+03
1.157629378531073371e+03
1.159019209039548059e+03
1.160527683615819114e+03
1.162120903954802088e+03
1.163499435028248627e+03
1.164679096045197639e+03
1.165671186440677957e+03
1.166440677966101703e+03
1.166997740112994052e+03
1.167357062146892531e+03
1.167507344632768309e+03
1.167446327683615891e+03
1.167185310734463201e+03
1.166736723163841816e+03
1.166075706214689035e+03
1.165222598870056345e+03
1.164166101694915142e+03
1.162931073446327673e+03
1.161494915254237185e+03
1.159883615819208899e+03
1.158117514124293848e+03
1.156455367231638320e+03
1.154899435028248718e+03
1.153463276836158002e+03
1.152160451977400953e+03
1.151001129943502747e+03
1.149997740112994052e+03
1.149135593220338706e+03
1.148447457627118638e+03
1.147902824858756958e+03
1.147511864406779523e+03
1.147276836158192054e+03
1.147186440677965948e+03
1.147247457627118592e+03
1.147440677966101703e+03
1.147763841807909557e+03
1.148229378531073507e+03
1.148820338983050760e+03
1.149531073446327810e+03
1.150372881355932350e+03
1.151333333333333258e+03
1.152394350282485902e+03
1.153554802259886856e+03
1.154825988700564949e+03
1.156187570621468922e+03
1.157639548022598774e+03
1.159164971751412395e+03
1.160779661016949149e+03
1.162440677966101703e+03
1.164158192090395460e+03
1.165924293785310738e+03
1.167724293785310692e+03
1.169548022598869920e+03
1.171315254237288173e+03
1.172839548022599047e+03
1.174096045197740068e+03
1.175056497175141430e+03
1.175736723163841816e+03
1.176136723163841907e+03
1.176232768361581748e+03
1.176029378531073462e+03
1.175537853107344745e+03
1.174752542372881180e+03
1.173688135593220295e+03
1.172359322033898252e+03
1.170783050847457616e+03
1.169143502824858842e+03
1.167563841807909739e+03
1.166046327683615800e+03
1.164599999999999909e+03
1.163202259887005766e+03
1.161891525423729036e+03
1.160653107344633099e+03
1.159507344632768536e+03
1.158446327683615891e+03
1.157462146892655483e+03
1.156570621468926674e+03
1.155768361581920999e+03
1.155062146892655392e+03
1.154440677966101703e+03
1.153908474576271146e+03
1.153472316384180886e+03
1.153132203389830465e+03
1.152902824858756958e+03
1.152777401129943428e+03
1.152780790960452123e+03
1.152888135593220341e+03
1.153133333333333212e+03
1.153507344632768309e+03
1.154032768361581930e+03
1.154687005649717548e+03
1.155465536723163950e+03
1.156416949152542429e+03
1.157485875706214756e+03
1.158668926553672463e+03
1.159980790960452168e+03
1.161409039548022520e+03
1.162948022598870239e+03
1.164448587570621385e+03
1.165750282485875687e+03
1.166842937853107287e+03
1.167723163841807946e+03
1.168420338983050897e+03
1.168890395480225834e+03
1.169158192090395460e+03
1.169248587570621567e+03
1.169120903954802088e+03
1.168803389830508422e+03
1.168289265536723178e+03
1.167569491525423928e+03
1.166654237288135391e+03
1.165536723163841998e+03
1.164245197740112872e+03
1.162758192090395596e+03
1.161100564971751510e+03
1.159265536723163677e+03
1.157525423728813621e+03
1.155903954802259932e+03
1.154412429378531215e+03
1.153038418079096118e+03
1.151809039548022611e+03
1.150745762711864472e+03
1.149821468926553734e+03
1.149042937853107560e+03
1.148414689265536708e+03
1.147951412429378706e+03
1.147622598870056436e+03
1.147450847457627333e+03
1.147425988700565085e+03
1.147528813559321861e+03
1.147766101694915051e+03
1.148124293785310783e+03
1.148612429378531033e+03
1.149215819209039182e+03
1.149941242937853076e+03
1.150794350282485766e+03
1.151738983050847310e+03
1.152798870056497208e+03
1.153953672316384200e+03
1.155205649717514234e+03
1.156538983050847492e+03
1.157948022598870011e+03
1.159422598870056390e+03
1.160958192090395642e+03
1.162549152542373122e+03
1.164181920903954961e+03
1.165851977401129943e+03
1.167535593220338797e+03
1.169108474576271192e+03
1.170451977401130080e+03
1.171515254237287991e+03
1.172298305084745607e+03
1.172789830508474552e+03
1.172964971751412349e+03
1.172853107344632917e+03
1.172437288135593235e+03
1.171722033898304971e+03
1.170701694915254166e+03
1.169409039548022520e+03
1.167863276836158320e+03
1.166317514124293893e+03
1.164824858757061975e+03
1.163381920903954779e+03
1.161986440677966129e+03
1.160670056497175210e+03
1.159411299435028241e+03
1.158237288135593190e+03
1.157131073446327719e+03
1.156098305084745789e+03
1.155161581920904155e+03
1.154303954802259796e+03
1.153536723163841771e+03
1.152864406779661067e+03
1.152267796610169398e+03
1.151764971751412531e+03
1.151338983050847673e+03
1.151013559322033871e+03
1.150780790960452123e+03
1.150657627118644314e+03
1.150641807909604722e+03
1.150740112994350511e+03
1.150962711864406856e+03
1.151311864406779705e+03
1.151788700564971805e+03
1.152419209039548150e+03
1.153161581920904155e+03
1.154070056497175301e+03
1.155087005649717412e+03
1.156245197740112872e+03
1.157523163841807900e+03
1.158909604519774120e+03
1.160403389830508559e+03
1.161995480225988786e+03
1.163584180790960545e+03
1.164970621468926765e+03
1.166153672316384018e+03
1.167119774011299569e+03
1.167882485875706379e+03
1.168432768361582021e+03
1.168777401129943655e+03
1.168907344632768400e+03
1.168841807909604540e+03
1.168567231638418434e+03
1.168093785310734802e+03
1.167414689265536708e+03
1.166525423728813621e+03
1.165441807909604449e+03
1.164149152542373031e+03
1.162679096045197866e+03
1.161009039548022884e+03
1.159219209039548332e+03
1.157535593220339251e+03
1.155948022598870239e+03
1.154496045197740159e+03
1.153193220338983338e+03
1.152020338983051033e+03
1.151004519774011442e+03
1.150131073446327719e+03
1.149413559322033962e+03
1.148857627118644132e+03
1.148463276836158457e+03
1.148196610169491578e+03
1.148072316384181022e+03
1.148092655367231828e+03
1.148237288135593417e+03
1.148517514124293939e+03
1.148911864406779841e+03
1.149441807909604904e+03
1.150097175141243042e+03
1.150856497175141385e+03
1.151742372881356005e+03
1.152734463276836323e+03
1.153827118644067923e+03
1.155016949152542566e+03
1.156298305084745834e+03
1.157666666666666742e+03
1.159109604519774166e+03
1.160612429378531260e+03
1.162180790960452214e+03
1.163803389830508650e+03
1.165472316384180886e+03
1.167172881355932532e+03
1.168870056497175256e+03
1.170585310734463292e+03
1.172036158192090625e+03
1.173211299435028423e+03
1.174101694915254484e+03
1.174684745762711827e+03
1.174997740112994506e+03
1.175003389830508695e+03
1.174709604519774075e+03
1.174118644067796595e+03
1.173248587570621567e+03
1.172103954802259977e+03
1.170697175141242951e+03
1.169126553672316504e+03
1.167605649717514098e+03
1.166131073446327719e+03
1.164706214689265835e+03
1.163344632768361862e+03
1.162064406779661113e+03
1.160856497175141385e+03
1.159726553672316641e+03
1.158668926553672463e+03
1.157692655367231737e+03
1.156805649717514370e+03
1.156009039548022884e+03
1.155277966101695029e+03
1.154642937853107469e+03
1.154084745762711918e+03
1.153635028248587787e+03
1.153264406779661158e+03
1.153006779661016935e+03
1.152850847457627196e+03
1.152797740112994234e+03
1.152889265536723315e+03
1.153074576271186743e+03
1.153394350282485902e+03
1.153870056497175256e+03
1.154491525423728945e+03
1.155231638418079228e+03
1.156112994350282634e+03
1.157128813559322225e+03
1.158265536723163905e+03
1.159540112994350466e+03
1.160920903954802270e+03
1.162400000000000091e+03
1.163979661016949194e+03
1.165342372881355914e+03
1.166515254237288445e+03
1.167489265536723224e+03
1.168253107344633008e+03
1.168836158192090579e+03
1.169211299435028423e+03
1.169393220338983156e+03
1.169380790960452032e+03
1.169155932203389966e+03
1.168737853107345018e+03
1.168133333333333667e+03
1.167341242937853167e+03
1.166352542372881544e+03
1.165171751412429330e+03
1.163819209039548014e+03
1.162276836158192054e+03
1.160575141242937889e+03
1.158841807909604540e+03
1.157198870056497299e+03
1.155676836158192145e+03
1.154299435028248809e+03
1.153048587570621521e+03
1.151933333333333394e+03
1.150997740112994506e+03
1.150209039548022702e+03
1.149567231638418207e+03
1.149089265536723360e+03
1.148750282485875687e+03
1.148564971751412486e+03
1.148500564971751601e+03
1.148571751412429649e+03
1.148790960451977526e+03
1.149137853107344654e+03
1.149601129943502883e+03
1.150185310734463428e+03
1.150911864406779841e+03
1.151740112994350511e+03
1.152687005649717776e+03
1.153725423728813439e+03
1.154881355932203405e+03
1.156129943502824972e+03
1.157458757062147015e+03
1.158862146892655346e+03
1.160344632768361635e+03
1.161882485875706379e+03
1.163487005649717730e+03
1.165138983050847628e+03
1.166827118644067923e+03
1.168540112994350238e+03
1.170216949152542611e+03
1.171655367231638593e+03
1.172820338983050988e+03
1.173719774011299705e+03
1.174323163841807855e+03
1.174641807909604722e+03
1.174665536723163768e+03
1.174375141242938071e+03
1.173820338983050988e+03
1.172969491525424019e+03
1.171830508474576391e+03
1.170436158192090488e+03
1.168842937853107287e+03
1.167290395480225925e+03
1.165787570621469058e+03
1.164333333333333485e+03
1.162946892655367265e+03
1.161612429378531260e+03
1.160359322033898479e+03
1.159187570621469149e+03
1.158091525423729081e+03
1.157065536723164087e+03
1.156117514124293848e+03
1.155257627118644223e+03
1.154477966101695074e+03
1.153796610169491714e+03
1.153195480225988831e+03
1.152682485875706334e+03
1.152246327683616073e+03
1.151918644067796777e+03
1.151674576271186652e+03
1.151543502824858933e+03
1.151529943502825063e+03
1.151632768361582066e+03
1.151862146892655574e+03
1.152223728813559774e+03
1.152724293785310920e+03
1.153354802259887492e+03
1.154123163841808037e+03
1.155004519774011442e+03
1.156045197740113281e+03
1.157206779661017208e+03
1.158479096045198048e+03
1.159845197740113235e+03
1.161327683615819296e+03
1.162899435028248718e+03
1.164290395480226380e+03
1.165496045197740386e+03
1.166490395480226198e+03
1.167284745762712191e+03
1.167868926553672509e+03
1.168271186440678093e+03
1.168456497175141521e+03
1.168457627118644268e+03
1.168242937853107605e+03
1.167825988700565176e+03
1.167219209039548332e+03
1.166397740112994597e+03
1.165401129943503065e+03
1.164212429378531397e+03
1.162815819209039546e+03
1.161254237288135755e+03
1.159508474576271283e+03
1.157842937853107514e+03
1.156298305084746062e+03
1.154867796610169762e+03
1.153562711864406992e+03
1.152411299435028468e+03
1.151389830508474915e+03
1.150512994350282497e+03
1.149787570621469285e+03
1.149211299435028423e+03
1.148792090395480500e+03
1.148517514124293939e+03
1.148374011299435324e+03
1.148363841807909921e+03
1.148493785310734665e+03
1.148732203389830602e+03
1.149108474576271419e+03
1.149610169491525539e+03
1.150230508474576482e+03
1.150954802259887174e+03
1.151787570621469058e+03
1.152740112994350511e+03
1.153787570621469058e+03
1.154924293785310965e+03
1.156161581920904155e+03
1.157491525423728945e+03
1.158896045197740477e+03
1.160363841807909921e+03
1.161892655367231782e+03
1.163468926553672645e+03
1.165084745762712373e+03
1.166734463276836323e+03
1.168389830508474915e+03
1.170072316384181022e+03
1.171619209039548423e+03
1.172884745762712100e+03
1.173873446327683723e+03
1.174571751412429421e+03
1.174979661016949194e+03
1.175096045197740295e+03
1.174927683615819205e+03
1.174464406779661203e+03
1.173724293785310920e+03
1.172702824858757140e+03
1.171437288135593462e+03
1.169900564971751464e+03
1.168395480225988877e+03
1.166936723163842089e+03
1.165532203389830784e+03
1.164195480225988831e+03
1.162917514124294030e+03
1.161720903954802452e+03
1.160594350282486175e+03
1.159549152542373122e+03
1.158588700564971987e+03
1.157680225988700840e+03
1.156876836158192418e+03
1.156159322033898661e+03
1.155531073446327810e+03
1.154970621468926765e+03
1.154517514124293939e+03
1.154141242937853349e+03
1.153871186440678230e+03
1.153707344632768582e+03
1.153657627118644541e+03
1.153702824858757367e+03
1.153879096045197912e+03
1.154180790960452214e+03
1.154630508474576573e+03
1.155210169491525676e+03
1.155936723163842089e+03
1.156794350282486221e+03
1.157772881355932441e+03
1.158892655367231782e+03
1.160135593220339160e+03
1.161494915254237640e+03
1.162940112994350557e+03
1.164494915254237412e+03
1.165978531073446447e+03
1.167281355932203496e+03
1.168379661016949285e+03
1.169266666666666879e+03
1.169966101694915778e+03
1.170455367231638775e+03
1.170758192090395823e+03
1.170861016949152827e+03
1.170772881355932441e+03
1.170473446327684087e+03
1.169992090395480545e+03
1.169315254237288400e+03
1.168457627118644268e+03
1.167401129943503065e+03
1.166163841807909876e+03
1.164748022598870193e+03
1.163150282485876005e+03
1.161370621468926856e+03
1.159708474576271328e+03
1.158146892655367537e+03
1.156706214689265835e+03
1.155402259887006039e+03
1.154250847457627515e+03
1.153240677966102112e+03
1.152379661016949285e+03
1.151688135593220750e+03
1.151136723163842134e+03
1.150718644067796959e+03
1.150449717514124586e+03
1.150314124293785653e+03
1.150324293785311056e+03
1.150457627118644268e+03
1.150724293785311147e+03
1.151115254237288354e+03
1.151647457627118911e+03
1.152280225988700749e+03
1.153037288135593371e+03
1.153909604519774348e+03
1.154891525423729036e+03
1.155968361581921272e+03
1.157142372881356323e+03
1.158394350282486357e+03
1.159722033898305199e+03
1.161135593220339160e+03
1.162610169491525539e+03
1.164141242937853349e+03
1.165733333333333576e+03
1.167337853107344927e+03
1.168981920903955142e+03
1.170647457627118911e+03
1.172124293785311011e+03
1.173328813559322498e+03
1.174254237288135755e+03
1.174910734463277095e+03
1.175267796610169626e+03
1.175329943502825017e+03
1.175103954802260205e+03
1.174585310734463519e+03
1.173788700564971805e+03
1.172714124293785517e+03
1.171368361581920908e+03
1.169796610169491714e+03
1.168279096045198003e+03
1.166802259887005675e+03
1.165370621468926856e+03
1.164000000000000455e+03
1.162685875706215029e+03
1.161456497175141521e+03
1.160296045197740568e+03
1.159212429378531397e+03
1.158196610169492033e+03
1.157273446327683814e+03
1.156438418079096209e+03
1.155662146892655528e+03
1.154974011299435460e+03
1.154371751412429603e+03
1.153867796610169989e+03
1.153420338983051124e+03
1.153090395480226334e+03
1.152851977401130171e+03
1.152728813559322134e+03
1.152703954802260114e+03
1.152784180790960818e+03
1.153019209039548059e+03
1.153370621468926856e+03
1.153854237288135664e+03
1.154473446327683632e+03
1.155235028248587696e+03
1.156129943502824972e+03
1.157161581920904155e+03
1.158297175141243315e+03
1.159572881355932168e+03
1.160943502824858797e+03
1.162415819209039455e+03
1.163975141242937980e+03
1.165359322033898479e+03
1.166567231638418207e+03
1.167548022598870148e+03
1.168335593220338978e+03
1.168909604519774348e+03
1.169294915254237367e+03
1.169468926553672645e+03
1.169441807909604904e+03
1.169225988700565040e+03
1.168805649717514370e+03
1.168169491525423837e+03
1.167341242937853167e+03
1.166351412429378797e+03
1.165163841807909648e+03
1.163780790960452123e+03
1.162206779661017208e+03
1.160453107344632826e+03
1.158762711864407038e+03
1.157194350282486084e+03
1.155726553672316641e+03
1.154390960451977662e+03
1.153201129943503020e+03
1.152160451977401408e+03
1.151266666666666879e+03
1.150512994350282725e+03
1.149908474576271601e+03
1.149445197740113144e+03
1.149137853107344881e+03
1.148970621468926765e+03
1.148938983050847582e+03
1.149031638418079410e+03
1.149258757062147197e+03
1.149621468926553916e+03
1.150097175141243042e+03
1.150689265536723269e+03
1.151394350282486130e+03
1.152227118644068014e+03
1.153155932203389966e+03
1.154195480225988831e+03
1.155337853107344699e+03
1.156559322033898525e+03
1.157867796610169535e+03
1.159253107344633008e+03
1.160717514124293757e+03
1.162248587570621567e+03
1.163811299435028559e+03
1.165425988700565085e+03
1.167072316384180795e+03
1.168727683615819387e+03
1.170403389830508559e+03
1.171897175141243224e+03
1.173132203389830693e+03
1.174091525423728854e+03
1.174744632768361726e+03
1.175123163841808037e+03
1.175206779661017208e+03
1.174995480225988786e+03
1.174494915254237185e+03
1.173723163841807946e+03
1.172663276836158275e+03
1.171359322033898479e+03
1.169809039548022611e+03
1.168292655367231873e+03
1.166847457627118729e+03
1.165439548022598956e+03
1.164091525423728854e+03
1.162809039548022611e+03
1.161586440677966493e+03
1.160455367231638775e+03
1.159397740112994597e+03
1.158401129943502838e+03
1.157502824858757094e+03
1.156675706214689399e+03
1.155928813559322180e+03
1.155275706214689308e+03
1.154701694915254393e+03
1.154219209039548105e+03
1.153823728813559228e+03
1.153544632768361680e+03
1.153338983050847673e+03
1.153264406779660931e+03
1.153291525423728899e+03
1.153444067796610398e+03
1.153733333333333576e+03
1.154152542372881726e+03
1.154711864406779796e+03
1.155406779661017026e+03
1.156247457627118820e+03
1.157194350282486084e+03
1.158297175141242860e+03
1.159519774011299432e+03
1.160848587570621476e+03
1.162268926553672372e+03
1.163804519774011396e+03
1.165274576271186561e+03
1.166562711864406992e+03
1.167639548022599229e+03
1.168519774011299432e+03
1.169201129943503020e+03
1.169688135593220295e+03
1.169980790960451941e+03
1.170072316384181022e+03
1.169968361581921044e+03
1.169667796610169717e+03
1.169167231638418343e+03
1.168482485875706516e+03
1.167613559322034007e+03
1.166536723163841998e+03
1.165279096045198003e+03
1.163848587570621476e+03
1.162232768361582202e+03
1.160481355932203542e+03
1.158835028248587605e+03
1.157305084745762542e+03
1.155890395480226061e+03
1.154615819209039728e+03
1.153470056497175165e+03
1.152480225988700568e+03
1.151651977401129898e+03
1.150985310734463383e+03
1.150450847457627333e+03
1.150071186440678048e+03
1.149839548022599047e+03
1.149750282485875687e+03
1.149798870056497208e+03
1.149981920903954688e+03
1.150285875706214938e+03
1.150717514124293984e+03
1.151296045197740114e+03
1.151976271186440954e+03
1.152776271186440681e+03
1.153681355932203587e+03
1.154711864406779796e+03
1.155835028248587605e+03
1.157072316384180795e+03
1.158401129943502838e+03
1.159798870056497435e+03
1.161273446327683814e+03
1.162822598870056709e+03
1.164422598870056845e+03
1.166076836158192236e+03
1.167776271186440908e+03
1.169496045197740386e+03
1.171219209039548332e+03
1.172832768361582112e+03
1.174196610169491805e+03
1.175283615819209217e+03
1.176077966101694983e+03
1.176577401129943610e+03
1.176804519774011396e+03
1.176731073446327855e+03
1.176363841807909921e+03
1.175700564971751646e+03
1.174753672316384154e+03
1.173550282485875869e+03
1.172084745762711918e+03
1.170516384180791192e+03
1.168993220338983065e+03
1.167510734463277004e+03
1.166098305084745789e+03
1.164746892655367446e+03
1.163455367231638547e+03
1.162254237288135755e+03
1.161140112994350375e+03
1.160099435028248536e+03
1.159127683615819251e+03
1.158242937853107378e+03
1.157457627118644268e+03
1.156738983050847764e+03
1.156117514124293848e+03
1.155588700564971987e+03
1.155154802259887219e+03
1.154810169491525357e+03
1.154567231638417979e+03
1.154440677966101703e+03
1.154419209039548150e+03
1.154516384180790965e+03
1.154745762711864472e+03
1.155105084745762724e+03
1.155597740112994416e+03
1.156224858757062293e+03
1.157000000000000000e+03
1.157911864406779614e+03
1.158953672316384200e+03
1.160134463276835959e+03
1.161406779661016799e+03
1.162806779661016890e+03
1.164317514124293666e+03
1.165925423728813257e+03
1.167388700564971714e+03
1.168664406779661022e+03
1.169736723163841816e+03
1.170606779661016844e+03
1.171272316384180613e+03
1.171743502824858751e+03
1.172001129943502747e+03
1.172067796610169353e+03
1.171931073446327446e+03
1.171584180790960318e+03
1.171045197740113053e+03
1.170305084745762542e+03
1.169366101694915415e+03
1.168221468926553825e+03
1.166910734463276867e+03
1.165392090395480182e+03
1.163693785310734484e+03
1.161962711864406856e+03
1.160317514124293666e+03
1.158790960451977298e+03
1.157406779661017026e+03
1.156145762711864336e+03
1.155040677966101612e+03
1.154081355932203223e+03
1.153279096045197548e+03
1.152619209039547968e+03
1.152114124293785153e+03
1.151757062146892622e+03
1.151549152542372667e+03
1.151462146892655255e+03
1.151524293785310647e+03
1.151714124293785289e+03
1.152032768361581930e+03
1.152484745762711555e+03
1.153067796610169353e+03
1.153774011299434960e+03
1.154590960451977253e+03
1.155523163841807900e+03
1.156563841807909739e+03
1.157705084745762633e+03
1.158937853107344608e+03
1.160265536723164132e+03
1.161675706214689399e+03
1.163149152542373031e+03
1.164687005649717548e+03
1.166296045197740114e+03
1.167933333333333394e+03
1.169621468926553689e+03
1.171322033898305108e+03
1.173048587570621521e+03
1.174646327683615709e+03
1.175954802259886947e+03
1.176996610169491532e+03
1.177738983050847310e+03
1.178190960451977389e+03
1.178337853107344699e+03
1.178187570621469149e+03
1.177757062146892622e+03
1.177041807909604586e+03
1.176046327683615800e+03
1.174772881355932213e+03
1.173251977401129807e+03
1.171702824858757140e+03
1.170198870056497071e+03
1.168738983050847310e+03
1.167346892655367355e+03
1.166020338983050806e+03
1.164772881355931986e+03
1.163589830508474279e+03
1.162490395480226198e+03
1.161475706214689126e+03
1.160535593220339024e+03
1.159677966101694892e+03
1.158898305084745743e+03
1.158201129943503020e+03
1.157593220338982974e+03
1.157083615819209172e+03
1.156662146892655528e+03
1.156334463276836459e+03
1.156125423728813530e+03
1.156020338983051033e+03
1.156032768361581930e+03
1.156163841807909876e+03
1.156427118644067832e+03
1.156842937853107287e+03
1.157367231638418161e+03
1.158031638418079183e+03
1.158850847457627424e+03
1.159807909604519864e+03
1.160877966101695165e+03
1.162075706214689490e+03
1.163396610169491851e+03
1.164837288135593553e+03
1.166370621468926856e+03
1.167925423728813712e+03
1.169288135593220431e+03
1.170444067796610398e+03
1.171383050847457980e+03
1.172135593220339160e+03
1.172679096045197866e+03
1.173016949152542566e+03
1.173150282485875778e+03
1.173087005649717867e+03
1.172814689265536799e+03
1.172354802259887038e+03
1.171681355932203587e+03
1.170809039548022611e+03
1.169744632768361726e+03
1.168490395480226198e+03
1.167033898305085131e+03
1.165392090395480409e+03
1.163589830508474734e+03
1.161846327683615982e+03
1.160235028248587696e+03
1.158728813559322134e+03
1.157370621468926856e+03
1.156141242937853349e+03
1.155063276836158366e+03
1.154133333333333667e+03
1.153349152542373304e+03
1.152725423728813894e+03
1.152239548022599138e+03
1.151920903954802270e+03
1.151738983050847764e+03
1.151703954802260114e+03
1.151804519774011624e+03
1.152022598870056754e+03
1.152385310734463474e+03
1.152879096045197912e+03
1.153496045197740386e+03
1.154236158192090443e+03
1.155083615819209172e+03
1.156053107344632963e+03
1.157131073446327946e+03
1.158310734463277186e+03
1.159597740112994643e+03
1.160967231638418525e+03
1.162415819209039910e+03
1.163933333333333849e+03
1.165516384180791192e+03
1.167162711864406901e+03
1.168848587570621930e+03
1.170581920903955051e+03
1.172323163841808082e+03
1.174050847457627242e+03
1.175517514124293939e+03
1.176714124293785517e+03
1.177637288135593508e+03
1.178253107344633008e+03
1.178569491525423928e+03
1.178585310734463292e+03
1.178308474576271465e+03
1.177725423728813894e+03
1.176859887005649853e+03
1.175725423728813894e+03
1.174337853107344699e+03
1.172685875706214802e+03
1.171070056497175301e+03
1.169503954802260068e+03
1.168003389830508695e+03
1.166552542372881589e+03
1.165161581920904155e+03
1.163859887005649853e+03
1.162635028248587787e+03
1.161455367231638775e+03
1.160375141242938071e+03
1.159388700564971941e+03
1.158472316384180886e+03
1.157640677966101975e+03
1.156901694915254438e+03
1.156251977401130262e+03
1.155680225988700840e+03
1.155214689265536890e+03
1.154846327683615982e+03
1.154590960451977480e+03
1.154437288135593462e+03
1.154404519774011533e+03
1.154508474576271510e+03
1.154742372881356232e+03
1.155129943502824972e+03
1.155641807909604722e+03
1.156296045197740341e+03
1.157082485875706425e+03
1.158001129943503202e+03
1.159063276836158366e+03
1.160244067796610580e+03
1.161543502824858933e+03
1.162937853107344836e+03
1.164439548022599183e+03
1.166032768361582157e+03
1.167519774011299660e+03
1.168805649717514370e+03
1.169899435028248718e+03
1.170770621468926947e+03
1.171455367231638775e+03
1.171914124293785562e+03
1.172194350282486084e+03
1.172246327683616073e+03
1.172117514124294303e+03
1.171778531073446629e+03
1.171221468926553825e+03
1.170468926553672645e+03
1.169520903954802634e+03
1.168385310734463474e+03
1.167055367231638684e+03
1.165528813559322316e+03
1.163824858757062430e+03
1.162167231638418343e+03
1.160609039548022793e+03
1.159167231638418343e+03
1.157866666666667015e+03
1.156702824858757367e+03
1.155693785310734711e+03
1.154814689265537254e+03
1.154099435028248990e+03
1.153531073446327810e+03
1.153101694915254484e+03
1.152818079096045494e+03
1.152679096045198094e+03
1.152667796610169717e+03
1.152788700564972032e+03
1.153036158192090625e+03
1.153419209039548150e+03
1.153928813559322407e+03
1.154552542372881589e+03
1.155309604519774211e+03
1.156162711864406901e+03
1.157153672316384473e+03
1.158223728813559546e+03
1.159397740112994597e+03
1.160671186440677957e+03
1.162030508474576436e+03
1.163465536723163950e+03
1.164959322033898388e+03
1.166531073446327810e+03
1.168140112994350602e+03
1.169806779661017117e+03
1.171484745762712009e+03
1.173190960451977389e+03
1.174899435028248718e+03
1.176359322033898479e+03
1.177545762711864427e+03
1.178432768361582021e+03
1.179040677966101839e+03
1.179343502824859115e+03
1.179351412429378570e+03
1.179071186440678275e+03
1.178512994350282725e+03
1.177672316384180931e+03
1.176560451977401272e+03
1.175187570621469149e+03
1.173609039548022793e+03
1.172067796610169580e+03
1.170571751412429649e+03
1.169144632768361816e+03
1.167788700564972032e+03
1.166499435028248627e+03
1.165283615819209444e+03
1.164150282485875778e+03
1.163091525423728854e+03
1.162108474576271419e+03
1.161200000000000273e+03
1.160395480225988877e+03
1.159664406779661476e+03
1.159023728813559501e+03
1.158476836158192327e+03
1.158024858757062248e+03
1.157675706214689399e+03
1.157428248587570806e+03
1.157285875706214938e+03
1.157256497175141476e+03
1.157367231638418161e+03
1.157607909604520046e+03
1.157974011299435460e+03
1.158485875706214983e+03
1.159133333333333667e+03
1.159926553672316459e+03
1.160882485875706607e+03
1.161958192090395642e+03
1.163172881355932532e+03
1.164505084745762815e+03
1.165964971751412577e+03
1.167535593220339251e+03
1.169178531073446493e+03
1.170657627118644314e+03
1.171940112994350329e+03
1.173022598870056754e+03
1.173898305084745971e+03
1.174563841807909739e+03
1.175023728813559501e+03
1.175290395480226380e+03
1.175367231638418389e+03
1.175232768361582202e+03
1.174884745762712100e+03
1.174335593220338978e+03
1.173594350282486175e+03
1.172632768361582066e+03
1.171491525423728945e+03
1.170145762711864563e+03
1.168622598870056663e+03
1.166912994350282588e+03
1.165049717514124495e+03
1.163283615819208990e+03
1.161642937853107469e+03
1.160123163841808037e+03
1.158742372881356005e+03
1.157509604519774257e+03
1.156429378531073780e+03
1.155488135593220477e+03
1.154712994350282770e+03
1.154073446327683541e+03
1.153581920903955051e+03
1.153237288135593417e+03
1.153025988700564994e+03
1.152963841807909830e+03
1.153032768361582157e+03
1.153244067796610125e+03
1.153583050847457798e+03
1.154049717514124495e+03
1.154637288135593280e+03
1.155343502824859115e+03
1.156175141242938025e+03
1.157112994350282406e+03
1.158172881355932304e+03
1.159329943502825245e+03
1.160568361581921181e+03
1.161897175141243224e+03
1.163307344632768491e+03
1.164785310734463565e+03
1.166320903954802361e+03
1.167916384180791283e+03
1.169554802259887310e+03
1.171211299435028423e+03
1.172899435028248718e+03
1.174551412429378615e+03
1.175919774011299523e+03
1.177011299435028604e+03
1.177819209039548241e+03
1.178307344632768491e+03
1.178508474576271510e+03
1.178400000000000318e+03
1.178002259887005948e+03
1.177325423728813803e+03
1.176364971751412668e+03
1.175123163841808037e+03
1.173625988700565358e+03
1.172028248587570943e+03
1.170467796610169444e+03
1.168962711864406856e+03
1.167500564971751373e+03
1.166126553672316504e+03
1.164801129943502929e+03
1.163549152542373122e+03
1.162385310734463474e+03
1.161289265536723178e+03
1.160266666666666879e+03
1.159326553672316550e+03
1.158461016949152736e+03
1.157676836158192373e+03
1.156983050847457889e+03
1.156383050847457753e+03
1.155880225988700658e+03
1.155468926553672418e+03
1.155154802259887219e+03
1.154949152542372985e+03
1.154862146892655346e+03
1.154912994350282588e+03
1.155098305084745789e+03
1.155407909604519773e+03
1.155859887005649853e+03
1.156455367231638320e+03
1.157175141242938025e+03
1.158033898305084676e+03
1.159035028248587651e+03
1.160162711864406674e+03
1.161404519774011078e+03
1.162760451977401090e+03
1.164227118644068014e+03
1.165780790960452123e+03
1.167331073446327764e+03
1.168679096045197866e+03
1.169835028248587605e+03
1.170787570621469058e+03
1.171549152542372894e+03
1.172112994350282406e+03
1.172468926553672190e+03
1.172615819209039500e+03
1.172569491525423700e+03
1.172314124293785426e+03
1.171862146892655346e+03
1.171186440677965948e+03
1.170333333333333485e+03
1.169284745762711736e+03
1.168049717514124495e+03
1.166604519774011351e+03
1.164985310734463383e+03
1.163308474576271237e+03
1.161748022598870193e+03
1.160312994350282452e+03
1.158986440677966129e+03
1.157829378531073644e+03
1.156805649717514143e+03
1.155925423728813712e+03
1.155169491525423837e+03
1.154581920903954824e+03
1.154146892655367310e+03
1.153839548022599047e+03
1.153684745762711827e+03
1.153649717514124177e+03
1.153759322033898343e+03
1.153997740112994279e+03
1.154366101694915187e+03
1.154851977401130171e+03
1.155473446327683632e+03
1.156205649717514234e+03
1.157062146892655619e+03
1.158015819209039591e+03
1.159089265536723133e+03
1.160250847457627060e+03
1.161510734463276776e+03
1.162867796610169535e+03
1.164305084745762997e+03
1.165804519774011169e+03
1.167363841807909694e+03
1.168984180790960636e+03
1.170646327683615937e+03
1.172338983050847446e+03
1.174057627118644177e+03
1.175790960451977526e+03
1.177400000000000091e+03
1.178734463276836323e+03
1.179800000000000182e+03
1.180570621468926674e+03
1.181056497175141430e+03
1.181248587570621567e+03
1.181146892655367310e+03
1.180757062146892622e+03
1.180087005649717639e+03
1.179143502824858842e+03
1.177946892655367265e+03
1.176494915254237412e+03
1.174898305084745971e+03
1.173353672316384291e+03
1.171838418079096073e+03
1.170396610169491623e+03
1.169018079096045312e+03
1.167716384180791010e+03
1.166463276836158457e+03
1.165305084745762997e+03
1.164215819209039637e+03
1.163213559322034143e+03
1.162281355932203496e+03
1.161440677966101703e+03
1.160688135593220522e+03
1.160012429378531124e+03
1.159428248587570579e+03
1.158941242937853076e+03
1.158553672316384109e+03
1.158267796610169626e+03
1.158100564971751282e+03
1.158058757062146924e+03
1.158145762711864336e+03
1.158363841807909466e+03
1.158724293785310692e+03
1.159233898305084949e+03
1.159885875706214847e+03
1.160673446327683905e+03
1.161597740112994416e+03
1.162661016949152781e+03
1.163840677966101794e+03
1.165136723163841907e+03
1.166561581920904246e+03
1.168084745762711918e+03
1.169630508474576345e+03
1.170997740112994506e+03
1.172171751412429330e+03
1.173142372881356096e+03
1.173924293785310965e+03
1.174520903954802179e+03
1.174910734463276867e+03
1.175106214689265471e+03
1.175101694915254484e+03
1.174910734463277095e+03
1.174517514124293939e+03
1.173916384180790828e+03
1.173142372881356096e+03
1.172160451977401408e+03
1.170993220338983065e+03
1.169644067796610216e+03
1.168118644067796595e+03
1.166400000000000091e+03
1.164663276836158275e+03
1.163025988700564994e+03
1.161516384180791192e+03
1.160140112994350375e+03
1.158903954802260159e+03
1.157798870056497208e+03
1.156836158192090579e+03
1.156028248587570943e+03
1.155380790960452259e+03
1.154871186440678230e+03
1.154488135593220250e+03
1.154249717514124313e+03
1.154145762711864336e+03
1.154177401129943519e+03
1.154324293785310829e+03
1.154603389830508604e+03
1.155022598870056754e+03
1.155554802259887083e+03
1.156214689265536890e+03
1.156978531073446447e+03
1.157861016949152599e+03
1.158848587570621476e+03
1.159936723163841862e+03
1.161115254237288127e+03
1.162386440677966220e+03
1.163723163841807946e+03
1.165126553672316277e+03
1.166615819209039500e+03
1.168131073446327719e+03
1.169705084745762633e+03
1.171302824858757049e+03
1.172912994350282588e+03
1.174542372881355959e+03
1.175926553672316459e+03
1.177040677966101612e+03
1.177866666666666788e+03
1.178407909604519773e+03
1.178646327683615709e+03
1.178586440677966038e+03
1.178241807909604631e+03
1.177611299435028286e+03
1.176710734463276822e+03
1.175534463276836277e+03
1.174106214689265471e+03
1.172549152542372894e+03
1.171031638418078956e+03
1.169557062146892804e+03
1.168146892655367083e+03
1.166789830508474552e+03
1.165492655367231691e+03
1.164271186440677866e+03
1.163117514124293848e+03
1.162050847457627015e+03
1.161047457627118547e+03
1.160119774011299342e+03
1.159267796610169626e+03
1.158511864406779750e+03
1.157816949152542293e+03
1.157211299435028195e+03
1.156687005649717776e+03
1.156266666666666652e+03
1.155950282485875960e+03
1.155735593220339069e+03
1.155636158192090534e+03
1.155667796610169717e+03
1.155823728813559228e+03
1.156109604519774166e+03
1.156523163841807900e+03
1.157088135593220386e+03
1.157798870056497208e+03
1.158631638418079092e+03
1.159599999999999909e+03
1.160685875706214802e+03
1.161896045197740250e+03
1.163199999999999818e+03
1.164622598870056663e+03
1.166128813559322225e+03
1.167725423728813666e+03
1.169148022598870284e+03
1.170363841807909694e+03
1.171381920903954779e+03
1.172190960451977389e+03
1.172804519774011396e+03
1.173216949152542611e+03
1.173431638418079274e+03
1.173430508474576527e+03
1.173223728813559319e+03
1.172838418079096300e+03
1.172253107344632554e+03
1.171449717514124131e+03
1.170441807909604449e+03
1.169248587570621567e+03
1.167848587570621476e+03
1.166283615819208990e+03
1.164570621468926674e+03
1.162971751412429512e+03
1.161482485875706288e+03
1.160132203389830465e+03
1.158899435028248490e+03
1.157820338983050988e+03
1.156865536723164041e+03
1.156062146892655619e+03
1.155406779661017026e+03
1.154891525423728808e+03
1.154506214689265562e+03
1.154258757062147197e+03
1.154152542372881271e+03
1.154174011299435278e+03
1.154340112994350420e+03
1.154633898305084813e+03
1.155032768361581930e+03
1.155566101694915233e+03
1.156218079096045130e+03
1.156970621468926538e+03
1.157841807909604540e+03
1.158832768361582112e+03
1.159911864406779614e+03
1.161100564971751282e+03
1.162374011299435097e+03
1.163731073446327628e+03
1.165153672316384245e+03
1.166627118644067878e+03
1.168149152542373031e+03
1.169717514124293757e+03
1.171329943502824790e+03
1.172964971751412577e+03
1.174625988700564903e+03
1.176291525423728899e+03
1.177687005649717548e+03
1.178821468926553734e+03
1.179661016949152327e+03
1.180220338983050624e+03
1.180476836158192100e+03
1.180450847457627106e+03
1.180129943502824744e+03
1.179524293785310647e+03
1.178649717514124404e+03
1.177534463276836050e+03
1.176151412429378524e+03
1.174611299435028286e+03
1.173124293785310783e+03
1.171684745762711827e+03
1.170306214689265516e+03
1.168992090395480318e+03
1.167734463276836323e+03
1.166545762711864427e+03
1.165446327683615891e+03
1.164412429378531215e+03
1.163459887005649762e+03
1.162585310734463292e+03
1.161796610169491487e+03
1.161071186440678048e+03
1.160455367231638320e+03
1.159934463276836141e+03
1.159490395480225970e+03
1.159160451977400953e+03
1.158919774011299523e+03
1.158810169491525357e+03
1.158802259887005675e+03
1.158934463276836141e+03
1.159181920903954961e+03
1.159579661016949103e+03
1.160125423728813530e+03
1.160779661016949149e+03
1.161593220338982974e+03
1.162544632768361680e+03
1.163609039548022565e+03
1.164809039548022611e+03
1.166125423728813530e+03
1.167552542372881362e+03
1.169074576271186288e+03
1.170662146892655301e+03
1.172050847457627015e+03
1.173237288135593190e+03
1.174231638418079001e+03
1.175036158192090397e+03
1.175645197740112962e+03
1.176050847457627242e+03
1.176276836158192054e+03
1.176292655367231646e+03
1.176127683615819251e+03
1.175748022598869966e+03
1.175177401129943519e+03
1.174429378531073326e+03
1.173476836158191873e+03
1.172338983050847446e+03
1.171005649717514189e+03
1.169517514124293939e+03
1.167835028248587605e+03
1.166081355932203451e+03
1.164447457627118638e+03
1.162929943502824926e+03
1.161563841807909512e+03
1.160312994350282452e+03
1.159207909604519955e+03
1.158249717514124313e+03
1.157447457627118638e+03
1.156771751412429239e+03
1.156248587570621339e+03
1.155864406779660840e+03
1.155632768361581839e+03
1.155511864406779750e+03
1.155536723163841771e+03
1.155688135593220295e+03
1.155976271186440727e+03
1.156390960451977207e+03
1.156920903954802270e+03
1.157584180790960545e+03
1.158363841807909466e+03
1.159256497175141249e+03
1.160248587570621339e+03
1.161348022598870102e+03
1.162536723163841543e+03
1.163818079096045039e+03
1.165186440677965948e+03
1.166635028248587787e+03
1.168131073446327719e+03
1.169668926553672463e+03
1.171240677966101885e+03
1.172864406779660840e+03
1.174507344632768309e+03
1.176177401129943519e+03
1.177612429378531033e+03
1.178792090395480272e+03
1.179676836158192145e+03
1.180273446327683587e+03
1.180578531073446356e+03
1.180578531073446356e+03
1.180310734463276731e+03
1.179757062146892622e+03
1.178931073446327900e+03
1.177838418079096073e+03
1.176497175141242906e+03
1.174898305084745971e+03
1.173346892655367355e+03
1.171856497175141158e+03
1.170405649717514279e+03
1.169010169491525403e+03
1.167687005649717548e+03
1.166438418079096209e+03
1.165247457627118820e+03
1.164128813559322225e+03
1.163087005649717412e+03
1.162129943502824972e+03
1.161237288135593190e+03
1.160419209039548150e+03
1.159683615819209081e+03
1.159038418079096118e+03
1.158479096045197821e+03
1.158022598870056527e+03
1.157651977401130125e+03
1.157388700564971714e+03
1.157249717514124313e+03
1.157244067796610125e+03
1.157346892655367355e+03
1.157592090395480227e+03
1.157961581920904109e+03
1.158466666666666697e+03
1.159134463276836414e+03
1.159916384180791056e+03
1.160823728813559455e+03
1.161884745762711873e+03
1.163044067796610307e+03
1.164312994350282679e+03
1.165708474576271328e+03
1.167185310734463428e+03
1.168743502824858751e+03
1.170099435028248763e+03
1.171258757062146969e+03
1.172222598870056572e+03
1.172996610169491305e+03
1.173569491525423928e+03
1.173949152542372758e+03
1.174117514124293848e+03
1.174098305084745789e+03
1.173884745762711873e+03
1.173450847457627106e+03
1.172825988700564949e+03
1.172013559322033871e+03
1.170998870056497253e+03
1.169802259887005675e+03
1.168394350282485902e+03
1.166830508474576391e+03
1.165142372881355868e+03
1.163569491525423700e+03
1.162100564971751282e+03
1.160758192090395369e+03
1.159559322033898297e+03
1.158479096045197821e+03
1.157552542372881362e+03
1.156779661016949149e+03
1.156137853107344654e+03
1.155641807909604495e+03
1.155308474576271237e+03
1.155091525423728854e+03
1.155006779661016935e+03
1.155071186440677820e+03
1.155264406779660931e+03
1.155585310734463292e+03
1.156024858757062248e+03
1.156597740112994416e+03
1.157293785310734620e+03
1.158096045197740068e+03
1.159029378531073462e+03
1.160064406779661113e+03
1.161192090395480136e+03
1.162422598870056390e+03
1.163753672316384154e+03
1.165163841807909648e+03
1.166636158192090534e+03
1.168177401129943519e+03
1.169776271186440681e+03
1.171412429378531215e+03
1.173098305084745789e+03
1.174806779661016890e+03
1.176546892655367174e+03
1.178250847457627060e+03
1.179696045197740204e+03
1.180859887005649853e+03
1.181737853107344563e+03
1.182317514124293893e+03
1.182620338983050942e+03
1.182618079096045221e+03
1.182317514124293893e+03
1.181734463276836323e+03
1.180881355932203405e+03
1.179764971751412304e+03
1.178385310734463246e+03
1.176769491525423746e+03
1.175200000000000045e+03
1.173674576271186424e+03
1.172213559322033916e+03
1.170819209039548014e+03
1.169485875706214756e+03
1.168240677966101657e+03
1.167055367231638456e+03
1.165961581920903882e+03
1.164923163841807764e+03
1.163978531073446447e+03
1.163106214689265471e+03
1.162319774011299614e+03
1.161627118644067650e+03
1.161018079096045312e+03
1.160515254237287991e+03
1.160097175141243042e+03
1.159796610169491487e+03
1.159604519774011351e+03
1.159537853107344745e+03
1.159603389830508604e+03
1.159806779661017117e+03
1.160149152542372804e+03
1.160630508474576345e+03
1.161250847457627060e+03
1.162029378531073235e+03
1.162928813559321952e+03
1.163968361581920817e+03
1.165127683615819024e+03
1.166430508474576072e+03
1.167825988700564949e+03
1.169329943502824790e+03
1.170932203389830420e+03
1.172487005649717503e+03
1.173846327683615527e+03
1.175007909604519682e+03
1.175975141242937752e+03
1.176750282485875687e+03
1.177307344632768263e+03
1.177666666666666515e+03
1.177819209039547786e+03
1.177776271186440681e+03
1.177538983050847492e+03
1.177088135593220386e+03
1.176449717514124131e+03
1.175614689265536754e+03
1.174568361581920954e+03
1.173327683615819296e+03
1.171914124293785335e+03
1.170291525423728672e+03
1.168491525423728945e+03
1.166807909604519637e+03
1.165237288135593190e+03
1.163787570621469058e+03
1.162476836158192100e+03
1.161320903954802361e+03
1.160299435028248809e+03
1.159416949152542429e+03
1.158692655367231964e+03
1.158101694915254257e+03
1.157656497175141340e+03
1.157354802259887038e+03
1.157188700564971896e+03
1.157149152542373031e+03
1.157248587570621567e+03
1.157474576271186606e+03
1.157828248587570670e+03
1.158315254237288173e+03
1.158924293785310965e+03
1.159646327683615709e+03
1.160476836158192100e+03
1.161425988700565085e+03
1.162470056497175165e+03
1.163619209039547968e+03
1.164847457627118729e+03
1.166169491525423837e+03
1.167572881355932168e+03
1.169027118644067741e+03
1.170550282485875869e+03
1.172118644067796595e+03
1.173687005649717548e+03
1.175312994350282679e+03
1.176970621468926765e+03
1.178497175141243133e+03
1.179769491525423746e+03
1.180759322033898570e+03
1.181437288135593462e+03
1.181831638418079137e+03
1.181927683615819205e+03
1.181741242937853258e+03
1.181246327683615846e+03
1.180473446327683632e+03
1.179442937853107424e+03
1.178138983050847401e+03
1.176585310734463292e+03
1.175036158192090170e+03
1.173529943502824835e+03
1.172072316384180795e+03
1.170683615819209081e+03
1.169344632768361635e+03
1.168082485875706197e+03
1.166881355932203405e+03
1.165755932203389875e+03
1.164715254237288264e+03
1.163743502824858751e+03
1.162863276836158093e+03
1.162038418079096118e+03
1.161308474576271237e+03
1.160659887005649580e+03
1.160112994350282406e+03
1.159657627118644086e+03
1.159297175141242860e+03
1.159049717514124040e+03
1.158911864406779841e+03
1.158903954802259705e+03
1.159025988700564994e+03
1.159263276836158184e+03
1.159654237288135619e+03
1.160180790960451986e+03
1.160853107344632917e+03
1.161663276836158275e+03
1.162603389830508604e+03
1.163683615819209081e+03
1.164871186440678002e+03
1.166184180790960454e+03
1.167597740112994416e+03
1.169117514124293848e+03
1.170733333333333348e+03
1.172210169491525448e+03
1.173499435028248627e+03
1.174571751412429421e+03
1.175457627118644268e+03
1.176135593220339160e+03
1.176611299435028286e+03
1.176881355932203405e+03
1.176943502824858797e+03
1.176796610169491487e+03
1.176447457627118865e+03
1.175914124293785335e+03
1.175166101694915369e+03
1.174219209039548105e+03
1.173077966101694983e+03
1.171737853107344790e+03
1.170204519774011260e+03
1.168489265536723224e+03
1.166784180790960590e+03
1.165203389830508513e+03
1.163750282485875687e+03
1.162429378531073326e+03
1.161257627118644223e+03
1.160215819209039637e+03
1.159332203389830738e+03
1.158602259887005630e+03
1.158018079096045312e+03
1.157568361581920726e+03
1.157268926553672372e+03
1.157103954802259750e+03
1.157080225988700477e+03
1.157190960451977389e+03
1.157422598870056390e+03
1.157814689265536572e+03
1.158315254237288173e+03
1.158935593220338887e+03
1.159697175141242951e+03
1.160567231638417979e+03
1.161553672316384109e+03
1.162641807909604267e+03
1.163835028248587378e+03
1.165134463276835959e+03
1.166510734463276776e+03
1.167951412429378479e+03
1.169484745762711555e+03
1.171075706214689035e+03
1.172717514124293757e+03
1.174388700564971714e+03
1.176112994350282406e+03
1.177861016949152372e+03
1.179622598870056208e+03
1.181128813559321998e+03
1.182354802259887038e+03
1.183311864406779478e+03
1.183969491525423564e+03
1.184335593220338751e+03
1.184409039548022520e+03
1.184187570621468922e+03
1.183681355932203132e+03
1.182903954802259705e+03
1.181853107344632690e+03
1.180540112994350238e+03
1.178981920903954915e+03
1.177348022598870102e+03
1.175770621468926493e+03
1.174250847457627060e+03
1.172781920903954870e+03
1.171381920903954779e+03
1.170042937853107105e+03
1.168772881355931986e+03
1.167602259887005403e+03
1.166507344632768309e+03
1.165477966101695074e+03
1.164527683615819114e+03
1.163666666666666515e+03
1.162885875706214620e+03
1.162183050847457707e+03
1.161581920903954597e+03
1.161073446327683541e+03
1.160685875706214574e+03
1.160406779661016571e+03
1.160244067796610125e+03
1.160214689265536435e+03
1.160320903954802134e+03
1.160567231638417979e+03
1.160959322033897934e+03
1.161471186440677684e+03
1.162150282485875323e+03
1.162974011299434778e+03
1.163919774011299296e+03
1.165001129943502519e+03
1.166205649717513779e+03
1.167536723163841543e+03
1.168966101694914869e+03
1.170500564971751373e+03
1.172125423728813303e+03
1.173558192090395323e+03
1.174795480225988285e+03
1.175829378531073189e+03
1.176670056497174755e+03
1.177300564971751101e+03
1.177722033898304744e+03
1.177932203389830192e+03
1.177968361581920817e+03
1.177796610169491487e+03
1.177407909604519773e+03
1.176813559322033598e+03
1.176023728813559046e+03
1.175035028248587423e+03
1.173859887005649398e+03
1.172485875706214529e+03
1.170911864406779387e+03
1.169171751412429330e+03
1.167449717514124131e+03
1.165841807909604313e+03
1.164361581920903745e+03
1.163004519774010987e+03
1.161783050847457389e+03
1.160685875706214574e+03
1.159755932203389648e+03
1.158976271186440499e+03
1.158323163841807855e+03
1.157813559322033598e+03
1.157446327683615436e+03
1.157210169491525448e+03
1.157106214689265471e+03
1.157151412429378524e+03
1.157323163841807855e+03
1.157621468926553916e+03
1.158062146892655392e+03
1.158604519774011351e+03
1.159265536723163905e+03
1.160054237288135482e+03
1.160945762711864290e+03
1.161964971751412349e+03
1.163067796610169580e+03
1.164280225988700295e+03
1.165559322033898297e+03
1.166925423728813485e+03
1.168370621468926402e+03
1.169871186440677775e+03
1.171415819209039455e+03
1.173012429378531124e+03
1.174631638418079092e+03
1.176284745762711736e+03
1.177942372881355823e+03
1.179398870056497117e+03
1.180586440677966038e+03
1.181493785310734438e+03
1.182094915254237094e+03
1.182405649717513825e+03
1.182414689265536708e+03
1.182136723163841907e+03
1.181577401129943610e+03
1.180741242937853031e+03
1.179621468926553689e+03
1.178245197740112872e+03
1.176655367231638138e+03
1.175098305084745789e+03
1.173613559322033780e+03
1.172188700564971441e+03
1.170803389830508422e+03
1.169488135593220250e+03
1.168250847457627060e+03
1.167096045197739841e+03
1.165990960451977116e+03
1.164959322033898388e+03
1.164021468926553553e+03
1.163153672316384018e+03
1.162377401129943337e+03
1.161677966101694892e+03
1.161072316384180795e+03
1.160562711864406765e+03
1.160145762711864336e+03
1.159848587570621476e+03
1.159659887005649580e+03
1.159611299435028059e+03
1.159685875706214574e+03
1.159906214689265425e+03
1.160253107344632554e+03
1.160735593220338842e+03
1.161374011299434869e+03
1.162152542372881271e+03
1.163076836158191782e+03
1.164134463276835959e+03
1.165308474576271010e+03
1.166610169491525085e+03
1.168028248587570488e+03
1.169545762711864427e+03
1.171162711864406447e+03
1.172846327683615527e+03
1.174327683615819069e+03
1.175603389830508149e+03
1.176681355932203132e+03
1.177557062146892349e+03
1.178221468926553371e+03
1.178688135593220068e+03
1.178951412429378252e+03
1.179000000000000000e+03
1.178863276836158093e+03
1.178523163841807900e+03
1.177963841807909603e+03
1.177201129943503020e+03
1.176232768361581975e+03
1.175066666666666606e+03
1.173702824858757140e+03
1.172144632768361589e+03
1.170395480225988649e+03
1.168708474576271328e+03
1.167141242937852894e+03
1.165697175141242951e+03
1.164390960451977207e+03
1.163241807909604177e+03
1.162213559322033689e+03
1.161335593220338751e+03
1.160598870056496708e+03
1.160004519774010987e+03
1.159551412429378388e+03
1.159256497175141021e+03
1.159073446327683541e+03
1.159030508474576209e+03
1.159119774011299342e+03
1.159364971751412213e+03
1.159724293785310692e+03
1.160214689265536435e+03
1.160831638418078910e+03
1.161569491525423473e+03
1.162435028248587514e+03
1.163414689265536708e+03
1.164480225988700568e+03
1.165658757062146833e+03
1.166932203389830192e+03
1.168287005649717230e+03
1.169717514124293757e+03
1.171219209039547877e+03
1.172778531073446175e+03
1.174392090395479954e+03
1.176044067796609852e+03
1.177727683615818933e+03
1.179428248587570579e+03
1.181127683615819024e+03
1.182549152542372667e+03
1.183682485875706107e+03
1.184542372881355732e+03
1.185124293785310556e+03
1.185396610169491396e+03
1.185375141242937843e+03
1.185068926553672100e+03
1.184479096045197593e+03
1.183614689265536526e+03
1.182489265536722996e+03
1.181129943502824517e+03
1.179501694915254120e+03
1.177867796610169080e+03
1.176292655367231418e+03
1.174759322033898115e+03
1.173296045197739886e+03
1.171903954802259705e+03
1.170571751412429194e+03
1.169315254237287945e+03
1.168118644067796367e+03
1.167007909604519682e+03
1.165960451977400908e+03
1.165001129943502747e+03
1.164119774011299342e+03
1.163317514124293666e+03
1.162622598870056436e+03
1.162005649717514189e+03
1.161500564971751373e+03
1.161101694915254257e+03
1.160825988700564722e+03
1.160688135593220295e+03
1.160676836158192145e+03
1.160802259887005675e+03
1.161080225988700477e+03
1.161503954802259841e+03
1.162058757062146924e+03
1.162761581920904064e+03
1.163610169491525539e+03
1.164588700564971759e+03
1.165708474576271328e+03
1.166938983050847582e+03
1.168270056497175119e+03
1.169694915254237458e+03
1.171241807909604631e+03
1.172744632768361498e+03
1.174035028248587423e+03
1.175140112994350147e+03
1.176055367231638456e+03
1.176757062146892622e+03
1.177266666666666424e+03
1.177578531073446356e+03
1.177673446327683450e+03
1.177571751412429421e+03
1.177280225988700522e+03
1.176783050847457389e+03
1.176084745762711691e+03
1.175202259887005539e+03
1.174105084745762724e+03
1.172807909604519637e+03
1.171331073446327537e+03
1.169650847457627151e+03
1.167908474576271146e+03
1.166288135593220204e+03
1.164778531073446175e+03
1.163399999999999864e+03
1.162151412429378524e+03
1.161055367231638229e+03
1.160082485875706197e+03
1.159259887005649489e+03
1.158579661016949103e+03
1.158031638418079183e+03
1.157614689265536754e+03
1.157334463276836232e+03
1.157199999999999818e+03
1.157193220338982883e+03
1.157322033898305108e+03
1.157575141242937661e+03
1.157962711864406629e+03
1.158477966101694847e+03
1.159098305084745789e+03
1.159847457627118729e+03
1.160699435028248445e+03
1.161651977401129898e+03
1.162710734463276822e+03
1.163863276836158093e+03
1.165101694915254029e+03
1.166425988700564858e+03
1.167827118644067923e+03
1.169284745762711736e+03
1.170797740112994234e+03
1.172352542372881317e+03
1.173945762711864518e+03
1.175569491525423700e+03
1.177207909604519728e+03
1.178736723163841816e+03
1.179992090395480318e+03
1.180943502824858570e+03
1.181614689265536526e+03
1.181985310734463383e+03
1.182072316384180795e+03
1.181859887005649853e+03
1.181368361581920908e+03
1.180602259887005857e+03
1.179559322033898297e+03
1.178281355932203496e+03
1.176727683615819160e+03
1.175138983050847401e+03
1.173594350282485721e+03
1.172109604519774166e+03
1.170667796610169262e+03
1.169298305084745607e+03
1.167994350282485811e+03
1.166769491525423746e+03
1.165592090395480227e+03
1.164490395480225970e+03
1.163464406779660976e+03
1.162522033898304926e+03
1.161644067796610216e+03
1.160853107344632917e+03
1.160145762711864336e+03
1.159537853107344517e+03
1.159025988700564994e+03
1.158614689265536526e+03
1.158324293785310601e+03
1.158155932203389739e+03
1.158107344632768218e+03
1.158185310734463201e+03
1.158402259887005584e+03
1.158774011299434960e+03
1.159277966101694801e+03
1.159927683615819205e+03
1.160718644067796504e+03
1.161649717514124404e+03
1.162689265536723269e+03
1.163872316384180749e+03
1.165166101694915142e+03
1.166559322033898297e+03
1.168048587570621521e+03
1.169647457627118683e+03
1.171248587570621567e+03
1.172645197740112962e+03
1.173872316384180522e+03
1.174882485875706152e+03
1.175710734463276822e+03
1.176338983050847446e+03
1.176768361581920772e+03
1.176984180790960181e+03
1.177004519774010987e+03
1.176824858757061975e+03
1.176439548022598501e+03
1.175850847457626969e+03
1.175068926553672100e+03
1.174085875706214438e+03
1.172914124293785108e+03
1.171552542372881135e+03
1.170005649717513734e+03
1.168331073446327537e+03
1.166762711864406583e+03
1.165323163841807627e+03
1.164020338983050806e+03
1.162861016949152599e+03
1.161818079096045039e+03
1.160907344632768400e+03
1.160159322033898206e+03
1.159543502824858706e+03
1.159056497175141203e+03
1.158715254237288036e+03
1.158502824858756867e+03
1.158429378531073326e+03
1.158484745762712009e+03
1.158653107344632645e+03
1.158967231638418070e+03
1.159401129943502838e+03
1.159955932203389921e+03
1.160646327683615709e+03
1.161442937853107196e+03
1.162336723163841725e+03
1.163345762711864381e+03
1.164459887005649762e+03
1.165662146892655301e+03
1.166936723163841634e+03
1.168302824858757049e+03
1.169740112994350056e+03
1.171198870056497071e+03
1.172731073446327628e+03
1.174310734463276731e+03
1.175919774011299296e+03
1.177543502824858706e+03
1.179212429378530942e+03
1.180737853107344563e+03
1.181988700564971623e+03
1.182958192090395414e+03
1.183646327683615709e+03
1.184038418079096118e+03
1.184170621468926583e+03
1.183996610169491305e+03
1.183557062146892804e+03
1.182833898305084858e+03
1.181861016949152599e+03
1.180642937853107242e+03
1.179168361581920635e+03
1.177612429378531033e+03
1.176105084745762724e+03
1.174638418079096027e+03
1.173240677966101430e+03
1.171891525423728808e+03
1.170625988700564903e+03
1.169405649717514052e+03
1.168268926553672372e+03
1.167210169491525448e+03
1.166206779661016753e+03
1.165287005649717457e+03
1.164446327683615891e+03
1.163685875706214574e+03
1.163016949152542338e+03
1.162450847457627106e+03
1.161972881355932259e+03
1.161620338983050715e+03
1.161368361581920908e+03
1.161241807909604631e+03
1.161253107344632554e+03
1.161402259887005584e+03
1.161674576271186424e+03
1.162094915254237549e+03
1.162663276836158275e+03
1.163368361581920908e+03
1.164213559322033916e+03
1.165202259887005766e+03
1.166306214689265744e+03
1.167537853107344745e+03
1.168870056497175256e+03
1.170305084745762997e+03
1.171835028248587605e+03
1.173346892655367355e+03
1.174666666666666742e+03
1.175809039548022611e+03
1.176748022598870193e+03
1.177492655367231691e+03
1.178049717514124495e+03
1.178392090395480409e+03
1.178546892655367174e+03
1.178496045197739932e+03
1.178244067796610125e+03
1.177809039548022611e+03
1.177166101694915142e+03
1.176322033898305108e+03
1.175299435028248809e+03
1.174072316384180795e+03
1.172653107344632872e+03
1.171046327683615800e+03
1.169261016949152690e+03
1.167588700564971987e+03
1.166032768361581930e+03
1.164592090395480454e+03
1.163292655367231873e+03
1.162120903954802543e+03
1.161102824858757231e+03
1.160201129943503020e+03
1.159432768361582021e+03
1.158811299435028104e+03
1.158319774011299614e+03
1.157971751412429512e+03
1.157752542372881408e+03
1.157668926553672463e+03
1.157722033898305199e+03
1.157901694915254211e+03
1.158204519774011260e+03
1.158632768361582066e+03
1.159200000000000273e+03
1.159885875706214847e+03
1.160667796610169717e+03
1.161569491525423700e+03
1.162570621468926674e+03
1.163668926553672463e+03
1.164870056497175256e+03
1.166150282485875778e+03
1.167492655367231691e+03
1.168888135593220341e+03
1.170357062146892758e+03
1.171863276836158320e+03
1.173414689265536708e+03
1.175001129943503202e+03
1.176593220338983201e+03
1.178155932203389966e+03
1.179458757062147015e+03
1.180470056497175392e+03
1.181195480225988831e+03
1.181633898305085040e+03
1.181769491525423746e+03
1.181629378531073598e+03
1.181198870056497526e+03
1.180496045197740386e+03
1.179524293785310874e+03
1.178296045197740114e+03
1.176814689265536799e+03
1.175265536723164132e+03
1.173745762711864700e+03
1.172262146892655437e+03
1.170828248587570670e+03
1.169484745762712009e+03
1.168183050847457707e+03
1.166954802259887174e+03
1.165805649717514370e+03
1.164717514124293757e+03
1.163697175141242951e+03
1.162737853107344790e+03
1.161859887005649853e+03
1.161056497175141430e+03
1.160350282485875823e+03
1.159728813559322134e+03
1.159210169491525676e+03
1.158788700564971805e+03
1.158475706214689353e+03
1.158284745762711964e+03
1.158214689265536890e+03
1.158280225988700749e+03
1.158477966101695074e+03
1.158829378531073644e+03
1.159315254237288400e+03
1.159942372881356278e+03
1.160694915254237458e+03
1.161596610169491669e+03
1.162609039548022793e+03
1.163770621468926947e+03
1.165033898305084904e+03
1.166398870056497344e+03
1.167858757062147106e+03
1.169422598870056618e+03
1.170994350282486039e+03
1.172364971751412668e+03
1.173551412429378615e+03
1.174532203389830556e+03
1.175315254237288173e+03
1.175915254237288082e+03
1.176301694915254302e+03
1.176479096045197821e+03
1.176458757062147015e+03
1.176236158192090443e+03
1.175812429378531078e+03
1.175193220338983110e+03
1.174377401129943337e+03
1.173358192090395278e+03
1.172127683615819251e+03
1.170723163841807946e+03
1.169114124293785153e+03
1.167456497175141294e+03
1.165890395480225834e+03
1.164457627118644041e+03
1.163158192090395460e+03
1.162003389830508468e+03
1.160967231638418070e+03
1.160059887005649671e+03
1.159322033898305108e+03
1.158694915254237458e+03
1.158224858757062066e+03
1.157900564971751464e+03
1.157706214689265607e+03
1.157631638418079092e+03
1.157699435028248445e+03
1.157901694915254211e+03
1.158221468926553371e+03
1.158661016949152554e+03
1.159233898305084722e+03
1.159949152542372758e+03
1.160758192090395369e+03
1.161683615819209081e+03
1.162720903954802452e+03
1.163842937853107287e+03
1.165067796610169353e+03
1.166385310734463246e+03
1.167762711864406810e+03
1.169215819209039637e+03
1.170720903954802452e+03
1.172300564971751555e+03
1.173902824858757185e+03
1.175536723163841998e+03
1.177189830508474643e+03
1.178861016949152599e+03
1.180451977401130080e+03
1.181748022598869966e+03
1.182780790960451895e+03
1.183516384180790737e+03
1.183960451977401135e+03
1.184137853107344654e+03
1.184013559322033871e+03
1.183615819209039728e+03
1.182963841807909830e+03
1.182047457627118547e+03
1.180868926553672281e+03
1.179464406779661203e+03
1.177877966101695165e+03
1.176328813559322043e+03
1.174836158192090352e+03
1.173405649717514279e+03
1.172012429378531124e+03
1.170705084745762633e+03
1.169457627118644268e+03
1.168270056497175119e+03
1.167166101694915369e+03
1.166129943502824972e+03
1.165168361581920863e+03
1.164272316384180840e+03
1.163463276836158002e+03
1.162733333333333348e+03
1.162110734463276913e+03
1.161581920903954597e+03
1.161171751412429330e+03
1.160872316384180749e+03
1.160688135593220295e+03
1.160635028248587560e+03
1.160716384180791010e+03
1.160955932203389693e+03
1.161305084745762542e+03
1.161815819209039319e+03
1.162479096045197821e+03
1.163266666666666424e+03
1.164199999999999818e+03
1.165237288135592962e+03
1.166413559322033962e+03
1.167699435028248445e+03
1.169084745762711918e+03
1.170571751412429194e+03
1.172144632768361362e+03
1.173534463276836050e+03
1.174719774011299251e+03
1.175726553672316186e+03
1.176537853107344517e+03
1.177159322033898206e+03
1.177599999999999909e+03
1.177844067796610034e+03
1.177880225988700431e+03
1.177733333333333121e+03
1.177379661016949058e+03
1.176832768361581657e+03
1.176093785310734347e+03
1.175167231638417888e+03
1.174038418079096118e+03
1.172722033898305199e+03
1.171210169491525448e+03
1.169542372881355732e+03
1.167912994350282588e+03
1.166385310734463246e+03
1.164983050847457434e+03
1.163719774011299251e+03
1.162576271186440408e+03
1.161579661016948876e+03
1.160736723163841589e+03
1.160014689265536617e+03
1.159436158192090261e+03
1.158996610169491305e+03
1.158674576271186197e+03
1.158489265536722996e+03
1.158456497175141067e+03
1.158535593220338797e+03
1.158742372881355777e+03
1.159075706214689035e+03
1.159549152542372667e+03
1.160140112994350147e+03
1.160849717514124222e+03
1.161673446327683450e+03
1.162605649717513870e+03
1.163639548022598547e+03
1.164777401129943428e+03
1.166001129943502747e+03
1.167307344632768036e+03
1.168689265536723042e+03
1.170142372881355868e+03
1.171640677966101521e+03
1.173194350282485857e+03
1.174784180790960363e+03
1.176411299435028013e+03
1.178054237288135482e+03
1.179640677966101521e+03
1.180958192090395187e+03
1.182001129943502747e+03
1.182759322033898115e+03
1.183221468926553371e+03
1.183403389830508331e+03
1.183289265536723178e+03
1.182888135593220341e+03
1.182210169491525448e+03
1.181271186440678093e+03
1.180064406779661113e+03
1.178604519774011351e+03
1.176994350282485811e+03
1.175420338983050897e+03
1.173891525423728581e+03
1.172421468926553644e+03
1.171020338983050806e+03
1.169666666666666515e+03
1.168393220338982928e+03
1.167187570621468694e+03
1.166051977401129989e+03
1.164979661016949194e+03
1.163993220338983065e+03
1.163074576271186288e+03
1.162235028248587469e+03
1.161481355932203314e+03
1.160825988700564949e+03
1.160264406779660931e+03
1.159819209039547786e+03
1.159488135593220250e+03
1.159254237288135300e+03
1.159168361581920635e+03
1.159202259887005312e+03
1.159376271186440590e+03
1.159692655367231509e+03
1.160152542372881271e+03
1.160762711864406583e+03
1.161517514124293712e+03
1.162407909604519773e+03
1.163420338983050897e+03
1.164572881355932168e+03
1.165836158192090352e+03
1.167220338983050624e+03
1.168692655367231509e+03
1.170266666666666424e+03
1.171925423728813257e+03
1.173393220338982701e+03
1.174659887005649580e+03
1.175723163841807718e+03
1.176602259887005403e+03
1.177261016949152463e+03
1.177708474576271101e+03
1.177969491525423564e+03
1.178015819209039364e+03
1.177866666666666561e+03
1.177491525423728717e+03
1.176918644067796549e+03
1.176136723163841907e+03
1.175151412429378524e+03
1.173980790960451941e+03
1.172592090395480227e+03
1.171020338983050806e+03
1.169256497175141249e+03
1.167606779661016844e+03
1.166066666666666606e+03
1.164667796610169262e+03
1.163381920903954551e+03
1.162231638418079001e+03
1.161233898305084494e+03
1.160383050847457525e+03
1.159663276836158047e+03
1.159091525423728854e+03
1.158633898305084585e+03
1.158328813559322043e+03
1.158134463276836186e+03
1.158103954802259977e+03
1.158197740112994325e+03
1.158420338983050897e+03
1.158762711864406810e+03
1.159221468926553825e+03
1.159819209039548014e+03
1.160535593220339024e+03
1.161348022598870102e+03
1.162281355932203269e+03
1.163324293785310601e+03
1.164440677966101703e+03
1.165650847457627151e+03
1.166958192090395642e+03
1.168332203389830511e+03
1.169759322033898115e+03
1.171250847457627060e+03
1.172783050847457616e+03
1.174359322033898479e+03
1.175942372881355823e+03
1.177570621468926447e+03
1.179212429378530942e+03
1.180571751412429421e+03
1.181666666666666515e+03
1.182466666666666697e+03
1.182980790960451941e+03
1.183196610169491350e+03
1.183129943502824972e+03
1.182775141242937707e+03
1.182142372881355868e+03
1.181248587570621567e+03
1.180088135593220159e+03
1.178684745762711827e+03
1.177124293785310783e+03
1.175610169491525539e+03
1.174131073446327719e+03
1.172712994350282543e+03
1.171369491525423655e+03
1.170068926553672327e+03
1.168835028248587605e+03
1.167685875706214574e+03
1.166613559322034007e+03
1.165601129943502656e+03
1.164674576271186197e+03
1.163816949152542293e+03
1.163055367231638229e+03
1.162368361581920908e+03
1.161774011299434960e+03
1.161279096045197548e+03
1.160883615819208899e+03
1.160620338983050942e+03
1.160483615819209035e+03
1.160462146892655255e+03
1.160578531073446356e+03
1.160841807909604540e+03
1.161241807909604404e+03
1.161774011299435188e+03
1.162471186440678139e+03
1.163300564971751328e+03
1.164262146892655437e+03
1.165351412429378570e+03
1.166575141242937661e+03
1.167919774011299523e+03
1.169344632768361407e+03
1.170887005649717594e+03
1.172524293785310647e+03
1.174002259887005494e+03
1.175302824858757049e+03
1.176397740112994370e+03
1.177292655367231873e+03
1.177995480225988558e+03
1.178490395480226198e+03
1.178796610169491487e+03
1.178891525423728808e+03
1.178778531073446402e+03
1.178476836158191873e+03
1.177952542372881453e+03
1.177247457627118592e+03
1.176332203389830511e+03
1.175221468926553598e+03
1.173905084745762679e+03
1.172400000000000091e+03
1.170697175141242951e+03
1.168951412429378479e+03
1.167318644067796413e+03
1.165814689265536572e+03
1.164422598870056390e+03
1.163192090395480136e+03
1.162089265536722905e+03
1.161129943502824972e+03
1.160311864406779478e+03
1.159636158192090534e+03
1.159108474576270964e+03
1.158706214689265380e+03
1.158441807909604449e+03
1.158317514124293666e+03
1.158325423728813348e+03
1.158484745762711555e+03
1.158758192090395369e+03
1.159176271186440772e+03
1.159702824858756912e+03
1.160374011299435097e+03
1.161163841807909648e+03
1.162065536723163859e+03
1.163070056497175074e+03
1.164188700564971441e+03
1.165407909604519773e+03
1.166709604519774075e+03
1.168090395480225880e+03
1.169549152542372667e+03
1.171072316384180795e+03
1.172637288135593280e+03
1.174262146892655437e+03
1.175917514124293803e+03
1.177605649717514098e+03
1.179316384180790919e+03
1.180850847457626969e+03
1.182096045197740068e+03
1.183054237288135482e+03
1.183724293785310692e+03
1.184087005649717412e+03
1.184177401129943519e+03
1.183968361581921044e+03
1.183477966101695074e+03
1.182708474576271328e+03
1.181687005649717548e+03
1.180404519774011533e+03
1.178882485875706152e+03
1.177225988700565040e+03
1.175606779661017072e+03
1.174049717514124040e+03
1.172544632768361680e+03
1.171100564971751282e+03
1.169736723163841816e+03
1.168416949152542202e+03
1.167181920903954733e+03
1.166009039548022429e+03
1.164923163841807764e+03
1.163906214689265425e+03
1.162960451977401135e+03
1.162110734463276913e+03
1.161352542372881317e+03
1.160690395480226016e+03
1.160144632768361589e+03
1.159688135593220522e+03
1.159366101694915187e+03
1.159170621468926583e+03
1.159109604519774166e+03
1.159170621468926583e+03
1.159386440677966220e+03
1.159759322033898343e+03
1.160266666666666652e+03
1.160918644067796549e+03
1.161707344632768354e+03
1.162632768361581839e+03
1.163681355932203360e+03
1.164867796610169535e+03
1.166158192090395460e+03
1.167563841807909739e+03
1.169061016949152645e+03
1.170651977401129898e+03
1.172172881355932077e+03
1.173491525423728945e+03
1.174625988700565131e+03
1.175564971751412486e+03
1.176312994350282679e+03
1.176849717514124222e+03
1.177189830508474643e+03
1.177309604519773984e+03
1.177227118644067787e+03
1.176949152542372758e+03
1.176474576271186379e+03
1.175789830508474552e+03
1.174897175141242997e+03
1.173820338983050988e+03
1.172540112994350466e+03
1.171089265536723360e+03
1.169407909604519773e+03
1.167722033898305199e+03
1.166161581920904155e+03
1.164726553672316413e+03
1.163411299435028241e+03
1.162247457627118592e+03
1.161209039548022702e+03
1.160324293785311056e+03
1.159563841807909739e+03
1.158937853107344836e+03
1.158459887005649762e+03
1.158122033898305290e+03
1.157912994350282588e+03
1.157837288135593553e+03
1.157894915254237503e+03
1.158068926553672554e+03
1.158383050847457980e+03
1.158835028248587832e+03
1.159404519774011533e+03
1.160089265536723360e+03
1.160899435028248718e+03
1.161833898305084858e+03
1.162874576271186697e+03
1.164005649717514189e+03
1.165232768361582202e+03
1.166548022598870375e+03
1.167931073446327900e+03
1.169398870056497344e+03
1.170922033898305472e+03
1.172492655367231919e+03
1.174083615819209172e+03
1.175719774011299478e+03
1.177380790960452032e+03
1.179058757062146924e+03
1.180552542372881589e+03
1.181761581920904064e+03
1.182684745762712055e+03
1.183311864406779932e+03
1.183654237288135846e+03
1.183710734463277049e+03
1.183472316384181113e+03
1.182957062146892895e+03
1.182188700564971896e+03
1.181146892655367537e+03
1.179846327683615982e+03
1.178302824858757276e+03
1.176710734463277049e+03
1.175158192090395687e+03
1.173661016949152781e+03
1.172225988700565267e+03
1.170848587570621703e+03
1.169534463276836505e+03
1.168284745762712191e+03
1.167112994350282861e+03
1.166021468926554007e+03
1.164981920903955142e+03
1.164025988700565222e+03
1.163163841807910103e+03
1.162389830508474915e+03
1.161714124293785517e+03
1.161131073446327946e+03
1.160655367231638593e+03
1.160306214689265744e+03
1.160059887005650126e+03
1.159952542372881453e+03
1.159981920903954915e+03
1.160157062146892713e+03
1.160477966101695074e+03
1.160943502824859024e+03
1.161552542372881589e+03
1.162312994350282679e+03
1.163198870056497526e+03
1.164218079096045585e+03
1.165375141242938071e+03
1.166644067796610443e+03
1.168037288135593371e+03
1.169536723163841998e+03
1.171144632768361816e+03
1.172809039548022838e+03
1.174302824858757276e+03
1.175586440677966493e+03
1.176670056497175437e+03
1.177546892655367628e+03
1.178249717514124541e+03
1.178722033898305199e+03
1.178978531073446447e+03
1.179057627118644405e+03
1.178919774011299751e+03
1.178576271186440863e+03
1.178025988700565449e+03
1.177268926553672600e+03
1.176307344632768491e+03
1.175133333333333667e+03
1.173767231638418252e+03
1.172201129943503020e+03
1.170441807909604904e+03
1.168705084745762861e+03
1.167099435028248990e+03
1.165612429378531488e+03
1.164249717514124541e+03
1.163037288135593371e+03
1.161955932203390148e+03
1.161013559322034098e+03
1.160202259887005766e+03
1.159528813559322316e+03
1.158996610169491760e+03
1.158596610169491669e+03
1.158349152542372849e+03
1.158222598870056572e+03
1.158220338983051079e+03
1.158362711864406947e+03
1.158616949152542475e+03
1.158997740112994506e+03
1.159522033898305153e+03
1.160168361581921090e+03
1.160915254237288309e+03
1.161789830508474779e+03
1.162775141242937934e+03
1.163855367231638411e+03
1.165027118644067968e+03
1.166275706214689535e+03
1.167602259887005857e+03
1.168995480225988786e+03
1.170458757062147015e+03
1.171975141242937752e+03
1.173520903954802407e+03
1.175101694915254484e+03
1.176715254237288264e+03
1.178353672316384291e+03
1.179780790960452123e+03
1.180909604519774120e+03
1.181757062146892849e+03
1.182311864406779932e+03
1.182562711864406992e+03
1.182536723163841998e+03
1.182221468926553825e+03
1.181646327683615937e+03
1.180789830508474779e+03
1.179670056497175210e+03
1.178281355932203496e+03
1.176679096045197866e+03
1.175087005649717867e+03
1.173537853107344745e+03
1.172028248587570943e+03
1.170607909604520046e+03
1.169221468926553825e+03
1.167903954802260159e+03
1.166650847457627151e+03
1.165458757062147015e+03
1.164344632768361635e+03
1.163294915254237367e+03
1.162318644067796868e+03
1.161432768361582021e+03
1.160627118644068105e+03
1.159910734463277095e+03
1.159289265536723406e+03
1.158786440677966311e+03
1.158395480225988877e+03
1.158140112994350375e+03
1.157995480225988786e+03
1.158000000000000000e+03
1.158150282485875778e+03
1.158450847457627106e+03
1.158883615819208899e+03
1.159464406779660976e+03
1.160172881355932304e+03
1.161027118644067741e+03
1.162011299435028377e+03
1.163132203389830465e+03
1.164354802259887038e+03
1.165700564971751419e+03
1.167150282485875778e+03
1.168681355932203587e+03
1.170326553672316550e+03
1.171827118644067696e+03
1.173137853107344654e+03
1.174261016949152690e+03
1.175170621468926583e+03
1.175877966101694938e+03
1.176404519774011305e+03
1.176722033898305199e+03
1.176839548022599047e+03
1.176745762711864472e+03
1.176447457627118638e+03
1.175949152542372985e+03
1.175255367231638502e+03
1.174357062146892531e+03
1.173246327683615846e+03
1.171958192090395642e+03
1.170465536723163950e+03
1.168784180790960590e+03
1.167203389830508513e+03
1.165738983050847537e+03
1.164405649717514052e+03
1.163193220338983110e+03
1.162117514124293848e+03
1.161180790960452214e+03
1.160384180790960727e+03
1.159727683615819387e+03
1.159186440677966175e+03
1.158802259887005675e+03
1.158527683615819114e+03
1.158395480225988649e+03
1.158412429378531215e+03
1.158560451977401272e+03
1.158823728813559455e+03
1.159195480225988831e+03
1.159724293785310920e+03
1.160345762711864609e+03
1.161100564971751510e+03
1.161970621468926765e+03
1.162951412429378706e+03
1.164024858757062248e+03
1.165206779661017208e+03
1.166471186440678139e+03
1.167809039548022611e+03
1.169219209039548105e+03
1.170687005649717776e+03
1.172206779661016981e+03
1.173770621468926493e+03
1.175370621468926629e+03
1.176990960451977571e+03
1.178656497175141340e+03
1.180224858757062066e+03
1.181506214689265562e+03
1.182507344632768309e+03
1.183224858757062520e+03
1.183649717514124404e+03
1.183789830508474779e+03
1.183663276836158275e+03
1.183258757062147197e+03
1.182589830508474734e+03
1.181655367231638593e+03
1.180477966101695074e+03
1.179055367231638456e+03
1.177420338983051124e+03
1.175831638418079365e+03
1.174280225988700749e+03
1.172778531073446629e+03
1.171358192090395733e+03
1.169972881355932259e+03
1.168659887005650035e+03
1.167422598870056618e+03
1.166248587570621567e+03
1.165135593220339160e+03
1.164092655367231828e+03
1.163150282485875778e+03
1.162271186440678093e+03
1.161492655367231691e+03
1.160805649717514370e+03
1.160231638418079228e+03
1.159764971751412531e+03
1.159416949152542429e+03
1.159196610169491350e+03
1.159103954802259750e+03
1.159163841807909648e+03
1.159362711864406720e+03
1.159700564971751191e+03
1.160192090395480136e+03
1.160824858757061975e+03
1.161592090395480227e+03
1.162501694915254348e+03
1.163533333333333303e+03
1.164705084745762633e+03
1.165975141242937752e+03
1.167360451977401226e+03
1.168840677966101566e+03
1.170435028248587514e+03
1.171920903954802270e+03
1.173209039548022702e+03
1.174301694915254302e+03
1.175205649717514007e+03
1.175914124293785335e+03
1.176428248587570579e+03
1.176726553672316413e+03
1.176846327683615755e+03
1.176768361581920772e+03
1.176482485875706061e+03
1.175993220338983065e+03
1.175314124293785426e+03
1.174431638418079046e+03
1.173351412429378342e+03
1.172055367231638229e+03
1.170574011299434915e+03
1.168897175141242769e+03
1.167153672316384018e+03
1.165516384180790737e+03
1.164019209039548059e+03
1.162649717514124177e+03
1.161393220338982928e+03
1.160282485875706243e+03
1.159306214689265289e+03
1.158454237288135573e+03
1.157731073446327628e+03
1.157143502824858842e+03
1.156700564971751191e+03
1.156363841807909466e+03
1.156171751412429330e+03
1.156099435028248536e+03
1.156189830508474643e+03
1.156383050847457525e+03
1.156701694915254393e+03
1.157151412429378524e+03
1.157717514124293757e+03
1.158409039548022520e+03
1.159202259887005766e+03
1.160097175141243042e+03
1.161100564971751282e+03
1.162214689265536663e+03
1.163392090395480409e+03
1.164651977401129898e+03
1.165979661016949194e+03
1.167366101694915187e+03
1.168792090395480045e+03
1.170270056497175119e+03
1.171780790960452123e+03
1.173325423728813348e+03
1.174888135593220341e+03
1.176414689265536708e+03
1.177666666666666515e+03
1.178629378531073598e+03
1.179319774011299387e+03
1.179710734463276822e+03
1.179829378531073417e+03
1.179661016949152554e+03
1.179214689265536890e+03
1.178497175141242906e+03
1.177519774011299432e+03
1.176294915254237139e+03
1.174819209039547786e+03
1.173250847457627060e+03
1.171738983050847310e+03
1.170283615819208990e+03
1.168871186440677775e+03
1.167508474576271055e+03
1.166214689265536890e+03
1.164968361581920817e+03
1.163793220338983019e+03
1.162691525423728763e+03
1.161654237288135391e+03
1.160687005649717321e+03
1.159805649717513916e+03
1.159000000000000000e+03
1.158282485875706243e+03
1.157672316384180704e+03
1.157181920903954733e+03
1.156794350282485766e+03
1.156510734463276549e+03
1.156351412429378342e+03
1.156335593220338751e+03
1.156449717514124131e+03
1.156717514124293757e+03
1.157129943502824972e+03
1.157681355932203132e+03
1.158377401129943337e+03
1.159201129943502792e+03
1.160142372881355868e+03
1.161233898305084494e+03
1.162438418079095754e+03
1.163735593220338842e+03
1.165154802259886765e+03
1.166663276836158275e+03
1.168281355932203269e+03
1.169829378531073417e+03
1.171192090395480136e+03
1.172383050847457525e+03
1.173354802259886810e+03
1.174160451977401181e+03
1.174743502824858751e+03
1.175136723163841680e+03
1.175335593220338978e+03
1.175318644067796413e+03
1.175106214689265471e+03
1.174698305084745698e+03
1.174090395480226107e+03
1.173272316384180613e+03
1.172272316384180613e+03
1.171065536723163859e+03
1.169659887005649580e+03
1.168053107344632735e+03
1.166430508474576072e+03
1.164937853107344381e+03
1.163564971751412259e+03
1.162333333333333258e+03
1.161229378531073507e+03
1.160253107344632554e+03
1.159413559322033962e+03
1.158701694915254166e+03
1.158119774011299342e+03
1.157679096045197639e+03
1.157374011299435097e+03
1.157187570621468922e+03
1.157142372881355868e+03
1.157239548022598910e+03
1.157464406779660749e+03
1.157814689265536799e+03
1.158288135593220431e+03
1.158882485875706152e+03
1.159596610169491669e+03
1.160419209039548150e+03
1.161363841807909466e+03
1.162406779661017026e+03
1.163549152542372667e+03
1.164780790960451895e+03
1.166101694915254029e+03
1.167480225988700568e+03
1.168923163841807764e+03
1.170418079096045176e+03
1.171955932203389693e+03
1.173545762711864427e+03
1.175168361581920635e+03
1.176818079096045039e+03
1.178471186440677911e+03
1.179863276836158093e+03
1.180978531073446220e+03
1.181821468926553734e+03
1.182360451977401226e+03
1.182645197740112962e+03
1.182628248587570397e+03
1.182361581920903973e+03
1.181819209039547786e+03
1.181019209039547832e+03
1.179964971751412349e+03
1.178676836158192145e+03
1.177150282485875778e+03
1.175572881355932168e+03
1.174012429378531124e+03
1.172534463276836050e+03
1.171109604519773939e+03
1.169736723163841816e+03
1.168424858757062111e+03
1.167176271186440772e+03
1.166014689265536617e+03
1.164906214689265653e+03
1.163864406779661067e+03
1.162903954802259932e+03
1.162018079096045085e+03
1.161228248587570533e+03
1.160534463276836050e+03
1.159942372881355823e+03
1.159453107344632826e+03
1.159082485875706197e+03
1.158842937853107287e+03
1.158728813559321907e+03
1.158752542372881408e+03
1.158919774011299523e+03
1.159230508474576254e+03
1.159681355932203360e+03
1.160265536723163677e+03
1.161002259887005494e+03
1.161877966101694710e+03
1.162888135593220341e+03
1.164002259887005494e+03
1.165238418079095936e+03
1.166581920903954824e+03
1.168038418079096118e+03
1.169581920903954824e+03
1.171054237288135482e+03
1.172351412429378342e+03
1.173465536723163950e+03
1.174393220338983156e+03
1.175101694915254257e+03
1.175633898305084813e+03
1.175967231638418070e+03
1.176108474576271192e+03
1.176055367231638229e+03
1.175805649717514143e+03
1.175362711864406720e+03
1.174710734463276822e+03
1.173866666666666788e+03
1.172818079096045039e+03
1.171578531073446356e+03
1.170149152542373031e+03
1.168534463276836050e+03
1.166814689265536799e+03
1.165181920903954733e+03
1.163677966101694892e+03
1.162307344632768263e+03
1.161061016949152418e+03
1.159941242937853076e+03
1.158950282485875732e+03
1.158091525423728854e+03
1.157383050847457525e+03
1.156794350282485766e+03
1.156343502824858888e+03
1.156014689265536617e+03
1.155818079096045267e+03
1.155766101694915278e+03
1.155824858757062202e+03
1.156021468926553780e+03
1.156345762711864609e+03
1.156794350282485993e+03
1.157340112994350420e+03
1.158027118644067968e+03
1.158824858757062202e+03
1.159706214689265607e+03
1.160707344632768582e+03
1.161813559322034052e+03
1.162995480225988786e+03
1.164247457627118820e+03
1.165579661016949103e+03
1.166958192090395642e+03
1.168401129943502838e+03
1.169881355932203405e+03
1.171389830508474688e+03
1.172946892655367265e+03
1.174517514124293939e+03
1.175980790960452168e+03
1.177177401129943519e+03
1.178101694915254257e+03
1.178729943502824881e+03
1.179071186440678048e+03
1.179145762711864336e+03
1.178932203389830647e+03
1.178429378531073326e+03
1.177673446327683450e+03
1.176641807909604722e+03
1.175362711864406720e+03
1.173831638418079137e+03
1.172279096045197775e+03
1.170762711864406810e+03
1.169289265536723178e+03
1.167876836158192191e+03
1.166515254237288218e+03
1.165214689265536890e+03
1.163951412429378706e+03
1.162767231638418252e+03
1.161639548022599001e+03
1.160587570621468785e+03
1.159601129943502883e+03
1.158684745762711827e+03
1.157855367231638411e+03
1.157125423728813530e+03
1.156481355932203314e+03
1.155937853107344608e+03
1.155496045197740159e+03
1.155178531073446266e+03
1.154998870056497253e+03
1.154940112994350329e+03
1.155028248587570488e+03
1.155238418079096164e+03
1.155601129943503111e+03
1.156103954802259977e+03
1.156751412429378661e+03
1.157536723163841998e+03
1.158444067796610170e+03
1.159487005649717503e+03
1.160640677966101975e+03
1.161894915254237276e+03
1.163270056497175119e+03
1.164731073446327628e+03
1.166272316384180840e+03
1.167862146892655346e+03
1.169272316384180840e+03
1.170480225988700568e+03
1.171489265536723224e+03
1.172334463276836232e+03
1.172959322033898388e+03
1.173385310734463246e+03
1.173610169491525539e+03
1.173629378531073598e+03
1.173448587570621612e+03
1.173055367231638456e+03
1.172491525423728945e+03
1.171717514124293757e+03
1.170751412429378433e+03
1.169564971751412486e+03
1.168192090395480363e+03
1.166625988700565131e+03
1.165048587570621748e+03
1.163586440677966038e+03
1.162253107344632781e+03
1.161041807909604358e+03
1.159933333333333394e+03
1.158969491525423791e+03
1.158160451977401181e+03
1.157456497175141294e+03
1.156897175141242769e+03
1.156476836158192100e+03
1.156185310734463428e+03
1.156022598870056527e+03
1.155989830508474597e+03
1.156094915254237549e+03
1.156311864406779705e+03
1.156659887005649580e+03
1.157141242937852894e+03
1.157751412429378433e+03
1.158475706214689353e+03
1.159315254237288173e+03
1.160258757062146742e+03
1.161298305084745607e+03
1.162435028248587514e+03
1.163661016949152327e+03
1.164971751412429512e+03
1.166354802259887038e+03
1.167802259887005675e+03
1.169308474576271237e+03
1.170850847457626969e+03
1.172438418079095982e+03
1.174056497175140976e+03
1.175708474576271101e+03
1.177358192090395278e+03
1.178814689265536572e+03
1.179996610169491305e+03
1.180897175141242769e+03
1.181515254237287991e+03
1.181854237288135437e+03
1.181912994350282361e+03
1.181683615819208853e+03
1.181195480225988604e+03
1.180445197740112917e+03
1.179438418079095982e+03
1.178188700564971668e+03
1.176715254237288264e+03
1.175109604519773939e+03
1.173581920903954597e+03
1.172101694915254029e+03
1.170664406779661022e+03
1.169299435028248354e+03
1.167989830508474370e+03
1.166745762711864245e+03
1.165564971751412259e+03
1.164459887005649534e+03
1.163430508474576072e+03
1.162483615819208808e+03
1.161601129943502656e+03
1.160816949152542293e+03
1.160141242937852894e+03
1.159554802259886856e+03
1.159076836158192009e+03
1.158733333333333348e+03
1.158489265536722996e+03
1.158398870056497117e+03
1.158435028248587514e+03
1.158618079096044994e+03
1.158946892655367265e+03
1.159421468926553644e+03
1.160044067796610079e+03
1.160794350282485993e+03
1.161697175141242951e+03
1.162715254237288264e+03
1.163876836158191963e+03
1.165152542372881271e+03
1.166535593220338797e+03
1.168030508474575981e+03
1.169627118644067650e+03
1.171225988700564812e+03
1.172639548022598774e+03
1.173863276836158093e+03
1.174897175141242769e+03
1.175742372881355777e+03
1.176379661016949058e+03
1.176822598870056481e+03
1.177067796610169353e+03
1.177105084745762724e+03
1.176949152542372758e+03
1.176588700564971759e+03
1.176024858757062020e+03
1.175267796610169398e+03
1.174302824858757049e+03
1.173138983050847401e+03
1.171779661016949149e+03
1.170206779661016753e+03
1.168451977401129625e+03
1.166757062146892622e+03
1.165175141242937570e+03
1.163711864406779569e+03
1.162376271186440590e+03
1.161167231638417888e+03
1.160093785310734347e+03
1.159149152542372804e+03
1.158333333333333258e+03
1.157656497175141112e+03
1.157111864406779659e+03
1.156691525423728763e+03
1.156401129943502838e+03
1.156250847457627060e+03
1.156236158192090443e+03
1.156346892655367355e+03
1.156595480225988695e+03
1.156958192090395414e+03
1.157447457627118638e+03
1.158073446327683541e+03
1.158793220338983019e+03
1.159628248587570624e+03
1.160568361581920954e+03
1.161607909604519591e+03
1.162738983050847310e+03
1.163948022598870011e+03
1.165238418079095936e+03
1.166584180790960545e+03
1.167997740112994506e+03
1.169445197740113144e+03
1.170928813559321952e+03
1.172448587570621385e+03
1.174003389830508468e+03
1.175575141242937661e+03
1.176881355932203405e+03
1.177908474576271146e+03
1.178636158192090306e+03
1.179096045197740295e+03
1.179273446327683587e+03
1.179154802259886992e+03
1.178740112994350284e+03
1.178065536723163859e+03
1.177127683615819251e+03
1.175943502824858797e+03
1.174507344632768309e+03
1.172942372881356050e+03
1.171412429378530987e+03
1.169918644067796777e+03
1.168482485875706516e+03
1.167097175141243042e+03
1.165769491525423746e+03
1.164508474576271055e+03
1.163303954802260023e+03
1.162169491525423837e+03
1.161111864406779659e+03
1.160111864406779659e+03
1.159204519774011260e+03
1.158377401129943792e+03
1.157612429378531033e+03
1.156957062146892895e+03
1.156407909604519773e+03
1.155962711864406856e+03
1.155649717514124177e+03
1.155447457627118638e+03
1.155393220338983156e+03
1.155471186440678139e+03
1.155677966101694892e+03
1.156044067796610307e+03
1.156553672316384109e+03
1.157196610169491578e+03
1.157983050847457662e+03
1.158897175141242769e+03
1.159937853107344608e+03
1.161109604519773939e+03
1.162384180790960500e+03
1.163763841807909557e+03
1.165250847457627060e+03
1.166820338983050988e+03
1.168418079096045403e+03
1.169818079096045267e+03
1.171032768361581930e+03
1.172041807909604358e+03
1.172853107344632917e+03
1.173465536723163950e+03
1.173877966101694938e+03
1.174083615819209172e+03
1.174065536723163859e+03
1.173861016949152599e+03
1.173445197740113144e+03
1.172828248587570670e+03
1.172011299435028377e+03
1.170983050847457662e+03
1.169750282485875687e+03
1.168320903954802361e+03
1.166707344632768354e+03
1.165024858757062248e+03
1.163467796610169444e+03
1.162022598870056299e+03
1.160706214689265380e+03
1.159519774011299432e+03
1.158466666666666697e+03
1.157561581920903791e+03
1.156788700564971805e+03
1.156150282485875778e+03
1.155645197740112962e+03
1.155280225988700295e+03
1.155041807909604358e+03
1.154934463276836141e+03
1.154971751412429512e+03
1.155146892655367083e+03
1.155462146892655255e+03
1.155897175141242769e+03
1.156441807909604449e+03
1.157134463276835959e+03
1.157946892655367265e+03
1.158868926553672281e+03
1.159898305084745516e+03
1.161023728813559046e+03
1.162255367231638502e+03
1.163578531073446356e+03
1.164969491525423564e+03
1.166441807909604449e+03
1.167968361581920817e+03
1.169542372881355732e+03
1.171176271186440545e+03
1.172837288135593099e+03
1.174538983050847492e+03
1.176273446327683359e+03
1.177885875706214392e+03
1.179221468926553598e+03
1.180268926553672372e+03
1.181061016949152418e+03
1.181549152542372894e+03
1.181746892655366992e+03
1.181668926553672009e+03
1.181331073446327537e+03
1.180718644067796504e+03
1.179844067796610034e+03
1.178712994350282315e+03
1.177336723163841725e+03
1.175716384180790783e+03
1.174062146892655164e+03
1.172445197740112917e+03
1.170884745762711646e+03
1.169366101694915187e+03
1.167936723163841634e+03
1.166552542372881362e+03
1.165240677966101430e+03
1.163990960451977116e+03
1.162824858757061975e+03
1.161727683615818933e+03
1.160703954802259886e+03
1.159769491525423746e+03
1.158934463276835913e+03
1.158183050847457253e+03
1.157555932203389602e+03
1.157062146892655164e+03
1.156664406779661022e+03
1.156418079096045176e+03
1.156301694915254075e+03
1.156331073446327537e+03
1.156503954802259614e+03
1.156835028248587605e+03
1.157300564971751328e+03
1.157918644067796549e+03
1.158676836158192145e+03
1.159550282485875641e+03
1.160574011299434915e+03
1.161727683615818933e+03
1.162988700564971623e+03
1.164357062146892531e+03
1.165841807909604540e+03
1.167425988700564858e+03
1.168976271186440499e+03
1.170352542372881089e+03
1.171559322033898297e+03
1.172550282485875641e+03
1.173353672316384291e+03
1.173957062146892667e+03
1.174370621468926402e+03
1.174562711864406992e+03
1.174561581920904018e+03
1.174351412429378342e+03
1.173949152542372758e+03
1.173348022598870102e+03
1.172537853107344517e+03
1.171536723163841771e+03
1.170331073446327537e+03
1.168907344632768400e+03
1.167310734463276731e+03
1.165613559322033780e+03
1.164007909604519682e+03
1.162528813559321861e+03
1.161179661016949012e+03
1.159972881355932032e+03
1.158873446327683268e+03
1.157927683615819205e+03
1.157100564971751282e+03
1.156405649717513825e+03
1.155855367231638411e+03
1.155433898305084540e+03
1.155143502824858615e+03
1.154979661016949194e+03
1.154954802259886947e+03
1.155066666666666606e+03
1.155305084745762542e+03
1.155656497175141112e+03
1.156159322033898206e+03
1.156763841807909557e+03
1.157484745762712009e+03
1.158324293785310601e+03
1.159279096045197775e+03
1.160317514124293666e+03
1.161449717514124131e+03
1.162674576271186424e+03
1.163981920903954688e+03
1.165338983050847219e+03
1.166762711864406810e+03
1.168245197740112872e+03
1.169750282485875687e+03
1.171306214689265516e+03
1.172867796610169535e+03
1.174479096045197821e+03
1.175944632768361544e+03
1.177131073446327719e+03
1.178022598870056299e+03
1.178642937853107242e+03
1.178964971751412349e+03
1.179007909604519682e+03
1.178772881355931986e+03
1.178270056497175119e+03
1.177485875706214756e+03
1.176463276836158229e+03
1.175166101694915142e+03
1.173627118644067650e+03
1.172031638418079183e+03
1.170476836158191873e+03
1.168988700564971623e+03
1.167550282485875869e+03
1.166160451977400953e+03
1.164828248587570670e+03
1.163578531073446356e+03
1.162374011299434869e+03
1.161238418079096164e+03
1.160169491525423837e+03
1.159184180790960454e+03
1.158280225988700295e+03
1.157450847457627106e+03
1.156736723163841816e+03
1.156120903954802316e+03
1.155611299435028286e+03
1.155212429378530942e+03
1.154954802259886947e+03
1.154830508474576163e+03
1.154846327683615755e+03
1.155001129943502747e+03
1.155297175141242860e+03
1.155745762711864245e+03
1.156335593220338978e+03
1.157072316384180795e+03
1.157948022598870011e+03
1.158953672316384200e+03
1.160090395480225880e+03
1.161331073446327537e+03
1.162694915254237458e+03
1.164174011299434824e+03
1.165763841807909557e+03
1.167441807909604449e+03
1.169029378531073235e+03
1.170431638418079046e+03
1.171628248587570397e+03
1.172629378531073371e+03
1.173428248587570351e+03
1.174041807909604358e+03
1.174449717514124131e+03
1.174648587570621203e+03
1.174623728813559410e+03
1.174406779661017026e+03
1.173983050847457662e+03
1.173344632768361407e+03
1.172485875706214756e+03
1.171429378531073780e+03
1.170162711864406901e+03
1.168698305084745698e+03
1.167022598870056754e+03
1.165325423728813576e+03
1.163742372881356005e+03
1.162292655367231873e+03
1.160975141242937980e+03
1.159767231638418252e+03
1.158692655367231964e+03
1.157757062146892849e+03
1.156946892655367265e+03
1.156285875706214938e+03
1.155763841807909785e+03
1.155374011299435097e+03
1.155117514124294075e+03
1.154983050847457662e+03
1.154993220338983065e+03
1.155131073446327946e+03
1.155410169491525721e+03
1.155793220338983247e+03
1.156308474576271237e+03
1.156953672316384200e+03
1.157722033898305199e+03
1.158584180790960545e+03
1.159574011299435369e+03
1.160658757062147060e+03
1.161816949152542520e+03
1.163081355932203678e+03
1.164403389830508786e+03
1.165790960451977526e+03
1.167244067796610352e+03
1.168744632768361726e+03
1.170297175141243315e+03
1.171889265536723087e+03
1.173503954802260068e+03
1.175143502824858842e+03
1.176595480225988922e+03
1.177764971751412531e+03
1.178642937853107469e+03
1.179239548022598910e+03
1.179546892655367401e+03
1.179588700564971759e+03
1.179345762711864609e+03
1.178828248587570670e+03
1.178051977401129989e+03
1.177014689265536845e+03
1.175734463276836323e+03
1.174176271186440772e+03
1.172543502824858933e+03
1.170971751412429512e+03
1.169437288135593462e+03
1.167953672316384200e+03
1.166527683615819342e+03
1.165166101694915596e+03
1.163847457627118729e+03
1.162604519774011578e+03
1.161427118644067832e+03
1.160316384180791147e+03
1.159283615819209444e+03
1.158329943502825017e+03
1.157464406779661203e+03
1.156700564971751646e+03
1.156046327683615800e+03
1.155497175141243133e+03
1.155063276836158366e+03
1.154769491525423746e+03
1.154611299435028286e+03
1.154585310734463292e+03
1.154714124293785517e+03
1.154985310734463383e+03
1.155407909604519773e+03
1.155955932203389921e+03
1.156664406779661022e+03
1.157510734463277004e+03
1.158484745762712009e+03
1.159589830508474734e+03
1.160788700564971805e+03
1.162098305084745789e+03
1.163533333333333303e+03
1.165064406779661113e+03
1.166689265536723269e+03
1.168152542372881499e+03
1.169429378531073553e+03
1.170516384180791192e+03
1.171380790960452032e+03
1.172063276836158366e+03
1.172542372881356187e+03
1.172825988700565176e+03
1.172900564971751692e+03
1.172777401129943428e+03
1.172448587570621612e+03
1.171908474576271146e+03
1.171175141242938025e+03
1.170229378531073507e+03
1.169087005649717867e+03
1.167734463276836323e+03
1.166200000000000045e+03
1.164491525423728945e+03
1.162883615819209354e+03
1.161402259887005584e+03
1.160035028248587878e+03
1.158790960451977526e+03
1.157671186440678184e+03
1.156688135593220522e+03
1.155818079096045267e+03
1.155088135593220613e+03
1.154480225988700568e+03
1.154019209039548059e+03
1.153672316384180931e+03
1.153468926553672418e+03
1.153384180790960500e+03
1.153438418079096209e+03
1.153612429378531033e+03
1.153917514124293803e+03
1.154345762711864609e+03
1.154889265536723315e+03
1.155538983050847492e+03
1.156325423728813348e+03
1.157215819209039637e+03
1.158196610169491578e+03
1.159284745762711736e+03
1.160453107344632826e+03
1.161714124293785289e+03
1.163035028248587651e+03
1.164415819209039455e+03
1.165842937853107287e+03
1.167332203389830511e+03
1.168855367231638411e+03
1.170416949152542429e+03
1.172016949152542338e+03
1.173648587570621430e+03
1.175003389830508468e+03
1.176092655367231600e+03
1.176893785310734529e+03
1.177420338983050897e+03
1.177654237288135619e+03
1.177612429378531033e+03
1.177306214689265516e+03
1.176728813559322134e+03
1.175896045197740250e+03
1.174812429378531306e+03
1.173482485875706288e+03
1.171890395480225834e+03
1.170294915254237367e+03
1.168734463276836095e+03
1.167218079096045130e+03
1.165768361581920999e+03
1.164374011299435097e+03
1.163038418079096118e+03
1.161754802259887128e+03
1.160546892655367174e+03
1.159394350282485902e+03
1.158324293785310829e+03
1.157311864406779705e+03
1.156407909604519773e+03
1.155585310734463292e+03
1.154859887005649853e+03
1.154247457627118820e+03
1.153744632768361498e+03
1.153384180790960500e+03
1.153146892655367537e+03
1.153049717514124268e+03
1.153090395480226107e+03
1.153276836158192054e+03
1.153611299435028286e+03
1.154096045197740295e+03
1.154724293785310692e+03
1.155490395480226198e+03
1.156396610169491851e+03
1.157428248587570806e+03
1.158580790960452305e+03
1.159839548022599047e+03
1.161210169491525448e+03
1.162688135593220522e+03
1.164254237288135755e+03
1.165898305084745971e+03
1.167355932203390012e+03
1.168627118644068105e+03
1.169719774011299478e+03
1.170610169491525539e+03
1.171320903954802361e+03
1.171827118644067923e+03
1.172128813559322225e+03
1.172254237288135755e+03
1.172181920903954961e+03
1.171909604519774348e+03
1.171424858757062339e+03
1.170750282485875687e+03
1.169870056497175256e+03
1.168777401129943428e+03
1.167503954802260068e+03
1.166021468926553780e+03
1.164351412429378342e+03
1.162783050847457616e+03
1.161341242937853167e+03
1.160011299435028150e+03
1.158797740112994234e+03
1.157724293785310692e+03
1.156778531073446629e+03
1.155963841807909603e+03
1.155289265536723178e+03
1.154729943502824881e+03
1.154310734463276731e+03
1.154019209039548059e+03
1.153867796610169535e+03
1.153831638418078910e+03
1.153927683615819205e+03
1.154157062146892486e+03
1.154506214689265562e+03
1.154990960451977344e+03
1.155606779661016844e+03
1.156336723163841725e+03
1.157170621468926583e+03
1.158103954802259977e+03
1.159152542372881271e+03
1.160277966101694801e+03
1.161487005649717503e+03
1.162779661016948921e+03
1.164133333333333212e+03
1.165540112994350238e+03
1.167007909604519682e+03
1.168512994350282497e+03
1.170067796610169353e+03
1.171661016949152554e+03
1.173283615819208990e+03
1.174816949152542293e+03
1.176064406779661113e+03
1.177039548022598865e+03
1.177735593220339069e+03
1.178161581920904155e+03
1.178302824858757049e+03
1.178166101694915142e+03
1.177795480225988740e+03
1.177148022598870284e+03
1.176223728813559319e+03
1.175073446327683541e+03
1.173687005649717776e+03
1.172059887005649898e+03
1.170483615819209263e+03
1.168926553672316459e+03
1.167427118644067832e+03
1.166002259887005721e+03
1.164625988700564903e+03
1.163297175141242860e+03
1.162031638418079183e+03
1.160838418079096300e+03
1.159705084745762633e+03
1.158640677966101521e+03
1.157649717514124404e+03
1.156748022598870193e+03
1.155942372881356050e+03
1.155245197740112872e+03
1.154654237288135391e+03
1.154184180790960454e+03
1.153838418079095845e+03
1.153614689265536754e+03
1.153517514124293939e+03
1.153584180790960545e+03
1.153788700564971805e+03
1.154137853107344654e+03
1.154632768361582066e+03
1.155247457627118820e+03
1.156004519774011442e+03
1.156887005649717594e+03
1.157898305084745971e+03
1.159021468926553780e+03
1.160266666666666879e+03
1.161616949152542475e+03
1.163064406779661113e+03
1.164615819209039728e+03
1.166106214689265471e+03
1.167411299435028468e+03
1.168529943502825063e+03
1.169468926553672418e+03
1.170204519774011260e+03
1.170726553672316641e+03
1.171061016949152645e+03
1.171195480225988831e+03
1.171127683615819251e+03
1.170855367231638411e+03
1.170374011299435097e+03
1.169697175141242951e+03
1.168813559322034052e+03
1.167740112994350511e+03
1.166456497175141294e+03
1.164969491525423791e+03
1.163292655367231646e+03
1.161658757062146833e+03
1.160155932203389966e+03
1.158762711864406810e+03
1.157477966101695074e+03
1.156318644067796868e+03
1.155296045197740114e+03
1.154392090395480409e+03
1.153593220338983201e+03
1.152938983050847582e+03
1.152414689265536708e+03
1.152004519774011442e+03
1.151740112994350511e+03
1.151611299435028286e+03
1.151585310734463746e+03
1.151697175141242951e+03
1.151932203389830647e+03
1.152291525423728899e+03
1.152769491525423746e+03
1.153374011299435097e+03
1.154100564971751510e+03
1.154908474576271374e+03
1.155832768361582112e+03
1.156850847457627424e+03
1.157955932203390148e+03
1.159131073446327719e+03
1.160385310734463474e+03
1.161688135593220522e+03
1.163041807909604813e+03
1.164465536723163950e+03
1.165908474576271374e+03
1.167392090395480409e+03
1.168918644067796777e+03
1.170459887005649762e+03
1.171850847457627424e+03
1.172977401129943701e+03
1.173827118644067923e+03
1.174371751412429603e+03
1.174649717514124404e+03
1.174659887005649807e+03
1.174387570621469195e+03
1.173845197740113235e+03
1.173050847457627242e+03
1.171985310734463383e+03
1.170683615819209308e+03
1.169135593220339160e+03
1.167611299435028513e+03
1.166136723163841907e+03
1.164694915254237458e+03
1.163301694915254529e+03
1.161967231638418298e+03
1.160682485875706334e+03
1.159459887005649989e+03
1.158305084745762997e+03
1.157189830508474643e+03
1.156152542372881726e+03
1.155195480225988831e+03
1.154315254237288173e+03
1.153514124293785699e+03
1.152814689265536799e+03
1.152222598870056572e+03
1.151731073446327628e+03
1.151376271186440590e+03
1.151138983050847855e+03
1.151019209039548059e+03
1.151048587570621748e+03
1.151231638418079456e+03
1.151543502824859161e+03
1.152010169491525630e+03
1.152602259887005857e+03
1.153338983050847673e+03
1.154192090395480363e+03
1.155187570621469149e+03
1.156306214689265744e+03
1.157540112994350466e+03
1.158879096045197912e+03
1.160319774011299614e+03
1.161858757062146879e+03
1.163497175141243133e+03
1.165051977401129989e+03
1.166430508474576527e+03
1.167607909604520046e+03
1.168600000000000136e+03
1.169407909604520000e+03
1.170009039548022884e+03
1.170420338983050897e+03
1.170619209039548196e+03
1.170629378531073598e+03
1.170441807909604677e+03
1.170048587570621748e+03
1.169459887005649989e+03
1.168662146892655528e+03
1.167648587570621658e+03
1.166456497175141521e+03
1.165071186440678048e+03
1.163490395480226198e+03
1.161901694915254438e+03
1.160440677966101703e+03
1.159098305084746016e+03
1.157885875706214847e+03
1.156778531073446629e+03
1.155818079096045494e+03
1.154993220338983292e+03
1.154284745762712191e+03
1.153710734463277049e+03
1.153266666666666879e+03
1.152950282485875960e+03
1.152769491525423973e+03
1.152720903954802452e+03
1.152794350282485993e+03
1.153002259887005948e+03
1.153325423728813803e+03
1.153776271186440908e+03
1.154350282485875823e+03
1.155037288135593371e+03
1.155845197740113235e+03
1.156753672316384382e+03
1.157749152542372940e+03
1.158847457627118729e+03
1.160021468926554007e+03
1.161263276836158411e+03
1.162581920903955051e+03
1.163953672316384427e+03
1.165378531073446538e+03
1.166848587570621703e+03
1.168360451977401226e+03
1.169892655367231782e+03
1.171480225988700795e+03
1.173014689265536845e+03
1.174276836158192282e+03
1.175277966101695029e+03
1.175994350282485811e+03
1.176437288135593462e+03
1.176601129943503111e+03
1.176497175141243133e+03
1.176140112994350375e+03
1.175507344632768536e+03
1.174633898305084813e+03
1.173526553672316595e+03
1.172163841807909648e+03
1.170583050847457798e+03
1.169007909604519909e+03
1.167500564971751373e+03
1.166021468926554007e+03
1.164598870056497390e+03
1.163221468926553825e+03
1.161918644067796777e+03
1.160671186440678184e+03
1.159480225988700568e+03
1.158369491525424110e+03
1.157320903954802361e+03
1.156336723163841725e+03
1.155445197740113144e+03
1.154639548022598774e+03
1.153929943502825154e+03
1.153341242937853167e+03
1.152863276836158320e+03
1.152503954802260068e+03
1.152287005649717685e+03
1.152198870056497299e+03
1.152262146892655437e+03
1.152471186440678139e+03
1.152812429378531078e+03
1.153303954802260023e+03
1.153932203389830647e+03
1.154687005649717776e+03
1.155562711864406992e+03
1.156588700564971987e+03
1.157725423728813894e+03
1.158988700564972078e+03
1.160344632768361862e+03
1.161806779661017117e+03
1.163359322033898479e+03
1.164816949152542520e+03
1.166085875706214665e+03
1.167163841807909648e+03
1.168059887005649898e+03
1.168770621468926947e+03
1.169273446327683814e+03
1.169600000000000136e+03
1.169711864406779796e+03
1.169623728813559637e+03
1.169346892655367355e+03
1.168863276836158320e+03
1.168186440677966402e+03
1.167299435028248809e+03
1.166214689265536890e+03
1.164932203389830647e+03
1.163454237288135573e+03
1.161784180790960590e+03
1.160161581920904155e+03
1.158651977401130125e+03
1.157254237288135755e+03
1.155970621468926765e+03
1.154820338983050988e+03
1.153793220338983247e+03
1.152888135593220568e+03
1.152103954802259977e+03
1.151462146892655710e+03
1.150932203389830647e+03
1.150543502824858933e+03
1.150275706214689308e+03
1.150140112994350602e+03
1.150116384180791101e+03
1.150240677966101885e+03
1.150489265536723451e+03
1.150862146892655801e+03
1.151342372881355914e+03
1.151954802259887401e+03
1.152672316384180931e+03
1.153489265536723451e+03
1.154421468926553871e+03
1.155450847457627333e+03
1.156576271186440863e+03
1.157780790960452123e+03
1.159054237288135937e+03
1.160400000000000091e+03
1.161787570621469058e+03
1.163215819209039637e+03
1.164687005649717776e+03
1.166195480225988831e+03
1.167748022598870193e+03
1.169322033898305335e+03
1.170746892655367446e+03
1.171900564971751464e+03
1.172774011299435188e+03
1.173358192090395733e+03
1.173668926553672691e+03
1.173710734463277277e+03
1.173463276836158457e+03
1.172966101694915551e+03
1.172204519774011715e+03
1.171169491525424064e+03
1.169891525423729036e+03
1.168369491525424110e+03
1.166787570621469058e+03
1.165249717514124541e+03
1.163768361581920999e+03
1.162337853107344927e+03
1.160955932203389921e+03
1.159628248587570852e+03
1.158371751412429603e+03
1.157175141242938025e+03
1.156037288135593599e+03
1.154961581920904337e+03
1.153971751412429512e+03
1.153063276836158366e+03
1.152236158192090670e+03
1.151501694915254575e+03
1.150877966101695165e+03
1.150364971751412668e+03
1.149978531073446675e+03
1.149725423728813894e+03
1.149598870056497617e+03
1.149615819209039728e+03
1.149779661016949376e+03
1.150097175141243042e+03
1.150549152542373122e+03
1.151150282485876232e+03
1.151885875706215074e+03
1.152766101694915506e+03
1.153768361581920999e+03
1.154899435028248718e+03
1.156142372881356096e+03
1.157502824858757322e+03
1.158957062146892895e+03
1.160518644067796913e+03
1.162172881355932532e+03
1.163803389830508877e+03
1.165224858757062520e+03
1.166458757062147242e+03
1.167518644067796913e+03
1.168360451977401453e+03
1.169003389830508695e+03
1.169453107344633054e+03
1.169689265536723497e+03
1.169732203389830829e+03
1.169570621468927129e+03
1.169195480225989058e+03
1.168637288135593508e+03
1.167849717514124677e+03
1.166847457627118956e+03
1.165656497175141567e+03
1.164271186440678321e+03
1.162664406779661476e+03
1.161039548022599320e+03
1.159512994350282952e+03
1.158106214689265926e+03
1.156815819209039773e+03
1.155659887005650035e+03
1.154629378531073826e+03
1.153737853107345018e+03
1.152985310734463383e+03
1.152343502824859115e+03
1.151842937853107514e+03
1.151465536723164178e+03
1.151219209039548332e+03
1.151115254237288354e+03
1.151140112994350602e+03
1.151299435028248809e+03
1.151577401129943837e+03
1.151986440677966357e+03
1.152523163841808127e+03
1.153175141242938025e+03
1.153940112994350557e+03
1.154819209039548241e+03
1.155797740112994688e+03
1.156868926553672736e+03
1.158029378531073689e+03
1.159263276836158639e+03
1.160576271186440863e+03
1.161946892655367492e+03
1.163376271186441045e+03
1.164851977401130171e+03
1.166370621468926856e+03
1.167927683615819660e+03
1.169533333333333758e+03
1.171149152542373031e+03
1.172570621468926902e+03
1.173702824858757594e+03
1.174554802259887310e+03
1.175151412429378752e+03
1.175456497175141521e+03
1.175501694915254575e+03
1.175282485875706470e+03
1.174803389830508650e+03
1.174044067796610307e+03
1.173050847457627242e+03
1.171816949152542747e+03
1.170340112994350420e+03
1.168751412429378888e+03
1.167200000000000273e+03
1.165711864406780023e+03
1.164265536723164132e+03
1.162881355932203405e+03
1.161561581920904246e+03
1.160275706214689308e+03
1.159066666666667061e+03
1.157929943502825154e+03
1.156863276836158548e+03
1.155870056497175483e+03
1.154961581920904109e+03
1.154138983050847855e+03
1.153412429378531215e+03
1.152805649717514370e+03
1.152306214689265744e+03
1.151935593220339342e+03
1.151702824858757140e+03
1.151606779661017299e+03
1.151646327683616164e+03
1.151835028248587605e+03
1.152157062146892713e+03
1.152627118644068105e+03
1.153253107344633008e+03
1.154000000000000227e+03
1.154865536723164041e+03
1.155871186440678230e+03
1.157016949152542566e+03
1.158261016949152690e+03
1.159607909604520046e+03
1.161068926553672554e+03
1.162624858757062384e+03
1.164177401129943746e+03
1.165534463276836505e+03
1.166719774011299705e+03
1.167698305084745925e+03
1.168494915254237640e+03
1.169109604519774166e+03
1.169500564971751601e+03
1.169694915254237458e+03
1.169710734463276822e+03
1.169519774011299432e+03
1.169114124293785380e+03
1.168518644067796686e+03
1.167716384180791010e+03
1.166725423728813894e+03
1.165517514124293939e+03
1.164116384180791101e+03
1.162507344632768763e+03
1.160809039548022611e+03
1.159227118644068014e+03
1.157755932203389875e+03
1.156397740112994370e+03
1.155204519774011487e+03
1.154111864406779659e+03
1.153137853107344654e+03
1.152308474576271237e+03
1.151597740112994416e+03
1.151018079096045312e+03
1.150568361581920954e+03
1.150242937853107378e+03
1.150074576271186743e+03
1.150022598870056754e+03
1.150106214689265926e+03
1.150301694915254302e+03
1.150629378531073598e+03
1.151090395480226107e+03
1.151672316384180931e+03
1.152371751412429603e+03
1.153194350282486084e+03
1.154135593220339160e+03
1.155152542372881726e+03
1.156277966101695256e+03
1.157496045197740386e+03
1.158781920903955097e+03
1.160125423728813757e+03
1.161546892655367401e+03
1.162993220338983519e+03
1.164503954802260296e+03
1.166056497175141430e+03
1.167654237288135846e+03
1.169277966101695256e+03
1.170792090395480500e+03
1.172029378531073689e+03
1.172993220338983065e+03
1.173673446327683905e+03
1.174075706214689490e+03
1.174193220338983338e+03
1.174029378531073689e+03
1.173595480225988922e+03
1.172901694915254666e+03
1.171951412429378706e+03
1.170729943502825108e+03
1.169281355932203496e+03
1.167618079096045449e+03
1.166000000000000455e+03
1.164416949152542657e+03
1.162873446327683723e+03
1.161411299435028468e+03
1.159994350282486039e+03
1.158623728813559410e+03
1.157302824858757049e+03
1.156047457627118774e+03
1.154862146892655574e+03
1.153749152542373167e+03
1.152711864406779796e+03
1.151759322033898343e+03
1.150907344632768627e+03
1.150158192090395687e+03
1.149517514124293939e+03
1.148984180790960636e+03
1.148590960451977480e+03
1.148327683615819296e+03
1.148201129943503020e+03
1.148221468926553825e+03
1.148389830508474688e+03
1.148712994350282770e+03
1.149171751412429330e+03
1.149757062146892849e+03
1.150474576271186834e+03
1.151334463276836232e+03
1.152316384180790919e+03
1.153413559322033962e+03
1.154627118644067878e+03
1.155954802259886947e+03
1.157390960451977662e+03
1.158931073446327673e+03
1.160567231638418434e+03
1.162107344632768445e+03
1.163442937853107651e+03
1.164595480225988922e+03
1.165562711864406992e+03
1.166317514124293893e+03
1.166881355932203405e+03
1.167230508474576254e+03
1.167392090395480182e+03
1.167336723163841725e+03
1.167085875706214665e+03
1.166630508474576345e+03
1.165951412429378706e+03
1.165080225988700477e+03
1.163995480225988558e+03
1.162691525423728763e+03
1.161189830508474643e+03
1.159552542372881362e+03
1.158005649717514189e+03
1.156604519774011351e+03
1.155302824858757049e+03
1.154123163841808037e+03
1.153058757062146924e+03
1.152140112994350375e+03
1.151336723163841725e+03
1.150671186440678184e+03
1.150146892655367537e+03
1.149741242937853258e+03
1.149458757062147015e+03
1.149320903954802361e+03
1.149311864406779705e+03
1.149415819209039455e+03
1.149662146892655301e+03
1.150041807909604586e+03
1.150546892655367174e+03
1.151154802259886992e+03
1.151883615819209126e+03
1.152728813559322134e+03
1.153673446327683678e+03
1.154726553672316186e+03
1.155871186440678002e+03
1.157092655367231600e+03
1.158398870056497117e+03
1.159754802259887128e+03
1.161170621468926583e+03
1.162640677966101748e+03
1.164144632768361589e+03
1.165687005649717548e+03
1.167281355932203496e+03
1.168898305084745743e+03
1.170438418079096209e+03
1.171717514124293757e+03
1.172719774011299478e+03
1.173447457627118638e+03
1.173898305084745971e+03
1.174061016949152645e+03
1.173952542372881453e+03
1.173581920903954824e+03
1.172958192090395642e+03
1.172061016949152645e+03
1.170917514124294030e+03
1.169520903954802179e+03
1.167907344632768400e+03
1.166320903954802361e+03
1.164806779661016890e+03
1.163327683615819296e+03
1.161916384180790828e+03
1.160536723163841998e+03
1.159228248587570761e+03
1.157979661016949194e+03
1.156789830508474552e+03
1.155661016949152554e+03
1.154619209039548196e+03
1.153672316384180704e+03
1.152805649717514143e+03
1.152038418079096118e+03
1.151375141242937843e+03
1.150824858757061975e+03
1.150400000000000091e+03
1.150127683615819251e+03
1.149974011299435006e+03
1.149974011299435006e+03
1.150117514124293848e+03
1.150401129943502838e+03
1.150827118644067923e+03
1.151414689265536708e+03
1.152132203389830465e+03
1.152980790960452168e+03
1.153967231638418070e+03
1.155067796610169580e+03
1.156297175141242860e+03
1.157654237288135619e+03
1.159108474576271192e+03
1.160675706214689399e+03
1.162351412429378797e+03
1.163933333333333394e+03
1.165338983050847673e+03
1.166540112994350238e+03
1.167548022598870148e+03
1.168357062146892531e+03
1.168974011299435006e+03
1.169389830508474688e+03
1.169592090395480227e+03
1.169602259887005630e+03
1.169395480225988649e+03
1.168986440677966129e+03
1.168369491525423655e+03
1.167544632768361680e+03
1.166508474576271283e+03
1.165254237288135755e+03
1.163812429378531306e+03
1.162177401129943519e+03
1.160472316384180886e+03
1.158875706214689444e+03
1.157392090395480409e+03
1.156037288135593371e+03
1.154797740112994234e+03
1.153685875706214574e+03
1.152708474576271328e+03
1.151851977401129943e+03
1.151128813559321998e+03
1.150541242937853212e+03
1.150075706214689490e+03
1.149746892655367446e+03
1.149546892655367401e+03
1.149475706214689126e+03
1.149527683615819114e+03
1.149718644067796731e+03
1.150037288135593371e+03
1.150481355932203314e+03
1.151048587570621521e+03
1.151722033898305199e+03
1.152514124293785471e+03
1.153413559322033962e+03
1.154395480225988649e+03
1.155470056497175392e+03
1.156635028248587560e+03
1.157875706214689217e+03
1.159172881355932304e+03
1.160525423728813621e+03
1.161946892655367265e+03
1.163393220338983156e+03
1.164903954802259932e+03
1.166440677966101703e+03
1.168019209039548059e+03
1.169462146892655483e+03
1.170633898305084585e+03
1.171520903954802179e+03
1.172122033898305290e+03
1.172465536723163950e+03
1.172529943502824835e+03
1.172317514124293666e+03
1.171853107344632917e+03
1.171111864406779887e+03
1.170120903954802316e+03
1.168867796610169535e+03
1.167377401129943564e+03
1.165749152542372940e+03
1.164152542372881499e+03
1.162599999999999909e+03
1.161085875706214665e+03
1.159631638418079092e+03
1.158225988700565040e+03
1.156857627118644132e+03
1.155567231638418207e+03
1.154331073446327991e+03
1.153160451977401181e+03
1.152070056497175301e+03
1.151077966101694983e+03
1.150162711864406901e+03
1.149360451977401226e+03
1.148671186440677957e+03
1.148080225988700477e+03
1.147613559322034007e+03
1.147287005649717457e+03
1.147111864406779659e+03
1.147067796610169580e+03
1.147179661016949240e+03
1.147423728813559364e+03
1.147812429378531306e+03
1.148349152542372849e+03
1.149023728813559501e+03
1.149837288135593326e+03
1.150762711864406810e+03
1.151829378531073417e+03
1.153011299435028377e+03
1.154314124293785426e+03
1.155715254237288264e+03
1.157214689265536890e+03
1.158835028248587605e+03
1.160404519774011305e+03
1.161769491525423746e+03
1.162951412429378706e+03
1.163938983050847582e+03
1.164744632768361726e+03
1.165349152542373076e+03
1.165753672316384382e+03
1.165957062146892895e+03
1.165970621468926765e+03
1.165766101694915506e+03
1.165349152542372849e+03
1.164741242937853258e+03
1.163914124293785335e+03
1.162888135593220341e+03
1.161653107344632872e+03
1.160219209039548105e+03
1.158586440677966038e+03
1.157024858757062248e+03
1.155567231638418207e+03
1.154235028248587696e+03
1.153009039548022656e+03
1.151887005649717594e+03
1.150905084745762906e+03
1.150067796610169353e+03
1.149323163841807855e+03
1.148712994350282543e+03
1.148241807909604631e+03
1.147892655367231782e+03
1.147690395480226016e+03
1.147607909604520046e+03
1.147651977401129898e+03
1.147837288135593326e+03
1.148129943502824972e+03
1.148563841807909739e+03
1.149118644067796822e+03
1.149783050847457616e+03
1.150579661016949331e+03
1.151471186440678139e+03
1.152472316384180886e+03
1.153557062146892804e+03
1.154735593220339069e+03
1.155979661016949194e+03
1.157299435028248809e+03
1.158689265536723269e+03
1.160118644067796595e+03
1.161606779661017299e+03
1.163151412429378524e+03
1.164723163841807946e+03
1.166326553672316550e+03
1.167942372881356050e+03
1.169290395480226152e+03
1.170367231638418161e+03
1.171177401129943519e+03
1.171703954802259886e+03
1.171977401129943701e+03
1.171971751412429512e+03
1.171702824858757140e+03
1.171163841807909648e+03
1.170381920903955006e+03
1.169333333333333485e+03
1.168035028248587878e+03
1.166511864406779750e+03
1.164861016949152599e+03
1.163235028248587696e+03
1.161666666666666970e+03
1.160150282485875778e+03
1.158692655367231964e+03
1.157290395480226380e+03
1.155952542372881453e+03
1.154656497175141567e+03
1.153418079096045403e+03
1.152265536723163905e+03
1.151185310734463428e+03
1.150187570621469149e+03
1.149279096045198003e+03
1.148499435028248854e+03
1.147819209039548241e+03
1.147262146892655437e+03
1.146827118644067923e+03
1.146529943502825063e+03
1.146367231638418161e+03
1.146342372881356141e+03
1.146467796610169898e+03
1.146740112994350511e+03
1.147143502824858842e+03
1.147694915254237458e+03
1.148386440677966220e+03
1.149210169491525676e+03
1.150168361581921090e+03
1.151235028248587696e+03
1.152420338983051124e+03
1.153722033898305199e+03
1.155119774011299796e+03
1.156628248587570852e+03
1.158251977401130262e+03
1.159743502824858979e+03
1.161064406779661113e+03
1.162192090395480591e+03
1.163134463276836414e+03
1.163870056497175483e+03
1.164419209039548150e+03
1.164771751412429467e+03
1.164910734463277095e+03
1.164861016949152827e+03
1.164596610169491669e+03
1.164136723163841907e+03
1.163456497175141521e+03
1.162580790960452305e+03
1.161499435028248627e+03
1.160216949152542838e+03
1.158744632768361953e+03
1.157081355932203678e+03
1.155520903954802634e+03
1.154077966101694983e+03
1.152748022598870193e+03
1.151531073446327810e+03
1.150437288135593462e+03
1.149475706214689581e+03
1.148610169491525539e+03
1.147883615819209354e+03
1.147276836158192282e+03
1.146793220338983247e+03
1.146430508474576527e+03
1.146218079096045585e+03
1.146118644067796822e+03
1.146146892655367537e+03
1.146307344632768491e+03
1.146593220338983201e+03
1.147006779661017163e+03
1.147532203389830556e+03
1.148180790960452214e+03
1.148927683615819433e+03
1.149786440677966311e+03
1.150743502824858751e+03
1.151789830508474552e+03
1.152897175141243224e+03
1.154082485875706425e+03
1.155338983050847673e+03
1.156639548022599229e+03
1.158004519774011442e+03
1.159409039548022747e+03
1.160861016949152599e+03
1.162346892655367355e+03
1.163873446327683723e+03
1.165436158192090488e+03
1.166735593220339069e+03
1.167768361581920999e+03
1.168528813559322089e+03
1.169021468926553553e+03
1.169230508474576254e+03
1.169181920903954961e+03
1.168857627118644359e+03
1.168271186440678321e+03
1.167442937853107651e+03
1.166355932203390012e+03
1.165013559322034098e+03
1.163433898305084767e+03
1.161892655367231782e+03
1.160381920903955006e+03
1.158915254237288309e+03
1.157514124293785244e+03
1.156151412429378524e+03
1.154822598870056709e+03
1.153567231638418434e+03
1.152367231638418161e+03
1.151223728813559319e+03
1.150159322033898434e+03
1.149176271186440772e+03
1.148283615819209217e+03
1.147466666666666697e+03
1.146774011299435188e+03
1.146198870056497299e+03
1.145720903954802452e+03
1.145370621468926856e+03
1.145164971751412395e+03
1.145100564971751510e+03
1.145167231638418343e+03
1.145379661016949285e+03
1.145744632768361726e+03
1.146251977401130034e+03
1.146883615819209354e+03
1.147653107344632872e+03
1.148538983050847719e+03
1.149563841807909739e+03
1.150688135593220522e+03
1.151938983050847582e+03
1.153323163841807855e+03
1.154794350282485993e+03
1.156364971751412668e+03
1.158024858757062248e+03
1.159507344632768536e+03
1.160807909604519864e+03
1.161922033898305472e+03
1.162821468926553734e+03
1.163550282485875869e+03
1.164081355932203678e+03
1.164410169491525721e+03
1.164541242937853440e+03
1.164480225988700795e+03
1.164215819209039637e+03
1.163744632768361726e+03
1.163064406779661113e+03
1.162175141242938025e+03
1.161074576271186743e+03
1.159783050847457616e+03
1.158294915254237367e+03
1.156689265536723269e+03
1.155203389830508513e+03
1.153825988700565176e+03
1.152546892655367174e+03
1.151397740112994370e+03
1.150374011299435097e+03
1.149473446327683632e+03
1.148699435028248899e+03
1.148042937853107560e+03
1.147531073446327810e+03
1.147141242937853349e+03
1.146870056497175483e+03
1.146727683615819387e+03
1.146726553672316641e+03
1.146844067796610261e+03
1.147080225988700477e+03
1.147468926553672418e+03
1.147957062146892895e+03
1.148549152542373122e+03
1.149267796610169626e+03
1.150093785310734347e+03
1.151036158192090397e+03
1.152067796610169580e+03
1.153171751412429558e+03
1.154353672316384291e+03
1.155609039548022793e+03
1.156919774011299523e+03
1.158290395480225925e+03
1.159708474576271328e+03
1.161162711864406901e+03
1.162662146892655528e+03
1.164194350282485857e+03
1.165767231638418252e+03
1.167128813559322225e+03
1.168212429378531169e+03
1.169029378531073689e+03
1.169585310734463292e+03
1.169856497175141158e+03
1.169866666666666788e+03
1.169613559322034007e+03
1.169112994350282406e+03
1.168346892655367355e+03
1.167333333333333485e+03
1.166081355932203223e+03
1.164570621468926674e+03
1.162996610169491532e+03
1.161471186440677911e+03
1.159975141242937980e+03
1.158525423728813621e+03
1.157134463276835959e+03
1.155786440677966084e+03
1.154484745762712009e+03
1.153238418079096164e+03
1.152068926553672327e+03
1.150966101694915324e+03
1.149945762711864518e+03
1.148994350282485811e+03
1.148144632768361589e+03
1.147386440677966220e+03
1.146728813559321907e+03
1.146201129943502792e+03
1.145787570621469058e+03
1.145507344632768309e+03
1.145369491525423655e+03
1.145376271186440590e+03
1.145528813559321861e+03
1.145825988700564949e+03
1.146257627118643995e+03
1.146812429378531078e+03
1.147516384180790737e+03
1.148350282485875823e+03
1.149293785310734620e+03
1.150379661016949285e+03
1.151577401129943382e+03
1.152884745762711873e+03
1.154305084745762770e+03
1.155823728813559455e+03
1.157445197740113144e+03
1.158898305084745743e+03
1.160157062146892713e+03
1.161239548022598910e+03
1.162138983050847401e+03
1.162836158192090352e+03
1.163342372881355914e+03
1.163639548022598774e+03
1.163740112994350284e+03
1.163664406779661022e+03
1.163372881355932350e+03
1.162861016949152599e+03
1.162162711864406901e+03
1.161254237288135755e+03
1.160145762711864336e+03
1.158832768361582112e+03
1.157314124293785426e+03
1.155612429378531033e+03
1.154020338983050806e+03
1.152557062146892804e+03
1.151198870056497071e+03
1.149942372881356050e+03
1.148809039548022611e+03
1.147789830508474552e+03
1.146909604519773893e+03
1.146158192090395460e+03
1.145525423728813621e+03
1.145028248587570488e+03
1.144638418079096027e+03
1.144384180790960500e+03
1.144247457627118592e+03
1.144251977401129807e+03
1.144362711864406947e+03
1.144602259887005630e+03
1.144958192090395642e+03
1.145442937853107196e+03
1.146038418079096118e+03
1.146735593220339069e+03
1.147525423728813621e+03
1.148431638418079274e+03
1.149412429378531215e+03
1.150476836158192100e+03
1.151616949152542475e+03
1.152813559322034052e+03
1.154083615819209172e+03
1.155393220338983156e+03
1.156743502824858751e+03
1.158158192090395460e+03
1.159609039548022565e+03
1.161081355932203678e+03
1.162590960451977480e+03
1.163963841807909375e+03
1.165046327683615800e+03
1.165866666666666788e+03
1.166402259887005584e+03
1.166683615819209081e+03
1.166683615819209081e+03
1.166420338983050897e+03
1.165902824858757185e+03
1.165128813559321998e+03
1.164096045197740295e+03
1.162836158192090352e+03
1.161326553672316550e+03
1.159789830508474552e+03
1.158302824858757049e+03
1.156851977401130171e+03
1.155445197740113144e+03
1.154090395480226107e+03
1.152783050847457616e+03
1.151532203389830556e+03
1.150338983050847446e+03
1.149197740112994325e+03
1.148134463276836186e+03
1.147144632768361589e+03
1.146241807909604631e+03
1.145428248587570579e+03
1.144720903954802452e+03
1.144132203389830465e+03
1.143641807909604495e+03
1.143298305084745834e+03
1.143084745762711918e+03
1.143019209039548059e+03
1.143058757062146924e+03
1.143259887005649716e+03
1.143611299435028286e+03
1.144071186440677820e+03
1.144685875706214574e+03
1.145435028248587514e+03
1.146308474576271010e+03
1.147301694915254075e+03
1.148427118644067605e+03
1.149662146892655073e+03
1.151004519774011214e+03
1.152451977401129625e+03
1.153987570621468876e+03
1.155621468926553462e+03
1.157103954802259750e+03
1.158399999999999864e+03
1.159528813559321861e+03
1.160451977401129625e+03
1.161202259887005539e+03
1.161763841807909557e+03
1.162114124293785153e+03
1.162283615819208990e+03
1.162249717514124313e+03
1.162013559322033643e+03
1.161583050847457343e+03
1.160954802259886947e+03
1.160122033898304835e+03
1.159092655367231600e+03
1.157840677966101794e+03
1.156406779661017026e+03
1.154815819209039546e+03
1.153325423728813576e+03
1.151944632768361544e+03
1.150674576271186424e+03
1.149529943502824835e+03
1.148516384180790965e+03
1.147610169491525539e+03
1.146837288135593099e+03
1.146195480225988831e+03
1.145687005649717548e+03
1.145292655367231418e+03
1.145039548022598865e+03
1.144897175141242769e+03
1.144893785310734529e+03
1.145016949152542338e+03
1.145289265536723178e+03
1.145671186440677957e+03
1.146176271186440772e+03
1.146807909604519864e+03
1.147543502824858706e+03
1.148394350282485902e+03
1.149358192090395505e+03
1.150398870056497344e+03
1.151552542372881362e+03
1.152786440677966084e+03
1.154059887005649671e+03
1.155414689265536708e+03
1.156824858757062430e+03
1.158294915254237367e+03
1.159805649717514370e+03
1.161371751412429603e+03
1.162962711864406856e+03
1.164596610169491669e+03
1.166029378531073689e+03
1.167183050847457707e+03
1.168077966101694983e+03
1.168709604519774075e+03
1.169077966101694983e+03
1.169187570621469149e+03
1.169037288135593371e+03
1.168627118644067878e+03
1.167942372881356050e+03
1.167028248587570715e+03
1.165857627118644132e+03
1.164457627118644041e+03
1.162818079096045267e+03
1.161195480225988604e+03
1.159616949152542475e+03
1.158081355932203451e+03
1.156604519774011351e+03
1.155183050847457707e+03
1.153803389830508422e+03
1.152501694915254120e+03
1.151265536723163677e+03
1.150090395480226107e+03
1.148988700564971850e+03
1.147984180790960636e+03
1.147055367231638456e+03
1.146242937853107378e+03
1.145538983050847492e+03
1.144960451977401135e+03
1.144503954802260068e+03
1.144176271186440772e+03
1.144007909604519909e+03
1.143961581920904109e+03
1.144073446327683769e+03
1.144334463276836232e+03
1.144724293785310920e+03
1.145250847457627060e+03
1.145925423728813712e+03
1.146735593220339069e+03
1.147658757062146833e+03
1.148716384180791010e+03
1.149880225988700658e+03
1.151160451977401408e+03
1.152560451977401044e+03
1.154061016949152645e+03
1.155671186440678184e+03
1.157181920903954961e+03
1.158534463276836277e+03
1.159677966101695120e+03
1.160633898305085040e+03
1.161387570621468967e+03
1.161949152542372985e+03
1.162293785310734620e+03
1.162450847457627333e+03
1.162420338983050897e+03
1.162179661016949467e+03
1.161725423728813894e+03
1.161059887005649898e+03
1.160195480225988831e+03
1.159123163841808037e+03
1.157832768361582112e+03
1.156357062146892986e+03
1.154668926553672463e+03
1.153033898305084904e+03
1.151516384180791192e+03
1.150094915254237549e+03
1.148802259887005903e+03
1.147629378531073598e+03
1.146566101694915233e+03
1.145629378531073598e+03
1.144814689265536799e+03
1.144125423728813530e+03
1.143549152542372894e+03
1.143122033898305062e+03
1.142807909604519864e+03
1.142610169491525539e+03
1.142558192090395551e+03
1.142627118644067878e+03
1.142813559322034052e+03
1.143126553672316504e+03
1.143560451977401272e+03
1.144112994350282406e+03
1.144760451977401317e+03
1.145537853107344745e+03
1.146404519774011305e+03
1.147358192090395505e+03
1.148410169491525494e+03
1.149529943502825063e+03
1.150710734463276822e+03
1.151953672316384200e+03
1.153247457627118820e+03
1.154601129943502883e+03
1.156001129943502747e+03
1.157439548022598956e+03
1.158912994350282588e+03
1.160422598870056390e+03
1.161820338983050988e+03
1.162933333333333394e+03
1.163786440677966311e+03
1.164360451977401226e+03
1.164658757062147060e+03
1.164676836158192145e+03
1.164424858757062339e+03
1.163919774011299523e+03
1.163143502824858842e+03
1.162123163841808037e+03
1.160835028248587605e+03
1.159314124293785426e+03
1.157767231638418025e+03
1.156270056497175119e+03
1.154810169491525357e+03
1.153400000000000091e+03
1.152037288135593371e+03
1.150729943502824881e+03
1.149467796610169444e+03
1.148264406779660931e+03
1.147125423728813530e+03
1.146063276836158138e+03
1.145076836158192009e+03
1.144170621468926356e+03
1.143362711864406720e+03
1.142661016949152554e+03
1.142057627118644177e+03
1.141571751412429421e+03
1.141224858757062066e+03
1.141012429378531124e+03
1.140931073446327900e+03
1.140987570621469104e+03
1.141188700564971896e+03
1.141524293785310874e+03
1.142007909604519909e+03
1.142644067796610216e+03
1.143388700564971941e+03
1.144276836158192054e+03
1.145268926553672372e+03
1.146383050847457980e+03
1.147618079096045221e+03
1.148981920903954915e+03
1.150439548022598956e+03
1.151992090395480318e+03
1.153657627118644086e+03
1.155273446327683587e+03
1.156724293785310692e+03
1.157964971751412577e+03
1.159012429378531124e+03
1.159873446327683723e+03
1.160531073446327810e+03
1.160990960451977571e+03
1.161251977401130262e+03
1.161305084745762770e+03
1.161150282485875778e+03
1.160781920903954870e+03
1.160213559322034143e+03
1.159441807909604904e+03
1.158472316384180886e+03
1.157280225988700749e+03
1.155890395480226061e+03
1.154306214689265744e+03
1.152751412429378661e+03
1.151310734463276958e+03
1.149989830508474824e+03
1.148785310734463565e+03
1.147697175141242951e+03
1.146733333333333576e+03
1.145885875706214847e+03
1.145189830508474870e+03
1.144610169491525767e+03
1.144170621468927038e+03
1.143848587570621476e+03
1.143673446327683905e+03
1.143632768361582293e+03
1.143715254237288264e+03
1.143935593220339342e+03
1.144276836158192054e+03
1.144764971751412531e+03
1.145362711864406947e+03
1.146099435028248763e+03
1.146937853107344836e+03
1.147872316384180976e+03
1.148923163841808218e+03
1.150055367231638684e+03
1.151255367231638502e+03
1.152546892655367401e+03
1.153910734463277095e+03
1.155323163841808082e+03
1.156792090395480500e+03
1.158311864406779932e+03
1.159887005649717821e+03
1.161491525423728945e+03
1.163137853107344654e+03
1.164723163841807946e+03
1.166042937853107560e+03
1.167108474576271419e+03
1.167894915254237503e+03
1.168395480225988649e+03
1.168629378531073598e+03
1.168605649717514325e+03
1.168315254237288173e+03
1.167771751412429694e+03
1.166985310734463383e+03
1.165927683615819433e+03
1.164638418079096255e+03
1.163096045197740295e+03
1.161420338983051124e+03
1.159792090395480500e+03
1.158210169491525676e+03
1.156667796610169717e+03
1.155178531073446720e+03
1.153744632768361953e+03
1.152381920903955233e+03
1.151048587570621748e+03
1.149796610169491942e+03
1.148632768361582293e+03
1.147532203389830784e+03
1.146533333333333530e+03
1.145629378531073826e+03
1.144845197740113235e+03
1.144154802259887219e+03
1.143614689265536981e+03
1.143193220338983338e+03
1.142922033898305472e+03
1.142776271186441136e+03
1.142775141242937934e+03
1.142934463276836368e+03
1.143227118644068014e+03
1.143671186440678184e+03
1.144255367231638729e+03
1.144960451977401135e+03
1.145813559322034052e+03
1.146792090395480500e+03
1.147889265536723315e+03
1.149109604519774166e+03
1.150442937853107651e+03
1.151890395480226289e+03
1.153436158192090488e+03
1.155051977401129989e+03
1.156481355932203769e+03
1.157726553672316641e+03
1.158783050847458071e+03
1.159633898305085040e+03
1.160298305084746062e+03
1.160774011299435188e+03
1.161051977401129989e+03
1.161129943502824972e+03
1.161006779661017163e+03
1.160682485875706334e+03
1.160155932203389966e+03
1.159406779661017026e+03
1.158453107344632826e+03
1.157297175141243088e+03
1.155938983050847582e+03
1.154393220338983156e+03
1.152710734463277049e+03
1.151145762711864791e+03
1.149685875706215029e+03
1.148336723163841953e+03
1.147101694915254484e+03
1.145984180790960636e+03
1.144993220338983065e+03
1.144129943502824972e+03
1.143392090395480409e+03
1.142788700564971805e+03
1.142316384180791147e+03
1.141957062146892895e+03
1.141733333333333576e+03
1.141638418079096255e+03
1.141689265536723269e+03
1.141844067796610489e+03
1.142134463276836414e+03
1.142538983050847492e+03
1.143073446327683769e+03
1.143720903954802452e+03
1.144474576271186379e+03
1.145319774011299614e+03
1.146257627118643995e+03
1.147298305084746062e+03
1.148400000000000091e+03
1.149584180790960545e+03
1.150814689265536799e+03
1.152114124293785380e+03
1.153479096045197821e+03
1.154868926553672281e+03
1.156316384180790919e+03
1.157807909604519864e+03
1.159336723163841953e+03
1.160850847457627196e+03
1.162107344632768672e+03
1.163059887005649898e+03
1.163759322033898570e+03
1.164175141242938025e+03
1.164325423728813803e+03
1.164190960451977617e+03
1.163795480225988740e+03
1.163142372881356096e+03
1.162228248587570761e+03
1.161068926553672554e+03
1.159654237288135846e+03
1.158062146892655619e+03
1.156487005649717730e+03
1.154979661016949194e+03
1.153493785310734438e+03
1.152054237288135937e+03
1.150655367231638593e+03
1.149325423728813803e+03
1.148059887005649898e+03
1.146828248587570670e+03
1.145681355932203587e+03
1.144611299435028286e+03
1.143616949152542475e+03
1.142723163841807946e+03
1.141912994350282588e+03
1.141224858757062293e+03
1.140649717514124404e+03
1.140201129943503020e+03
1.139897175141243224e+03
1.139735593220339069e+03
1.139708474576271328e+03
1.139811299435028559e+03
1.140098305084745789e+03
1.140502824858757322e+03
1.141061016949152872e+03
1.141751412429378888e+03
1.142563841807909739e+03
1.143516384180791192e+03
1.144588700564971987e+03
1.145787570621469058e+03
1.147096045197740295e+03
1.148526553672316822e+03
1.150072316384181249e+03
1.151712994350282770e+03
1.153437288135593462e+03
1.154989830508474824e+03
1.156325423728813803e+03
1.157490395480226198e+03
1.158439548022599183e+03
1.159202259887005766e+03
1.159764971751412759e+03
1.160117514124294075e+03
1.160258757062147197e+03
1.160205649717514461e+03
1.159936723163842089e+03
1.159453107344633054e+03
1.158764971751412759e+03
1.157859887005649853e+03
1.156742372881356459e+03
1.155416949152542657e+03
1.153890395480226289e+03
1.152227118644068014e+03
1.150679096045198094e+03
1.149232768361582202e+03
1.147910734463277095e+03
1.146712994350282770e+03
1.145618079096045449e+03
1.144645197740113417e+03
1.143802259887005903e+03
1.143096045197740295e+03
1.142514124293785699e+03
1.142070056497175301e+03
1.141757062146893077e+03
1.141563841807909739e+03
1.141489265536723451e+03
1.141552542372881362e+03
1.141746892655367446e+03
1.142068926553672554e+03
1.142520903954802634e+03
1.143105084745762952e+03
1.143807909604519864e+03
1.144616949152542702e+03
1.145524293785310874e+03
1.146514124293785699e+03
1.147607909604520046e+03
1.148771751412429694e+03
1.150013559322034098e+03
1.151325423728813803e+03
1.152679096045198094e+03
1.154094915254237549e+03
1.155568361581921181e+03
1.157087005649717867e+03
1.158656497175141340e+03
1.160259887005649944e+03
1.161770621468926720e+03
1.163011299435028377e+03
1.163989830508474824e+03
1.164691525423729217e+03
1.165126553672316732e+03
1.165307344632768491e+03
1.165215819209039864e+03
1.164872316384181204e+03
1.164265536723164132e+03
1.163386440677966448e+03
1.162282485875706698e+03
1.160935593220339342e+03
1.159344632768361862e+03
1.157691525423729217e+03
1.156066666666667061e+03
1.154502824858757322e+03
1.152977401129943701e+03
1.151500564971751828e+03
1.150070056497175301e+03
1.148712994350282770e+03
1.147400000000000091e+03
1.146160451977401408e+03
1.145011299435028377e+03
1.143944632768361771e+03
1.142972881355932259e+03
1.142102824858757231e+03
1.141353672316384291e+03
1.140714124293785517e+03
1.140214689265536890e+03
1.139850847457627424e+03
1.139624858757062157e+03
1.139532203389830556e+03
1.139606779661017299e+03
1.139830508474576618e+03
1.140178531073446493e+03
1.140668926553672463e+03
1.141300564971751555e+03
1.142065536723163859e+03
1.142950282485875960e+03
1.143964971751412577e+03
1.145092655367231828e+03
1.146344632768361862e+03
1.147688135593220522e+03
1.149160451977401408e+03
1.150723163841808400e+03
1.152281355932203724e+03
1.153675706214689399e+03
1.154866666666667015e+03
1.155882485875706379e+03
1.156702824858757140e+03
1.157333333333333485e+03
1.157777401129943655e+03
1.158015819209039819e+03
1.158046327683615800e+03
1.157882485875706379e+03
1.157514124293785471e+03
1.156929943502824926e+03
1.156136723163841907e+03
1.155131073446327719e+03
1.153929943502825154e+03
1.152526553672316368e+03
1.150925423728813712e+03
1.149363841807909694e+03
1.147896045197740023e+03
1.146541242937852985e+03
1.145297175141242860e+03
1.144171751412429558e+03
1.143166101694915369e+03
1.142283615819208990e+03
1.141512994350282497e+03
1.140868926553672281e+03
1.140357062146892531e+03
1.139945762711864518e+03
1.139681355932203587e+03
1.139523163841807900e+03
1.139512994350282497e+03
1.139624858757062157e+03
1.139856497175141385e+03
1.140201129943503020e+03
1.140677966101695120e+03
1.141274576271186561e+03
1.141989830508474597e+03
1.142786440677966084e+03
1.143677966101694892e+03
1.144671186440677957e+03
1.145738983050847310e+03
1.146866666666666788e+03
1.148074576271186288e+03
1.149338983050847446e+03
1.150653107344632645e+03
1.152042937853107333e+03
1.153454237288135573e+03
1.154932203389830420e+03
1.156446327683615891e+03
1.158006779661016935e+03
1.159334463276836232e+03
1.160419209039548150e+03
1.161215819209039637e+03
1.161757062146892622e+03
1.162037288135593371e+03
1.162047457627118774e+03
1.161784180790960590e+03
1.161282485875706243e+03
1.160512994350282497e+03
1.159484745762712009e+03
1.158216949152542384e+03
1.156698305084745698e+03
1.155117514124293848e+03
1.153560451977401044e+03
1.152019209039548059e+03
1.150558192090395551e+03
1.149126553672316277e+03
1.147732203389830374e+03
1.146395480225988649e+03
1.145103954802259750e+03
1.143894915254237276e+03
1.142758192090395369e+03
1.141694915254237003e+03
1.140722033898305199e+03
1.139844067796610034e+03
1.139071186440678048e+03
1.138399999999999864e+03
1.137862146892655346e+03
1.137464406779660976e+03
1.137186440677965948e+03
1.137070056497175074e+03
1.137076836158192009e+03
1.137222598870056345e+03
1.137524293785310647e+03
1.137958192090395414e+03
1.138523163841807900e+03
1.139229378531073507e+03
1.140041807909604358e+03
1.141000000000000000e+03
1.142088135593220386e+03
1.143296045197740114e+03
1.144599999999999909e+03
1.146023728813559501e+03
1.147557062146892576e+03
1.149187570621468694e+03
1.150806779661016890e+03
1.152247457627118592e+03
1.153507344632768309e+03
1.154557062146892576e+03
1.155424858757062111e+03
1.156101694915254257e+03
1.156585310734463292e+03
1.156865536723163814e+03
1.156954802259886947e+03
1.156818079096045267e+03
1.156497175141242906e+03
1.155975141242937752e+03
1.155230508474576254e+03
1.154264406779660931e+03
1.153101694915254257e+03
1.151738983050847310e+03
1.150193220338982883e+03
1.148633898305084813e+03
1.147190960451977389e+03
1.145856497175141158e+03
1.144632768361581839e+03
1.143526553672316368e+03
1.142545762711864427e+03
1.141672316384180704e+03
1.140929943502824926e+03
1.140311864406779478e+03
1.139807909604519637e+03
1.139444067796610170e+03
1.139212429378530942e+03
1.139093785310734347e+03
1.139112994350282406e+03
1.139257627118643995e+03
1.139518644067796686e+03
1.139915254237288082e+03
1.140425988700565085e+03
1.141050847457627242e+03
1.141792090395480272e+03
1.142622598870056436e+03
1.143552542372881362e+03
1.144566101694915233e+03
1.145659887005649807e+03
1.146816949152542293e+03
1.148057627118644177e+03
1.149345762711864609e+03
1.150696045197740204e+03
1.152091525423728854e+03
1.153533333333333303e+03
1.155027118644067741e+03
1.156554802259887083e+03
1.158101694915254484e+03
1.159397740112994370e+03
1.160425988700565085e+03
1.161192090395480136e+03
1.161697175141242951e+03
1.161933333333333394e+03
1.161897175141243224e+03
1.161616949152542475e+03
1.161074576271186288e+03
1.160275706214689308e+03
1.159232768361581975e+03
1.157951412429378706e+03
1.156422598870056390e+03
1.154845197740113235e+03
1.153290395480226152e+03
1.151772881355932441e+03
1.150294915254237367e+03
1.148864406779661067e+03
1.147490395480225970e+03
1.146160451977401181e+03
1.144901694915254211e+03
1.143683615819209081e+03
1.142557062146892804e+03
1.141506214689265562e+03
1.140544632768361680e+03
1.139688135593220295e+03
1.138935593220338887e+03
1.138301694915254302e+03
1.137796610169491487e+03
1.137427118644067832e+03
1.137193220338982883e+03
1.137090395480226107e+03
1.137133333333333212e+03
1.137309604519773984e+03
1.137627118644067878e+03
1.138070056497175301e+03
1.138662146892655528e+03
1.139389830508474461e+03
1.140239548022598910e+03
1.141205649717514007e+03
1.142310734463276731e+03
1.143529943502824608e+03
1.144851977401129943e+03
1.146294915254237367e+03
1.147830508474576163e+03
1.149479096045197821e+03
1.150946892655367265e+03
1.152237288135593190e+03
1.153345762711864381e+03
1.154247457627118820e+03
1.154963841807909603e+03
1.155491525423728945e+03
1.155805649717514143e+03
1.155938983050847582e+03
1.155868926553672281e+03
1.155589830508474506e+03
1.155102824858757231e+03
1.154404519774011078e+03
1.153503954802259841e+03
1.152384180790960500e+03
1.151064406779661113e+03
1.149553672316384109e+03
1.147951412429378479e+03
1.146445197740112917e+03
1.145037288135593371e+03
1.143760451977401317e+03
1.142593220338982974e+03
1.141542372881356187e+03
1.140604519774011351e+03
1.139784180790960590e+03
1.139087005649717639e+03
1.138515254237288218e+03
1.138071186440678048e+03
1.137741242937853258e+03
1.137548022598869920e+03
1.137463276836158002e+03
1.137500564971751373e+03
1.137672316384180704e+03
1.137970621468926538e+03
1.138395480225988649e+03
1.138922033898305017e+03
1.139564971751412259e+03
1.140318644067796640e+03
1.141162711864406674e+03
1.142099435028248536e+03
1.143111864406779659e+03
1.144187570621468694e+03
1.145333333333333485e+03
1.146532203389830329e+03
1.147795480225988740e+03
1.149117514124293848e+03
1.150489265536722996e+03
1.151896045197740023e+03
1.153340112994350420e+03
1.154838418079096073e+03
1.156283615819208990e+03
1.157468926553672190e+03
1.158411299435028468e+03
1.159084745762711918e+03
1.159481355932203314e+03
1.159612429378531033e+03
1.159481355932203314e+03
1.159096045197740068e+03
1.158458757062147015e+03
1.157568361581920726e+03
1.156433898305084767e+03
1.155063276836158366e+03
1.153518644067796686e+03
1.151985310734463155e+03
1.150507344632768309e+03
1.149071186440678048e+03
1.147658757062146833e+03
1.146299435028248354e+03
1.144997740112994279e+03
1.143744632768361498e+03
1.142549152542372667e+03
1.141430508474576300e+03
1.140377401129943337e+03
1.139414689265536708e+03
1.138535593220338797e+03
1.137770621468926493e+03
1.137109604519773939e+03
1.136570621468926447e+03
1.136164971751412395e+03
1.135881355932203405e+03
1.135738983050847310e+03
1.135750282485875687e+03
1.135873446327683268e+03
1.136157062146892713e+03
1.136576271186440636e+03
1.137126553672316277e+03
1.137812429378530851e+03
1.138630508474575890e+03
1.139563841807909284e+03
1.140635028248587332e+03
1.141828248587570442e+03
1.143132203389830465e+03
1.144546892655367174e+03
1.146067796610169353e+03
1.147685875706214574e+03
1.149229378531073280e+03
1.150607909604519591e+03
1.151823728813559228e+03
1.152837288135593099e+03
1.153655367231638138e+03
1.154306214689265289e+03
1.154755932203389648e+03
1.155019209039547832e+03
1.155071186440677820e+03
1.154928813559321952e+03
1.154577401129943155e+03
1.154035028248587423e+03
1.153287005649717230e+03
1.152329943502824563e+03
1.151195480225988376e+03
1.149844067796610034e+03
1.148297175141242633e+03
1.146726553672316186e+03
1.145249717514124086e+03
1.143880225988700204e+03
1.142630508474576118e+03
1.141489265536722996e+03
1.140480225988700340e+03
1.139585310734462837e+03
1.138809039548022383e+03
1.138154802259886765e+03
1.137642937853107014e+03
1.137244067796609670e+03
1.136972881355931804e+03
1.136830508474576163e+03
1.136812429378530851e+03
1.136924293785310510e+03
1.137159322033898206e+03
1.137524293785310419e+03
1.138003389830508240e+03
1.138602259887005630e+03
1.139303954802259796e+03
1.140114124293785153e+03
1.141009039548022429e+03
1.142006779661016935e+03
1.143074576271186288e+03
1.144197740112994325e+03
1.145405649717514052e+03
1.146689265536723269e+03
1.148000000000000000e+03
1.149374011299435097e+03
1.150797740112994234e+03
1.152259887005649489e+03
1.153789830508474552e+03
1.155333333333333030e+03
1.156615819209039500e+03
1.157636158192090534e+03
1.158403389830508331e+03
1.158902824858756958e+03
1.159148022598869829e+03
1.159145762711864336e+03
1.158879096045197684e+03
1.158348022598870102e+03
1.157569491525423473e+03
1.156557062146892349e+03
1.155294915254237367e+03
1.153795480225988740e+03
1.152185310734463201e+03
1.150607909604519591e+03
1.149059887005649671e+03
1.147559322033898070e+03
1.146111864406779432e+03
1.144705084745762633e+03
1.143344632768361407e+03
1.142054237288135482e+03
1.140836158192090352e+03
1.139662146892655301e+03
1.138585310734463064e+03
1.137588700564971532e+03
1.136693785310734256e+03
1.135903954802259705e+03
1.135235028248587696e+03
1.134690395480226016e+03
1.134275706214689308e+03
1.133993220338983065e+03
1.133844067796610034e+03
1.133836158192090352e+03
1.133974011299435006e+03
1.134231638418079001e+03
1.134639548022598774e+03
1.135168361581921090e+03
1.135839548022599047e+03
1.136633898305084813e+03
1.137554802259886856e+03
1.138599999999999909e+03
1.139749152542372940e+03
1.141022598870056299e+03
1.142405649717513825e+03
1.143884745762711873e+03
1.145468926553672190e+03
1.146943502824858570e+03
1.148227118644067787e+03
1.149333333333333258e+03
1.150251977401129807e+03
1.150974011299435006e+03
1.151492655367231691e+03
1.151819209039548014e+03
1.151957062146892667e+03
1.151894915254237276e+03
1.151620338983050715e+03
1.151134463276835959e+03
1.150451977401129852e+03
1.149571751412429421e+03
1.148470056497174937e+03
1.147170621468926356e+03
1.145701694915254166e+03
1.144157062146892713e+03
1.142705084745762633e+03
1.141359322033898025e+03
1.140125423728813530e+03
1.138992090395480091e+03
1.137970621468926538e+03
1.137084745762711918e+03
1.136306214689265516e+03
1.135646327683615709e+03
1.135106214689265471e+03
1.134709604519774075e+03
1.134404519774011078e+03
1.134246327683615618e+03
1.134206779661016753e+03
1.134275706214689308e+03
1.134484745762711782e+03
1.134810169491525357e+03
1.135256497175141249e+03
1.135819209039548014e+03
1.136480225988700568e+03
1.137250847457627060e+03
1.138124293785310783e+03
1.139083615819208944e+03
1.140120903954802088e+03
1.141235028248587469e+03
1.142406779661017026e+03
1.143655367231638593e+03
1.144954802259886947e+03
1.146303954802259796e+03
1.147696045197740204e+03
1.149138983050847401e+03
1.150648587570621430e+03
1.152174011299435278e+03
1.153720903954802225e+03
1.155003389830508240e+03
1.156012429378531124e+03
1.156763841807909557e+03
1.157261016949152690e+03
1.157474576271186379e+03
1.157431638418079046e+03
1.157132203389830465e+03
1.156571751412429421e+03
1.155754802259886901e+03
1.154687005649717548e+03
1.153390960451977207e+03
1.151840677966101794e+03
1.150279096045197775e+03
1.148748022598869966e+03
1.147259887005649944e+03
1.145816949152542293e+03
1.144419209039548150e+03
1.143082485875706425e+03
1.141795480225988740e+03
1.140576271186440863e+03
1.139403389830508331e+03
1.138312994350282452e+03
1.137301694915254302e+03
1.136396610169491396e+03
1.135605649717514098e+03
1.134914124293785335e+03
1.134361581920903973e+03
1.133917514124293575e+03
1.133618079096045221e+03
1.133441807909604449e+03
1.133420338983050897e+03
1.133528813559321861e+03
1.133790960451977526e+03
1.134197740112994325e+03
1.134732203389830374e+03
1.135396610169491396e+03
1.136190960451977389e+03
1.137115254237288354e+03
1.138149152542373031e+03
1.139307344632768491e+03
1.140598870056497162e+03
1.141986440677966129e+03
1.143480225988700568e+03
1.145070056497175301e+03
1.146766101694915278e+03
1.148315254237288173e+03
1.149681355932203587e+03
1.150863276836158093e+03
1.151839548022599047e+03
1.152637288135593280e+03
1.153239548022599138e+03
1.153637288135593280e+03
1.153825988700565176e+03
1.153819209039548241e+03
1.153609039548022793e+03
1.153178531073446266e+03
1.152548022598870375e+03
1.151710734463276822e+03
1.150666666666666742e+03
1.149411299435028468e+03
1.147962711864406856e+03
1.146342372881355914e+03
1.144813559322034052e+03
1.143404519774011533e+03
1.142096045197740295e+03
1.140891525423729036e+03
1.139818079096045494e+03
1.138880225988700658e+03
1.138051977401130216e+03
1.137350282485875823e+03
1.136775141242937934e+03
1.136314124293785426e+03
1.135996610169491532e+03
1.135802259887005675e+03
1.135738983050847537e+03
1.135801129943502929e+03
1.135974011299435006e+03
1.136297175141243088e+03
1.136722033898305199e+03
1.137279096045198003e+03
1.137944632768361771e+03
1.138724293785310920e+03
1.139593220338983201e+03
1.140555932203390057e+03
1.141589830508474734e+03
1.142691525423728763e+03
1.143876836158191963e+03
1.145126553672316504e+03
1.146433898305084767e+03
1.147801129943502929e+03
1.149218079096045358e+03
1.150684745762711827e+03
1.152185310734463428e+03
1.153738983050847537e+03
1.155074576271186515e+03
1.156144632768361589e+03
1.156967231638418070e+03
1.157517514124293939e+03
1.157796610169491487e+03
1.157821468926553734e+03
1.157589830508474506e+03
1.157100564971751282e+03
1.156352542372881544e+03
1.155368361581920908e+03
1.154112994350282406e+03
1.152639548022598774e+03
1.151045197740113053e+03
1.149485875706214756e+03
1.147955932203389921e+03
1.146475706214689353e+03
1.145029378531073462e+03
1.143631638418079092e+03
1.142285875706214711e+03
1.141012429378531124e+03
1.139780790960452123e+03
1.138636158192090534e+03
1.137572881355932168e+03
1.136585310734463292e+03
1.135685875706214802e+03
1.134908474576271374e+03
1.134244067796610352e+03
1.133711864406779569e+03
1.133293785310734620e+03
1.133015819209039591e+03
1.132882485875706152e+03
1.132879096045197912e+03
1.133022598870056527e+03
1.133298305084746062e+03
1.133728813559322134e+03
1.134276836158192054e+03
1.134963841807909830e+03
1.135776271186440681e+03
1.136728813559322134e+03
1.137786440677966084e+03
1.138960451977401135e+03
1.140258757062146742e+03
1.141677966101694892e+03
1.143197740112994325e+03
1.144818079096045039e+03
1.146307344632768491e+03
1.147598870056497162e+03
1.148720903954802225e+03
1.149646327683615709e+03
1.150377401129943337e+03
1.150905084745762451e+03
1.151245197740112872e+03
1.151376271186440590e+03
1.151306214689265744e+03
1.151023728813559501e+03
1.150526553672316368e+03
1.149825988700565176e+03
1.148915254237288082e+03
1.147795480225988740e+03
1.146473446327683632e+03
1.144940112994350329e+03
1.143261016949152463e+03
1.141679096045197639e+03
1.140211299435028423e+03
1.138841807909604540e+03
1.137594350282485721e+03
1.136480225988700568e+03
1.135461016949152508e+03
1.134562711864406992e+03
1.133789830508474552e+03
1.133144632768361589e+03
1.132629378531073598e+03
1.132240677966101885e+03
1.131978531073446447e+03
1.131838418079096073e+03
1.131842937853107287e+03
1.131967231638418070e+03
1.132224858757062066e+03
1.132604519774011351e+03
1.133101694915254257e+03
1.133719774011299478e+03
1.134451977401130080e+03
1.135276836158192054e+03
1.136186440677966175e+03
1.137195480225988831e+03
1.138281355932203496e+03
1.139439548022598956e+03
1.140677966101694892e+03
1.141966101694915324e+03
1.143299435028248581e+03
1.144707344632768354e+03
1.146144632768361589e+03
1.147647457627118683e+03
1.149192090395480136e+03
1.150781920903954870e+03
1.152187570621469149e+03
1.153309604519773984e+03
1.154179661016949012e+03
1.154769491525423746e+03
1.155098305084745789e+03
1.155158192090395460e+03
1.154959322033898388e+03
1.154494915254237185e+03
1.153781920903954870e+03
1.152811299435028332e+03
1.151598870056497162e+03
1.150127683615819478e+03
1.148488135593220477e+03
1.146885875706214847e+03
1.145328813559322043e+03
1.143807909604519864e+03
1.142317514124293893e+03
1.140874576271186470e+03
1.139479096045197821e+03
1.138153672316384245e+03
1.136888135593220341e+03
1.135689265536723269e+03
1.134589830508474734e+03
1.133585310734463292e+03
1.132662146892655528e+03
1.131855367231638411e+03
1.131166101694915369e+03
1.130601129943502883e+03
1.130166101694915142e+03
1.129882485875706152e+03
1.129733333333333348e+03
1.129734463276836323e+03
1.129858757062147106e+03
1.130140112994350375e+03
1.130546892655367174e+03
1.131108474576271419e+03
1.131786440677966084e+03
1.132619209039548196e+03
1.133559322033898525e+03
1.134628248587570852e+03
1.135822598870056709e+03
1.137116384180791101e+03
1.138566101694915233e+03
1.140092655367231600e+03
1.141726553672316641e+03
1.143362711864406947e+03
1.144833898305084858e+03
1.146118644067796595e+03
1.147215819209039637e+03
1.148111864406779659e+03
1.148827118644067923e+03
1.149334463276836232e+03
1.149665536723163768e+03
1.149774011299435188e+03
1.149674576271186652e+03
1.149380790960452032e+03
1.148866666666666788e+03
1.148149152542372804e+03
1.147223728813559319e+03
1.146092655367231600e+03
1.144751412429378661e+03
1.143225988700565267e+03
1.141674576271186652e+03
1.140236158192090443e+03
1.138903954802259705e+03
1.137682485875706334e+03
1.136595480225988467e+03
1.135614689265536526e+03
1.134755932203389875e+03
1.134032768361581930e+03
1.133421468926553644e+03
1.132937853107344608e+03
1.132576271186440863e+03
1.132346892655367128e+03
1.132246327683615618e+03
1.132277966101694801e+03
1.132444067796610170e+03
1.132731073446327628e+03
1.133144632768361589e+03
1.133676836158192145e+03
1.134331073446327764e+03
1.135083615819209172e+03
1.135934463276836141e+03
1.136877966101694938e+03
1.137909604519773893e+03
1.139020338983050806e+03
1.140194350282485857e+03
1.141444067796609943e+03
1.142750282485875687e+03
1.144115254237288127e+03
1.145532203389830556e+03
1.146994350282485811e+03
1.148511864406779750e+03
1.150067796610169580e+03
1.151583050847457798e+03
1.152849717514124222e+03
1.153863276836158320e+03
1.154611299435028286e+03
1.155096045197740295e+03
1.155311864406779705e+03
1.155277966101695029e+03
1.154974011299435006e+03
1.154428248587570579e+03
1.153625988700564903e+03
1.152564971751412486e+03
1.151282485875706243e+03
1.149750282485875687e+03
1.148122033898305062e+03
1.146493785310734438e+03
1.144934463276836141e+03
1.143410169491525494e+03
1.141931073446327673e+03
1.140497175141242906e+03
1.139124293785310783e+03
1.137801129943502929e+03
1.136566101694915233e+03
1.135413559322033962e+03
1.134326553672316322e+03
1.133350282485875823e+03
1.132474576271186606e+03
1.131720903954802452e+03
1.131076836158192236e+03
1.130572881355932168e+03
1.130207909604519955e+03
1.129976271186440727e+03
1.129894915254237276e+03
1.129951412429378706e+03
1.130137853107344654e+03
1.130484745762712009e+03
1.130969491525423564e+03
1.131596610169491669e+03
1.132346892655367355e+03
1.133240677966101657e+03
1.134274576271186561e+03
1.135419209039548150e+03
1.136681355932203132e+03
1.138053107344632735e+03
1.139538983050847492e+03
1.141137853107344654e+03
1.142758192090395369e+03
1.144222598870056572e+03
1.145491525423728945e+03
1.146587570621468785e+03
1.147490395480225743e+03
1.148200000000000045e+03
1.148692655367231509e+03
1.148992090395480318e+03
1.149101694915254257e+03
1.148993220338983065e+03
1.148674576271186652e+03
1.148155932203389966e+03
1.147406779661017026e+03
1.146455367231638320e+03
1.145299435028248354e+03
1.143931073446327673e+03
1.142360451977401226e+03
1.140691525423728763e+03
1.139120903954802088e+03
1.137657627118644086e+03
1.136325423728813803e+03
1.135083615819209172e+03
1.133970621468926765e+03
1.132961581920903882e+03
1.132080225988700477e+03
1.131312994350282452e+03
1.130682485875706334e+03
1.130181920903954961e+03
1.129798870056497208e+03
1.129551412429378615e+03
1.129422598870056390e+03
1.129424858757062339e+03
1.129552542372881362e+03
1.129803389830508422e+03
1.130176271186440772e+03
1.130675706214689399e+03
1.131272316384180613e+03
1.131992090395480318e+03
1.132797740112994234e+03
1.133692655367231509e+03
1.134688135593220295e+03
1.135759322033898115e+03
1.136894915254237276e+03
1.138088135593220386e+03
1.139348022598870102e+03
1.140662146892655528e+03
1.142016949152542338e+03
1.143458757062147015e+03
1.144926553672316459e+03
1.146431638418079274e+03
1.147919774011299296e+03
1.149144632768361589e+03
1.150110734463276913e+03
1.150811299435028104e+03
1.151230508474576254e+03
1.151398870056497344e+03
1.151293785310734393e+03
1.150942372881355823e+03
1.150320903954802361e+03
1.149445197740112917e+03
1.148314124293785426e+03
1.146918644067796777e+03
1.145301694915254302e+03
1.143708474576271328e+03
1.142158192090395460e+03
1.140627118644067878e+03
1.139140112994350375e+03
1.137696045197740204e+03
1.136283615819209217e+03
1.134936723163841634e+03
1.133653107344632872e+03
1.132436158192090488e+03
1.131303954802259796e+03
1.130256497175141249e+03
1.129309604519774211e+03
1.128477966101695074e+03
1.127750282485875687e+03
1.127155932203389966e+03
1.126693785310734711e+03
1.126355932203389784e+03
1.126162711864406901e+03
1.126088135593220386e+03
1.126175141242938025e+03
1.126400000000000091e+03
1.126764971751412531e+03
1.127259887005649944e+03
1.127891525423729036e+03
1.128648587570621658e+03
1.129528813559322316e+03
1.130536723163841998e+03
1.131659887005650035e+03
1.132899435028248718e+03
1.134266666666666879e+03
1.135736723163841816e+03
1.137296045197740341e+03
1.138954802259886947e+03
1.140528813559322316e+03
1.141937853107344836e+03
1.143142372881356096e+03
1.144163841807909648e+03
1.144986440677966129e+03
1.145627118644067878e+03
1.146049717514124495e+03
1.146283615819209217e+03
1.146302824858757276e+03
1.146116384180791101e+03
1.145712994350282770e+03
1.145109604519774166e+03
1.144284745762712191e+03
1.143257627118644450e+03
1.142031638418079410e+03
1.140587570621469240e+03
1.139036158192090625e+03
1.137561581920904246e+03
1.136220338983051079e+03
1.134968361581921044e+03
1.133832768361582112e+03
1.132820338983050988e+03
1.131909604519774348e+03
1.131123163841808491e+03
1.130453107344633281e+03
1.129928813559322407e+03
1.129507344632768763e+03
1.129214689265536890e+03
1.129064406779661113e+03
1.129049717514124495e+03
1.129140112994350602e+03
1.129355932203390239e+03
1.129705084745763088e+03
1.130185310734463656e+03
1.130762711864406810e+03
1.131456497175141521e+03
1.132253107344633008e+03
1.133149152542373258e+03
1.134133333333333439e+03
1.135185310734463656e+03
1.136329943502825245e+03
1.137528813559322316e+03
1.138792090395480500e+03
1.140122033898305290e+03
1.141506214689265562e+03
1.142944632768361771e+03
1.144428248587570806e+03
1.145966101694915551e+03
1.147555932203390057e+03
1.148941242937853076e+03
1.150072316384180795e+03
1.150950282485875960e+03
1.151563841807909739e+03
1.151929943502824926e+03
1.152038418079096118e+03
1.151879096045197912e+03
1.151483615819209263e+03
1.150824858757062430e+03
1.149915254237288309e+03
1.148787570621469058e+03
1.147400000000000091e+03
1.145788700564971805e+03
1.144160451977401408e+03
1.142589830508474734e+03
1.141049717514124495e+03
1.139551412429378843e+03
1.138107344632768672e+03
1.136710734463276822e+03
1.135361581920903973e+03
1.134096045197740295e+03
1.132901694915254666e+03
1.131786440677966311e+03
1.130761581920904064e+03
1.129839548022599047e+03
1.129023728813559501e+03
1.128338983050847673e+03
1.127783050847457616e+03
1.127352542372881544e+03
1.127067796610169580e+03
1.126916384180791056e+03
1.126907344632768400e+03
1.127033898305084904e+03
1.127297175141243088e+03
1.127691525423728990e+03
1.128239548022599138e+03
1.128905084745762906e+03
1.129706214689265607e+03
1.130628248587570852e+03
1.131687005649717776e+03
1.132856497175141385e+03
1.134142372881356096e+03
1.135559322033898525e+03
1.137068926553672554e+03
1.138676836158192145e+03
1.140221468926553825e+03
1.141598870056497162e+03
1.142814689265536799e+03
1.143825988700565176e+03
1.144666666666666742e+03
1.145311864406779932e+03
1.145768361581920999e+03
1.146016949152542566e+03
1.146072316384180795e+03
1.145914124293785335e+03
1.145552542372881362e+03
1.144970621468926765e+03
1.144197740112994325e+03
1.143221468926553825e+03
1.142054237288135482e+03
1.140659887005649807e+03
1.139076836158192236e+03
1.137493785310734438e+03
1.136007909604519909e+03
1.134623728813559410e+03
1.133346892655367355e+03
1.132176271186440772e+03
1.131129943502824972e+03
1.130198870056497299e+03
1.129377401129943564e+03
1.128688135593220522e+03
1.128103954802259977e+03
1.127640677966101521e+03
1.127308474576271237e+03
1.127118644067796595e+03
1.127046327683615800e+03
1.127097175141243042e+03
1.127264406779660931e+03
1.127555932203389830e+03
1.127970621468926538e+03
1.128493785310734438e+03
1.129136723163841680e+03
1.129868926553672281e+03
1.130672316384180704e+03
1.131568361581920954e+03
1.132559322033898297e+03
1.133604519774011351e+03
1.134733333333333348e+03
1.135907344632768400e+03
1.137135593220339160e+03
1.138430508474576072e+03
1.139778531073446402e+03
1.141176271186440772e+03
1.142619209039547968e+03
1.144097175141243042e+03
1.145427118644067832e+03
1.146493785310734438e+03
1.147309604519773984e+03
1.147856497175141158e+03
1.148153672316384245e+03
1.148186440677966175e+03
1.147964971751412577e+03
1.147487005649717503e+03
1.146754802259887128e+03
1.145781920903954870e+03
1.144554802259887083e+03
1.143083615819209172e+03
1.141525423728813621e+03
1.139978531073446447e+03
1.138474576271186379e+03
1.137010169491525403e+03
1.135577401129943382e+03
1.134179661016949240e+03
1.132846327683615982e+03
1.131545762711864427e+03
1.130333333333333485e+03
1.129185310734463201e+03
1.128128813559322225e+03
1.127155932203389966e+03
1.126283615819209217e+03
1.125525423728813621e+03
1.124890395480226289e+03
1.124364971751412440e+03
1.123989830508474597e+03
1.123753672316384382e+03
1.123640677966101748e+03
1.123668926553672463e+03
1.123836158192090579e+03
1.124136723163841907e+03
1.124577401129943610e+03
1.125137853107344654e+03
1.125831638418079137e+03
1.126656497175141340e+03
1.127611299435028286e+03
1.128691525423728763e+03
1.129887005649717594e+03
1.131203389830508513e+03
1.132620338983051170e+03
1.134148022598870284e+03
1.135763841807909785e+03
1.137302824858757049e+03
1.138676836158192145e+03
1.139872316384180749e+03
1.140875706214689217e+03
1.141696045197740204e+03
1.142312994350282452e+03
1.142738983050847537e+03
1.142963841807909830e+03
1.143000000000000000e+03
1.142819209039548241e+03
1.142441807909604677e+03
1.141854237288135664e+03
1.141051977401129989e+03
1.140048587570621521e+03
1.138847457627118729e+03
1.137438418079096209e+03
1.135841807909604540e+03
1.134336723163841953e+03
1.132942372881356050e+03
1.131662146892655528e+03
1.130494915254237640e+03
1.129429378531073780e+03
1.128488135593220477e+03
1.127656497175141340e+03
1.126946892655367265e+03
1.126362711864406947e+03
1.125902824858757413e+03
1.125562711864406992e+03
1.125338983050847673e+03
1.125247457627118820e+03
1.125277966101695256e+03
1.125444067796610398e+03
1.125726553672316641e+03
1.126141242937853349e+03
1.126670056497175437e+03
1.127296045197740341e+03
1.128010169491525630e+03
1.128825988700565176e+03
1.129741242937853258e+03
1.130735593220339069e+03
1.131795480225988740e+03
1.132934463276836141e+03
1.134125423728813757e+03
1.135387570621468967e+03
1.136706214689265835e+03
1.138071186440678048e+03
1.139501694915254575e+03
1.140968361581921272e+03
1.142490395480226198e+03
1.143952542372881453e+03
1.145161581920904155e+03
1.146099435028248763e+03
1.146785310734463565e+03
1.147220338983051079e+03
1.147388700564971941e+03
1.147300564971751555e+03
1.146970621468926765e+03
1.146383050847457980e+03
1.145553672316384564e+03
1.144462146892655710e+03
1.143154802259887219e+03
1.141590960451977480e+03
1.139990960451977571e+03
1.138413559322033962e+03
1.136870056497175483e+03
1.135361581920903973e+03
1.133893785310734529e+03
1.132490395480225970e+03
1.131132203389830693e+03
1.129835028248587605e+03
1.128605649717514325e+03
1.127448587570621839e+03
1.126380790960452032e+03
1.125420338983051352e+03
1.124569491525423928e+03
1.123831638418079365e+03
1.123215819209039864e+03
1.122723163841808173e+03
1.122369491525424110e+03
1.122152542372881726e+03
1.122094915254237549e+03
1.122155932203389966e+03
1.122374011299435097e+03
1.122708474576271328e+03
1.123176271186440999e+03
1.123770621468926947e+03
1.124512994350282725e+03
1.125385310734463474e+03
1.126383050847457753e+03
1.127497175141243133e+03
1.128734463276836323e+03
1.130073446327683996e+03
1.131519774011299660e+03
1.133073446327683996e+03
1.134658757062147060e+03
1.136091525423729081e+03
1.137319774011299614e+03
1.138384180790960727e+03
1.139272316384181067e+03
1.139966101694915324e+03
1.140459887005649762e+03
1.140752542372881635e+03
1.140859887005649853e+03
1.140749152542372940e+03
1.140445197740113144e+03
1.139943502824859024e+03
1.139233898305084949e+03
1.138317514124293666e+03
1.137211299435028423e+03
1.135896045197740250e+03
1.134381920903954779e+03
1.132849717514124222e+03
1.131400000000000091e+03
1.130061016949152418e+03
1.128837288135593326e+03
1.127720903954802225e+03
1.126709604519774075e+03
1.125814689265536799e+03
1.125036158192090625e+03
1.124370621468926629e+03
1.123830508474576391e+03
1.123405649717514279e+03
1.123100564971751510e+03
1.122923163841807764e+03
1.122872316384180976e+03
1.122944632768361771e+03
1.123138983050847401e+03
1.123461016949152508e+03
1.123884745762711873e+03
1.124402259887005812e+03
1.125036158192090625e+03
1.125781920903954870e+03
1.126594350282485948e+03
1.127503954802259841e+03
1.128473446327683632e+03
1.129524293785310874e+03
1.130635028248587787e+03
1.131802259887005675e+03
1.133027118644067968e+03
1.134315254237288173e+03
1.135664406779661022e+03
1.137042937853107333e+03
1.138489265536722996e+03
1.139955932203389693e+03
1.141328813559322043e+03
1.142435028248587514e+03
1.143285875706214711e+03
1.143890395480225834e+03
1.144236158192090443e+03
1.144316384180790919e+03
1.144150282485875550e+03
1.143750282485875687e+03
1.143089265536723133e+03
1.142179661016949240e+03
1.141038418079096118e+03
1.139655367231638365e+03
1.138087005649717412e+03
1.136554802259886856e+03
1.135056497175141203e+03
1.133593220338982974e+03
1.132164971751412395e+03
1.130783050847457616e+03
1.129435028248587514e+03
1.128155932203389966e+03
1.126933333333333394e+03
1.125787570621468831e+03
1.124710734463276822e+03
1.123724293785310692e+03
1.122850847457626969e+03
1.122084745762711918e+03
1.121423728813559364e+03
1.120901694915254211e+03
1.120510734463277004e+03
1.120237288135593190e+03
1.120115254237288354e+03
1.120126553672316504e+03
1.120272316384180840e+03
1.120536723163841998e+03
1.120945762711864518e+03
1.121477966101695074e+03
1.122159322033898206e+03
1.122958192090395414e+03
1.123854237288135664e+03
1.124894915254237276e+03
1.126050847457627242e+03
1.127325423728813348e+03
1.128681355932203360e+03
1.130167231638417888e+03
1.131757062146892622e+03
1.133326553672316322e+03
1.134701694915254393e+03
1.135931073446327900e+03
1.136962711864406629e+03
1.137809039548022611e+03
1.138466666666666697e+03
1.138936723163841634e+03
1.139201129943502792e+03
1.139263276836158184e+03
1.139144632768361589e+03
1.138803389830508422e+03
1.138277966101694801e+03
1.137531073446327582e+03
1.136599999999999909e+03
1.135438418079096209e+03
1.134077966101694756e+03
1.132543502824858706e+03
1.131076836158192236e+03
1.129701694915254166e+03
1.128444067796610170e+03
1.127289265536723178e+03
1.126246327683615618e+03
1.125310734463276731e+03
1.124499435028248399e+03
1.123796610169491487e+03
1.123221468926553598e+03
1.122764971751412304e+03
1.122431638418078819e+03
1.122229378531073507e+03
1.122143502824858842e+03
1.122183050847457707e+03
1.122352542372881089e+03
1.122642937853107242e+03
1.123058757062146924e+03
1.123577401129943610e+03
1.124197740112994325e+03
1.124932203389830420e+03
1.125760451977401090e+03
1.126685875706214574e+03
1.127681355932203360e+03
1.128766101694915051e+03
1.129908474576271146e+03
1.131135593220338706e+03
1.132415819209039455e+03
1.133754802259886901e+03
1.135149152542373031e+03
1.136603389830508604e+03
1.138101694915254257e+03
1.139625988700564903e+03
1.141055367231638229e+03
1.142237288135593190e+03
1.143174011299435051e+03
1.143847457627118729e+03
1.144267796610169626e+03
1.144441807909604449e+03
1.144350282485875596e+03
1.144004519774011442e+03
1.143406779661017026e+03
1.142564971751412486e+03
1.141474576271186379e+03
1.140160451977401181e+03
1.138575141242937889e+03
1.136950282485875732e+03
1.135376271186440590e+03
1.133840677966101566e+03
1.132333333333333030e+03
1.130872316384180749e+03
1.129451977401129625e+03
1.128084745762711918e+03
1.126783050847457616e+03
1.125550282485875869e+03
1.124381920903954779e+03
1.123320903954802361e+03
1.122334463276836232e+03
1.121464406779661203e+03
1.120708474576271328e+03
1.120072316384180795e+03
1.119575141242937661e+03
1.119215819209039637e+03
1.118980790960451941e+03
1.118884745762711646e+03
1.118936723163841634e+03
1.119119774011299342e+03
1.119447457627118638e+03
1.119912994350282361e+03
1.120506214689265562e+03
1.121215819209039637e+03
1.122070056497175074e+03
1.123049717514124268e+03
1.124137853107344654e+03
1.125354802259887038e+03
1.126682485875706107e+03
1.128126553672316277e+03
1.129657627118644086e+03
1.131298305084745607e+03
1.132812429378530851e+03
1.134158192090395460e+03
1.135303954802259796e+03
1.136261016949152236e+03
1.137025988700564994e+03
1.137588700564971532e+03
1.137954802259886947e+03
1.138109604519773939e+03
1.138084745762711691e+03
1.137841807909604313e+03
1.137386440677965993e+03
1.136715254237288036e+03
1.135835028248587605e+03
1.134746892655367219e+03
1.133428248587570579e+03
1.131933333333333167e+03
1.130333333333333030e+03
1.128827118644067696e+03
1.127420338983050669e+03
1.126117514124293621e+03
1.124915254237288082e+03
1.123824858757061975e+03
1.122857627118643904e+03
1.122000000000000000e+03
1.121267796610169171e+03
1.120639548022598774e+03
1.120132203389830238e+03
1.119763841807909330e+03
1.119508474576271055e+03
1.119380790960451804e+03
1.119386440677965993e+03
1.119511864406779523e+03
1.119755932203389648e+03
1.120110734463276685e+03
1.120588700564971532e+03
1.121163841807909421e+03
1.121846327683615527e+03
1.122618079096045221e+03
1.123482485875706061e+03
1.124423728813559137e+03
1.125441807909604222e+03
1.126522033898304926e+03
1.127673446327683450e+03
1.128874576271186243e+03
1.130149152542372576e+03
1.131458757062146560e+03
1.132818079096045039e+03
1.134232768361581748e+03
1.135687005649717321e+03
1.137168361581920635e+03
1.138384180790960272e+03
1.139341242937852712e+03
1.140038418079095891e+03
1.140493785310734211e+03
1.140681355932203132e+03
1.140602259887005403e+03
1.140264406779660703e+03
1.139681355932203132e+03
1.138865536723163586e+03
1.137794350282485539e+03
1.136481355932203087e+03
1.134933333333332939e+03
1.133411299435028013e+03
1.131925423728813257e+03
1.130481355932203314e+03
1.129067796610169353e+03
1.127694915254237003e+03
1.126363841807909466e+03
1.125100564971751282e+03
1.123879096045197457e+03
1.122737853107344563e+03
1.121682485875706107e+03
1.120718644067796504e+03
1.119849717514124222e+03
1.119083615819208717e+03
1.118439548022598956e+03
1.117917514124293575e+03
1.117515254237287991e+03
1.117257627118643995e+03
1.117133333333333212e+03
1.117154802259886765e+03
1.117294915254237139e+03
1.117593220338982974e+03
1.118022598870056299e+03
1.118581920903954597e+03
1.119275706214689080e+03
1.120087005649717412e+03
1.121038418079095891e+03
1.122097175141242587e+03
1.123283615819208990e+03
1.124577401129943382e+03
1.125999999999999773e+03
1.127522033898304926e+03
1.129144632768361589e+03
1.130759322033898115e+03
1.132187570621468694e+03
1.133442937853107196e+03
1.134514124293785017e+03
1.135407909604519773e+03
1.136109604519773711e+03
1.136623728813559183e+03
1.136942372881355595e+03
1.137062146892655164e+03
1.136970621468926311e+03
1.136682485875705879e+03
1.136174011299434824e+03
1.135491525423728490e+03
1.134575141242937434e+03
1.133465536723163495e+03
1.132145762711864336e+03
1.130648587570621203e+03
1.129085875706214210e+03
1.127612429378530805e+03
1.126265536723163677e+03
1.125015819209039364e+03
1.123883615819208899e+03
1.122854237288135209e+03
1.121962711864406629e+03
1.121187570621468694e+03
1.120526553672316140e+03
1.119997740112994052e+03
1.119606779661016844e+03
1.119331073446327537e+03
1.119194350282485630e+03
1.119168361581920635e+03
1.119287005649717230e+03
1.119528813559321861e+03
1.119877966101694710e+03
1.120363841807909466e+03
1.120955932203389693e+03
1.121650847457627151e+03
1.122453107344632599e+03
1.123363841807909466e+03
1.124341242937852940e+03
1.125409039548022520e+03
1.126543502824858479e+03
1.127761581920903836e+03
1.129046327683615800e+03
1.130387570621468740e+03
1.131783050847457616e+03
1.133225988700564812e+03
1.134748022598869966e+03
1.136306214689265289e+03
1.137857627118643904e+03
1.139152542372881271e+03
1.140192090395480136e+03
1.140975141242937752e+03
1.141507344632768081e+03
1.141775141242937707e+03
1.141805649717514143e+03
1.141566101694915233e+03
1.141083615819208944e+03
1.140343502824858660e+03
1.139367231638417934e+03
1.138144632768361589e+03
1.136677966101694892e+03
1.134987570621468876e+03
1.133296045197740114e+03
1.131653107344632645e+03
1.130029378531073235e+03
1.128449717514124131e+03
1.126914124293785335e+03
1.125427118644067832e+03
1.123996610169491532e+03
1.122636158192090534e+03
1.121350282485875596e+03
1.120154802259886992e+03
1.119049717514124040e+03
1.118046327683615800e+03
1.117152542372881271e+03
1.116389830508474461e+03
1.115757062146892622e+03
1.115244067796610125e+03
1.114876836158191963e+03
1.114641807909604495e+03
1.114545762711864427e+03
1.114588700564971532e+03
1.114769491525423746e+03
1.115101694915254029e+03
1.115559322033898297e+03
1.116157062146892713e+03
1.116880225988700431e+03
1.117751412429378433e+03
1.118735593220338842e+03
1.119837288135593099e+03
1.121076836158192009e+03
1.122394350282485902e+03
1.123829378531073417e+03
1.125380790960451804e+03
1.126957062146892440e+03
1.128355932203389784e+03
1.129561581920903791e+03
1.130585310734463292e+03
1.131419209039547695e+03
1.132077966101694756e+03
1.132525423728813394e+03
1.132760451977400862e+03
1.132804519774011169e+03
1.132644067796609988e+03
1.132267796610169398e+03
1.131677966101694892e+03
1.130867796610169535e+03
1.129856497175141158e+03
1.128644067796610216e+03
1.127223728813559319e+03
1.125641807909604495e+03
1.124140112994350147e+03
1.122749152542372940e+03
1.121456497175141067e+03
1.120273446327683587e+03
1.119188700564971896e+03
1.118219209039547877e+03
1.117354802259887038e+03
1.116619209039547968e+03
1.115985310734463383e+03
1.115507344632768309e+03
1.115127683615819024e+03
1.114865536723163586e+03
1.114742372881355777e+03
1.114722033898304971e+03
1.114832768361581657e+03
1.115074576271186288e+03
1.115436158192090261e+03
1.115893785310734529e+03
1.116464406779661203e+03
1.117142372881356096e+03
1.117922033898305244e+03
1.118770621468926493e+03
1.119710734463276822e+03
1.120711864406779569e+03
1.121795480225988740e+03
1.122943502824858797e+03
1.124144632768361589e+03
1.125414689265536708e+03
1.126723163841807946e+03
1.128085875706214665e+03
1.129506214689265562e+03
1.130981920903954688e+03
1.132481355932203314e+03
1.133848587570621476e+03
1.134966101694915324e+03
1.135814689265536799e+03
1.136409039548022520e+03
1.136731073446327628e+03
1.136807909604519864e+03
1.136606779661016844e+03
1.136148022598869829e+03
1.135441807909604449e+03
1.134489265536722996e+03
1.133285875706214938e+03
1.131840677966101794e+03
1.130258757062146742e+03
1.128722033898305199e+03
1.127199999999999818e+03
1.125709604519774075e+03
1.124271186440677866e+03
1.122880225988700658e+03
1.121537853107344745e+03
1.120261016949152690e+03
1.119062146892655392e+03
1.117927683615819205e+03
1.116881355932203405e+03
1.115941242937853076e+03
1.115112994350282406e+03
1.114393220338983156e+03
1.113795480225988740e+03
1.113344632768361635e+03
1.113022598870056754e+03
1.112842937853107514e+03
1.112804519774011396e+03
1.112900564971751464e+03
1.113149152542373031e+03
1.113517514124293939e+03
1.114025988700564994e+03
1.114673446327683450e+03
1.115462146892655255e+03
1.116378531073446311e+03
1.117416949152542202e+03
1.118580790960451850e+03
1.119867796610169535e+03
1.121257627118643995e+03
1.122771751412429467e+03
1.124372881355932350e+03
1.126085875706214665e+03
1.127748022598870193e+03
1.129261016949152690e+03
1.130583050847457798e+03
1.131717514124293757e+03
1.132677966101695120e+03
1.133439548022598956e+03
1.133990960451977571e+03
1.134345762711864381e+03
1.134492655367231691e+03
1.134436158192090488e+03
1.134174011299435051e+03
1.133693785310734484e+03
1.132998870056497253e+03
1.132089265536723133e+03
1.130980790960451941e+03
1.129663276836158275e+03
1.128152542372881271e+03
1.126597740112994416e+03
1.125134463276836186e+03
1.123779661016949149e+03
1.122555932203389830e+03
1.121410169491525494e+03
1.120394350282485902e+03
1.119492655367231691e+03
1.118720903954802225e+03
1.118056497175141203e+03
1.117515254237287991e+03
1.117114124293785380e+03
1.116816949152542520e+03
1.116680225988700613e+03
1.116656497175141340e+03
1.116758192090395369e+03
1.116983050847457662e+03
1.117334463276836232e+03
1.117793220338983247e+03
1.118350282485875596e+03
1.119023728813559273e+03
1.119797740112994234e+03
1.120666666666666515e+03
1.121609039548022565e+03
1.122631638418079092e+03
1.123726553672316413e+03
1.124892655367231782e+03
1.126119774011299569e+03
1.127420338983050669e+03
1.128767231638418025e+03
1.130185310734463201e+03
1.131654237288135391e+03
1.133175141242937798e+03
1.134635028248587560e+03
1.135837288135593099e+03
1.136801129943502929e+03
1.137488135593220250e+03
1.137926553672316459e+03
1.138123163841808037e+03
1.138070056497175301e+03
1.137752542372881408e+03
1.137192090395480136e+03
1.136375141242937843e+03
1.135316384180790919e+03
1.134011299435028377e+03
1.132470056497175165e+03
1.130810169491525357e+03
1.129184180790960454e+03
1.127592090395480227e+03
1.126038418079096118e+03
1.124501694915254348e+03
1.123029378531073689e+03
1.121619209039547968e+03
1.120254237288135528e+03
1.118966101694915324e+03
1.117760451977401317e+03
1.116644067796610216e+03
1.115623728813559410e+03
1.114715254237288264e+03
1.113942372881356050e+03
1.113270056497175119e+03
1.112741242937853258e+03
1.112345762711864609e+03
1.112088135593220386e+03
1.111977401129943701e+03
1.112013559322033871e+03
1.112176271186440772e+03
1.112471186440678139e+03
1.112907344632768400e+03
1.113454237288135573e+03
1.114144632768361589e+03
1.114967231638418070e+03
1.115922033898305017e+03
1.116987570621468876e+03
1.118162711864406901e+03
1.119465536723163950e+03
1.120892655367231782e+03
1.122415819209039455e+03
1.124036158192090625e+03
1.125482485875706061e+03
1.126751412429378433e+03
1.127847457627118729e+03
1.128746892655367446e+03
1.129456497175141294e+03
1.129969491525423791e+03
1.130283615819208990e+03
1.130390960451977435e+03
1.130299435028248581e+03
1.129996610169491532e+03
1.129481355932203314e+03
1.128762711864406810e+03
1.127819209039548014e+03
1.126676836158192145e+03
1.125334463276836232e+03
1.123779661016949376e+03
1.122211299435028195e+03
1.120736723163841816e+03
1.119366101694915415e+03
1.118076836158192236e+03
1.116900564971751464e+03
1.115832768361582112e+03
1.114890395480225834e+03
1.114041807909604586e+03
1.113329943502824790e+03
1.112719774011299251e+03
1.112229378531073507e+03
1.111879096045197684e+03
1.111632768361581839e+03
1.111533333333333303e+03
1.111534463276836050e+03
1.111673446327683678e+03
1.111932203389830647e+03
1.112319774011299614e+03
1.112804519774011169e+03
1.113395480225988649e+03
1.114082485875705970e+03
1.114868926553672281e+03
1.115738983050847310e+03
1.116691525423728763e+03
1.117700564971751191e+03
1.118785310734463110e+03
1.119934463276836141e+03
1.121148022598870057e+03
1.122413559322033962e+03
1.123728813559321907e+03
1.125106214689265471e+03
1.126526553672316368e+03
1.128010169491525630e+03
1.129451977401129852e+03
1.130659887005649580e+03
1.131605649717514098e+03
1.132288135593220204e+03
1.132722033898305199e+03
1.132894915254237276e+03
1.132821468926553734e+03
1.132488135593220250e+03
1.131907344632768400e+03
1.131062146892655392e+03
1.129988700564971623e+03
1.128670056497175210e+03
1.127098305084745789e+03
1.125511864406779750e+03
1.123961581920903882e+03
1.122446327683615891e+03
1.120968361581920817e+03
1.119511864406779750e+03
1.118125423728813530e+03
1.116775141242937934e+03
1.115499435028248627e+03
1.114276836158192054e+03
1.113146892655367083e+03
1.112114124293785153e+03
1.111178531073446266e+03
1.110367231638418161e+03
1.109662146892655528e+03
1.109076836158192236e+03
1.108620338983050942e+03
1.108316384180791147e+03
1.108134463276836414e+03
1.108099435028248536e+03
1.108197740112994552e+03
1.108436158192090488e+03
1.108795480225988740e+03
1.109307344632768491e+03
1.109943502824858797e+03
1.110705084745762861e+03
1.111596610169491669e+03
1.112611299435028286e+03
1.113755932203389875e+03
1.115014689265536617e+03
1.116390960451977435e+03
1.117865536723164041e+03
1.119447457627118638e+03
1.121120903954802543e+03
1.122664406779661249e+03
1.124021468926553780e+03
1.125209039548022702e+03
1.126228248587570761e+03
1.127033898305084904e+03
1.127640677966101748e+03
1.128056497175141430e+03
1.128282485875706243e+03
1.128293785310734620e+03
1.128091525423728854e+03
1.127700564971751646e+03
1.127093785310734575e+03
1.126280225988700749e+03
1.125267796610169853e+03
1.124044067796610307e+03
1.122616949152542475e+03
1.121055367231638684e+03
1.119576271186440863e+03
1.118210169491525676e+03
1.116944632768361771e+03
1.115794350282485993e+03
1.114745762711864700e+03
1.113806779661017117e+03
1.112995480225989013e+03
1.112309604519774211e+03
1.111735593220339069e+03
1.111274576271186561e+03
1.110954802259887401e+03
1.110757062146893077e+03
1.110684745762712055e+03
1.110740112994350511e+03
1.110927683615819205e+03
1.111228248587570761e+03
1.111638418079096027e+03
1.112153672316384473e+03
1.112776271186440681e+03
1.113476836158192327e+03
1.114281355932203496e+03
1.115169491525423837e+03
1.116136723163841907e+03
1.117174011299435278e+03
1.118273446327683814e+03
1.119454237288135801e+03
1.120700564971751646e+03
1.121994350282486039e+03
1.123337853107344699e+03
1.124740112994350511e+03
1.126205649717514234e+03
1.127712994350282770e+03
1.129071186440678048e+03
1.130171751412429330e+03
1.131046327683615800e+03
1.131658757062147060e+03
1.132025988700564994e+03
1.132141242937853349e+03
1.132005649717514189e+03
1.131613559322033780e+03
1.130987570621468876e+03
1.130131073446327719e+03
1.129032768361581930e+03
1.127683615819209081e+03
1.126110734463276913e+03
1.124510734463277004e+03
1.122934463276836141e+03
1.121396610169491623e+03
1.119884745762711873e+03
1.118410169491525266e+03
1.116980790960451941e+03
1.115605649717514098e+03
1.114288135593220431e+03
1.113077966101694983e+03
1.111920903954802270e+03
1.110850847457626969e+03
1.109902824858756958e+03
1.109056497175141203e+03
1.108334463276836232e+03
1.107749152542372940e+03
1.107288135593220431e+03
1.106957062146892667e+03
1.106779661016949376e+03
1.106732203389830602e+03
1.106820338983050988e+03
1.107040677966101612e+03
1.107402259887005584e+03
1.107884745762712100e+03
1.108501694915254348e+03
1.109237288135593190e+03
1.110108474576270964e+03
1.111117514124293848e+03
1.112228248587570761e+03
1.113473446327683632e+03
1.114823728813559228e+03
1.116287005649717685e+03
1.117845197740113008e+03
1.119367231638418161e+03
1.120724293785310692e+03
1.121891525423729036e+03
1.122888135593220341e+03
1.123681355932203587e+03
1.124307344632768491e+03
1.124722033898305199e+03
1.124957062146892895e+03
1.124989830508474824e+03
1.124819209039548241e+03
1.124438418079096209e+03
1.123858757062146879e+03
1.123074576271186515e+03
1.122080225988700477e+03
1.120893785310734529e+03
1.119506214689265562e+03
1.117952542372881453e+03
1.116484745762712009e+03
1.115127683615819024e+03
1.113857627118643904e+03
1.112688135593220522e+03
1.111648587570621430e+03
1.110696045197740204e+03
1.109868926553672281e+03
1.109142372881356096e+03
1.108546892655367174e+03
1.108055367231638456e+03
1.107693785310734484e+03
1.107461016949152508e+03
1.107336723163841725e+03
1.107331073446327537e+03
1.107448587570621385e+03
1.107692655367231509e+03
1.108044067796610307e+03
1.108491525423728945e+03
1.109054237288135482e+03
1.109711864406779796e+03
1.110445197740113144e+03
1.111273446327683814e+03
1.112180790960451986e+03
1.113151412429378524e+03
1.114188700564971896e+03
1.115291525423728672e+03
1.116450847457627333e+03
1.117671186440678184e+03
1.118950282485875960e+03
1.120281355932203496e+03
1.121667796610169717e+03
1.123090395480226107e+03
1.124550282485875869e+03
1.125776271186440908e+03
1.126731073446327855e+03
1.127439548022598956e+03
1.127893785310734529e+03
1.128109604519774166e+03
1.128054237288135710e+03
1.127755932203390103e+03
1.127203389830508513e+03
1.126412429378531215e+03
1.125377401129943792e+03
1.124097175141243042e+03
1.122586440677966266e+03
1.121032768361581930e+03
1.119502824858757322e+03
1.118011299435028377e+03
1.116540112994350238e+03
1.115097175141243042e+03
1.113696045197740204e+03
1.112349152542373076e+03
1.111091525423728854e+03
1.109891525423729036e+03
1.108749152542372940e+03
1.107702824858757140e+03
1.106743502824858979e+03
1.105903954802260159e+03
1.105183050847457707e+03
1.104584180790960545e+03
1.104111864406779887e+03
1.103778531073446629e+03
1.103567231638418434e+03
1.103489265536723451e+03
1.103558192090395778e+03
1.103755932203389875e+03
1.104079096045197730e+03
1.104557062146892804e+03
1.105145762711864563e+03
1.105862146892655346e+03
1.106708474576271328e+03
1.107670056497175210e+03
1.108760451977401317e+03
1.109975141242938207e+03
1.111299435028248809e+03
1.112748022598870193e+03
1.114283615819209217e+03
1.115917514124294030e+03
1.117462146892655710e+03
1.118835028248587605e+03
1.120039548022599092e+03
1.121055367231638684e+03
1.121879096045197912e+03
1.122503954802260068e+03
1.122945762711864518e+03
1.123194350282486084e+03
1.123230508474576482e+03
1.123066666666666833e+03
1.122707344632768582e+03
1.122142372881356096e+03
1.121350282485876050e+03
1.120375141242938071e+03
1.119196610169491805e+03
1.117824858757062430e+03
1.116282485875706243e+03
1.114848587570621476e+03
1.113494915254237412e+03
1.112256497175141476e+03
1.111116384180791101e+03
1.110088135593220613e+03
1.109163841807909876e+03
1.108362711864406947e+03
1.107663276836158502e+03
1.107084745762712146e+03
1.106625988700565131e+03
1.106288135593220431e+03
1.106087005649717867e+03
1.106002259887005948e+03
1.106039548022599092e+03
1.106194350282486084e+03
1.106471186440678139e+03
1.106857627118644359e+03
1.107366101694915415e+03
1.107961581920904109e+03
1.108637288135593280e+03
1.109409039548022974e+03
1.110276836158192054e+03
1.111219209039548105e+03
1.112237288135593190e+03
1.113312994350282679e+03
1.114448587570621612e+03
1.115641807909604722e+03
1.116899435028248718e+03
1.118218079096045358e+03
1.119586440677966266e+03
1.121012429378531351e+03
1.122482485875706516e+03
1.123841807909604540e+03
1.124953672316384427e+03
1.125820338983050988e+03
1.126450847457627333e+03
1.126819209039548241e+03
1.126946892655367265e+03
1.126824858757062202e+03
1.126448587570621612e+03
1.125853107344632917e+03
1.124992090395480318e+03
1.123908474576271146e+03
1.122581920903955051e+03
1.121028248587570715e+03
1.119431638418079274e+03
1.117862146892655346e+03
1.116320903954802361e+03
1.114830508474576163e+03
1.113367231638418161e+03
1.111957062146892895e+03
1.110614689265536981e+03
1.109316384180790919e+03
1.108099435028248763e+03
1.106959322033898388e+03
1.105920903954802270e+03
1.104979661016949422e+03
1.104150282485875778e+03
1.103450847457627333e+03
1.102863276836158320e+03
1.102412429378531215e+03
1.102094915254237549e+03
1.101916384180791056e+03
1.101855367231638638e+03
1.101948022598870011e+03
1.102153672316384245e+03
1.102508474576271283e+03
1.102995480225988786e+03
1.103596610169491441e+03
1.104346892655367355e+03
1.105204519774011260e+03
1.106194350282485857e+03
1.107294915254237367e+03
1.108518644067796686e+03
1.109853107344632917e+03
1.111274576271186561e+03
1.112814689265536799e+03
1.114395480225988649e+03
1.115805649717514370e+03
1.117033898305085131e+03
1.118087005649717867e+03
1.118955932203390148e+03
1.119649717514124404e+03
1.120152542372881499e+03
1.120450847457627333e+03
1.120549152542373122e+03
1.120439548022598956e+03
1.120149152542373031e+03
1.119655367231638593e+03
1.118945762711864518e+03
1.118020338983050806e+03
1.116901694915254438e+03
1.115595480225988922e+03
1.114094915254237321e+03
1.112645197740112962e+03
1.111273446327683814e+03
1.110002259887005494e+03
1.108836158192090352e+03
1.107779661016949149e+03
1.106823728813559228e+03
1.105978531073446447e+03
1.105230508474576254e+03
1.104609039548022793e+03
1.104133333333333439e+03
1.103745762711864472e+03
1.103503954802260068e+03
1.103367231638418161e+03
1.103386440677966220e+03
1.103498305084745880e+03
1.103726553672316413e+03
1.104075706214689490e+03
1.104555932203390057e+03
1.105119774011299569e+03
1.105776271186440681e+03
1.106531073446327810e+03
1.107372881355932350e+03
1.108281355932203496e+03
1.109271186440677866e+03
1.110346892655367355e+03
1.111477966101695074e+03
1.112685875706214802e+03
1.113928813559321952e+03
1.115241807909604631e+03
1.116598870056497162e+03
1.118013559322033871e+03
1.119490395480226198e+03
1.120995480225988786e+03
1.122280225988700749e+03
1.123329943502824790e+03
1.124132203389830465e+03
1.124679096045197866e+03
1.124980790960451941e+03
1.125032768361581930e+03
1.124829378531073417e+03
1.124381920903955006e+03
1.123680225988700840e+03
1.122736723163841816e+03
1.121554802259887083e+03
1.120127683615819251e+03
1.118553672316384109e+03
1.116994350282485811e+03
1.115472316384180658e+03
1.113979661016949194e+03
1.112510734463276776e+03
1.111109604519774166e+03
1.109757062146892622e+03
1.108474576271186379e+03
1.107247457627118820e+03
1.106115254237288127e+03
1.105070056497175074e+03
1.104098305084745789e+03
1.103249717514124313e+03
1.102514124293785244e+03
1.101901694915254211e+03
1.101415819209039455e+03
1.101063276836158138e+03
1.100837288135593099e+03
1.100749152542372713e+03
1.100809039548022611e+03
1.101004519774011442e+03
1.101327683615819296e+03
1.101772881355931986e+03
1.102375141242937843e+03
1.103084745762711691e+03
1.103924293785310510e+03
1.104902824858756958e+03
1.105998870056497253e+03
1.107214689265536435e+03
1.108553672316384109e+03
1.109979661016948967e+03
1.111510734463276549e+03
1.113174011299434824e+03
1.114741242937853031e+03
1.116116384180790874e+03
1.117311864406779478e+03
1.118340112994350420e+03
1.119170621468926583e+03
1.119814689265536572e+03
1.120268926553672372e+03
1.120526553672316368e+03
1.120572881355932168e+03
1.120427118644067832e+03
1.120063276836158138e+03
1.119500564971751373e+03
1.118727683615818933e+03
1.117750282485875459e+03
1.116579661016949103e+03
1.115197740112994325e+03
1.113627118644067650e+03
1.112111864406779659e+03
1.110681355932203132e+03
1.109361581920903973e+03
1.108134463276835959e+03
1.107019209039548059e+03
1.106004519774011214e+03
1.105123163841807809e+03
1.104349152542372849e+03
1.103693785310734484e+03
1.103161581920904155e+03
1.102752542372881408e+03
1.102467796610169444e+03
1.102302824858757049e+03
1.102263276836158184e+03
1.102357062146892531e+03
1.102564971751412486e+03
1.102882485875706152e+03
1.103311864406779478e+03
1.103848587570621476e+03
1.104488135593220250e+03
1.105222598870056345e+03
1.106036158192090397e+03
1.106928813559321952e+03
1.107900564971751464e+03
1.108927683615819205e+03
1.110036158192090625e+03
1.111206779661017208e+03
1.112423728813559364e+03
1.113711864406779569e+03
1.115050847457627242e+03
1.116457627118644041e+03
1.117894915254237276e+03
1.119284745762711736e+03
1.120432768361582021e+03
1.121336723163841725e+03
1.121984180790960409e+03
1.122378531073446311e+03
1.122516384180790965e+03
1.122412429378530987e+03
1.122051977401129989e+03
1.121442937853107196e+03
1.120596610169491669e+03
1.119510734463277004e+03
1.118181920903954961e+03
1.116611299435028286e+03
1.115048587570621521e+03
1.113510734463277004e+03
1.111992090395480318e+03
1.110516384180790965e+03
1.109082485875706425e+03
1.107681355932203360e+03
1.106345762711864609e+03
1.105073446327683541e+03
1.103851977401129943e+03
1.102720903954802452e+03
1.101687005649717321e+03
1.100754802259887128e+03
1.099924293785310738e+03
1.099201129943503020e+03
1.098613559322033780e+03
1.098149152542373031e+03
1.097824858757061975e+03
1.097644067796610443e+03
1.097576271186440863e+03
1.097653107344632872e+03
1.097864406779661067e+03
1.098206779661016981e+03
1.098681355932203587e+03
1.099301694915254302e+03
1.100035028248587651e+03
1.100894915254237276e+03
1.101887005649717594e+03
1.103011299435028377e+03
1.104227118644068014e+03
1.105558192090395551e+03
1.106994350282485811e+03
1.108541242937853440e+03
1.110184180790960681e+03
1.111647457627118683e+03
1.112941242937853076e+03
1.114044067796610307e+03
1.114968361581920817e+03
1.115692655367231509e+03
1.116239548022598910e+03
1.116577401129943610e+03
1.116716384180791010e+03
1.116644067796610216e+03
1.116378531073446311e+03
1.115890395480226061e+03
1.115193220338983110e+03
1.114296045197740114e+03
1.113187570621468922e+03
1.111882485875706152e+03
1.110375141242937843e+03
1.108868926553672281e+03
1.107464406779660976e+03
1.106133333333333212e+03
1.104925423728813485e+03
1.103803389830508422e+03
1.102805649717514143e+03
1.101918644067796777e+03
1.101148022598870057e+03
1.100489265536723224e+03
1.099954802259886947e+03
1.099552542372881362e+03
1.099277966101694801e+03
1.099131073446327719e+03
1.099090395480226107e+03
1.099190960451977389e+03
1.099405649717514052e+03
1.099736723163841816e+03
1.100200000000000045e+03
1.100757062146892622e+03
1.101412429378530987e+03
1.102170621468926583e+03
1.103011299435028377e+03
1.103932203389830647e+03
1.104919774011299523e+03
1.105987570621468876e+03
1.107131073446327719e+03
1.108326553672316550e+03
1.109599999999999909e+03
1.110909604519773893e+03
1.112301694915254075e+03
1.113732203389830374e+03
1.115214689265536435e+03
1.116748022598869966e+03
1.118185310734463201e+03
1.119384180790960272e+03
1.120326553672316322e+03
1.121014689265536617e+03
1.121451977401130080e+03
1.121653107344632645e+03
1.121583050847457571e+03
1.121270056497175119e+03
1.120712994350282543e+03
1.119897175141242769e+03
1.118828248587570670e+03
1.117537853107344517e+03
1.115998870056497253e+03
1.114378531073446084e+03
1.112784180790960363e+03
1.111215819209039182e+03
1.109690395480226016e+03
1.108210169491525448e+03
1.106767231638418025e+03
1.105395480225988649e+03
1.104074576271186288e+03
1.102827118644067923e+03
1.101674576271186424e+03
1.100625988700564903e+03
1.099683615819209081e+03
1.098846327683615982e+03
1.098134463276836186e+03
1.097541242937852985e+03
1.097098305084745789e+03
1.096790960451977298e+03
1.096590960451977480e+03
1.096567231638417979e+03
1.096654237288135619e+03
1.096888135593220341e+03
1.097262146892655437e+03
1.097774011299434960e+03
1.098413559322033962e+03
1.099166101694915142e+03
1.100058757062146924e+03
1.101074576271186288e+03
1.102223728813559319e+03
1.103481355932203314e+03
1.104853107344632917e+03
1.106342372881355914e+03
1.107931073446327446e+03
1.109610169491525312e+03
1.111135593220338933e+03
1.112481355932203314e+03
1.113653107344632645e+03
1.114653107344632645e+03
1.115453107344632826e+03
1.116057627118643950e+03
1.116467796610169444e+03
1.116673446327683450e+03
1.116700564971751191e+03
1.116500564971751373e+03
1.116092655367231600e+03
1.115496045197739932e+03
1.114676836158192145e+03
1.113668926553672236e+03
1.112455367231638320e+03
1.111045197740113053e+03
1.109533333333333303e+03
1.108118644067796595e+03
1.106788700564971577e+03
1.105577401129943382e+03
1.104464406779660976e+03
1.103448587570621385e+03
1.102544632768361680e+03
1.101753672316384154e+03
1.101084745762711918e+03
1.100522033898304926e+03
1.100094915254237094e+03
1.099789830508474552e+03
1.099598870056497162e+03
1.099566101694915233e+03
1.099635028248587560e+03
1.099814689265536799e+03
1.100117514124293848e+03
1.100544632768361453e+03
1.101068926553672100e+03
1.101692655367231509e+03
1.102405649717514052e+03
1.103202259887005766e+03
1.104084745762711918e+03
1.105057627118643950e+03
1.106089265536723133e+03
1.107196610169491350e+03
1.108374011299435097e+03
1.109589830508474734e+03
1.110899435028248718e+03
1.112253107344632554e+03
1.113659887005649580e+03
1.115124293785310783e+03
1.116594350282485721e+03
1.117841807909604540e+03
1.118814689265536572e+03
1.119557062146892576e+03
1.120042937853107105e+03
1.120282485875706016e+03
1.120271186440677866e+03
1.120013559322033871e+03
1.119501694915254120e+03
1.118743502824858751e+03
1.117734463276836095e+03
1.116506214689265562e+03
1.115025988700564994e+03
1.113393220338982928e+03
1.111788700564971577e+03
1.110218079096045130e+03
1.108657627118644086e+03
1.107146892655367083e+03
1.105673446327683450e+03
1.104262146892655437e+03
1.102899435028248490e+03
1.101615819209039273e+03
1.100398870056497117e+03
1.099283615819208990e+03
1.098268926553672145e+03
1.097361581920903973e+03
1.096576271186440408e+03
1.095920903954802270e+03
1.095383050847457525e+03
1.094992090395480091e+03
1.094737853107344563e+03
1.094618079096044994e+03
1.094632768361581839e+03
1.094796610169491487e+03
1.095088135593220159e+03
1.095515254237287991e+03
1.096076836158192009e+03
1.096771751412429239e+03
1.097601129943502656e+03
1.098550282485875641e+03
1.099635028248587787e+03
1.100831638418079137e+03
1.102149152542373031e+03
1.103572881355932168e+03
1.105114124293785380e+03
1.106759322033898343e+03
1.108375141242937843e+03
1.109818079096045039e+03
1.111088135593220159e+03
1.112164971751412395e+03
1.113048587570621294e+03
1.113749152542372940e+03
1.114227118644067787e+03
1.114503954802259841e+03
1.114569491525423473e+03
1.114436158192090261e+03
1.114099435028248536e+03
1.113525423728813394e+03
1.112742372881355777e+03
1.111745762711864472e+03
1.110540112994350238e+03
1.109124293785310783e+03
1.107503954802259614e+03
1.105949152542372758e+03
1.104484745762711782e+03
1.103133333333333212e+03
1.101863276836158093e+03
1.100726553672316186e+03
1.099681355932203587e+03
1.098751412429378433e+03
1.097938983050847582e+03
1.097244067796610352e+03
1.096666666666666742e+03
1.096222598870056572e+03
1.095877966101695165e+03
1.095683615819209081e+03
1.095603389830508604e+03
1.095646327683615937e+03
1.095795480225988740e+03
1.096079096045197730e+03
1.096470056497175392e+03
1.096966101694915324e+03
1.097551412429378615e+03
1.098209039548022702e+03
1.098971751412429512e+03
1.099819209039548014e+03
1.100763841807909557e+03
1.101768361581920999e+03
1.102835028248587605e+03
1.103960451977401135e+03
1.105153672316384018e+03
1.106413559322033962e+03
1.107727683615819160e+03
1.109102824858757231e+03
1.110533333333333303e+03
1.112015819209039591e+03
1.113378531073446311e+03
1.114499435028248627e+03
1.115384180790960500e+03
1.115998870056497026e+03
1.116364971751412440e+03
1.116476836158192100e+03
1.116325423728813576e+03
1.115928813559321952e+03
1.115287005649717685e+03
1.114396610169491623e+03
1.113250847457627060e+03
1.111893785310734529e+03
1.110282485875706243e+03
1.108706214689265380e+03
1.107162711864406674e+03
1.105645197740112962e+03
1.104158192090395460e+03
1.102734463276836095e+03
1.101363841807909694e+03
1.100054237288135482e+03
1.098788700564971805e+03
1.097623728813559410e+03
1.096536723163841998e+03
1.095563841807909739e+03
1.094693785310734484e+03
1.093937853107344608e+03
1.093303954802259796e+03
1.092814689265536799e+03
1.092448587570621385e+03
1.092223728813559319e+03
1.092114124293785380e+03
1.092135593220338933e+03
1.092305084745762542e+03
1.092610169491525539e+03
1.093035028248587651e+03
1.093609039548022565e+03
1.094308474576271237e+03
1.095124293785310783e+03
1.096059887005649671e+03
1.097141242937852894e+03
1.098337853107344472e+03
1.099650847457626924e+03
1.101058757062146697e+03
1.102581920903954597e+03
1.104195480225988604e+03
1.105792090395480045e+03
1.107210169491525221e+03
1.108448587570621385e+03
1.109512994350282497e+03
1.110414689265536708e+03
1.111099435028248536e+03
1.111595480225988695e+03
1.111899435028248490e+03
1.111993220338983065e+03
1.111898305084745516e+03
1.111577401129943610e+03
1.111061016949152418e+03
1.110350282485875596e+03
1.109416949152542202e+03
1.108300564971751328e+03
1.106978531073446220e+03
1.105479096045197593e+03
1.104011299435028150e+03
1.102637288135593280e+03
1.101364971751412440e+03
1.100200000000000045e+03
1.099129943502824972e+03
1.098167231638418116e+03
1.097338983050847446e+03
1.096621468926553689e+03
1.096022598870056527e+03
1.095538983050847492e+03
1.095170621468926583e+03
1.094948022598870011e+03
1.094838418079095845e+03
1.094837288135593099e+03
1.094972881355932259e+03
1.095220338983050624e+03
1.095594350282485721e+03
1.096063276836158138e+03
1.096636158192090534e+03
1.097309604519773984e+03
1.098077966101694983e+03
1.098928813559322180e+03
1.099859887005649853e+03
1.100862146892655574e+03
1.101937853107344836e+03
1.103091525423728854e+03
1.104309604519773984e+03
1.105577401129943610e+03
1.106922033898305017e+03
1.108325423728813803e+03
1.109778531073446402e+03
1.111291525423728899e+03
1.112670056497175210e+03
1.113811299435028332e+03
1.114712994350282543e+03
1.115376271186440590e+03
1.115798870056497208e+03
1.115969491525423791e+03
1.115894915254237276e+03
1.115587570621469013e+03
1.115035028248587651e+03
1.114235028248587696e+03
1.113198870056497299e+03
1.111914124293785335e+03
1.110407909604519773e+03
1.108738983050847537e+03
1.107109604519774166e+03
1.105499435028248627e+03
1.103924293785310965e+03
1.102372881355932350e+03
1.100874576271186470e+03
1.099432768361581793e+03
1.098055367231638229e+03
1.096746892655367446e+03
1.095516384180791192e+03
1.094386440677966220e+03
1.093361581920903973e+03
1.092453107344632826e+03
1.091672316384180704e+03
1.091011299435028377e+03
1.090474576271186379e+03
1.090090395480226107e+03
1.089818079096045267e+03
1.089693785310734484e+03
1.089700564971751646e+03
1.089829378531073644e+03
1.090093785310734575e+03
1.090496045197740159e+03
1.091033898305084676e+03
1.091681355932203360e+03
1.092472316384180886e+03
1.093385310734463246e+03
1.094427118644067832e+03
1.095583050847457798e+03
1.096850847457627196e+03
1.098233898305084949e+03
1.099720903954802452e+03
1.101307344632768491e+03
1.102759322033898343e+03
1.104051977401129989e+03
1.105168361581921090e+03
1.106089265536723360e+03
1.106824858757062202e+03
1.107372881355932350e+03
1.107727683615819387e+03
1.107890395480226061e+03
1.107849717514124677e+03
1.107586440677966493e+03
1.107131073446327719e+03
1.106457627118644268e+03
1.105581920903955051e+03
1.104506214689265789e+03
1.103236158192090443e+03
1.101767231638418252e+03
1.100257627118644223e+03
1.098842937853107514e+03
1.097522033898305381e+03
1.096294915254237367e+03
1.095158192090395687e+03
1.094141242937853349e+03
1.093212429378531169e+03
1.092416949152542429e+03
1.091734463276836323e+03
1.091151412429378752e+03
1.090701694915254393e+03
1.090346892655367355e+03
1.090136723163841907e+03
1.090039548022598865e+03
1.090072316384180795e+03
1.090219209039548332e+03
1.090481355932203542e+03
1.090845197740113235e+03
1.091314124293785426e+03
1.091865536723164041e+03
1.092508474576271283e+03
1.093253107344632781e+03
1.094063276836158366e+03
1.094950282485875960e+03
1.095898305084745971e+03
1.096927683615819205e+03
1.098020338983051033e+03
1.099179661016949240e+03
1.100401129943502838e+03
1.101676836158192145e+03
1.102994350282485811e+03
1.104374011299435097e+03
1.105811299435028332e+03
1.107228248587570761e+03
1.108409039548022520e+03
1.109333333333333258e+03
1.110027118644067741e+03
1.110471186440678139e+03
1.110645197740112962e+03
1.110585310734463292e+03
1.110274576271186561e+03
1.109697175141242951e+03
1.108891525423728808e+03
1.107842937853107287e+03
1.106546892655367174e+03
1.105014689265536845e+03
1.103458757062147015e+03
1.101925423728813712e+03
1.100413559322033962e+03
1.098944632768361544e+03
1.097523163841807673e+03
1.096155932203389739e+03
1.094822598870056481e+03
1.093566101694915005e+03
1.092385310734463019e+03
1.091293785310734393e+03
1.090297175141242860e+03
1.089406779661016799e+03
1.088630508474576118e+03
1.087967231638418070e+03
1.087429378531073326e+03
1.087028248587570488e+03
1.086763841807909557e+03
1.086623728813559183e+03
1.086623728813559410e+03
1.086742372881355777e+03
1.086998870056497253e+03
1.087393220338982928e+03
1.087916384180790828e+03
1.088577401129943155e+03
1.089350282485875596e+03
1.090263276836158184e+03
1.091294915254237139e+03
1.092448587570621385e+03
1.093703954802259886e+03
1.095073446327683541e+03
1.096544632768361453e+03
1.098125423728813530e+03
1.099790960451977298e+03
1.101338983050847219e+03
1.102728813559321907e+03
1.103940112994350329e+03
1.104966101694915324e+03
1.105815819209039546e+03
1.106476836158191873e+03
1.106937853107344608e+03
1.107206779661016753e+03
1.107255367231638502e+03
1.107108474576271192e+03
1.106753672316383927e+03
1.106192090395480136e+03
1.105430508474576300e+03
1.104468926553672190e+03
1.103298305084745834e+03
1.101948022598870011e+03
1.100485875706214756e+03
1.099109604519773939e+03
1.097824858757062202e+03
1.096650847457627151e+03
1.095575141242937661e+03
1.094605649717514098e+03
1.093746892655367219e+03
1.093011299435028377e+03
1.092386440677966220e+03
1.091872316384180976e+03
1.091474576271186379e+03
1.091202259887005766e+03
1.091044067796610307e+03
1.091011299435028150e+03
1.091097175141242587e+03
1.091308474576271237e+03
1.091624858757062157e+03
1.092048587570621521e+03
1.092577401129943610e+03
1.093183050847457707e+03
1.093884745762711873e+03
1.094677966101694892e+03
1.095555932203389830e+03
1.096482485875706061e+03
1.097489265536722996e+03
1.098561581920904018e+03
1.099701694915254393e+03
1.100900564971751464e+03
1.102160451977401181e+03
1.103477966101694847e+03
1.104841807909604540e+03
1.106271186440677866e+03
1.107711864406779569e+03
1.108916384180790828e+03
1.109870056497175028e+03
1.110593220338982974e+03
1.111080225988700477e+03
1.111303954802259796e+03
1.111293785310734393e+03
1.111058757062146924e+03
1.110570621468926674e+03
1.109842937853107287e+03
1.108875706214689217e+03
1.107658757062146833e+03
1.106207909604519728e+03
1.104614689265536526e+03
1.103032768361581930e+03
1.101479096045197821e+03
1.099938983050847582e+03
1.098449717514124131e+03
1.097003389830508468e+03
1.095607909604519818e+03
1.094273446327683587e+03
1.093004519774011442e+03
1.091828248587570670e+03
1.090731073446327628e+03
1.089736723163841816e+03
1.088858757062146879e+03
1.088091525423728854e+03
1.087454237288135573e+03
1.086944632768361544e+03
1.086563841807909739e+03
1.086311864406779478e+03
1.086181920903954733e+03
1.086189830508474643e+03
1.086348022598870102e+03
1.086620338983050942e+03
1.087041807909604586e+03
1.087571751412429421e+03
1.088255367231638502e+03
1.089057627118644177e+03
1.089992090395480318e+03
1.091039548022598865e+03
1.092218079096045130e+03
1.093503954802260068e+03
1.094892655367231555e+03
1.096386440677966220e+03
1.097974011299435006e+03
1.099465536723163950e+03
1.100783050847457616e+03
1.101926553672316459e+03
1.102881355932203405e+03
1.103658757062147060e+03
1.104263276836158411e+03
1.104661016949152554e+03
1.104851977401129943e+03
1.104861016949152599e+03
1.104665536723163768e+03
1.104280225988700749e+03
1.103688135593220522e+03
1.102882485875706152e+03
1.101875706214689217e+03
1.100673446327683678e+03
1.099280225988700749e+03
1.097776271186440681e+03
1.096358192090395505e+03
1.095023728813559501e+03
1.093772881355932213e+03
1.092621468926553462e+03
1.091592090395480227e+03
1.090649717514124404e+03
1.089821468926553734e+03
1.089103954802259977e+03
1.088487005649717503e+03
1.088002259887005721e+03
1.087631638418079092e+03
1.087376271186440590e+03
1.087237288135593190e+03
1.087221468926553598e+03
1.087307344632768491e+03
1.087520903954802179e+03
1.087836158192090352e+03
1.088262146892655437e+03
1.088783050847457616e+03
1.089387570621468967e+03
1.090089265536722905e+03
1.090873446327683723e+03
1.091719774011299251e+03
1.092631638418079092e+03
1.093614689265536526e+03
1.094670056497174983e+03
1.095785310734463110e+03
1.096958192090395414e+03
1.098203389830508513e+03
1.099503954802259841e+03
1.100841807909604540e+03
1.102233898305084494e+03
1.103638418079096027e+03
1.104810169491525357e+03
1.105748022598870193e+03
1.106430508474576300e+03
1.106863276836158093e+03
1.107067796610169353e+03
1.107032768361581930e+03
1.106741242937853031e+03
1.106222598870056117e+03
1.105438418079095982e+03
1.104432768361582021e+03
1.103188700564971668e+03
1.101703954802259886e+03
1.100161581920904155e+03
1.098638418079096027e+03
1.097151412429378524e+03
1.095680225988700613e+03
1.094242937853107378e+03
1.092859887005649625e+03
1.091529943502824835e+03
1.090264406779660931e+03
1.089066666666666606e+03
1.087967231638418070e+03
1.086952542372881453e+03
1.086033898305084676e+03
1.085245197740112872e+03
1.084561581920904018e+03
1.084003389830508468e+03
1.083577401129943610e+03
1.083259887005649716e+03
1.083081355932203451e+03
1.083023728813559273e+03
1.083101694915254257e+03
1.083299435028248354e+03
1.083653107344632645e+03
1.084111864406779659e+03
1.084699435028248445e+03
1.085415819209039455e+03
1.086253107344632781e+03
1.087206779661016981e+03
1.088289265536723178e+03
1.089474576271186379e+03
1.090787570621468831e+03
1.092168361581920863e+03
1.093675706214689171e+03
1.095271186440677866e+03
1.096764971751412304e+03
1.098092655367231600e+03
1.099242937853107151e+03
1.100195480225988604e+03
1.100980790960451941e+03
1.101577401129943382e+03
1.101974011299435006e+03
1.102184180790960454e+03
1.102197740112994325e+03
1.102010169491525176e+03
1.101610169491525312e+03
1.101011299435028150e+03
1.100207909604519728e+03
1.099210169491525448e+03
1.098023728813559046e+03
1.096633898305084585e+03
1.095188700564971668e+03
1.093832768361581884e+03
1.092578531073446356e+03
1.091399999999999864e+03
1.090336723163841725e+03
1.089372881355931895e+03
1.088514124293785244e+03
1.087772881355931986e+03
1.087128813559321770e+03
1.086620338983050715e+03
1.086222598870056345e+03
1.085940112994350329e+03
1.085784180790960363e+03
1.085743502824858751e+03
1.085828248587570670e+03
1.086015819209039364e+03
1.086327683615819069e+03
1.086736723163841816e+03
1.087259887005649489e+03
1.087885875706214620e+03
1.088592090395480227e+03
1.089364971751412213e+03
1.090232768361581748e+03
1.091160451977400953e+03
1.092176271186440545e+03
1.093268926553672145e+03
1.094406779661016799e+03
1.095616949152542247e+03
1.096889265536723087e+03
1.098228248587570306e+03
1.099618079096044994e+03
1.101048587570621294e+03
1.102527683615819114e+03
1.103815819209039546e+03
1.104880225988700431e+03
1.105694915254237230e+03
1.106272316384180613e+03
1.106619209039547968e+03
1.106709604519774075e+03
1.106561581920903791e+03
1.106179661016949012e+03
1.105549152542372667e+03
1.104647457627118456e+03
1.103528813559321861e+03
1.102160451977400953e+03
1.100576271186440636e+03
1.098955932203389693e+03
1.097377401129943337e+03
1.095823728813559228e+03
1.094317514124293666e+03
1.092827118644067696e+03
1.091409039548022520e+03
1.090053107344632735e+03
1.088763841807909557e+03
1.087550282485875414e+03
1.086430508474576072e+03
1.085405649717513825e+03
1.084482485875706061e+03
1.083679096045197639e+03
1.082990960451977116e+03
1.082431638418078819e+03
1.082013559322033416e+03
1.081723163841807718e+03
1.081569491525423473e+03
1.081543502824858479e+03
1.081655367231638138e+03
1.081897175141242542e+03
1.082266666666666424e+03
1.082759322033898115e+03
1.083384180790960272e+03
1.084141242937852894e+03
1.085029378531073235e+03
1.086047457627118320e+03
1.087186440677965948e+03
1.088438418079095982e+03
1.089802259887005448e+03
1.091262146892654982e+03
1.092837288135593099e+03
1.094427118644067605e+03
1.095857627118643904e+03
1.097105084745762724e+03
1.098166101694915142e+03
1.099057627118643722e+03
1.099742372881355550e+03
1.100245197740112872e+03
1.100540112994350238e+03
1.100658757062146833e+03
1.100551412429378388e+03
1.100249717514124086e+03
1.099741242937852803e+03
1.099028248587570488e+03
1.098108474576270964e+03
1.096996610169491305e+03
1.095675706214688944e+03
1.094167231638417888e+03
1.092698305084745471e+03
1.091318644067796413e+03
1.090012429378530896e+03
1.088810169491525357e+03
1.087711864406779569e+03
1.086725423728813439e+03
1.085845197740112781e+03
1.085084745762711691e+03
1.084441807909604449e+03
1.083903954802259705e+03
1.083485875706214756e+03
1.083189830508474643e+03
1.083016949152542338e+03
1.082984180790960409e+03
1.083055367231638229e+03
1.083222598870056572e+03
1.083518644067796686e+03
1.083917514124293803e+03
1.084420338983050897e+03
1.085005649717514189e+03
1.085689265536723269e+03
1.086447457627118638e+03
1.087285875706214711e+03
1.088193220338983110e+03
1.089172881355932077e+03
1.090214689265536890e+03
1.091323163841807855e+03
1.092503954802259841e+03
1.093757062146892622e+03
1.095049717514124268e+03
1.096389830508474461e+03
1.097788700564971805e+03
1.099228248587570533e+03
1.100465536723163723e+03
1.101471186440677911e+03
1.102232768361581748e+03
1.102751412429378433e+03
1.103022598870056299e+03
1.103062146892655392e+03
1.102822598870056481e+03
1.102353672316384063e+03
1.101642937853107469e+03
1.100679096045197639e+03
1.099477966101694619e+03
1.098050847457627242e+03
1.096525423728813394e+03
1.095015819209039364e+03
1.093533333333333303e+03
1.092075706214689262e+03
1.090665536723163768e+03
1.089308474576271237e+03
1.087995480225988558e+03
1.086735593220339069e+03
1.085544632768361453e+03
1.084448587570621385e+03
1.083447457627118638e+03
1.082533333333333303e+03
1.081744632768361498e+03
1.081074576271186288e+03
1.080517514124293484e+03
1.080100564971751282e+03
1.079796610169491260e+03
1.079640677966101521e+03
1.079611299435028059e+03
1.079715254237288036e+03
1.079948022598870011e+03
1.080302824858757049e+03
1.080788700564971805e+03
1.081424858757062111e+03
1.082184180790960454e+03
1.083068926553672327e+03
1.084072316384180795e+03
1.085212429378530942e+03
1.086447457627118411e+03
1.087805649717513916e+03
1.089267796610169171e+03
1.090833898305084404e+03
1.092496045197739932e+03
1.094016949152542111e+03
1.095374011299434869e+03
1.096559322033898070e+03
1.097571751412428966e+03
1.098393220338982701e+03
1.099025988700564540e+03
1.099449717514124131e+03
1.099682485875705879e+03
1.099732203389830374e+03
1.099563841807909284e+03
1.099181920903954506e+03
1.098609039548022338e+03
1.097825988700564722e+03
1.096848587570621248e+03
1.095670056497174983e+03
1.094294915254237139e+03
1.092753672316384154e+03
1.091301694915254302e+03
1.089959322033898388e+03
1.088702824858757140e+03
1.087546892655367174e+03
1.086511864406779750e+03
1.085588700564971532e+03
1.084754802259887128e+03
1.084044067796610307e+03
1.083453107344632826e+03
1.082981920903954688e+03
1.082648587570621430e+03
1.082447457627118638e+03
1.082353672316384291e+03
1.082381920903954779e+03
1.082533333333333303e+03
1.082796610169491487e+03
1.083178531073446493e+03
1.083656497175141340e+03
1.084250847457627060e+03
1.084915254237288082e+03
1.085671186440677957e+03
1.086509604519773802e+03
1.087427118644067832e+03
1.088425988700565085e+03
1.089503954802260068e+03
1.090644067796610216e+03
1.091859887005649853e+03
1.093136723163841907e+03
1.094462146892655255e+03
1.095857627118643904e+03
1.097307344632768491e+03
1.098807909604519864e+03
1.100158192090395460e+03
1.101277966101694801e+03
1.102172881355932077e+03
1.102802259887005675e+03
1.103200000000000045e+03
1.103341242937853167e+03
1.103241807909604631e+03
1.102880225988700658e+03
1.102292655367231646e+03
1.101451977401130080e+03
1.100361581920903973e+03
1.099033898305084676e+03
1.097468926553672418e+03
1.095804519774011169e+03
1.094158192090395460e+03
1.092543502824858933e+03
1.090960451977401135e+03
1.089405649717514279e+03
1.087909604519774348e+03
1.086467796610169444e+03
1.085087005649717412e+03
1.083779661016949376e+03
1.082569491525423928e+03
1.081465536723163950e+03
1.080466666666666697e+03
1.079553672316384336e+03
1.078786440677966311e+03
1.078138983050847401e+03
1.077623728813559410e+03
1.077242937853107378e+03
1.076990960451977571e+03
1.076879096045197912e+03
1.076892655367231782e+03
1.077041807909604586e+03
1.077325423728813576e+03
1.077737853107344563e+03
1.078308474576271237e+03
1.078992090395480318e+03
1.079803389830508650e+03
1.080749152542372940e+03
1.081809039548022611e+03
1.082992090395480318e+03
1.084291525423728672e+03
1.085711864406779569e+03
1.087213559322034143e+03
1.088833898305084858e+03
1.090380790960452032e+03
1.091759322033898570e+03
1.092959322033898388e+03
1.093985310734463383e+03
1.094818079096045267e+03
1.095462146892655255e+03
1.095905084745762679e+03
1.096152542372881271e+03
1.096184180790960454e+03
1.096019209039548059e+03
1.095642937853107469e+03
1.095049717514124268e+03
1.094244067796610125e+03
1.093237288135593190e+03
1.092049717514124040e+03
1.090640677966101521e+03
1.089134463276835959e+03
1.087738983050847310e+03
1.086406779661016799e+03
1.085198870056497071e+03
1.084074576271186288e+03
1.083035028248587423e+03
1.082119774011299342e+03
1.081309604519773984e+03
1.080614689265536754e+03
1.080030508474576436e+03
1.079581920903954824e+03
1.079241807909604404e+03
1.079033898305084676e+03
1.078931073446327673e+03
1.078942372881355823e+03
1.079075706214689262e+03
1.079308474576271237e+03
1.079655367231638365e+03
1.080103954802259750e+03
1.080653107344632645e+03
1.081277966101694801e+03
1.082001129943502747e+03
1.082806779661017117e+03
1.083688135593220295e+03
1.084644067796610216e+03
1.085662146892655528e+03
1.086753672316384382e+03
1.087914124293785335e+03
1.089122033898305062e+03
1.090398870056497117e+03
1.091725423728813439e+03
1.093115254237287900e+03
1.094557062146892804e+03
1.095949152542372758e+03
1.097109604519773939e+03
1.098040677966101612e+03
1.098717514124293757e+03
1.099134463276835959e+03
1.099334463276836232e+03
1.099271186440677866e+03
1.098972881355932259e+03
1.098422598870056390e+03
1.097627118644067878e+03
1.096592090395480227e+03
1.095314124293785198e+03
1.093796610169491487e+03
1.092225988700565040e+03
1.090690395480226016e+03
1.089184180790960454e+03
1.087715254237288036e+03
1.086272316384180840e+03
1.084881355932203405e+03
1.083555932203389602e+03
1.082307344632768491e+03
1.081144632768361589e+03
1.080071186440678048e+03
1.079102824858757003e+03
1.078240677966101657e+03
1.077498305084745880e+03
1.076865536723163814e+03
1.076404519774011078e+03
1.076036158192090170e+03
1.075822598870056481e+03
1.075734463276836323e+03
1.075778531073446175e+03
1.075954802259886947e+03
1.076258757062146969e+03
1.076717514124293757e+03
1.077289265536723178e+03
1.078005649717514189e+03
1.078844067796610034e+03
1.079810169491525357e+03
1.080894915254237276e+03
1.082114124293785153e+03
1.083446327683615891e+03
1.084883615819209126e+03
1.086415819209039455e+03
1.088065536723163859e+03
1.089723163841807946e+03
1.091199999999999818e+03
1.092511864406779750e+03
1.093662146892655301e+03
1.094606779661016844e+03
1.095377401129943337e+03
1.095942372881356050e+03
1.096318644067796640e+03
1.096484745762711782e+03
1.096458757062146788e+03
1.096209039548022474e+03
1.095761581920904064e+03
1.095094915254237094e+03
1.094228248587570761e+03
1.093152542372881271e+03
1.091894915254237276e+03
1.090431638418079274e+03
1.088885875706214847e+03
1.087421468926553644e+03
1.086050847457627242e+03
1.084781920903954870e+03
1.083607909604520046e+03
1.082541242937853212e+03
1.081593220338983201e+03
1.080740112994350511e+03
1.080009039548022656e+03
1.079387570621468967e+03
1.078899435028248718e+03
1.078538983050847492e+03
1.078312994350282452e+03
1.078195480225988831e+03
1.078202259887005766e+03
1.078302824858757049e+03
1.078550282485875641e+03
1.078880225988700658e+03
1.079311864406779705e+03
1.079858757062147106e+03
1.080492655367231691e+03
1.081195480225988831e+03
1.082000000000000227e+03
1.082879096045197684e+03
1.083827118644067923e+03
1.084855367231638411e+03
1.085942372881355823e+03
1.087118644067796595e+03
1.088353672316384063e+03
1.089656497175141340e+03
1.091021468926553553e+03
1.092450847457627333e+03
1.093928813559321952e+03
1.095196610169491578e+03
1.096203389830508513e+03
1.096990960451977571e+03
1.097527683615819114e+03
1.097811299435028104e+03
1.097848587570621476e+03
1.097641807909604495e+03
1.097175141242938025e+03
1.096473446327683632e+03
1.095524293785310874e+03
1.094322033898305108e+03
1.092907344632768400e+03
1.091250847457627060e+03
1.089607909604519818e+03
1.087988700564971623e+03
1.086384180790960500e+03
1.084820338983050988e+03
1.083292655367231646e+03
1.081810169491525357e+03
1.080400000000000091e+03
1.079070056497174846e+03
1.077801129943502701e+03
1.076629378531073371e+03
1.075551412429378388e+03
1.074589830508474506e+03
1.073746892655366992e+03
1.073033898305084676e+03
1.072429378531073326e+03
1.071958192090395414e+03
1.071623728813559183e+03
1.071414689265536708e+03
1.071337853107344472e+03
1.071390960451977207e+03
1.071587570621468785e+03
1.071917514124293803e+03
1.072352542372881089e+03
1.072935593220338887e+03
1.073649717514124177e+03
1.074477966101694847e+03
1.075448587570621385e+03
1.076534463276836050e+03
1.077728813559322134e+03
1.079036158192090170e+03
1.080451977401130080e+03
1.081960451977401135e+03
1.083549152542372894e+03
1.084976271186440727e+03
1.086214689265536890e+03
1.087279096045197775e+03
1.088167231638418343e+03
1.088840677966101794e+03
1.089320903954802361e+03
1.089606779661016844e+03
1.089706214689265380e+03
1.089587570621469013e+03
1.089267796610169171e+03
1.088737853107344563e+03
1.088000000000000000e+03
1.087042937853107105e+03
1.085902824858756958e+03
1.084546892655367174e+03
1.083079096045197730e+03
1.081673446327683450e+03
1.080375141242937843e+03
1.079158192090395460e+03
1.078035028248587423e+03
1.077018079096045085e+03
1.076099435028248536e+03
1.075288135593220431e+03
1.074584180790960318e+03
1.073998870056497026e+03
1.073537853107344517e+03
1.073178531073446266e+03
1.072944632768361544e+03
1.072833898305084631e+03
1.072854237288135437e+03
1.072993220338983065e+03
1.073247457627118592e+03
1.073599999999999909e+03
1.074056497175141203e+03
1.074612429378531033e+03
1.075248587570621567e+03
1.075981920903954688e+03
1.076790960451977298e+03
1.077676836158191918e+03
1.078635028248587332e+03
1.079673446327683450e+03
1.080763841807909557e+03
1.081927683615819205e+03
1.083164971751412395e+03
1.084446327683615891e+03
1.085801129943502701e+03
1.087209039548022702e+03
1.088667796610169489e+03
1.090162711864406901e+03
1.091462146892655255e+03
1.092528813559321861e+03
1.093350282485875596e+03
1.093924293785310510e+03
1.094281355932203269e+03
1.094386440677965993e+03
1.094225988700564812e+03
1.093839548022598592e+03
1.093188700564971668e+03
1.092310734463276731e+03
1.091196610169491578e+03
1.089835028248587605e+03
1.088246327683615618e+03
1.086648587570621203e+03
1.085082485875705970e+03
1.083553672316384109e+03
1.082047457627118547e+03
1.080601129943502883e+03
1.079194350282485857e+03
1.077874576271186470e+03
1.076604519774011351e+03
1.075431638418079274e+03
1.074352542372881317e+03
1.073385310734463246e+03
1.072525423728813621e+03
1.071780790960452123e+03
1.071155932203389739e+03
1.070662146892655528e+03
1.070311864406779478e+03
1.070077966101694756e+03
1.069988700564971623e+03
1.070024858757062020e+03
1.070198870056497071e+03
1.070511864406779523e+03
1.070946892655367265e+03
1.071524293785310419e+03
1.072213559322033689e+03
1.073033898305084676e+03
1.073976271186440499e+03
1.075039548022598638e+03
1.076224858757062066e+03
1.077532203389830329e+03
1.078952542372880998e+03
1.080479096045197366e+03
1.082103954802259523e+03
1.083734463276835868e+03
1.085198870056497071e+03
1.086499435028248627e+03
1.087614689265536526e+03
1.088555932203389602e+03
1.089315254237287945e+03
1.089879096045197457e+03
1.090254237288135300e+03
1.090445197740112917e+03
1.090435028248587514e+03
1.090214689265536435e+03
1.089801129943502701e+03
1.089174011299434824e+03
1.088345762711864154e+03
1.087325423728813348e+03
1.086116384180790874e+03
1.084718644067796504e+03
1.083263276836158184e+03
1.081898305084745516e+03
1.080618079096044994e+03
1.079466666666666242e+03
1.078402259887005357e+03
1.077448587570621157e+03
1.076589830508474279e+03
1.075858757062146651e+03
1.075237288135592962e+03
1.074746892655366992e+03
1.074351412429378342e+03
1.074093785310734347e+03
1.073962711864406629e+03
1.073941242937853076e+03
1.074027118644067741e+03
1.074223728813559319e+03
1.074537853107344745e+03
1.074938983050847355e+03
1.075439548022598728e+03
1.076033898305084676e+03
1.076716384180790783e+03
1.077470056497174937e+03
1.078311864406779478e+03
1.079214689265536435e+03
1.080195480225988376e+03
1.081259887005649489e+03
1.082375141242937616e+03
1.083567231638417979e+03
1.084818079096045039e+03
1.086133333333333212e+03
1.087499435028248399e+03
1.088922033898305017e+03
1.090232768361581748e+03
1.091305084745762542e+03
1.092142372881355868e+03
1.092745762711864245e+03
1.093115254237287900e+03
1.093253107344632554e+03
1.093148022598869829e+03
1.092779661016948921e+03
1.092177401129943291e+03
1.091349152542372849e+03
1.090271186440677866e+03
1.088967231638417843e+03
1.087427118644067605e+03
1.085810169491525357e+03
1.084206779661016753e+03
1.082622598870056436e+03
1.081070056497175074e+03
1.079558192090395551e+03
1.078099435028248536e+03
1.076697175141242951e+03
1.075351412429378342e+03
1.074079096045197730e+03
1.072912994350282361e+03
1.071846327683615527e+03
1.070884745762711646e+03
1.070024858757062248e+03
1.069285875706214483e+03
1.068661016949152327e+03
1.068171751412429330e+03
1.067809039548022611e+03
1.067581920903954597e+03
1.067482485875706061e+03
1.067515254237287991e+03
1.067689265536723269e+03
1.067985310734463383e+03
1.068415819209039455e+03
1.068961581920903882e+03
1.069642937853107242e+03
1.070466666666666697e+03
1.071401129943502838e+03
1.072459887005649762e+03
1.073640677966101748e+03
1.074935593220338887e+03
1.076334463276836232e+03
1.077836158192090352e+03
1.079436158192090261e+03
1.080898305084745743e+03
1.082202259887005766e+03
1.083319774011299387e+03
1.084272316384180613e+03
1.085018079096045085e+03
1.085560451977401044e+03
1.085925423728813257e+03
1.086083615819208944e+03
1.086032768361581930e+03
1.085781920903954642e+03
1.085331073446327537e+03
1.084661016949152554e+03
1.083799999999999955e+03
1.082728813559322134e+03
1.081464406779660976e+03
1.080005649717514189e+03
1.078560451977401044e+03
1.077176271186440772e+03
1.075879096045197684e+03
1.074696045197740204e+03
1.073597740112994416e+03
1.072606779661016844e+03
1.071705084745762633e+03
1.070919774011299523e+03
1.070247457627118820e+03
1.069680225988700613e+03
1.069225988700564812e+03
1.068902824858756958e+03
1.068694915254237458e+03
1.068597740112994416e+03
1.068620338983050942e+03
1.068742372881356005e+03
1.068962711864406629e+03
1.069291525423728672e+03
1.069726553672316186e+03
1.070228248587570533e+03
1.070839548022598819e+03
1.071517514124293712e+03
1.072273446327683359e+03
1.073120903954802088e+03
1.074024858757062020e+03
1.074997740112994279e+03
1.076038418079095891e+03
1.077160451977400953e+03
1.078341242937853167e+03
1.079570621468926220e+03
1.080861016949152372e+03
1.082202259887005539e+03
1.083590960451977253e+03
1.084942372881355823e+03
1.086049717514124268e+03
1.086932203389830420e+03
1.087558192090395323e+03
1.087954802259886947e+03
1.088102824858757003e+03
1.088012429378531124e+03
1.087665536723163768e+03
1.087085875706214665e+03
1.086259887005649716e+03
1.085186440677965948e+03
1.083881355932203405e+03
1.082358192090395505e+03
1.080810169491525357e+03
1.079301694915254302e+03
1.077806779661016890e+03
1.076354802259886810e+03
1.074941242937853076e+03
1.073572881355932168e+03
1.072293785310734393e+03
1.071077966101694983e+03
1.069932203389830420e+03
1.068883615819208899e+03
1.067942372881355823e+03
1.067107344632768218e+03
1.066383050847457525e+03
1.065780790960451895e+03
1.065297175141242860e+03
1.064958192090395414e+03
1.064743502824858751e+03
1.064654237288135619e+03
1.064689265536723269e+03
1.064857627118644132e+03
1.065159322033898206e+03
1.065592090395480227e+03
1.066152542372881271e+03
1.066839548022599047e+03
1.067653107344632872e+03
1.068601129943502883e+03
1.069645197740112962e+03
1.070819209039548014e+03
1.072109604519774166e+03
1.073505084745762815e+03
1.075011299435028377e+03
1.076602259887005630e+03
1.078215819209039637e+03
1.079688135593220522e+03
1.080970621468926538e+03
1.082110734463276913e+03
1.083038418079096118e+03
1.083804519774011396e+03
1.084367231638418161e+03
1.084743502824858751e+03
1.084932203389830647e+03
1.084909604519774120e+03
1.084689265536723269e+03
1.084273446327683814e+03
1.083659887005649807e+03
1.082850847457627196e+03
1.081830508474576163e+03
1.080623728813559410e+03
1.079233898305084949e+03
1.077794350282485766e+03
1.076442937853107424e+03
1.075196610169491578e+03
1.074016949152542566e+03
1.072955932203389921e+03
1.071985310734463383e+03
1.071138983050847401e+03
1.070374011299435097e+03
1.069737853107344563e+03
1.069218079096045358e+03
1.068819209039548241e+03
1.068525423728813621e+03
1.068362711864406947e+03
1.068315254237288400e+03
1.068384180790960727e+03
1.068570621468926674e+03
1.068841807909604540e+03
1.069214689265536890e+03
1.069687005649717548e+03
1.070266666666666879e+03
1.070918644067796777e+03
1.071653107344632872e+03
1.072471186440678139e+03
1.073370621468926629e+03
1.074319774011299614e+03
1.075358192090395733e+03
1.076445197740113144e+03
1.077621468926553689e+03
1.078849717514124222e+03
1.080135593220339160e+03
1.081472316384180886e+03
1.082855367231638411e+03
1.084202259887005766e+03
1.085332203389830738e+03
1.086253107344632781e+03
1.086935593220338887e+03
1.087385310734463246e+03
1.087588700564971987e+03
1.087571751412429421e+03
1.087302824858757049e+03
1.086793220338983247e+03
1.086071186440678048e+03
1.085109604519774166e+03
1.083912994350282588e+03
1.082489265536723451e+03
1.080893785310734529e+03
1.079302824858757276e+03
1.077745762711864472e+03
1.076212429378531169e+03
1.074711864406779796e+03
1.073257627118643995e+03
1.071842937853107287e+03
1.070503954802260068e+03
1.069228248587570761e+03
1.068040677966101612e+03
1.066955932203389921e+03
1.065974011299435006e+03
1.065108474576271192e+03
1.064346892655367355e+03
1.063705084745762633e+03
1.063184180790960454e+03
1.062792090395480500e+03
1.062511864406779750e+03
1.062381920903954779e+03
1.062378531073446538e+03
1.062506214689265562e+03
1.062767231638418252e+03
1.063149152542373031e+03
1.063653107344632872e+03
1.064291525423729126e+03
1.065049717514124495e+03
1.065922033898305244e+03
1.066935593220338887e+03
1.068044067796610307e+03
1.069273446327683814e+03
1.070604519774011351e+03
1.072042937853107560e+03
1.073554802259887310e+03
1.074997740112994506e+03
1.076290395480226152e+03
1.077390960451977662e+03
1.078334463276836232e+03
1.079098305084745789e+03
1.079670056497175437e+03
1.080053107344633190e+03
1.080240677966101885e+03
1.080230508474576482e+03
1.080005649717514416e+03
1.079587570621469013e+03
1.078975141242938207e+03
1.078150282485876005e+03
1.077142372881356096e+03
1.075942372881355823e+03
1.074554802259887083e+03
1.073154802259887219e+03
1.071835028248587605e+03
1.070603389830508604e+03
1.069464406779661203e+03
1.068423728813559592e+03
1.067462146892655483e+03
1.066616949152542475e+03
1.065881355932203633e+03
1.065256497175141476e+03
1.064736723163841816e+03
1.064349152542373076e+03
1.064081355932203678e+03
1.063918644067796777e+03
1.063874576271186470e+03
1.063951412429378706e+03
1.064134463276836414e+03
1.064429378531073553e+03
1.064824858757062202e+03
1.065317514124294121e+03
1.065906214689265653e+03
1.066580790960452305e+03
1.067342372881355914e+03
1.068171751412429558e+03
1.069080225988700931e+03
1.070063276836158366e+03
1.071105084745762952e+03
1.072206779661016981e+03
1.073392090395480409e+03
1.074635028248587560e+03
1.075940112994350329e+03
1.077297175141242860e+03
1.078694915254237458e+03
1.080140112994350147e+03
1.081497175141242906e+03
1.082637288135593280e+03
1.083532203389830556e+03
1.084200000000000045e+03
1.084620338983050942e+03
1.084800000000000182e+03
1.084724293785310692e+03
1.084419209039548150e+03
1.083864406779661067e+03
1.083063276836158366e+03
1.082035028248587651e+03
1.080753672316384382e+03
1.079253107344632781e+03
1.077673446327683678e+03
1.076117514124293848e+03
1.074592090395480227e+03
1.073101694915254484e+03
1.071665536723163768e+03
1.070263276836158184e+03
1.068924293785310738e+03
1.067662146892655528e+03
1.066494915254237640e+03
1.065406779661017026e+03
1.064421468926553644e+03
1.063536723163841998e+03
1.062775141242937934e+03
1.062137853107344881e+03
1.061609039548022793e+03
1.061216949152542384e+03
1.060952542372881453e+03
1.060804519774011396e+03
1.060796610169491487e+03
1.060924293785310738e+03
1.061185310734463201e+03
1.061566101694915233e+03
1.062085875706214665e+03
1.062726553672316186e+03
1.063491525423728945e+03
1.064398870056497117e+03
1.065413559322033962e+03
1.066551412429378615e+03
1.067813559322034052e+03
1.069196610169491578e+03
1.070675706214689171e+03
1.072257627118643995e+03
1.073928813559321952e+03
1.075475706214689126e+03
1.076844067796610034e+03
1.078040677966101612e+03
1.079053107344632735e+03
1.079891525423728808e+03
1.080524293785310647e+03
1.080966101694915096e+03
1.081205649717514007e+03
1.081251977401129807e+03
1.081098305084745789e+03
1.080744632768361498e+03
1.080174011299435051e+03
1.079402259887005584e+03
1.078436158192090261e+03
1.077283615819209217e+03
1.075924293785310738e+03
1.074444067796610170e+03
1.073041807909604358e+03
1.071742372881356005e+03
1.070523163841808127e+03
1.069413559322033962e+03
1.068398870056497344e+03
1.067491525423728945e+03
1.066699435028248672e+03
1.066011299435028150e+03
1.065438418079096209e+03
1.064981920903954915e+03
1.064644067796610216e+03
1.064425988700565085e+03
1.064326553672316550e+03
1.064351412429378342e+03
1.064477966101694619e+03
1.064703954802259886e+03
1.065031638418079183e+03
1.065458757062147015e+03
1.065983050847457889e+03
1.066589830508474734e+03
1.067279096045197775e+03
1.068053107344632735e+03
1.068902824858757185e+03
1.069806779661016890e+03
1.070786440677966311e+03
1.071845197740113008e+03
1.072958192090395414e+03
1.074135593220339160e+03
1.075375141242937843e+03
1.076661016949152327e+03
1.078018079096045312e+03
1.079409039548022520e+03
1.080636158192090534e+03
1.081612429378531033e+03
1.082368361581920908e+03
1.082874576271186470e+03
1.083162711864406901e+03
1.083204519774011260e+03
1.082997740112994506e+03
1.082550282485875869e+03
1.081861016949152599e+03
1.080935593220338887e+03
1.079764971751412759e+03
1.078366101694915415e+03
1.076805649717514143e+03
1.075254237288135755e+03
1.073737853107344563e+03
1.072245197740113099e+03
1.070780790960452123e+03
1.069367231638418161e+03
1.067996610169491532e+03
1.066688135593220295e+03
1.065459887005649534e+03
1.064316384180790919e+03
1.063259887005649489e+03
1.062310734463276731e+03
1.061470056497174937e+03
1.060751412429378433e+03
1.060138983050847401e+03
1.059641807909604267e+03
1.059270056497175119e+03
1.059030508474576209e+03
1.058923163841807764e+03
1.058936723163841634e+03
1.059103954802259977e+03
1.059396610169491396e+03
1.059813559322033598e+03
1.060349152542372849e+03
1.061021468926553553e+03
1.061821468926553734e+03
1.062737853107344563e+03
1.063786440677965857e+03
1.064949152542372758e+03
1.066228248587570761e+03
1.067618079096045221e+03
1.069124293785310783e+03
1.070701694915254166e+03
1.072254237288135528e+03
1.073637288135593280e+03
1.074844067796610034e+03
1.075881355932203405e+03
1.076734463276835868e+03
1.077384180790960272e+03
1.077854237288135437e+03
1.078125423728813303e+03
1.078211299435028195e+03
1.078075706214689035e+03
1.077742372881355777e+03
1.077207909604519500e+03
1.076466666666666697e+03
1.075514124293785244e+03
1.074380790960452032e+03
1.073056497175141430e+03
1.071559322033898297e+03
1.070141242937853121e+03
1.068798870056496980e+03
1.067553672316384109e+03
1.066399999999999864e+03
1.065363841807909466e+03
1.064430508474576072e+03
1.063597740112994416e+03
1.062879096045197684e+03
1.062264406779660931e+03
1.061780790960452123e+03
1.061407909604519773e+03
1.061171751412429330e+03
1.061036158192090397e+03
1.061032768361581930e+03
1.061133333333333439e+03
1.061352542372881544e+03
1.061663276836158275e+03
1.062070056497175301e+03
1.062580790960452077e+03
1.063178531073446720e+03
1.063849717514124450e+03
1.064614689265536754e+03
1.065467796610169444e+03
1.066387570621468967e+03
1.067374011299435097e+03
1.068439548022598956e+03
1.069579661016949103e+03
1.070769491525423746e+03
1.072039548022598865e+03
1.073357062146892986e+03
1.074749152542372940e+03
1.076174011299435051e+03
1.077639548022598774e+03
1.078857627118644132e+03
1.079846327683615982e+03
1.080606779661017072e+03
1.081134463276836414e+03
1.081403389830508786e+03
1.081422598870056845e+03
1.081224858757062293e+03
1.080780790960452123e+03
1.080096045197740295e+03
1.079151412429378524e+03
1.077967231638418070e+03
1.076538983050847492e+03
1.074912994350282588e+03
1.073298305084746062e+03
1.071694915254237458e+03
1.070131073446327719e+03
1.068600000000000136e+03
1.067112994350282406e+03
1.065671186440677957e+03
1.064318644067796640e+03
1.063055367231638229e+03
1.061862146892655346e+03
1.060779661016949149e+03
1.059803389830508422e+03
1.058935593220339115e+03
1.058170621468926583e+03
1.057532203389830556e+03
1.057035028248587423e+03
1.056671186440677957e+03
1.056418079096045176e+03
1.056310734463276731e+03
1.056342372881355914e+03
1.056498305084745880e+03
1.056771751412429239e+03
1.057172881355932077e+03
1.057733333333333348e+03
1.058405649717514279e+03
1.059213559322033916e+03
1.060132203389830465e+03
1.061189830508474643e+03
1.062358192090395505e+03
1.063655367231638365e+03
1.065056497175141203e+03
1.066553672316384109e+03
1.068148022598870057e+03
1.069705084745762633e+03
1.071093785310734347e+03
1.072305084745762542e+03
1.073350282485875596e+03
1.074201129943502792e+03
1.074865536723163586e+03
1.075349152542372849e+03
1.075622598870056436e+03
1.075716384180791010e+03
1.075592090395480227e+03
1.075254237288135528e+03
1.074726553672316413e+03
1.073999999999999773e+03
1.073061016949152418e+03
1.071937853107344608e+03
1.070612429378531033e+03
1.069124293785310783e+03
1.067737853107344563e+03
1.066420338983050897e+03
1.065190960451977389e+03
1.064077966101694983e+03
1.063056497175141203e+03
1.062135593220339160e+03
1.061306214689265289e+03
1.060605649717514098e+03
1.060012429378531124e+03
1.059541242937852985e+03
1.059184180790960454e+03
1.058950282485875505e+03
1.058829378531073417e+03
1.058827118644067696e+03
1.058933333333333394e+03
1.059127683615819024e+03
1.059449717514124359e+03
1.059863276836158320e+03
1.060372881355932122e+03
1.060964971751412577e+03
1.061633898305084813e+03
1.062387570621468967e+03
1.063213559322033916e+03
1.064125423728813530e+03
1.065118644067796595e+03
1.066175141242937798e+03
1.067285875706214483e+03
1.068475706214689126e+03
1.069734463276835868e+03
1.071054237288135482e+03
1.072416949152542202e+03
1.073841807909604540e+03
1.075229378531073507e+03
1.076363841807909694e+03
1.077277966101694801e+03
1.077940112994350102e+03
1.078380790960451804e+03
1.078577401129943610e+03
1.078516384180790965e+03
1.078214689265536890e+03
1.077670056497175210e+03
1.076882485875706152e+03
1.075847457627118729e+03
1.074577401129943610e+03
1.073074576271186515e+03
1.071474576271186379e+03
1.069889265536723087e+03
1.068324293785310601e+03
1.066805649717514143e+03
1.065316384180790692e+03
1.063881355932203405e+03
1.062500564971751373e+03
1.061222598870056345e+03
1.059997740112994279e+03
1.058879096045197684e+03
1.057854237288135664e+03
1.056937853107344608e+03
1.056132203389830465e+03
1.055453107344632826e+03
1.054889265536723087e+03
1.054463276836158229e+03
1.054163841807909648e+03
1.053993220338983065e+03
1.053942372881355823e+03
1.054029378531073462e+03
1.054256497175141249e+03
1.054601129943502883e+03
1.055081355932203451e+03
1.055687005649717548e+03
1.056439548022598956e+03
1.057298305084745834e+03
1.058299435028248809e+03
1.059410169491525721e+03
1.060642937853107469e+03
1.061989830508474597e+03
1.063444067796610170e+03
1.064997740112994506e+03
1.066654237288135619e+03
1.068200000000000273e+03
1.069585310734463292e+03
1.070792090395480045e+03
1.071805649717514370e+03
1.072645197740112962e+03
1.073285875706214711e+03
1.073733333333333348e+03
1.073985310734463383e+03
1.074021468926553780e+03
1.073841807909604540e+03
1.073462146892655483e+03
1.072866666666666561e+03
1.072061016949152418e+03
1.071059887005649671e+03
1.069844067796610034e+03
1.068451977401130080e+03
1.066955932203389693e+03
1.065540112994350238e+03
1.064221468926553825e+03
1.063003389830508468e+03
1.061876836158192191e+03
1.060845197740113235e+03
1.059928813559321952e+03
1.059115254237288127e+03
1.058415819209039455e+03
1.057841807909604540e+03
1.057393220338983156e+03
1.057047457627118547e+03
1.056824858757061975e+03
1.056717514124293757e+03
1.056729943502824653e+03
1.056848587570621248e+03
1.057071186440677820e+03
1.057407909604519773e+03
1.057836158192090352e+03
1.058351412429378342e+03
1.058967231638418070e+03
1.059661016949152554e+03
1.060447457627118638e+03
1.061303954802259796e+03
1.062245197740112872e+03
1.063253107344632554e+03
1.064334463276836232e+03
1.065485875706214756e+03
1.066716384180791010e+03
1.067998870056497253e+03
1.069342372881355914e+03
1.070742372881356005e+03
1.072197740112994325e+03
1.073581920903954824e+03
1.074753672316384382e+03
1.075693785310734484e+03
1.076378531073446311e+03
1.076846327683615755e+03
1.077053107344632735e+03
1.077019209039548059e+03
1.076753672316384154e+03
1.076236158192090215e+03
1.075493785310734438e+03
1.074497175141242678e+03
1.073263276836157956e+03
1.071790960451977298e+03
1.070176271186440545e+03
1.068570621468926447e+03
1.067004519774010987e+03
1.065448587570621385e+03
1.063950282485875505e+03
1.062517514124293712e+03
1.061127683615819024e+03
1.059819209039547786e+03
1.058599999999999909e+03
1.057466666666666697e+03
1.056438418079096209e+03
1.055524293785310874e+03
1.054724293785310692e+03
1.054050847457627242e+03
1.053485875706214756e+03
1.053050847457627242e+03
1.052746892655367219e+03
1.052562711864406538e+03
1.052515254237287991e+03
1.052607909604519591e+03
1.052824858757061975e+03
1.053190960451977389e+03
1.053667796610169489e+03
1.054277966101694801e+03
1.055013559322033871e+03
1.055882485875706152e+03
1.056866666666666788e+03
1.057979661016949194e+03
1.059210169491525448e+03
1.060549152542372667e+03
1.062007909604519682e+03
1.063549152542372667e+03
1.065183050847457253e+03
1.066655367231638138e+03
1.067964971751412122e+03
1.069132203389830465e+03
1.070089265536723133e+03
1.070873446327683496e+03
1.071473446327683632e+03
1.071868926553672281e+03
1.072074576271186288e+03
1.072087005649717412e+03
1.071894915254237276e+03
1.071499435028248627e+03
1.070893785310734529e+03
1.070093785310734347e+03
1.069096045197739841e+03
1.067923163841807764e+03
1.066563841807909739e+03
1.065145762711864336e+03
1.063813559322034052e+03
1.062563841807909512e+03
1.061396610169491396e+03
1.060324293785310601e+03
1.059361581920903973e+03
1.058503954802259841e+03
1.057758192090395369e+03
1.057126553672316277e+03
1.056615819209039728e+03
1.056201129943502792e+03
1.055910734463277095e+03
1.055748022598870193e+03
1.055697175141242951e+03
1.055760451977401317e+03
1.055919774011299523e+03
1.056195480225988831e+03
1.056546892655367174e+03
1.057000000000000000e+03
1.057541242937852985e+03
1.058167231638418116e+03
1.058884745762711873e+03
1.059676836158192145e+03
1.060540112994350238e+03
1.061487005649717503e+03
1.062511864406779523e+03
1.063596610169491214e+03
1.064745762711864245e+03
1.065960451977400908e+03
1.067254237288135300e+03
1.068598870056497162e+03
1.070000000000000000e+03
1.071380790960451804e+03
1.072532203389830329e+03
1.073458757062146560e+03
1.074179661016949012e+03
1.074649717514124177e+03
1.074876836158191963e+03
1.074871186440677775e+03
1.074619209039547968e+03
1.074122033898304835e+03
1.073389830508474461e+03
1.072407909604519773e+03
1.071196610169491578e+03
1.069745762711864245e+03
1.068105084745762497e+03
1.066463276836158002e+03
1.064856497175141158e+03
1.063271186440677866e+03
1.061726553672316186e+03
1.060215819209039410e+03
1.058779661016948921e+03
1.057396610169491396e+03
1.056088135593220159e+03
1.054871186440677775e+03
1.053736723163841816e+03
1.052722033898304971e+03
1.051812429378530851e+03
1.051018079096045312e+03
1.050344632768361407e+03
1.049786440677966084e+03
1.049350282485875596e+03
1.049056497175141203e+03
1.048875706214689217e+03
1.048828248587570442e+03
1.048914124293785108e+03
1.049137853107344654e+03
1.049481355932203314e+03
1.049962711864406629e+03
1.050585310734463292e+03
1.051324293785310601e+03
1.052180790960451759e+03
1.053175141242937798e+03
1.054279096045197548e+03
1.055511864406779523e+03
1.056845197740112781e+03
1.058294915254237367e+03
1.059846327683615527e+03
1.061482485875706061e+03
1.062979661016949194e+03
1.064303954802259796e+03
1.065438418079095754e+03
1.066412429378530987e+03
1.067185310734463201e+03
1.067780790960451895e+03
1.068166101694915142e+03
1.068355932203389784e+03
1.068349152542372622e+03
1.068116384180790874e+03
1.067688135593220068e+03
1.067059887005649671e+03
1.066218079096045130e+03
1.065194350282485630e+03
1.063983050847457434e+03
1.062563841807909512e+03
1.061148022598869829e+03
1.059811299435028104e+03
1.058578531073446356e+03
1.057435028248587514e+03
1.056370621468926402e+03
1.055423728813559137e+03
1.054566101694915233e+03
1.053822598870056481e+03
1.053196610169491350e+03
1.052682485875706107e+03
1.052292655367231418e+03
1.052006779661016935e+03
1.051837288135593099e+03
1.051781920903954642e+03
1.051827118644067468e+03
1.051983050847457434e+03
1.052227118644067559e+03
1.052581920903954597e+03
1.053009039548022429e+03
1.053540112994350011e+03
1.054157062146892258e+03
1.054842937853107287e+03
1.055616949152542020e+03
1.056458757062146560e+03
1.057350282485875596e+03
1.058328813559322043e+03
1.059371751412429148e+03
1.060489265536722996e+03
1.061666666666666515e+03
1.062897175141242769e+03
1.064189830508474643e+03
1.065535593220338797e+03
1.066919774011299523e+03
1.068232768361581748e+03
1.069317514124293666e+03
1.070177401129943291e+03
1.070783050847457616e+03
1.071159322033898206e+03
1.071300564971751555e+03
1.071205649717514007e+03
1.070854237288135664e+03
1.070255367231638502e+03
1.069414689265536708e+03
1.068355932203389784e+03
1.067055367231638229e+03
1.065528813559321861e+03
1.063967231638418070e+03
1.062450847457626878e+03
1.060961581920903882e+03
1.059499435028248627e+03
1.058085875706214665e+03
1.056731073446327628e+03
1.055455367231638320e+03
1.054240677966101430e+03
1.053142372881355868e+03
1.052119774011299342e+03
1.051218079096044903e+03
1.050415819209039455e+03
1.049724293785310465e+03
1.049162711864406674e+03
1.048715254237288036e+03
1.048386440677965766e+03
1.048195480225988376e+03
1.048126553672316277e+03
1.048194350282485630e+03
1.048394350282485448e+03
1.048725423728813439e+03
1.049175141242937570e+03
1.049761581920903609e+03
1.050471186440677684e+03
1.051293785310734393e+03
1.052249717514124313e+03
1.053344632768361407e+03
1.054538983050847492e+03
1.055849717514124222e+03
1.057275706214689080e+03
1.058801129943502701e+03
1.060405649717513825e+03
1.061961581920903882e+03
1.063349152542372849e+03
1.064571751412429421e+03
1.065637288135593280e+03
1.066509604519773802e+03
1.067190960451977389e+03
1.067693785310734484e+03
1.068004519774011214e+03
1.068119774011299342e+03
1.068029378531073235e+03
1.067732203389830602e+03
1.067246327683615618e+03
1.066570621468926447e+03
1.065711864406779569e+03
1.064650847457627151e+03
1.063393220338983156e+03
1.061971751412429285e+03
1.060592090395480227e+03
1.059294915254237367e+03
1.058081355932203223e+03
1.056961581920903882e+03
1.055938983050847355e+03
1.055022598870056527e+03
1.054223728813559319e+03
1.053524293785310419e+03
1.052936723163841634e+03
1.052462146892655255e+03
1.052098305084745789e+03
1.051851977401129943e+03
1.051712994350282543e+03
1.051691525423728763e+03
1.051771751412429239e+03
1.051946892655367265e+03
1.052232768361581748e+03
1.052614689265536526e+03
1.053081355932203223e+03
1.053624858757062157e+03
1.054256497175141249e+03
1.054976271186440499e+03
1.055772881355932213e+03
1.056630508474576118e+03
1.057579661016949103e+03
1.058583050847457343e+03
1.059663276836158047e+03
1.060807909604519409e+03
1.062018079096044858e+03
1.063292655367231418e+03
1.064625988700564903e+03
1.066001129943502747e+03
1.067230508474576254e+03
1.068235028248587469e+03
1.069024858757062248e+03
1.069577401129943382e+03
1.069898305084745516e+03
1.069983050847457434e+03
1.069829378531073417e+03
1.069433898305084540e+03
1.068805649717514143e+03
1.067935593220338887e+03
1.066830508474576163e+03
1.065496045197739932e+03
1.063941242937852849e+03
1.062345762711864154e+03
1.060767231638418025e+03
1.059227118644067559e+03
1.057712994350282315e+03
1.056245197740112872e+03
1.054815819209039546e+03
1.053456497175141067e+03
1.052163841807909421e+03
1.050957062146892440e+03
1.049835028248587605e+03
1.048804519774011169e+03
1.047897175141242997e+03
1.047108474576271192e+03
1.046424858757062111e+03
1.045858757062146879e+03
1.045428248587570579e+03
1.045116384180791101e+03
1.044918644067796777e+03
1.044865536723163814e+03
1.044928813559321952e+03
1.045127683615819024e+03
1.045454237288135573e+03
1.045899435028248490e+03
1.046482485875706061e+03
1.047183050847457480e+03
1.048013559322033871e+03
1.048957062146892667e+03
1.050025988700564994e+03
1.051203389830508513e+03
1.052496045197739932e+03
1.053900564971751464e+03
1.055416949152542202e+03
1.056987570621468876e+03
1.058430508474576300e+03
1.059696045197739977e+03
1.060802259887005675e+03
1.061717514124293757e+03
1.062442937853107424e+03
1.062994350282485811e+03
1.063329943502824790e+03
1.063479096045197821e+03
1.063428248587570579e+03
1.063163841807909648e+03
1.062711864406779569e+03
1.062033898305084676e+03
1.061177401129943291e+03
1.060126553672316504e+03
1.058888135593220341e+03
1.057456497175141067e+03
1.056066666666666606e+03
1.054761581920904064e+03
1.053552542372881362e+03
1.052416949152542429e+03
1.051380790960452032e+03
1.050440677966101703e+03
1.049595480225988695e+03
1.048863276836158320e+03
1.048235028248587469e+03
1.047715254237288036e+03
1.047314124293785426e+03
1.047032768361581930e+03
1.046838418079095845e+03
1.046787570621468831e+03
1.046819209039548014e+03
1.046963841807909603e+03
1.047194350282485857e+03
1.047536723163841543e+03
1.047964971751412349e+03
1.048467796610169444e+03
1.049084745762711918e+03
1.049757062146892622e+03
1.050509604519773802e+03
1.051334463276836004e+03
1.052238418079095936e+03
1.053214689265536663e+03
1.054264406779660931e+03
1.055369491525423655e+03
1.056545762711864427e+03
1.057779661016948921e+03
1.059072316384180795e+03
1.060412429378530987e+03
1.061798870056497208e+03
1.063109604519774166e+03
1.064194350282485857e+03
1.065037288135593371e+03
1.065657627118644086e+03
1.066038418079096118e+03
1.066195480225988604e+03
1.066102824858757003e+03
1.065764971751412304e+03
1.065195480225988831e+03
1.064384180790960500e+03
1.063337853107344472e+03
1.062073446327683541e+03
1.060571751412429421e+03
1.059022598870056299e+03
1.057498305084745652e+03
1.055980790960451941e+03
1.054531073446327582e+03
1.053117514124293848e+03
1.051761581920904064e+03
1.050465536723163950e+03
1.049258757062146742e+03
1.048122033898305062e+03
1.047090395480225880e+03
1.046155932203389966e+03
1.045334463276836232e+03
1.044619209039547968e+03
1.044028248587570715e+03
1.043557062146892804e+03
1.043197740112994325e+03
1.042967231638418070e+03
1.042877966101695165e+03
1.042914124293785335e+03
1.043083615819209172e+03
1.043381920903954779e+03
1.043796610169491714e+03
1.044341242937853167e+03
1.045011299435028377e+03
1.045816949152542520e+03
1.046733333333333576e+03
1.047772881355932441e+03
1.048941242937853076e+03
1.050204519774011260e+03
1.051569491525423928e+03
1.053039548022598865e+03
1.054605649717514098e+03
1.056206779661017208e+03
1.057657627118644086e+03
1.058929943502824699e+03
1.060044067796610307e+03
1.060992090395480091e+03
1.061750282485875687e+03
1.062336723163841725e+03
1.062731073446327628e+03
1.062935593220338887e+03
1.062942372881356050e+03
1.062737853107344563e+03
1.062345762711864609e+03
1.061760451977401317e+03
1.060978531073446447e+03
1.060010169491525630e+03
1.058872316384180976e+03
1.057543502824858933e+03
1.056202259887005766e+03
1.054927683615819205e+03
1.053749152542372940e+03
1.052662146892655528e+03
1.051664406779661022e+03
1.050758192090395596e+03
1.049976271186440954e+03
1.049310734463277186e+03
1.048752542372881635e+03
1.048301694915254302e+03
1.047974011299435233e+03
1.047755932203389875e+03
1.047672316384180931e+03
1.047672316384181158e+03
1.047784180790960590e+03
1.048009039548022884e+03
1.048335593220338978e+03
1.048746892655367446e+03
1.049265536723163905e+03
1.049855367231638638e+03
1.050527683615819569e+03
1.051268926553672372e+03
1.052099435028248990e+03
1.052992090395480318e+03
1.053974011299435460e+03
1.055016949152542566e+03
1.056134463276836186e+03
1.057318644067796640e+03
1.058563841807909739e+03
1.059877966101694938e+03
1.061221468926553825e+03
1.062623728813559410e+03
1.063898305084745971e+03
1.064958192090395642e+03
1.065790960451977526e+03
1.066400000000000091e+03
1.066770621468926493e+03
1.066920903954802270e+03
1.066829378531073417e+03
1.066487005649717503e+03
1.065898305084745743e+03
1.065099435028248763e+03
1.064054237288135482e+03
1.062769491525423746e+03
1.061270056497175119e+03
1.059673446327683678e+03
1.058085875706214892e+03
1.056515254237288445e+03
1.054978531073446447e+03
1.053488135593220704e+03
1.052042937853107560e+03
1.050658757062147060e+03
1.049350282485875823e+03
1.048119774011299569e+03
1.046981920903954915e+03
1.045940112994350329e+03
1.044996610169491760e+03
1.044175141242938025e+03
1.043477966101695074e+03
1.042889265536723315e+03
1.042419209039548377e+03
1.042074576271186743e+03
1.041855367231638866e+03
1.041777401129943883e+03
1.041825988700565176e+03
1.041994350282486266e+03
1.042284745762712191e+03
1.042711864406780023e+03
1.043274576271186561e+03
1.043951412429378706e+03
1.044763841807909785e+03
1.045706214689265835e+03
1.046759322033898570e+03
1.047928813559322407e+03
1.049214689265536890e+03
1.050601129943503111e+03
1.052100564971751737e+03
1.053692655367231964e+03
1.055205649717514461e+03
1.056550282485875869e+03
1.057735593220339069e+03
1.058731073446328082e+03
1.059534463276836505e+03
1.060154802259887219e+03
1.060571751412429876e+03
1.060792090395480500e+03
1.060813559322034052e+03
1.060635028248587787e+03
1.060263276836158411e+03
1.059682485875706334e+03
1.058900564971751692e+03
1.057916384180791283e+03
1.056753672316384382e+03
1.055377401129943792e+03
1.053928813559322407e+03
1.052566101694915687e+03
1.051279096045198003e+03
1.050070056497175301e+03
1.048967231638418298e+03
1.047961581920904337e+03
1.047053107344632963e+03
1.046265536723164132e+03
1.045579661016949558e+03
1.044993220338983519e+03
1.044527683615819569e+03
1.044181920903955188e+03
1.043934463276836368e+03
1.043802259887005903e+03
1.043784180790960590e+03
1.043867796610169762e+03
1.044051977401130216e+03
1.044317514124294121e+03
1.044680225988700840e+03
1.045134463276836414e+03
1.045677966101695347e+03
1.046300564971751555e+03
1.046993220338983292e+03
1.047776271186440908e+03
1.048625988700565358e+03
1.049542372881356187e+03
1.050528813559322316e+03
1.051584180790960772e+03
1.052714124293785517e+03
1.053891525423729263e+03
1.055133333333333667e+03
1.056419209039548150e+03
1.057761581920904064e+03
1.059098305084746016e+03
1.060194350282486084e+03
1.061054237288135937e+03
1.061688135593220522e+03
1.062101694915254484e+03
1.062264406779661385e+03
1.062177401129943974e+03
1.061866666666666788e+03
1.061302824858757276e+03
1.060506214689266017e+03
1.059472316384181113e+03
1.058204519774011715e+03
1.056715254237288264e+03
1.055200000000000273e+03
1.053706214689265835e+03
1.052241807909604859e+03
1.050809039548022838e+03
1.049425988700565085e+03
1.048080225988700704e+03
1.046819209039548241e+03
1.045637288135593280e+03
1.044529943502825063e+03
1.043515254237288445e+03
1.042596610169491669e+03
1.041793220338983247e+03
1.041093785310734575e+03
1.040519774011299432e+03
1.040059887005649898e+03
1.039737853107344790e+03
1.039524293785310874e+03
1.039451977401130080e+03
1.039490395480226198e+03
1.039657627118644541e+03
1.039945762711864745e+03
1.040383050847457980e+03
1.040948022598870239e+03
1.041637288135593280e+03
1.042429378531073780e+03
1.043369491525424110e+03
1.044416949152542657e+03
1.045568361581921181e+03
1.046847457627118729e+03
1.048228248587570761e+03
1.049726553672316641e+03
1.051325423728813803e+03
1.052928813559322180e+03
1.054366101694915415e+03
1.055638418079096482e+03
1.056749152542373167e+03
1.057664406779661476e+03
1.058400000000000318e+03
1.058945762711864745e+03
1.059316384180791374e+03
1.059474576271186834e+03
1.059439548022598956e+03
1.059211299435028423e+03
1.058771751412429694e+03
1.058142372881356323e+03
1.057300564971751783e+03
1.056277966101695256e+03
1.055062146892655619e+03
1.053671186440678184e+03
1.052279096045198003e+03
1.050957062146892895e+03
1.049724293785310920e+03
1.048575141242938116e+03
1.047524293785310874e+03
1.046589830508474734e+03
1.045759322033898570e+03
1.045032768361582157e+03
1.044424858757062339e+03
1.043938983050847582e+03
1.043564971751412713e+03
1.043316384180791147e+03
1.043166101694915596e+03
1.043146892655367537e+03
1.043214689265536890e+03
1.043402259887006039e+03
1.043687005649717776e+03
1.044070056497175301e+03
1.044543502824858933e+03
1.045102824858757231e+03
1.045758192090395596e+03
1.046481355932203542e+03
1.047289265536723406e+03
1.048170621468926811e+03
1.049118644067796822e+03
1.050160451977401408e+03
1.051271186440678321e+03
1.052456497175141521e+03
1.053705084745762861e+03
1.055022598870056754e+03
1.056387570621468967e+03
1.057805649717514370e+03
1.059268926553672372e+03
1.060493785310734665e+03
1.061512994350282497e+03
1.062288135593220431e+03
1.062841807909604540e+03
1.063162711864406901e+03
1.063228248587570761e+03
1.063053107344632963e+03
1.062640677966101975e+03
1.062006779661017163e+03
1.061109604519774166e+03
1.059986440677966357e+03
1.058639548022599229e+03
1.057080225988700704e+03
1.055412429378531215e+03
1.053771751412429467e+03
1.052144632768361816e+03
1.050579661016949331e+03
1.049058757062146924e+03
1.047588700564971987e+03
1.046180790960451986e+03
1.044868926553672281e+03
1.043631638418079092e+03
1.042490395480226198e+03
1.041458757062147015e+03
1.040538983050847492e+03
1.039729943502824881e+03
1.039044067796610307e+03
1.038483615819209263e+03
1.038038418079096118e+03
1.037719774011299705e+03
1.037527683615819114e+03
1.037471186440678139e+03
1.037540112994350466e+03
1.037744632768361953e+03
1.038077966101694983e+03
1.038546892655367174e+03
1.039129943502824972e+03
1.039854237288135664e+03
1.040701694915254393e+03
1.041663276836158275e+03
1.042742372881356005e+03
1.043929943502824926e+03
1.045242937853107378e+03
1.046657627118644086e+03
1.048178531073446493e+03
1.049763841807909785e+03
1.051210169491525448e+03
1.052487005649717503e+03
1.053581920903955051e+03
1.054480225988700795e+03
1.055222598870056572e+03
1.055778531073446629e+03
1.056116384180791101e+03
1.056268926553672372e+03
1.056211299435028195e+03
1.055948022598870239e+03
1.055476836158192327e+03
1.054824858757062202e+03
1.053976271186440954e+03
1.052925423728813712e+03
1.051682485875706334e+03
1.050261016949152918e+03
1.048906214689265880e+03
1.047622598870056663e+03
1.046435028248587969e+03
1.045338983050847673e+03
1.044348022598870330e+03
1.043445197740113144e+03
1.042647457627118911e+03
1.041969491525424019e+03
1.041398870056497344e+03
1.040933333333333621e+03
1.040587570621469240e+03
1.040357062146892986e+03
1.040228248587570761e+03
1.040207909604519955e+03
1.040299435028248809e+03
1.040492655367231919e+03
1.040793220338983247e+03
1.041186440677966402e+03
1.041674576271186652e+03
1.042230508474576482e+03
1.042889265536723315e+03
1.043624858757062157e+03
1.044431638418079274e+03
1.045302824858757276e+03
1.046256497175141249e+03
1.047289265536723178e+03
1.048398870056497344e+03
1.049548022598870148e+03
1.050781920903954870e+03
1.052079096045197730e+03
1.053427118644067832e+03
1.054813559322034052e+03
1.056235028248587696e+03
1.057425988700565085e+03
1.058388700564971714e+03
1.059145762711864336e+03
1.059645197740112962e+03
1.059910734463277095e+03
1.059944632768361771e+03
1.059736723163841816e+03
1.059285875706214938e+03
1.058585310734463292e+03
1.057636158192090534e+03
1.056472316384180886e+03
1.055066666666666833e+03
1.053457627118644268e+03
1.051855367231638411e+03
1.050287005649717685e+03
1.048757062146892849e+03
1.047264406779661385e+03
1.045827118644067923e+03
1.044454237288135801e+03
1.043167231638418343e+03
1.041955932203389921e+03
1.040842937853107514e+03
1.039830508474576391e+03
1.038922033898305244e+03
1.038122033898305290e+03
1.037450847457627333e+03
1.036890395480226289e+03
1.036464406779661203e+03
1.036159322033898661e+03
1.035977401129943701e+03
1.035941242937853303e+03
1.036028248587570715e+03
1.036231638418079228e+03
1.036584180790960545e+03
1.037051977401129989e+03
1.037656497175141340e+03
1.038379661016949058e+03
1.039255367231638502e+03
1.040238418079095936e+03
1.041363841807909466e+03
1.042599999999999909e+03
1.043954802259886947e+03
1.045412429378530987e+03
1.046964971751412349e+03
1.048604519774011351e+03
1.050205649717514007e+03
1.051644067796610216e+03
1.052912994350282588e+03
1.053996610169491532e+03
1.054900564971751464e+03
1.055627118644067878e+03
1.056137853107344654e+03
1.056442937853107424e+03
1.056564971751412486e+03
1.056476836158192100e+03
1.056187570621468922e+03
1.055693785310734484e+03
1.054996610169491305e+03
1.054097175141243042e+03
1.053016949152542338e+03
1.051732203389830374e+03
1.050277966101694801e+03
1.048853107344632917e+03
1.047518644067796686e+03
1.046257627118643995e+03
1.045089265536723133e+03
1.044023728813559273e+03
1.043062146892655392e+03
1.042214689265536663e+03
1.041472316384180886e+03
1.040846327683615755e+03
1.040341242937853167e+03
1.039948022598870011e+03
1.039668926553672463e+03
1.039503954802260068e+03
1.039444067796610398e+03
1.039492655367231691e+03
1.039635028248587787e+03
1.039900564971751464e+03
1.040235028248587696e+03
1.040680225988700613e+03
1.041206779661016981e+03
1.041816949152542520e+03
1.042523163841808127e+03
1.043307344632768491e+03
1.044151412429378524e+03
1.045075706214689490e+03
1.046090395480226107e+03
1.047158192090395460e+03
1.048318644067796640e+03
1.049544632768361680e+03
1.050829378531073644e+03
1.052153672316384473e+03
1.053549152542373122e+03
1.054894915254237503e+03
1.056023728813559501e+03
1.056908474576271374e+03
1.057554802259887310e+03
1.057963841807909830e+03
1.058136723163841907e+03
1.058073446327683769e+03
1.057769491525423973e+03
1.057219209039548332e+03
1.056425988700565085e+03
1.055393220338983156e+03
1.054126553672316277e+03
1.052628248587570624e+03
1.050977401129943473e+03
1.049354802259887038e+03
1.047763841807909557e+03
1.046190960451977389e+03
1.044670056497175210e+03
1.043204519774011260e+03
1.041803389830508422e+03
1.040467796610169444e+03
1.039210169491525448e+03
1.038048587570621294e+03
1.036990960451977344e+03
1.036033898305084676e+03
1.035192090395480136e+03
1.034468926553672190e+03
1.033867796610169535e+03
1.033379661016949285e+03
1.033019209039548059e+03
1.032787570621468831e+03
1.032674576271186424e+03
1.032693785310734484e+03
1.032859887005649625e+03
1.033135593220338933e+03
1.033532203389830556e+03
1.034087005649717412e+03
1.034750282485875687e+03
1.035550282485875869e+03
1.036470056497175165e+03
1.037505084745762815e+03
1.038668926553672463e+03
1.039927683615819205e+03
1.041298305084745607e+03
1.042779661016948921e+03
1.044341242937853167e+03
1.045907344632768400e+03
1.047324293785310601e+03
1.048572881355932168e+03
1.049636158192090306e+03
1.050525423728813621e+03
1.051205649717514007e+03
1.051702824858757140e+03
1.052000000000000000e+03
1.052105084745762724e+03
1.052006779661016935e+03
1.051714124293785289e+03
1.051205649717514234e+03
1.050506214689265562e+03
1.049603389830508604e+03
1.048515254237288218e+03
1.047248587570621567e+03
1.045845197740112781e+03
1.044535593220338797e+03
1.043283615819208990e+03
1.042114124293785153e+03
1.041051977401129989e+03
1.040102824858756776e+03
1.039231638418079001e+03
1.038484745762711782e+03
1.037847457627118729e+03
1.037317514124293666e+03
1.036903954802259705e+03
1.036602259887005403e+03
1.036405649717514279e+03
1.036326553672316550e+03
1.036357062146892531e+03
1.036482485875706061e+03
1.036707344632768354e+03
1.037047457627118547e+03
1.037470056497175165e+03
1.037961581920904109e+03
1.038554802259886856e+03
1.039231638418079228e+03
1.039983050847457662e+03
1.040820338983050988e+03
1.041718644067796731e+03
1.042693785310734484e+03
1.043748022598870193e+03
1.044858757062146879e+03
1.046053107344632735e+03
1.047306214689265516e+03
1.048622598870056663e+03
1.049994350282485811e+03
1.051398870056497117e+03
1.052728813559321907e+03
1.053838418079095845e+03
1.054724293785310692e+03
1.055389830508474461e+03
1.055824858757061975e+03
1.056016949152542338e+03
1.055979661016949194e+03
1.055685875706214574e+03
1.055151412429378524e+03
1.054387570621468967e+03
1.053405649717514279e+03
1.052183050847457707e+03
1.050751412429378433e+03
1.049140112994350147e+03
1.047553672316384109e+03
1.046003389830508468e+03
1.044472316384180886e+03
1.043009039548022429e+03
1.041599999999999909e+03
1.040265536723163677e+03
1.039013559322033871e+03
1.037829378531073417e+03
1.036757062146892622e+03
1.035786440677966084e+03
1.034910734463276867e+03
1.034135593220339160e+03
1.033502824858757094e+03
1.032988700564971623e+03
1.032594350282485721e+03
1.032327683615819296e+03
1.032190960451977389e+03
1.032189830508474643e+03
1.032311864406779478e+03
1.032561581920903791e+03
1.032944632768361544e+03
1.033448587570621385e+03
1.034091525423728854e+03
1.034861016949152599e+03
1.035757062146892622e+03
1.036770621468926493e+03
1.037907344632768400e+03
1.039174011299435051e+03
1.040552542372881362e+03
1.042015819209039591e+03
1.043588700564971759e+03
1.045214689265536890e+03
1.046687005649717548e+03
1.047979661016949194e+03
1.049114124293785608e+03
1.050070056497175301e+03
1.050845197740113235e+03
1.051427118644067832e+03
1.051825988700565176e+03
1.052019209039548059e+03
1.052022598870056754e+03
1.051840677966101794e+03
1.051444067796610398e+03
1.050850847457627424e+03
1.050068926553672554e+03
1.049091525423728854e+03
1.047937853107344608e+03
1.046610169491525539e+03
1.045159322033898434e+03
1.043811299435028332e+03
1.042538983050847492e+03
1.041357062146892531e+03
1.040264406779660931e+03
1.039284745762711736e+03
1.038400000000000091e+03
1.037623728813559410e+03
1.036951412429378706e+03
1.036410169491525266e+03
1.035977401129943473e+03
1.035639548022598774e+03
1.035423728813559364e+03
1.035308474576271237e+03
1.035303954802259796e+03
1.035379661016948830e+03
1.035570621468926674e+03
1.035853107344632690e+03
1.036216949152542384e+03
1.036680225988700613e+03
1.037212429378530942e+03
1.037833898305084858e+03
1.038524293785310874e+03
1.039299435028248581e+03
1.040150282485875778e+03
1.041074576271186515e+03
1.042075706214689262e+03
1.043149152542373031e+03
1.044280225988700749e+03
1.045466666666666697e+03
1.046720903954802225e+03
1.048020338983050806e+03
1.049363841807909466e+03
1.050579661016949103e+03
1.051566101694915233e+03
1.052316384180790919e+03
1.052830508474576391e+03
1.053126553672316277e+03
1.053168361581921090e+03
1.052977401129943473e+03
1.052548022598870148e+03
1.051879096045197912e+03
1.050977401129943473e+03
1.049816949152542293e+03
1.048445197740113144e+03
1.046864406779661067e+03
1.045268926553672372e+03
1.043709604519774075e+03
1.042171751412429330e+03
1.040673446327683450e+03
1.039219209039547877e+03
1.037836158192090352e+03
1.036511864406779750e+03
1.035265536723164132e+03
1.034106214689265698e+03
1.033044067796610307e+03
1.032076836158192236e+03
1.031228248587570761e+03
1.030482485875706288e+03
1.029858757062147106e+03
1.029349152542372849e+03
1.028951412429378706e+03
1.028690395480226016e+03
1.028557062146892804e+03
1.028543502824858933e+03
1.028663276836158275e+03
1.028910734463277095e+03
1.029277966101695029e+03
1.029770621468926493e+03
1.030383050847457525e+03
1.031135593220339160e+03
1.031986440677966129e+03
1.032963841807909830e+03
1.034075706214689262e+03
1.035317514124293893e+03
1.036640677966101748e+03
1.038059887005649898e+03
1.039574011299435142e+03
1.041178531073446266e+03
1.042665536723163768e+03
1.043958192090395642e+03
1.045087005649717639e+03
1.046042937853107333e+03
1.046807909604519864e+03
1.047376271186440817e+03
1.047738983050847537e+03
1.047918644067796777e+03
1.047877966101694938e+03
1.047648587570621658e+03
1.047197740112994325e+03
1.046571751412429421e+03
1.045743502824858751e+03
1.044720903954802452e+03
1.043505084745762815e+03
1.042127683615819024e+03
1.040793220338983019e+03
1.039558192090395551e+03
1.038393220338982928e+03
1.037324293785310601e+03
1.036340112994350420e+03
1.035472316384180886e+03
1.034689265536723269e+03
1.034024858757062248e+03
1.033470056497175392e+03
1.033029378531073689e+03
1.032689265536723269e+03
1.032470056497175165e+03
1.032354802259887038e+03
1.032337853107344699e+03
1.032418079096045403e+03
1.032597740112994416e+03
1.032866666666666788e+03
1.033221468926553825e+03
1.033672316384180704e+03
1.034188700564971896e+03
1.034801129943502929e+03
1.035492655367231691e+03
1.036257627118644223e+03
1.037094915254237321e+03
1.038012429378531124e+03
1.039004519774011442e+03
1.040070056497175301e+03
1.041183050847457707e+03
1.042364971751412668e+03
1.043603389830508604e+03
1.044899435028248718e+03
1.046248587570621567e+03
1.047632768361581839e+03
1.048853107344632690e+03
1.049849717514124222e+03
1.050615819209039728e+03
1.051141242937853121e+03
1.051445197740112917e+03
1.051510734463276776e+03
1.051328813559322043e+03
1.050919774011299523e+03
1.050287005649717685e+03
1.049420338983050897e+03
1.048319774011299614e+03
1.047002259887005721e+03
1.045480225988700568e+03
1.043919774011299523e+03
1.042381920903955006e+03
1.040884745762712100e+03
1.039430508474576527e+03
1.038021468926553780e+03
1.036693785310734484e+03
1.035430508474576527e+03
1.034271186440678093e+03
1.033187570621469149e+03
1.032206779661016981e+03
1.031333333333333485e+03
1.030564971751412486e+03
1.029925423728813712e+03
1.029395480225988649e+03
1.028995480225988786e+03
1.028707344632768582e+03
1.028553672316384336e+03
1.028523163841808127e+03
1.028613559322034007e+03
1.028831638418079137e+03
1.029194350282485857e+03
1.029673446327683678e+03
1.030271186440678321e+03
1.031010169491525630e+03
1.031861016949152599e+03
1.032842937853107514e+03
1.033944632768361771e+03
1.035164971751412622e+03
1.036484745762712009e+03
1.037926553672316459e+03
1.039451977401130080e+03
1.041066666666666606e+03
1.042568361581920954e+03
1.043918644067796777e+03
1.045096045197740295e+03
1.046106214689265698e+03
1.046945762711864518e+03
1.047590960451977480e+03
1.048070056497175301e+03
1.048338983050847673e+03
1.048428248587570806e+03
1.048326553672316550e+03
1.048028248587570943e+03
1.047534463276836505e+03
1.046829378531073644e+03
1.045967231638418298e+03
1.044907344632768400e+03
1.043664406779661249e+03
1.042262146892655437e+03
1.040903954802259932e+03
1.039615819209039728e+03
1.038430508474576527e+03
1.037329943502825017e+03
1.036343502824859115e+03
1.035450847457627333e+03
1.034662146892655528e+03
1.033974011299435006e+03
1.033400000000000091e+03
1.032954802259886947e+03
1.032609039548022793e+03
1.032376271186441045e+03
1.032242937853107378e+03
1.032220338983051079e+03
1.032268926553672372e+03
1.032445197740113144e+03
1.032717514124293984e+03
1.033059887005649898e+03
1.033489265536723224e+03
1.034005649717514416e+03
1.034615819209039955e+03
1.035292655367231873e+03
1.036045197740113281e+03
1.036883615819209354e+03
1.037792090395480500e+03
1.038788700564971805e+03
1.039837288135593553e+03
1.040968361581921044e+03
1.042160451977401408e+03
1.043387570621469195e+03
1.044681355932203587e+03
1.046028248587570943e+03
1.047196610169491805e+03
1.048145762711864563e+03
1.048853107344632917e+03
1.049349152542373076e+03
1.049623728813559410e+03
1.049662146892655528e+03
1.049477966101695074e+03
1.049044067796610307e+03
1.048392090395480409e+03
1.047500564971751601e+03
1.046380790960452032e+03
1.045032768361581930e+03
1.043484745762712009e+03
1.041894915254237503e+03
1.040345762711864609e+03
1.038821468926553734e+03
1.037329943502825017e+03
1.035862146892655574e+03
1.034476836158192327e+03
1.033149152542373031e+03
1.031890395480226289e+03
1.030716384180791010e+03
1.029655367231638593e+03
1.028664406779661022e+03
1.027777401129943428e+03
1.027004519774011442e+03
1.026345762711864609e+03
1.025812429378531306e+03
1.025371751412429603e+03
1.025072316384180795e+03
1.024892655367231782e+03
1.024842937853107514e+03
1.024907344632768627e+03
1.025091525423729081e+03
1.025402259887005812e+03
1.025850847457627424e+03
1.026407909604520000e+03
1.027094915254237321e+03
1.027907344632768400e+03
1.028829378531073644e+03
1.029892655367231782e+03
1.031059887005649898e+03
1.032328813559322043e+03
1.033708474576271328e+03
1.035161581920904155e+03
1.036698305084745925e+03
1.038148022598870284e+03
1.039429378531073780e+03
1.040567231638418434e+03
1.041491525423728945e+03
1.042261016949152918e+03
1.042823728813559683e+03
1.043202259887005766e+03
1.043375141242938071e+03
1.043351412429378797e+03
1.043124293785311011e+03
1.042705084745763088e+03
1.042092655367231828e+03
1.041288135593220431e+03
1.040287005649717685e+03
1.039092655367231828e+03
1.037729943502824881e+03
1.036433898305084767e+03
1.035194350282486084e+03
1.034033898305084904e+03
1.032975141242937980e+03
1.031995480225988786e+03
1.031133333333333667e+03
1.030367231638418161e+03
1.029699435028248672e+03
1.029138983050847628e+03
1.028694915254237458e+03
1.028360451977401226e+03
1.028118644067796822e+03
1.028002259887005948e+03
1.027989830508474824e+03
1.028071186440678048e+03
1.028239548022599138e+03
1.028512994350282497e+03
1.028867796610169535e+03
1.029334463276836232e+03
1.029880225988700658e+03
1.030482485875706516e+03
1.031166101694915369e+03
1.031935593220339115e+03
1.032776271186440908e+03
1.033685875706215029e+03
1.034672316384180931e+03
1.035731073446327855e+03
1.036857627118644359e+03
1.038039548022599092e+03
1.039290395480225925e+03
1.040588700564971987e+03
1.041931073446327900e+03
1.043322033898305108e+03
1.044601129943502883e+03
1.045657627118644314e+03
1.046490395480226198e+03
1.047099435028248763e+03
1.047472316384180886e+03
1.047610169491525539e+03
1.047506214689265562e+03
1.047158192090395687e+03
1.046583050847457798e+03
1.045760451977401317e+03
1.044698305084745925e+03
1.043431638418079274e+03
1.041924293785310965e+03
1.040364971751412668e+03
1.038832768361582112e+03
1.037326553672316550e+03
1.035855367231638638e+03
1.034445197740113144e+03
1.033102824858757231e+03
1.031832768361582112e+03
1.030653107344633099e+03
1.029570621468926674e+03
1.028568361581920954e+03
1.027685875706214802e+03
1.026910734463277095e+03
1.026253107344633008e+03
1.025701694915254393e+03
1.025272316384180840e+03
1.024975141242938207e+03
1.024797740112994688e+03
1.024752542372881635e+03
1.024833898305084858e+03
1.025051977401130216e+03
1.025376271186441045e+03
1.025837288135593553e+03
1.026437288135593462e+03
1.027153672316384473e+03
1.027997740112994506e+03
1.028971751412429512e+03
1.030065536723164087e+03
1.031293785310734620e+03
1.032611299435028286e+03
1.034045197740113053e+03
1.035579661016949558e+03
1.037197740112994325e+03
1.038774011299435188e+03
1.040212429378531397e+03
1.041479096045197821e+03
1.042575141242938116e+03
1.043487005649717730e+03
1.044210169491525448e+03
1.044740112994350511e+03
1.045084745762712146e+03
1.045233898305084949e+03
1.045184180790960454e+03
1.044941242937853303e+03
1.044508474576271055e+03
1.043871186440678230e+03
1.043042937853107560e+03
1.042031638418079183e+03
1.040831638418079365e+03
1.039471186440678139e+03
1.038079096045197730e+03
1.036755932203389875e+03
1.035514124293785471e+03
1.034377401129943792e+03
1.033335593220339206e+03
1.032385310734463474e+03
1.031542372881356187e+03
1.030830508474576391e+03
1.030211299435028423e+03
1.029711864406779796e+03
1.029320903954802361e+03
1.029048587570621748e+03
1.028882485875706379e+03
1.028819209039548241e+03
1.028856497175141158e+03
1.028971751412429512e+03
1.029200000000000045e+03
1.029519774011299432e+03
1.029926553672316459e+03
1.030403389830508559e+03
1.030974011299435006e+03
1.031625988700565131e+03
1.032345762711864609e+03
1.033152542372881499e+03
1.034027118644067741e+03
1.034980790960451941e+03
1.035989830508474824e+03
1.037082485875706425e+03
1.038229378531073507e+03
1.039441807909604677e+03
1.040705084745762633e+03
1.042029378531073689e+03
1.043285875706214938e+03
1.044333333333333485e+03
1.045161581920904155e+03
1.045766101694915506e+03
1.046132203389830693e+03
1.046267796610169626e+03
1.046162711864406901e+03
1.045800000000000182e+03
1.045225988700565267e+03
1.044423728813559592e+03
1.043369491525424110e+03
1.042087005649717867e+03
1.040595480225988922e+03
1.039036158192090625e+03
1.037484745762712009e+03
1.035970621468926765e+03
1.034485875706214756e+03
1.033061016949152645e+03
1.031685875706214802e+03
1.030378531073446538e+03
1.029129943502824972e+03
1.027968361581921044e+03
1.026902824858757185e+03
1.025932203389830647e+03
1.025065536723163859e+03
1.024298305084745834e+03
1.023659887005649807e+03
1.023128813559322111e+03
1.022720903954802338e+03
1.022439548022598956e+03
1.022267796610169739e+03
1.022231638418079228e+03
1.022318644067796640e+03
1.022523163841808014e+03
1.022864406779661067e+03
1.023333333333333485e+03
1.023931073446327787e+03
1.024637288135593280e+03
1.025466666666666697e+03
1.026439548022598956e+03
1.027512994350282497e+03
1.028708474576271328e+03
1.030013559322034098e+03
1.031410169491525494e+03
1.032890395480226289e+03
1.034447457627118638e+03
1.035908474576271374e+03
1.037172881355932532e+03
1.038270056497175119e+03
1.039205649717514234e+03
1.039948022598870239e+03
1.040509604519774030e+03
1.040867796610169535e+03
1.041016949152542566e+03
1.040978531073446447e+03
1.040736723163842044e+03
1.040299435028248809e+03
1.039668926553672463e+03
1.038853107344632917e+03
1.037822598870056481e+03
1.036619209039548196e+03
1.035221468926553825e+03
1.033872316384180976e+03
1.032590960451977480e+03
1.031396610169491623e+03
1.030285875706214938e+03
1.029283615819208990e+03
1.028370621468926856e+03
1.027569491525423928e+03
1.026882485875706379e+03
1.026309604519773984e+03
1.025822598870056481e+03
1.025472316384180886e+03
1.025242937853107378e+03
1.025111864406779659e+03
1.025110734463276913e+03
1.025184180790960454e+03
1.025346892655367355e+03
1.025620338983050942e+03
1.025985310734463383e+03
1.026438418079096209e+03
1.026979661016949194e+03
1.027616949152542475e+03
1.028328813559322043e+03
1.029116384180791101e+03
1.029983050847457889e+03
1.030912994350282588e+03
1.031941242937853303e+03
1.033023728813559501e+03
1.034181920903954961e+03
1.035394350282485902e+03
1.036687005649717548e+03
1.038035028248587878e+03
1.039445197740113144e+03
1.040890395480226061e+03
1.042200000000000273e+03
1.043298305084745834e+03
1.044172881355932077e+03
1.044812429378531306e+03
1.045228248587570761e+03
1.045397740112994370e+03
1.045328813559322043e+03
1.045019209039548059e+03
1.044472316384180886e+03
1.043682485875706334e+03
1.042663276836158502e+03
1.041412429378531215e+03
1.039957062146892895e+03
1.038282485875706243e+03
1.036645197740112962e+03
1.035035028248587651e+03
1.033459887005649762e+03
1.031931073446327900e+03
1.030470056497175392e+03
1.029088135593220613e+03
1.027779661016949376e+03
1.026568361581921181e+03
1.025446327683615891e+03
1.024437288135593462e+03
1.023541242937853326e+03
1.022749152542373054e+03
1.022076836158192350e+03
1.021524293785310874e+03
1.021090395480226221e+03
1.020785310734463451e+03
1.020614689265536754e+03
1.020566101694915460e+03
1.020629378531073598e+03
1.020842937853107514e+03
1.021188700564971896e+03
1.021667796610169717e+03
1.022265536723163905e+03
1.022988700564971850e+03
1.023858757062146992e+03
1.024845197740113235e+03
1.025961581920903882e+03
1.027171751412429558e+03
1.028507344632768309e+03
1.029948022598870239e+03
1.031455367231638547e+03
1.033055367231638456e+03
1.034609039548022793e+03
1.035994350282486266e+03
1.037220338983051079e+03
1.038261016949152690e+03
1.039115254237288354e+03
1.039789830508474779e+03
1.040272316384180840e+03
1.040561581920904246e+03
1.040651977401130125e+03
1.040540112994350238e+03
1.040236158192090443e+03
1.039741242937853258e+03
1.039045197740113053e+03
1.038152542372881271e+03
1.037090395480226107e+03
1.035837288135593553e+03
1.034465536723163950e+03
1.033168361581921090e+03
1.031948022598870011e+03
1.030818079096045267e+03
1.029792090395480272e+03
1.028850847457627196e+03
1.028011299435028377e+03
1.027288135593220431e+03
1.026667796610169717e+03
1.026160451977401181e+03
1.025759322033898343e+03
1.025476836158192327e+03
1.025312994350282679e+03
1.025244067796610125e+03
1.025270056497175119e+03
1.025400000000000091e+03
1.025632768361581839e+03
1.025949152542372985e+03
1.026348022598870102e+03
1.026840677966101794e+03
1.027418079096045176e+03
1.028075706214689490e+03
1.028800000000000182e+03
1.029632768361582066e+03
1.030512994350282497e+03
1.031484745762712009e+03
1.032523163841808127e+03
1.033640677966101748e+03
1.034809039548022838e+03
1.036042937853107560e+03
1.037350282485875596e+03
1.038700564971751646e+03
1.040094915254237321e+03
1.041285875706214938e+03
1.042256497175141249e+03
1.043000000000000227e+03
1.043516384180791192e+03
1.043787570621469058e+03
1.043847457627118729e+03
1.043650847457627151e+03
1.043212429378530942e+03
1.042532203389830556e+03
1.041637288135593280e+03
1.040492655367231691e+03
1.039126553672316277e+03
1.037548022598870148e+03
1.035943502824858797e+03
1.034363841807909694e+03
1.032814689265536799e+03
1.031315254237288173e+03
1.029872316384180976e+03
1.028494915254237412e+03
1.027193220338983110e+03
1.025962711864406856e+03
1.024818079096045267e+03
1.023776271186440681e+03
1.022859887005649739e+03
1.022031638418079183e+03
1.021301694915254302e+03
1.020702824858757140e+03
1.020235028248587582e+03
1.019892655367231669e+03
1.019658757062146833e+03
1.019558192090395551e+03
1.019612429378531033e+03
1.019766101694915278e+03
1.020050847457627128e+03
1.020471186440677911e+03
1.021015819209039591e+03
1.021683615819209081e+03
1.022482485875706175e+03
1.023406779661017026e+03
1.024458757062147015e+03
1.025629378531073598e+03
1.026922033898305017e+03
1.028319774011299387e+03
1.029804519774011169e+03
1.031370621468926402e+03
1.033006779661016935e+03
1.034485875706214529e+03
1.035809039548022611e+03
1.036950282485875732e+03
1.037902824858756958e+03
1.038661016949152554e+03
1.039232768361581975e+03
1.039590960451977480e+03
1.039754802259887128e+03
1.039728813559322134e+03
1.039498305084745652e+03
1.039062146892655164e+03
1.038420338983050897e+03
1.037584180790960318e+03
1.036580790960451850e+03
1.035362711864406720e+03
1.033959322033898388e+03
1.032551412429378615e+03
1.031206779661016981e+03
1.029963841807909603e+03
1.028797740112994234e+03
1.027735593220339069e+03
1.026769491525423746e+03
1.025923163841807764e+03
1.025180790960451986e+03
1.024540112994350466e+03
1.024018079096045312e+03
1.023601129943502883e+03
1.023291525423728899e+03
1.023099435028248763e+03
1.022985310734463383e+03
1.022987570621468990e+03
1.023093785310734575e+03
1.023285875706214824e+03
1.023581920903954824e+03
1.023964971751412577e+03
1.024433898305084767e+03
1.024979661016949194e+03
1.025607909604519818e+03
1.026335593220338978e+03
1.027132203389830465e+03
1.028002259887005948e+03
1.028957062146892667e+03
1.029989830508474824e+03
1.031088135593220613e+03
1.032257627118644223e+03
1.033496045197740159e+03
1.034774011299435188e+03
1.036119774011299569e+03
1.037494915254237185e+03
1.038700564971751419e+03
1.039696045197740204e+03
1.040468926553672190e+03
1.041011299435028150e+03
1.041317514124293666e+03
1.041376271186440590e+03
1.041196610169491578e+03
1.040778531073446175e+03
1.040127683615819251e+03
1.039230508474576254e+03
1.038125423728813530e+03
1.036788700564971805e+03
1.035238418079095936e+03
1.033623728813559410e+03
1.032044067796610307e+03
1.030493785310734438e+03
1.028983050847457662e+03
1.027540112994350238e+03
1.026158192090395460e+03
1.024848587570621476e+03
1.023627118644067878e+03
1.022489265536723224e+03
1.021453107344632826e+03
1.020523163841808014e+03
1.019691525423728763e+03
1.018985310734463269e+03
1.018406779661017026e+03
1.017942372881355936e+03
1.017592090395480227e+03
1.017368361581920908e+03
1.017285875706214711e+03
1.017312994350282565e+03
1.017456497175141294e+03
1.017745762711864472e+03
1.018169491525423723e+03
1.018728813559322020e+03
1.019411299435028241e+03
1.020223728813559319e+03
1.021162711864406674e+03
1.022210169491525448e+03
1.023384180790960500e+03
1.024666666666666742e+03
1.026056497175141430e+03
1.027542372881355959e+03
1.029114124293785153e+03
1.030697175141242951e+03
1.032102824858757003e+03
1.033343502824858660e+03
1.034423728813559364e+03
1.035315254237288173e+03
1.036032768361581930e+03
1.036546892655367174e+03
1.036864406779661067e+03
1.036993220338983065e+03
1.036933333333333394e+03
1.036659887005649580e+03
1.036188700564971896e+03
1.035528813559321861e+03
1.034677966101694892e+03
1.033635028248587560e+03
1.032410169491525266e+03
1.031000000000000000e+03
1.029635028248587560e+03
1.028361581920903973e+03
1.027171751412429330e+03
1.026067796610169353e+03
1.025075706214689262e+03
1.024196610169491578e+03
1.023392090395480182e+03
1.022707344632768354e+03
1.022132203389830465e+03
1.021672316384180931e+03
1.021328813559322043e+03
1.021082485875706311e+03
1.020946892655367265e+03
1.020914124293785335e+03
1.020979661016949194e+03
1.021128813559321998e+03
1.021386440677966107e+03
1.021718644067796617e+03
1.022125423728813530e+03
1.022645197740112962e+03
1.023230508474576254e+03
1.023897175141242997e+03
1.024659887005649580e+03
1.025481355932203314e+03
1.026375141242937843e+03
1.027351412429378342e+03
1.028394350282485902e+03
1.029522033898304926e+03
1.030697175141242951e+03
1.031938983050847582e+03
1.033239548022598683e+03
1.034581920903954824e+03
1.035915254237288082e+03
1.037021468926553553e+03
1.037927683615819205e+03
1.038605649717514098e+03
1.039033898305084676e+03
1.039227118644067787e+03
1.039201129943502792e+03
1.038918644067796549e+03
1.038409039548022520e+03
1.037661016949152781e+03
1.036675706214689399e+03
1.035464406779661203e+03
1.034041807909604358e+03
1.032414689265536708e+03
1.030804519774011169e+03
1.029225988700564812e+03
1.027682485875706107e+03
1.026171751412429330e+03
1.024732203389830374e+03
1.023353672316384063e+03
1.022051977401129875e+03
1.020835028248587605e+03
1.019705084745762861e+03
1.018670056497175210e+03
1.017752542372881408e+03
1.016942372881356050e+03
1.016250847457627287e+03
1.015670056497175210e+03
1.015202259887005766e+03
1.014854237288135664e+03
1.014637288135593280e+03
1.014542372881356073e+03
1.014579661016949217e+03
1.014757062146892622e+03
1.015049717514124268e+03
1.015471186440678025e+03
1.016015819209039591e+03
1.016693785310734484e+03
1.017499435028248627e+03
1.018430508474576300e+03
1.019498305084745880e+03
1.020674576271186424e+03
1.021955932203389921e+03
1.023317514124293893e+03
1.024790960451977526e+03
1.026337853107344699e+03
1.027906214689265653e+03
1.029333333333333485e+03
1.030571751412429421e+03
1.031648587570621658e+03
1.032536723163841771e+03
1.033245197740113099e+03
1.033764971751412531e+03
1.034077966101694983e+03
1.034214689265536890e+03
1.034149152542373031e+03
1.033865536723164041e+03
1.033412429378531215e+03
1.032767231638418252e+03
1.031928813559322180e+03
1.030903954802260159e+03
1.029698305084745925e+03
1.028318644067796640e+03
1.026995480225988558e+03
1.025748022598869966e+03
1.024603389830508604e+03
1.023555932203389943e+03
1.022595480225988695e+03
1.021743502824858751e+03
1.020992090395480318e+03
1.020346892655367355e+03
1.019813559322033939e+03
1.019395480225988763e+03
1.019082485875706197e+03
1.018857627118644132e+03
1.018741242937853144e+03
1.018732203389830602e+03
1.018814689265536799e+03
1.018983050847457662e+03
1.019257627118644223e+03
1.019607909604519932e+03
1.020041807909604586e+03
1.020562711864406879e+03
1.021176271186440772e+03
1.021868926553672509e+03
1.022640677966101862e+03
1.023489265536723224e+03
1.024411299435028241e+03
1.025409039548022747e+03
1.026475706214689353e+03
1.027618079096045221e+03
1.028818079096045039e+03
1.030084745762711918e+03
1.031378531073446538e+03
1.032733333333333576e+03
1.034067796610169580e+03
1.035171751412429330e+03
1.036054237288135710e+03
1.036726553672316641e+03
1.037166101694915369e+03
1.037363841807909921e+03
1.037341242937853167e+03
1.037065536723163859e+03
1.036561581920904246e+03
1.035815819209039546e+03
1.034846327683615982e+03
1.033675706214689399e+03
1.032280225988700749e+03
1.030679096045197866e+03
1.029070056497175301e+03
1.027502824858757322e+03
1.025974011299435006e+03
1.024499435028248627e+03
1.023096045197740295e+03
1.021759322033898343e+03
1.020496045197740159e+03
1.019332203389830511e+03
1.018256497175141362e+03
1.017277966101695029e+03
1.016414689265536708e+03
1.015648587570621544e+03
1.015021468926553780e+03
1.014499435028248627e+03
1.014109604519774052e+03
1.013845197740113008e+03
1.013697175141242951e+03
1.013672316384180817e+03
1.013784180790960477e+03
1.014015819209039591e+03
1.014377401129943564e+03
1.014872316384180863e+03
1.015494915254237412e+03
1.016241807909604631e+03
1.017116384180790988e+03
1.018108474576271306e+03
1.019222598870056572e+03
1.020455367231638320e+03
1.021787570621468944e+03
1.023227118644067900e+03
1.024753672316384382e+03
1.026343502824858888e+03
1.027798870056497208e+03
1.029089265536723133e+03
1.030206779661016981e+03
1.031160451977401181e+03
1.031928813559322180e+03
1.032514124293785244e+03
1.032900564971751464e+03
1.033100564971751510e+03
1.033103954802259977e+03
1.032911864406779614e+03
1.032531073446327810e+03
1.031962711864406629e+03
1.031186440677965948e+03
1.030231638418079001e+03
1.029109604519774166e+03
1.027802259887005675e+03
1.026414689265536708e+03
1.025106214689265471e+03
1.023889265536723315e+03
1.022752542372881408e+03
1.021700564971751419e+03
1.020750282485875687e+03
1.019911864406779841e+03
1.019184180790960454e+03
1.018544632768361680e+03
1.018024858757062248e+03
1.017613559322034007e+03
1.017305084745762883e+03
1.017090395480226107e+03
1.016988700564971850e+03
1.016990960451977458e+03
1.017071186440678048e+03
1.017237288135593190e+03
1.017497175141243133e+03
1.017859887005649739e+03
1.018296045197740114e+03
1.018813559322034052e+03
1.019416949152542429e+03
1.020094915254237321e+03
1.020857627118644132e+03
1.021689265536723269e+03
1.022602259887005744e+03
1.023581920903954824e+03
1.024648587570621658e+03
1.025760451977401090e+03
1.026937853107344836e+03
1.028170621468926583e+03
1.029467796610169671e+03
1.030788700564971805e+03
1.031917514124294030e+03
1.032809039548022611e+03
1.033499435028248627e+03
1.033944632768361771e+03
1.034172881355932077e+03
1.034155932203389966e+03
1.033910734463276867e+03
1.033427118644067832e+03
1.032708474576271328e+03
1.031751412429378433e+03
1.030570621468926674e+03
1.029175141242937798e+03
1.027584180790960545e+03
1.026011299435028377e+03
1.024470056497175165e+03
1.022958192090395642e+03
1.021485875706214870e+03
1.020077966101694983e+03
1.018729943502824881e+03
1.017458757062146901e+03
1.016270056497175233e+03
1.015171751412429444e+03
1.014149152542372917e+03
1.013244067796610238e+03
1.012445197740113031e+03
1.011758192090395596e+03
1.011183050847457707e+03
1.010732203389830488e+03
1.010397740112994370e+03
1.010181920903954847e+03
1.010093785310734575e+03
1.010124293785310783e+03
1.010274576271186447e+03
1.010545762711864427e+03
1.010943502824858797e+03
1.011470056497175278e+03
1.012138983050847514e+03
1.012923163841807991e+03
1.013822598870056481e+03
1.014853107344632804e+03
1.015993220338983065e+03
1.017232768361581975e+03
1.018570621468926674e+03
1.020011299435028377e+03
1.021523163841807900e+03
1.023101694915254257e+03
1.024572881355932168e+03
1.025881355932203405e+03
1.027021468926553780e+03
1.027971751412429512e+03
1.028754802259887128e+03
1.029336723163841725e+03
1.029711864406779796e+03
1.029888135593220341e+03
1.029887005649717594e+03
1.029683615819209081e+03
1.029289265536723406e+03
1.028698305084745925e+03
1.027919774011299523e+03
1.026953672316384200e+03
1.025793220338983247e+03
1.024442937853107424e+03
1.023119774011299569e+03
1.021873446327683723e+03
1.020725423728813666e+03
1.019653107344632872e+03
1.018688135593220409e+03
1.017818079096045267e+03
1.017047457627118774e+03
1.016376271186440817e+03
1.015815819209039546e+03
1.015367231638418161e+03
1.015006779661016935e+03
1.014753672316384268e+03
1.014625988700565017e+03
1.014567231638418207e+03
1.014614689265536754e+03
1.014750282485875800e+03
1.014979661016949194e+03
1.015287005649717571e+03
1.015682485875706334e+03
1.016167231638418116e+03
1.016725423728813666e+03
1.017378531073446311e+03
1.018084745762711918e+03
1.018877966101694938e+03
1.019753672316384154e+03
1.020688135593220295e+03
1.021701694915254166e+03
1.022766101694915278e+03
1.023926553672316459e+03
1.025124293785310783e+03
1.026383050847457525e+03
1.027673446327683450e+03
1.029024858757062248e+03
1.030197740112994325e+03
1.031143502824858842e+03
1.031873446327683723e+03
1.032370621468926402e+03
1.032632768361581839e+03
1.032688135593220522e+03
1.032487005649717503e+03
1.032084745762711918e+03
1.031441807909604677e+03
1.030562711864406992e+03
1.029476836158192100e+03
1.028187570621468922e+03
1.026699435028248672e+03
1.025134463276836186e+03
1.023616949152542475e+03
1.022127683615819251e+03
1.020682485875706334e+03
1.019314124293785426e+03
1.017993220338983178e+03
1.016764971751412531e+03
1.015603389830508490e+03
1.014542372881355959e+03
1.013590960451977480e+03
1.012723163841807946e+03
1.011967231638418070e+03
1.011322033898305108e+03
1.010793220338983133e+03
1.010387570621468967e+03
1.010105084745762724e+03
1.009943502824858797e+03
1.009903954802259932e+03
1.009980790960451941e+03
1.010179661016949240e+03
1.010507344632768422e+03
1.010975141242937752e+03
1.011555932203389830e+03
1.012264406779661044e+03
1.013100564971751510e+03
1.014040677966101725e+03
1.015122033898305062e+03
1.016298305084745834e+03
1.017589830508474620e+03
1.018967231638418070e+03
1.020438418079095982e+03
1.021976271186440727e+03
1.023416949152542429e+03
1.024684745762711827e+03
1.025793220338983019e+03
1.026742372881356005e+03
1.027522033898305153e+03
1.028115254237288354e+03
1.028512994350282497e+03
1.028736723163841816e+03
1.028775141242937934e+03
1.028598870056497162e+03
1.028266666666666652e+03
1.027744632768361498e+03
1.027032768361581930e+03
1.026127683615819024e+03
1.025027118644067741e+03
1.023779661016949376e+03
1.022428248587570693e+03
1.021152542372881499e+03
1.019955932203389921e+03
1.018858757062146879e+03
1.017858757062146879e+03
1.016946892655367265e+03
1.016122033898305062e+03
1.015422598870056618e+03
1.014835028248587605e+03
1.014335593220338978e+03
1.013959322033898388e+03
1.013673446327683678e+03
1.013488135593220363e+03
1.013416949152542429e+03
1.013431638418079046e+03
1.013552542372881362e+03
1.013755932203389875e+03
1.014062146892655392e+03
1.014444067796610170e+03
1.014898305084745743e+03
1.015447457627118638e+03
1.016077966101694869e+03
1.016786440677966084e+03
1.017562711864406765e+03
1.018424858757062111e+03
1.019369491525423769e+03
1.020387570621468853e+03
1.021459887005649648e+03
1.022598870056497162e+03
1.023790960451977412e+03
1.025051977401129989e+03
1.026366101694915415e+03
1.027723163841807946e+03
1.028881355932203405e+03
1.029820338983050988e+03
1.030558192090395551e+03
1.031061016949152418e+03
1.031332203389830511e+03
1.031350282485875596e+03
1.031150282485875778e+03
1.030714124293785289e+03
1.030040677966101612e+03
1.029137853107344654e+03
1.028014689265536617e+03
1.026663276836158275e+03
1.025098305084745789e+03
1.023487005649717503e+03
1.021905084745762792e+03
1.020364971751412440e+03
1.018846327683615755e+03
1.017395480225988763e+03
1.016004519774011214e+03
1.014668926553672236e+03
1.013438418079096095e+03
1.012290395480226039e+03
1.011223728813559319e+03
1.010265536723163791e+03
1.009414689265536708e+03
1.008672316384180704e+03
1.008056497175141203e+03
1.007534463276836050e+03
1.007144632768361589e+03
1.006877966101694824e+03
1.006729943502824881e+03
1.006708474576271101e+03
1.006816949152542293e+03
1.007040677966101612e+03
1.007394350282485675e+03
1.007876836158191963e+03
1.008471186440677911e+03
1.009204519774011260e+03
1.010068926553672327e+03
1.011040677966101612e+03
1.012128813559321998e+03
1.013327683615819183e+03
1.014644067796610102e+03
1.016038418079096004e+03
1.017525423728813621e+03
1.019101694915254257e+03
1.020588700564971646e+03
1.021903954802259932e+03
1.023061016949152418e+03
1.024028248587570488e+03
1.024805649717514370e+03
1.025371751412429376e+03
1.025766101694915051e+03
1.025955932203389693e+03
1.025954802259886947e+03
1.025753672316384154e+03
1.025355932203389784e+03
1.024758192090395369e+03
1.023963841807909603e+03
1.022984180790960409e+03
1.021818079096045153e+03
1.020474576271186379e+03
1.019146892655367083e+03
1.017911864406779614e+03
1.016727683615819160e+03
1.015642937853107242e+03
1.014659887005649580e+03
1.013771751412429353e+03
1.012971751412429285e+03
1.012279096045197662e+03
1.011701694915254166e+03
1.011222598870056459e+03
1.010851977401129830e+03
1.010587570621468785e+03
1.010427118644067832e+03
1.010359322033898252e+03
1.010377401129943451e+03
1.010503954802259841e+03
1.010714124293785289e+03
1.010997740112994393e+03
1.011377401129943564e+03
1.011837288135593212e+03
1.012384180790960500e+03
1.013004519774011328e+03
1.013715254237288036e+03
1.014512994350282497e+03
1.015371751412429376e+03
1.016320903954802247e+03
1.017323163841807855e+03
1.018389830508474574e+03
1.019529943502824835e+03
1.020724293785310806e+03
1.021964971751412577e+03
1.023265536723163791e+03
1.024592090395480227e+03
1.025819209039548241e+03
1.026836158192090352e+03
1.027642937853107242e+03
1.028207909604519728e+03
1.028546892655367174e+03
1.028653107344632645e+03
1.028510734463277004e+03
1.028123163841808037e+03
1.027524293785310647e+03
1.026689265536723042e+03
1.025630508474576345e+03
1.024364971751412213e+03
1.022872316384180749e+03
1.021311864406779705e+03
1.019784180790960363e+03
1.018297175141242860e+03
1.016855367231638411e+03
1.015474576271186379e+03
1.014158192090395460e+03
1.012925423728813598e+03
1.011761581920903950e+03
1.010690395480226016e+03
1.009726553672316413e+03
1.008862146892655346e+03
1.008107344632768331e+03
1.007474576271186379e+03
1.006961581920903882e+03
1.006554802259886969e+03
1.006272316384180726e+03
1.006112994350282406e+03
1.006076836158192009e+03
1.006164971751412395e+03
1.006393220338982928e+03
1.006745762711864245e+03
1.007222598870056345e+03
1.007832768361581884e+03
1.008569491525423587e+03
1.009427118644067718e+03
1.010412429378530987e+03
1.011529943502824835e+03
1.012740112994350170e+03
1.014053107344632735e+03
1.015496045197740045e+03
1.017021468926553553e+03
1.018628248587570511e+03
1.020168361581920863e+03
1.021545762711864313e+03
1.022748022598869966e+03
1.023786440677966084e+03
1.024644067796610216e+03
1.025328813559322043e+03
1.025814689265536572e+03
1.026125423728813530e+03
1.026241807909604631e+03
1.026168361581920863e+03
1.025908474576271146e+03
1.025457627118643813e+03
1.024823728813559228e+03
1.023996610169491419e+03
1.022996610169491532e+03
1.021803389830508536e+03
1.020436158192090375e+03
1.019074576271186402e+03
1.017809039548022497e+03
1.016625988700564903e+03
1.015532203389830443e+03
1.014542372881355732e+03
1.013661016949152440e+03
1.012881355932203405e+03
1.012190960451977162e+03
1.011635028248587332e+03
1.011186440677965948e+03
1.010824858757061975e+03
1.010584180790960318e+03
1.010442937853107196e+03
1.010413559322033734e+03
1.010479096045197593e+03
1.010657627118643859e+03
1.010916384180790828e+03
1.011270056497175119e+03
1.011711864406779569e+03
1.012235028248587469e+03
1.012841807909604427e+03
1.013536723163841657e+03
1.014308474576271124e+03
1.015168361581920749e+03
1.016110734463276685e+03
1.017128813559321884e+03
1.018210169491525221e+03
1.019364971751412327e+03
1.020579661016949103e+03
1.021850847457626969e+03
1.023205649717514007e+03
1.024605649717514098e+03
1.025818079096045039e+03
1.026828248587570442e+03
1.027616949152542020e+03
1.028194350282485630e+03
1.028519774011299432e+03
1.028630508474576345e+03
1.028500564971751373e+03
1.028131073446327719e+03
1.027532203389830329e+03
1.026702824858756912e+03
1.025646327683615709e+03
1.024362711864406720e+03
1.022870056497175028e+03
1.021176271186440545e+03
1.019529943502824835e+03
1.017909604519773893e+03
1.016320903954802134e+03
1.014796610169491260e+03
1.013325423728813462e+03
1.011917514124293575e+03
1.010596610169491441e+03
1.009354802259886810e+03
1.008222598870056345e+03
1.007162711864406560e+03
1.006236158192090215e+03
1.005389830508474461e+03
1.004666666666666515e+03
1.004073446327683541e+03
1.003586440677966038e+03
1.003223728813559205e+03
1.002983050847457662e+03
1.002865536723163814e+03
1.002879096045197684e+03
1.003019209039547945e+03
1.003297175141242860e+03
1.003697175141242838e+03
1.004225988700564812e+03
1.004883615819208899e+03
1.005664406779660908e+03
1.006569491525423587e+03
1.007602259887005403e+03
1.008737853107344336e+03
1.009980790960451827e+03
1.011332203389830397e+03
1.012758192090395369e+03
1.014259887005649603e+03
1.015828248587570556e+03
1.017229378531073394e+03
1.018458757062146788e+03
1.019522033898305040e+03
1.020396610169491396e+03
1.021075706214689262e+03
1.021564971751412372e+03
1.021855367231638297e+03
1.021954802259886947e+03
1.021863276836158093e+03
1.021557062146892576e+03
1.021070056497175074e+03
1.020383050847457525e+03
1.019499435028248513e+03
1.018425988700564858e+03
1.017178531073446152e+03
1.015820338983050760e+03
1.014540112994350125e+03
1.013344632768361407e+03
1.012233898305084608e+03
1.011212429378530942e+03
1.010277966101694801e+03
1.009440677966101703e+03
1.008710734463276708e+03
1.008093785310734347e+03
1.007578531073446243e+03
1.007169491525423609e+03
1.006844067796610034e+03
1.006641807909604495e+03
1.006525423728813507e+03
1.006494915254237185e+03
1.006593220338982974e+03
1.006760451977401090e+03
1.007020338983050806e+03
1.007364971751412327e+03
1.007804519774011169e+03
1.008327683615819069e+03
1.008926553672316231e+03
1.009594350282485721e+03
1.010358192090395391e+03
1.011193220338982997e+03
1.012101694915254257e+03
1.013091525423728740e+03
1.014148022598870057e+03
1.015254237288135528e+03
1.016451977401129852e+03
1.017698305084745698e+03
1.018984180790960295e+03
1.020323163841807855e+03
1.021653107344632645e+03
1.022762711864406583e+03
1.023662146892655301e+03
1.024326553672316322e+03
1.024755932203389648e+03
1.024969491525423564e+03
1.024933333333333167e+03
1.024649717514124177e+03
1.024132203389830465e+03
1.023393220338982928e+03
1.022416949152542315e+03
1.021224858757062066e+03
1.019810169491525357e+03
1.018221468926553598e+03
1.016649717514124177e+03
1.015108474576271192e+03
1.013602259887005630e+03
1.012159322033898206e+03
1.010785310734463110e+03
1.009482485875706061e+03
1.008275706214689080e+03
1.007143502824858615e+03
1.006127683615819024e+03
1.005193220338982883e+03
1.004375141242937843e+03
1.003681355932203360e+03
1.003106214689265471e+03
1.002647457627118570e+03
1.002306214689265516e+03
1.002097175141242928e+03
1.001997740112994279e+03
1.002036158192090284e+03
1.002202259887005539e+03
1.002494915254237185e+03
1.002927683615819205e+03
1.003484745762711782e+03
1.004166101694915142e+03
1.004993220338982951e+03
1.005929943502824699e+03
1.007003389830508468e+03
1.008195480225988604e+03
1.009498305084745652e+03
1.010897175141242769e+03
1.012409039548022520e+03
1.014001129943502747e+03
1.015655367231638252e+03
1.017205649717513893e+03
1.018590960451977253e+03
1.019811299435028104e+03
1.020842937853107173e+03
1.021681355932203132e+03
1.022329943502824563e+03
1.022787570621468831e+03
1.023055367231638229e+03
1.023138983050847401e+03
1.023007909604519682e+03
1.022676836158192032e+03
1.022169491525423609e+03
1.021472316384180658e+03
1.020577401129943382e+03
1.019500564971751260e+03
1.018222598870056345e+03
1.016781920903954642e+03
1.015421468926553530e+03
1.014135593220338819e+03
1.012942372881355823e+03
1.011838418079095845e+03
1.010847457627118501e+03
1.009948022598870011e+03
1.009163841807909421e+03
1.008473446327683519e+03
1.007898305084745630e+03
1.007433898305084540e+03
1.007073446327683541e+03
1.006812429378530965e+03
1.006659887005649580e+03
1.006593220338982860e+03
1.006645197740112962e+03
1.006777401129943314e+03
1.007002259887005494e+03
1.007308474576271010e+03
1.007709604519773848e+03
1.008190960451977276e+03
1.008768361581920772e+03
1.009424858757061997e+03
1.010171751412429217e+03
1.010995480225988558e+03
1.011885875706214506e+03
1.012861016949152486e+03
1.013908474576271033e+03
1.015028248587570488e+03
1.016206779661016753e+03
1.017437288135593121e+03
1.018731073446327628e+03
1.020080225988700477e+03
1.021298305084745607e+03
1.022300564971751328e+03
1.023076836158192009e+03
1.023633898305084585e+03
1.023952542372881226e+03
1.024031638418078728e+03
1.023872316384180522e+03
1.023479096045197480e+03
1.022857627118643904e+03
1.022005649717513961e+03
1.020920903954802156e+03
1.019635028248587560e+03
1.018108474576271192e+03
1.016489265536723110e+03
1.014896045197740023e+03
1.013335593220338865e+03
1.011832768361581884e+03
1.010368361581920794e+03
1.008957062146892554e+03
1.007633898305084699e+03
1.006409039548022520e+03
1.005250847457626946e+03
1.004196610169491464e+03
1.003246327683615732e+03
1.002392090395480182e+03
1.001644067796609988e+03
1.001014689265536617e+03
1.000499435028248399e+03
1.000109604519773939e+03
9.998338983050846309e+02
9.996858757062145742e+02
9.996700564971749827e+02
9.997785310734461746e+02
1.000014689265536617e+03
1.000370621468926402e+03
1.000854237288135550e+03
1.001463276836158002e+03
1.002199999999999818e+03
1.003068926553672213e+03
1.004050847457627015e+03
1.005142372881355868e+03
1.006340112994350193e+03
1.007641807909604495e+03
1.009019209039548059e+03
1.010490395480225970e+03
1.012027118644067741e+03
1.013496045197740045e+03
1.014778531073446175e+03
1.015896045197740023e+03
1.016827118644067696e+03
1.017584180790960318e+03
1.018135593220338819e+03
1.018502824858756981e+03
1.018676836158191918e+03
1.018670056497174983e+03
1.018453107344632713e+03
1.018049717514124268e+03
1.017462146892655255e+03
1.016670056497174983e+03
1.015692655367231509e+03
1.014517514124293712e+03
1.013167231638418002e+03
1.011872316384180749e+03
1.010648587570621430e+03
1.009512994350282497e+03
1.008479096045197707e+03
1.007524293785310647e+03
1.006665536723163768e+03
1.005910734463276754e+03
1.005261016949152463e+03
1.004708474576271101e+03
1.004256497175141135e+03
1.003919774011299296e+03
1.003685875706214688e+03
1.003542372881355845e+03
1.003492655367231464e+03
1.003542372881355845e+03
1.003682485875706107e+03
1.003915254237288082e+03
1.004241807909604404e+03
1.004641807909604495e+03
1.005120903954802088e+03
1.005688135593220181e+03
1.006325423728813462e+03
1.007054237288135482e+03
1.007874576271186356e+03
1.008769491525423632e+03
1.009725423728813439e+03
1.010764971751412304e+03
1.011879096045197684e+03
1.013056497175141203e+03
1.014280225988700522e+03
1.015561581920903905e+03
1.016908474576271146e+03
1.018294915254237139e+03
1.019505084745762588e+03
1.020496045197739932e+03
1.021248587570621339e+03
1.021794350282485766e+03
1.022093785310734347e+03
1.022146892655367196e+03
1.021972881355932032e+03
1.021568361581920840e+03
1.020933333333333167e+03
1.020064406779660885e+03
1.018984180790960409e+03
1.017682485875706107e+03
1.016178531073446266e+03
1.014541242937852985e+03
1.012918644067796549e+03
1.011357062146892531e+03
1.009842937853107173e+03
1.008377401129943451e+03
1.006988700564971623e+03
1.005677966101694892e+03
1.004441807909604449e+03
1.003308474576271010e+03
1.002271186440677866e+03
1.001337853107344586e+03
1.000518644067796458e+03
9.998033898305084222e+02
9.992079096045197275e+02
9.987242937853106923e+02
9.983717514124293757e+02
9.981423728813558682e+02
9.980338983050846764e+02
9.980621468926552780e+02
9.982146892655366628e+02
9.985039548022598410e+02
9.989096045197738931e+02
9.994564971751411804e+02
1.000142372881355868e+03
1.000952542372881226e+03
1.001881355932203292e+03
1.002948022598870011e+03
1.004099435028248536e+03
1.005375141242937843e+03
1.006749152542372713e+03
1.008212429378530942e+03
1.009764971751412304e+03
1.011371751412429376e+03
1.012811299435028104e+03
1.014097175141242815e+03
1.015211299435028195e+03
1.016155932203389739e+03
1.016898305084745630e+03
1.017473446327683632e+03
1.017855367231638411e+03
1.018036158192090284e+03
1.018029378531073462e+03
1.017841807909604540e+03
1.017448587570621385e+03
1.016871186440677889e+03
1.016110734463276685e+03
1.015168361581920863e+03
1.014048587570621407e+03
1.012744632768361498e+03
1.011383050847457525e+03
1.010112994350282406e+03
1.008923163841807764e+03
1.007805649717514029e+03
1.006795480225988626e+03
1.005899435028248490e+03
1.005094915254237208e+03
1.004395480225988649e+03
1.003792090395480045e+03
1.003293785310734393e+03
1.002881355932203178e+03
1.002580790960451850e+03
1.002381920903954779e+03
1.002293785310734393e+03
1.002281355932203269e+03
1.002352542372881203e+03
1.002537853107344517e+03
1.002787570621468831e+03
1.003141242937852894e+03
1.003569491525423700e+03
1.004090395480225880e+03
1.004682485875706107e+03
1.005357062146892531e+03
1.006108474576270964e+03
1.006938983050847355e+03
1.007839548022598819e+03
1.008825988700564949e+03
1.009864406779660840e+03
1.010979661016949080e+03
1.012144632768361475e+03
1.013366101694915187e+03
1.014644067796609988e+03
1.015952542372881226e+03
1.017071186440677820e+03
1.017962711864406629e+03
1.018623728813559183e+03
1.019051977401129875e+03
1.019266666666666652e+03
1.019223728813559205e+03
1.018959322033898275e+03
1.018466666666666583e+03
1.017736723163841816e+03
1.016775141242937707e+03
1.015609039548022565e+03
1.014233898305084608e+03
1.012649717514124177e+03
1.011075706214689149e+03
1.009516384180790737e+03
1.008013559322033643e+03
1.006542372881355732e+03
1.005146892655367083e+03
1.003811299435028104e+03
1.002553672316384109e+03
1.001378531073446311e+03
1.000284745762711736e+03
9.993028248587568214e+02
9.984225988700563903e+02
9.976564971751411122e+02
9.969920903954800906e+02
9.964440677966099429e+02
9.960056497175140748e+02
9.956960451977399771e+02
9.955016949152541201e+02
9.954384180790959817e+02
9.954971751412427921e+02
9.956711864406779569e+02
9.959807909604519409e+02
9.964192090395479227e+02
9.969706214689265380e+02
9.976700564971749827e+02
9.984790960451975934e+02
9.993988700564970031e+02
1.000457627118644041e+03
1.001607909604519705e+03
1.002873446327683496e+03
1.004221468926553598e+03
1.005654237288135505e+03
1.007155932203389739e+03
1.008740112994350170e+03
1.010177401129943405e+03
1.011447457627118638e+03
1.012540112994350238e+03
1.013448587570621385e+03
1.014167231638417888e+03
1.014692655367231509e+03
1.015041807909604358e+03
1.015176271186440545e+03
1.015137853107344426e+03
1.014901694915254097e+03
1.014483615819208808e+03
1.013877966101694824e+03
1.013064406779660885e+03
1.012074576271186288e+03
1.010891525423728694e+03
1.009552542372881135e+03
1.008291525423728672e+03
1.007109604519773939e+03
1.006002259887005494e+03
1.004985310734463155e+03
1.004071186440677820e+03
1.003242937853107151e+03
1.002525423728813621e+03
1.001903954802259932e+03
1.001398870056497117e+03
1.000994350282485811e+03
1.000688135593220295e+03
1.000481355932203314e+03
1.000377401129943451e+03
1.000358192090395505e+03
1.000422598870056504e+03
1.000585310734463292e+03
1.000822598870056481e+03
1.001149152542372804e+03
1.001559322033898184e+03
1.002049717514124268e+03
1.002611299435028059e+03
1.003270056497175005e+03
1.004005649717513961e+03
1.004809039548022497e+03
1.005688135593220295e+03
1.006641807909604381e+03
1.007674576271186311e+03
1.008755932203389648e+03
1.009918644067796549e+03
1.011133333333333212e+03
1.012390960451977207e+03
1.013707344632768354e+03
1.014961581920903882e+03
1.015996610169491419e+03
1.016803389830508422e+03
1.017398870056497117e+03
1.017766101694915164e+03
1.017914124293785221e+03
1.017814689265536572e+03
1.017488135593220250e+03
1.016938983050847355e+03
1.016164971751412395e+03
1.015172881355932077e+03
1.013964971751412349e+03
1.012546892655367174e+03
1.010964971751412236e+03
1.009404519774011192e+03
1.007880225988700431e+03
1.006403389830508331e+03
1.004983050847457434e+03
1.003621468926553462e+03
1.002335593220338751e+03
1.001129943502824744e+03
1.000011299435028150e+03
9.990067796610167079e+02
9.980858757062144377e+02
9.972734463276833594e+02
9.965672316384178657e+02
9.959909604519772302e+02
9.955141242937850166e+02
9.951593220338980927e+02
9.949401129943501019e+02
9.948338983050846309e+02
9.948542372881354368e+02
9.949999999999998863e+02
9.952734463276833594e+02
9.956655367231637683e+02
9.961819209039546195e+02
9.968259887005647215e+02
9.975977401129943019e+02
9.984971751412426784e+02
9.995242937853106469e+02
1.000651977401129670e+03
1.001891525423728581e+03
1.003224858757061952e+03
1.004658757062146719e+03
1.006162711864406674e+03
1.007717514124293530e+03
1.009116384180790874e+03
1.010352542372881089e+03
1.011427118644067605e+03
1.012322033898304880e+03
1.013037288135593030e+03
1.013564971751412259e+03
1.013911864406779387e+03
1.014058757062146697e+03
1.014022598870056299e+03
1.013807909604519637e+03
1.013387570621468740e+03
1.012784180790960363e+03
1.012005649717513961e+03
1.011038418079095891e+03
1.009882485875706038e+03
1.008540112994350011e+03
1.007178531073446152e+03
1.005902824858756958e+03
1.004706214689265494e+03
1.003603389830508377e+03
1.002585310734463178e+03
1.001662146892655301e+03
1.000840677966101566e+03
1.000106214689265471e+03
9.994858757062145287e+02
9.989762711864404992e+02
9.985638418079095118e+02
9.982361581920902154e+02
9.980259887005648807e+02
9.978937853107343017e+02
9.978610169491523720e+02
9.979175141242935752e+02
9.980610169491524175e+02
9.982926553672316459e+02
9.986124293785310329e+02
9.990022598870054935e+02
9.994870056497172754e+02
1.000038418079095891e+03
1.000682485875706107e+03
1.001405649717514052e+03
1.002213559322033689e+03
1.003084745762711691e+03
1.004038418079095891e+03
1.005055367231638343e+03
1.006140112994350147e+03
1.007264406779660931e+03
1.008457627118644041e+03
1.009710734463276822e+03
1.011010169491525403e+03
1.012144632768361475e+03
1.013066666666666606e+03
1.013762711864406697e+03
1.014233898305084722e+03
1.014464406779660976e+03
1.014473446327683632e+03
1.014248587570621339e+03
1.013788700564971805e+03
1.013117514124293621e+03
1.012196610169491464e+03
1.011082485875706197e+03
1.009761581920903836e+03
1.008214689265536663e+03
1.006663276836158047e+03
1.005129943502824744e+03
1.003637288135593280e+03
1.002198870056497071e+03
1.000815819209039546e+03
9.994971751412429057e+02
9.982508474576270601e+02
9.970870056497174119e+02
9.959932203389830647e+02
9.950169491525423382e+02
9.941491525423728035e+02
9.933514124293783425e+02
9.926824858757061065e+02
9.921242937853106696e+02
9.916779661016947784e+02
9.913502824858755957e+02
9.911435028248586150e+02
9.910418079096043584e+02
9.910847457627116910e+02
9.912237288135593190e+02
9.915028248587569806e+02
9.919118644067796140e+02
9.924338983050846537e+02
9.930915254237286263e+02
9.938655367231638138e+02
9.947480225988699658e+02
9.957604519774010896e+02
9.968802259887005448e+02
9.980881355932203860e+02
9.993932203389830420e+02
1.000778531073446402e+03
1.002229378531073394e+03
1.003754802259886901e+03
1.005205649717514234e+03
1.006474576271186493e+03
1.007581920903954597e+03
1.008512994350282497e+03
1.009253107344632667e+03
1.009820338983050988e+03
1.010188700564971668e+03
1.010379661016949058e+03
1.010375141242937843e+03
1.010181920903954733e+03
1.009793220338983019e+03
1.009230508474576254e+03
1.008482485875706061e+03
1.007550282485875641e+03
1.006420338983050783e+03
1.005127683615819137e+03
1.003924293785310738e+03
1.002790960451977298e+03
1.001750282485875687e+03
1.000794350282485880e+03
9.999288135593219522e+02
9.991615819209039273e+02
9.985050847457627015e+02
9.979355932203388875e+02
9.974824858757062884e+02
9.971378531073446538e+02
9.968757062146892167e+02
9.967242937853106923e+02
9.966542372881355050e+02
9.966836158192090807e+02
9.968135593220338251e+02
9.970248587570621339e+02
9.973175141242936661e+02
9.977028248587571397e+02
9.981683615819208626e+02
9.987129943502825427e+02
9.993401129943503065e+02
1.000038418079096118e+03
1.000831638418079137e+03
1.001680225988700613e+03
1.002607909604519818e+03
1.003618079096045221e+03
1.004683615819209081e+03
1.005827118644067696e+03
1.007018079096045199e+03
1.008283615819208990e+03
1.009603389830508490e+03
1.010953672316384200e+03
1.012270056497175119e+03
1.013384180790960386e+03
1.014283615819208990e+03
1.014954802259886947e+03
1.015388700564971714e+03
1.015615819209039500e+03
1.015614689265536640e+03
1.015375141242937843e+03
1.014906214689265425e+03
1.014213559322033916e+03
1.013294915254237367e+03
1.012162711864406788e+03
1.010831638418079137e+03
1.009297175141242860e+03
1.007685875706214574e+03
1.006106214689265471e+03
1.004584180790960431e+03
1.003100564971751396e+03
1.001689265536723042e+03
1.000345762711864381e+03
9.990949152542373213e+02
9.979118644067797277e+02
9.968440677966102612e+02
9.958711864406780023e+02
9.950067796610169353e+02
9.942406779661016571e+02
9.935920903954802270e+02
9.930644067796608851e+02
9.926621468926553007e+02
9.923932203389830420e+02
9.922406779661016571e+02
9.922011299435027922e+02
9.922915254237288991e+02
9.925096045197740295e+02
9.928711864406780023e+02
9.933581920903955051e+02
9.939649717514123495e+02
9.947062146892654937e+02
9.955762711864406356e+02
9.965536723163842225e+02
9.976576271186440863e+02
9.988700564971751419e+02
1.000184180790960454e+03
1.001584180790960318e+03
1.003075706214689262e+03
1.004653107344632645e+03
1.006131073446327491e+03
1.007441807909604449e+03
1.008598870056497162e+03
1.009578531073446243e+03
1.010376271186440590e+03
1.010983050847457662e+03
1.011418079096045176e+03
1.011659887005649807e+03
1.011719774011299478e+03
1.011586440677966152e+03
1.011266666666666652e+03
1.010761581920903836e+03
1.010066666666666606e+03
1.009185310734463314e+03
1.008137853107344540e+03
1.006890395480225948e+03
1.005482485875706288e+03
1.004170621468926583e+03
1.002917514124293803e+03
1.001750282485875687e+03
1.000685875706214802e+03
9.997288135593220204e+02
9.988576271186441318e+02
9.980949152542373213e+02
9.974305084745762997e+02
9.968655367231638138e+02
9.964124293785311011e+02
9.960485875706215211e+02
9.957887005649718049e+02
9.956237288135594099e+02
9.955548022598870830e+02
9.955672316384180931e+02
9.956576271186440863e+02
9.958576271186441318e+02
9.961389830508474006e+02
9.965062146892655619e+02
9.969672316384180704e+02
9.974926553672316913e+02
9.981186440677967084e+02
9.988011299435029287e+02
9.995751412429378888e+02
1.000410169491525494e+03
1.001325423728813576e+03
1.002309604519774098e+03
1.003364971751412440e+03
1.004480225988700568e+03
1.005647457627118683e+03
1.006851977401129943e+03
1.008110734463276913e+03
1.009212429378531169e+03
1.010091525423728854e+03
1.010774011299434960e+03
1.011210169491525448e+03
1.011416949152542429e+03
1.011394350282485902e+03
1.011134463276836186e+03
1.010650847457627151e+03
1.009923163841807877e+03
1.008980790960451941e+03
1.007814689265536799e+03
1.006427118644067832e+03
1.004867796610169535e+03
1.003332203389830511e+03
1.001827118644067809e+03
1.000355932203389784e+03
9.989333333333333940e+02
9.975604519774011578e+02
9.962508474576271738e+02
9.950259887005649944e+02
9.938723163841808628e+02
9.928056497175141430e+02
9.918361581920903518e+02
9.909446327683615436e+02
9.901717514124294439e+02
9.894949152542371849e+02
9.889457627118645178e+02
9.885062146892655619e+02
9.881728813559323044e+02
9.879694915254237912e+02
9.878937853107345290e+02
9.879389830508474688e+02
9.880983050847457889e+02
9.883785310734463110e+02
9.887954802259886264e+02
9.893288135593220431e+02
9.899977401129943928e+02
9.907853107344632235e+02
9.916960451977400908e+02
9.927355932203390694e+02
9.938870056497174801e+02
9.951186440677965948e+02
9.964485875706214983e+02
9.978666666666667879e+02
9.993581920903955051e+02
1.000920903954802270e+03
1.002406779661016913e+03
1.003723163841807946e+03
1.004892655367231555e+03
1.005857627118644132e+03
1.006636158192090306e+03
1.007227118644067787e+03
1.007632768361581839e+03
1.007855367231638411e+03
1.007880225988700431e+03
1.007714124293785289e+03
1.007349152542372849e+03
1.006794350282485766e+03
1.006032768361581930e+03
1.005102824858757003e+03
1.003976271186440727e+03
1.002674576271186424e+03
1.001396610169491510e+03
1.000184180790960454e+03
9.990553672316384564e+02
9.980101694915254029e+02
9.970576271186439499e+02
9.962079096045197275e+02
9.954542372881355732e+02
9.948067796610168898e+02
9.942587570621468558e+02
9.938271186440676956e+02
9.934881355932202496e+02
9.932429378531073780e+02
9.931039548022597501e+02
9.930508474576271283e+02
9.930960451977400680e+02
9.932338983050847219e+02
9.934485875706213847e+02
9.937627118644068105e+02
9.941649717514123950e+02
9.946451977401129625e+02
9.952045197740112599e+02
9.958564971751412713e+02
9.966033898305084904e+02
9.974079096045197730e+02
9.982881355932203178e+02
9.992508474576271738e+02
1.000276836158192054e+03
1.001374011299435097e+03
1.002533333333333303e+03
1.003754802259887015e+03
1.005024858757062134e+03
1.006351412429378456e+03
1.007728813559322134e+03
1.008978531073446334e+03
1.009995480225988672e+03
1.010789830508474552e+03
1.011360451977401112e+03
1.011712994350282429e+03
1.011822598870056481e+03
1.011690395480226016e+03
1.011346892655367242e+03
1.010761581920903950e+03
1.009957062146892667e+03
1.008954802259886947e+03
1.007725423728813439e+03
1.006300564971751328e+03
1.004682485875706107e+03
1.003102824858757003e+03
1.001551412429378388e+03
1.000042937853107333e+03
9.986135593220337796e+02
9.972372881355931895e+02
9.959254237288134846e+02
9.947152542372880362e+02
9.936033898305083767e+02
9.925796610169491032e+02
9.916621468926553007e+02
9.908519774011299432e+02
9.901536723163841316e+02
9.895694915254237003e+02
9.891039548022597501e+02
9.887683615819207716e+02
9.885446327683615664e+02
9.884293785310733256e+02
9.884451977401129170e+02
9.886124293785311465e+02
9.888892655367232010e+02
9.893039548022599092e+02
9.898553672316384109e+02
9.905355932203390239e+02
9.913288135593220431e+02
9.922474576271185924e+02
9.932949152542372531e+02
9.944463276836157775e+02
9.957096045197740750e+02
9.970621468926553916e+02
9.985096045197740295e+02
1.000028248587570602e+03
1.001598870056497276e+03
1.003013559322033984e+03
1.004255367231638502e+03
1.005338983050847446e+03
1.006238418079096164e+03
1.006962711864406856e+03
1.007507344632768309e+03
1.007849717514124222e+03
1.008022598870056527e+03
1.007993220338983065e+03
1.007794350282485880e+03
1.007392090395480182e+03
1.006804519774011283e+03
1.006037288135593144e+03
1.005068926553672327e+03
1.003941242937853076e+03
1.002621468926553689e+03
1.001299435028248581e+03
1.000050847457627015e+03
9.988836158192091261e+02
9.978112994350283316e+02
9.968316384180791374e+02
9.959502824858757322e+02
9.951706214689265835e+02
9.944926553672316913e+02
9.939175141242938025e+02
9.934474576271186379e+02
9.930632768361581384e+02
9.927887005649718049e+02
9.926101694915255393e+02
9.925186440677966857e+02
9.925344632768362771e+02
9.926395480225990013e+02
9.928305084745762770e+02
9.930994350282486494e+02
9.934666666666666970e+02
9.939039548022599320e+02
9.944429378531074235e+02
9.950689265536724406e+02
9.957649717514125314e+02
9.965446327683616801e+02
9.974000000000000909e+02
9.983276836158192964e+02
9.993468926553672418e+02
1.000406779661017026e+03
1.001542372881355959e+03
1.002734463276836095e+03
1.003981920903954915e+03
1.005271186440678093e+03
1.006541242937853212e+03
1.007584180790960545e+03
1.008404519774011419e+03
1.009013559322033984e+03
1.009371751412429376e+03
1.009518644067796686e+03
1.009429378531073553e+03
1.009110734463276913e+03
1.008540112994350352e+03
1.007750282485875800e+03
1.006729943502824881e+03
1.005500564971751487e+03
1.004061016949152531e+03
1.002472316384180772e+03
1.000903954802259818e+03
9.993446327683616346e+02
9.978429378531072871e+02
9.964056497175141658e+02
9.950338983050846764e+02
9.937209039548022247e+02
9.924824858757062884e+02
9.913480225988701022e+02
9.903062146892655164e+02
9.893627118644069469e+02
9.885163841807909648e+02
9.877841807909605905e+02
9.871706214689265835e+02
9.866542372881356187e+02
9.862734463276835868e+02
9.860045197740113281e+02
9.858542372881356641e+02
9.858305084745762770e+02
9.859412429378531897e+02
9.861751412429379116e+02
9.865389830508474915e+02
9.870316384180791829e+02
9.876406779661017481e+02
9.883740112994350966e+02
9.892214689265535981e+02
9.902090395480227016e+02
9.913163841807909193e+02
9.925310734463278095e+02
9.938338983050847446e+02
9.952327683615819751e+02
9.967028248587571397e+02
9.982508474576270601e+02
9.998485875706214756e+02
1.001282485875706243e+03
1.002550282485875641e+03
1.003635028248587560e+03
1.004528813559322089e+03
1.005240677966101771e+03
1.005745762711864472e+03
1.006058757062146924e+03
1.006189830508474529e+03
1.006099435028248536e+03
1.005816949152542293e+03
1.005355932203389784e+03
1.004694915254237458e+03
1.003829378531073417e+03
1.002767231638418139e+03
1.001526553672316481e+03
1.000143502824858729e+03
9.988305084745761633e+02
9.975909604519773666e+02
9.964463276836158911e+02
9.954022598870055845e+02
9.944429378531073098e+02
9.935796610169491032e+02
9.928237288135593417e+02
9.921615819209039273e+02
9.916022598870056299e+02
9.911401129943503747e+02
9.907807909604520091e+02
9.905220338983051533e+02
9.903581920903955051e+02
9.902836158192089897e+02
9.903073446327684906e+02
9.904305084745762997e+02
9.906451977401130762e+02
9.909344632768362544e+02
9.913107344632769582e+02
9.917807909604521228e+02
9.923322033898305108e+02
9.929649717514125769e+02
9.936824858757062202e+02
9.944903954802259705e+02
9.953683615819209081e+02
9.963231638418078546e+02
9.973581920903955051e+02
9.984497175141243588e+02
9.996101694915254257e+02
1.000830508474576277e+03
1.002107344632768445e+03
1.003445197740113031e+03
1.004820338983050988e+03
1.005963841807909716e+03
1.006896045197740136e+03
1.007596610169491441e+03
1.008071186440678048e+03
1.008317514124293893e+03
1.008324293785310715e+03
1.008100564971751396e+03
1.007648587570621430e+03
1.006969491525423791e+03
1.006061016949152645e+03
1.004934463276836254e+03
1.003601129943502883e+03
1.002065536723163859e+03
1.000461016949152622e+03
9.988768361581921909e+02
9.973514124293785699e+02
9.958711864406780023e+02
9.944576271186441545e+02
9.931129943502826336e+02
9.918519774011299432e+02
9.906813559322033598e+02
9.895966101694916688e+02
9.886225988700564358e+02
9.877480225988699658e+02
9.869966101694915324e+02
9.863502824858757094e+02
9.858192090395480136e+02
9.853999999999999773e+02
9.850937853107343471e+02
9.849265536723163450e+02
9.848734463276834958e+02
9.849570621468926674e+02
9.851728813559323044e+02
9.855152542372882181e+02
9.859774011299434733e+02
9.865853107344632917e+02
9.873107344632768445e+02
9.881751412429377979e+02
9.891593220338982064e+02
9.902485875706214529e+02
9.914451977401129170e+02
9.927389830508474233e+02
9.941265536723163905e+02
9.955887005649717594e+02
9.971480225988700568e+02
9.986870056497175483e+02
1.000041807909604586e+03
1.001232768361581975e+03
1.002250847457627174e+03
1.003090395480225993e+03
1.003753672316384154e+03
1.004228248587570761e+03
1.004502824858757094e+03
1.004612429378531033e+03
1.004509604519774030e+03
1.004228248587570761e+03
1.003766101694915278e+03
1.003123163841808037e+03
1.002274576271186447e+03
1.001257627118644109e+03
1.000045197740113053e+03
9.986971751412429512e+02
9.974293785310734393e+02
9.962203389830508513e+02
9.951073446327684451e+02
9.940937853107344608e+02
9.931694915254237230e+02
9.923514124293785699e+02
9.916395480225988877e+02
9.910214689265537800e+02
9.905028248587570943e+02
9.900847457627119184e+02
9.897740112994350739e+02
9.895604519774012715e+02
9.894282485875705788e+02
9.893966101694916233e+02
9.894542372881355732e+02
9.896169491525424746e+02
9.898429378531074008e+02
9.901751412429379116e+02
9.905841807909604313e+02
9.910847457627119184e+02
9.916564971751412259e+02
9.923220338983051079e+02
9.930824858757063112e+02
9.939107344632768672e+02
9.947954802259887401e+02
9.957796610169492624e+02
9.968248587570622021e+02
9.979344632768361407e+02
9.991163841807911012e+02
1.000343502824858888e+03
1.001632768361581952e+03
1.002978531073446334e+03
1.004131073446327719e+03
1.005079096045197730e+03
1.005797740112994461e+03
1.006296045197740114e+03
1.006569491525423700e+03
1.006607909604519818e+03
1.006421468926553871e+03
1.005988700564971850e+03
1.005350282485875823e+03
1.004474576271186606e+03
1.003389830508474688e+03
1.002102824858757117e+03
1.000607909604519818e+03
9.989694915254237912e+02
9.973728813559323498e+02
9.958056497175141430e+02
9.942813559322034962e+02
9.928146892655367992e+02
9.914169491525424291e+02
9.901039548022598638e+02
9.888689265536722814e+02
9.877152542372882635e+02
9.866564971751413395e+02
9.856983050847458117e+02
9.848463276836157547e+02
9.841084745762711918e+02
9.834836158192090352e+02
9.829649717514123495e+02
9.825717514124293075e+02
9.823062146892655164e+02
9.821661016949153691e+02
9.821276836158192509e+02
9.822418079096046313e+02
9.824677966101695574e+02
9.828158192090395460e+02
9.833096045197742114e+02
9.839231638418079910e+02
9.846598870056498072e+02
9.855344632768361635e+02
9.865276836158192282e+02
9.876282485875706243e+02
9.888293785310735302e+02
9.901197740112994552e+02
9.914858757062147561e+02
9.929423728813560501e+02
9.944666666666666970e+02
9.959819209039548014e+02
9.973423728813559137e+02
9.985333333333333030e+02
9.995378531073446311e+02
1.000370621468926629e+03
1.001023728813559387e+03
1.001477966101695074e+03
1.001748022598870193e+03
1.001827118644067923e+03
1.001719774011299478e+03
1.001421468926553757e+03
1.000938983050847582e+03
1.000257627118644223e+03
9.993887005649719413e+02
9.983412429378532806e+02
9.970983050847459026e+02
9.957819209039549833e+02
9.945435028248589333e+02
9.933819209039550060e+02
9.923152542372882863e+02
9.913322033898307382e+02
9.904519774011300797e+02
9.896610169491526676e+02
9.889559322033899207e+02
9.883559322033898979e+02
9.878587570621469922e+02
9.874531073446329401e+02
9.871559322033899662e+02
9.869502824858758459e+02
9.868305084745763907e+02
9.867966101694914869e+02
9.868429378531074008e+02
9.869887005649718503e+02
9.872146892655367765e+02
9.875344632768362771e+02
9.879355932203391149e+02
9.884214689265538709e+02
9.890000000000002274e+02
9.896542372881357323e+02
9.903807909604521456e+02
9.911774011299436324e+02
9.920745762711865154e+02
9.930271186440679685e+02
9.940655367231638593e+02
9.951683615819210900e+02
9.963062146892657438e+02
9.975129943502826109e+02
9.987807909604521228e+02
1.000080225988700704e+03
1.001306214689265630e+03
1.002301694915254416e+03
1.003077966101694983e+03
1.003645197740113076e+03
1.003970621468926765e+03
1.004055367231638456e+03
1.003922033898305244e+03
1.003563841807909739e+03
1.002975141242937980e+03
1.002169491525423837e+03
1.001155932203389966e+03
9.999254237288137119e+02
9.985039548022600684e+02
9.969197740112995234e+02
9.953694915254238822e+02
9.938553672316386383e+02
9.923898305084746880e+02
9.909807909604521683e+02
9.896327683615819524e+02
9.883627118644068332e+02
9.871864406779661749e+02
9.861028248587572307e+02
9.851265536723165042e+02
9.842395480225989104e+02
9.834451977401131444e+02
9.827728813559322134e+02
9.822146892655367765e+02
9.817728813559322134e+02
9.814395480225989559e+02
9.812361581920904428e+02
9.811502824858757776e+02
9.811751412429380252e+02
9.813344632768362317e+02
9.816169491525424746e+02
9.820395480225990923e+02
9.825774011299436097e+02
9.832564971751414760e+02
9.840564971751414305e+02
9.849807909604521683e+02
9.860112994350283770e+02
9.871514124293787518e+02
9.883954802259888766e+02
9.897344632768363226e+02
9.911401129943503747e+02
9.926259887005651308e+02
9.941740112994351648e+02
9.955830508474579119e+02
9.968406779661017936e+02
9.979276836158194328e+02
9.988361581920906929e+02
9.995638418079097391e+02
1.000111864406779887e+03
1.000471186440678139e+03
1.000639548022599001e+03
1.000637288135593394e+03
1.000425988700565085e+03
1.000031638418079297e+03
9.994350282485877415e+02
9.986610169491527813e+02
9.977016949152543930e+02
9.965649717514127133e+02
9.952395480225990241e+02
9.939548022598871739e+02
9.927355932203391831e+02
9.916011299435031106e+02
9.905536723163844499e+02
9.896033898305088314e+02
9.887367231638420435e+02
9.879807909604521683e+02
9.873062146892657438e+02
9.867412429378532579e+02
9.862824858757064703e+02
9.859005649717516917e+02
9.856237288135595236e+02
9.854338983050848810e+02
9.853435028248588878e+02
9.853265536723165496e+02
9.854101694915257212e+02
9.855706214689267881e+02
9.858124293785313057e+02
9.861570621468929403e+02
9.865774011299436097e+02
9.870768361581922363e+02
9.876632768361583885e+02
9.883242937853109424e+02
9.890768361581922363e+02
9.898937853107347564e+02
9.907875706214690581e+02
9.917559322033901026e+02
9.927762711864409084e+02
9.938553672316386383e+02
9.950056497175144159e+02
9.962011299435030196e+02
9.974395480225991832e+02
9.987344632768363226e+02
9.998022598870059028e+02
1.000649717514124518e+03
1.001293785310734620e+03
1.001705084745762974e+03
1.001879096045198025e+03
1.001832768361582225e+03
1.001551412429378843e+03
1.001049717514124495e+03
1.000315254237288400e+03
9.993774011299437916e+02
9.982271186440680140e+02
9.968644067796612944e+02
9.953039548022601366e+02
9.937570621468928493e+02
9.922327683615822025e+02
9.907502824858759141e+02
9.893491525423731900e+02
9.879875706214693309e+02
9.866937853107347109e+02
9.854960451977403864e+02
9.843796610169493988e+02
9.833502824858760505e+02
9.824101694915257212e+02
9.815740112994353694e+02
9.808598870056499663e+02
9.802440677966104658e+02
9.797344632768363226e+02
9.793491525423730764e+02
9.790768361581922363e+02
9.789254237288138256e+02
9.788824858757063794e+02
9.789694915254239049e+02
9.791830508474578210e+02
9.795276836158195692e+02
9.799988700564974806e+02
9.805977401129946429e+02
9.813242937853110561e+02
9.821593220338985475e+02
9.831129943502827473e+02
9.841830508474578210e+02
9.853593220338985930e+02
9.866271186440681049e+02
9.879774011299437007e+02
9.894022598870058118e+02
9.909028248587572989e+02
9.924372881355934624e+02
9.938056497175143704e+02
9.950169491525426793e+02
9.960553672316386837e+02
9.969039548022601593e+02
9.975740112994352558e+02
9.980779661016950968e+02
9.983920903954804089e+02
9.985254237288138484e+02
9.984542372881358006e+02
9.982079096045199549e+02
9.977728813559324408e+02
9.971683615819212037e+02
9.963548022598872649e+02
9.953717514124296031e+02
9.942124293785313967e+02
9.928971751412432241e+02
9.916632768361585022e+02
9.904949152542376396e+02
9.894248587570624522e+02
9.884372881355934624e+02
9.875570621468929176e+02
9.867593220338985702e+02
9.860666666666669471e+02
9.854700564971753920e+02
9.849649717514126905e+02
9.845514124293788427e+02
9.842531073446330083e+02
9.840305084745765498e+02
9.839028248587574126e+02
9.838553672316386383e+02
9.838937853107347564e+02
9.840327683615821570e+02
9.842587570621471968e+02
9.845581920903957780e+02
9.849435028248590243e+02
9.854282485875708062e+02
9.859887005649720777e+02
9.866305084745764589e+02
9.873435028248588878e+02
9.881468926553675374e+02
9.890192090395482865e+02
9.899649717514125769e+02
9.909762711864409539e+02
9.920553672316386837e+02
9.931841807909606814e+02
9.943728813559323498e+02
9.956237288135595236e+02
9.969355932203391149e+02
9.981333333333335531e+02
9.991005649717516235e+02
9.998734463276837232e+02
1.000422598870056731e+03
1.000746892655367446e+03
1.000851977401130171e+03
1.000750282485875914e+03
1.000412429378531328e+03
9.998564971751416124e+02
9.990790960451979572e+02
9.980847457627121457e+02
9.969039548022601593e+02
9.955129943502827246e+02
9.939661016949155510e+02
9.923898305084749154e+02
9.908564971751413850e+02
9.893694915254238822e+02
9.879412429378533034e+02
9.865706214689266744e+02
9.852847457627119638e+02
9.840734463276837687e+02
9.829480225988702387e+02
9.819186440677967767e+02
9.809909604519775712e+02
9.801514124293787518e+02
9.794271186440680594e+02
9.788169491525426338e+02
9.783152542372882863e+02
9.779378531073448357e+02
9.776824858757063339e+02
9.775367231638421117e+02
9.775175141242939389e+02
9.776316384180793193e+02
9.778802259887006585e+02
9.782338983050849492e+02
9.787220338983053125e+02
9.793435028248590015e+02
9.800949152542375487e+02
9.809570621468928948e+02
9.819401129943505566e+02
9.830316384180791829e+02
9.842180790960453578e+02
9.855107344632770037e+02
9.868824858757063794e+02
9.883186440677968676e+02
9.898305084745765043e+02
9.912282485875708744e+02
9.924644067796612035e+02
9.935344632768363908e+02
9.944361581920904882e+02
9.951536723163843590e+02
9.957028248587572534e+02
9.960689265536725543e+02
9.962271186440680140e+02
9.962282485875708744e+02
9.960338983050850175e+02
9.956429378531076964e+02
9.950960451977402954e+02
9.943570621468928721e+02
9.934361581920904882e+02
9.923423728813561411e+02
9.910531073446329628e+02
9.897796610169493761e+02
9.885864406779662659e+02
9.874564971751414078e+02
9.864192090395481500e+02
9.854632768361584567e+02
9.846192090395481955e+02
9.838587570621471059e+02
9.831988700564972987e+02
9.826372881355932805e+02
9.821694915254238367e+02
9.818022598870059028e+02
9.815141242937854713e+02
9.813389830508475598e+02
9.812519774011300342e+02
9.812406779661018845e+02
9.813299435028250173e+02
9.814971751412430194e+02
9.817514124293786608e+02
9.820994350282487630e+02
9.825186440677967994e+02
9.830327683615821570e+02
9.836248587570623840e+02
9.843016949152543020e+02
9.850474576271187743e+02
9.858790960451979117e+02
9.867830508474578437e+02
9.877468926553674464e+02
9.887932203389832466e+02
9.898903954802261751e+02
9.910372881355934851e+02
9.922576271186442227e+02
9.935299435028250628e+02
9.948282485875708971e+02
9.959005649717515780e+02
9.967740112994351875e+02
9.974225988700566177e+02
9.978519774011301706e+02
9.980553672316386837e+02
9.980237288135595008e+02
9.977615819209040637e+02
9.972745762711866746e+02
9.965491525423731218e+02
9.956079096045200458e+02
9.944644067796612035e+02
9.931039548022600911e+02
9.915604519774012715e+02
9.899841807909606359e+02
9.884418079096046768e+02
9.869536723163843135e+02
9.855050847457628151e+02
9.841231638418080365e+02
9.828056497175142567e+02
9.815638418079097391e+02
9.804000000000002046e+02
9.793480225988703296e+02
9.783694915254238822e+02
9.775129943502827246e+02
9.767536723163843817e+02
9.761005649717515098e+02
9.755638418079097391e+02
9.751355932203390466e+02
9.748350282485877187e+02
9.746361581920905337e+02
9.745717514124294212e+02
9.746474576271186834e+02
9.748338983050848583e+02
9.751548022598871057e+02
9.755864406779662659e+02
9.761548022598872194e+02
9.768519774011301706e+02
9.776768361581921454e+02
9.786259887005651308e+02
9.796802259887006130e+02
9.808237288135594554e+02
9.820824858757063112e+02
9.834293785310735529e+02
9.848519774011300569e+02
9.863457627118646087e+02
9.879005649717514643e+02
9.894090395480227471e+02
9.907446327683617255e+02
9.919005649717514643e+02
9.928870056497175938e+02
9.936881355932204087e+02
9.943186440677966402e+02
9.947536723163841543e+02
9.950079096045199094e+02
9.950587570621470377e+02
9.949288135593220659e+02
9.946011299435028832e+02
9.940960451977401817e+02
9.934011299435029514e+02
9.925209039548022929e+02
9.914485875706216120e+02
9.901819209039549605e+02
9.889016949152542111e+02
9.877107344632768218e+02
9.865943502824859479e+02
9.855604519774012715e+02
9.846169491525424746e+02
9.837762711864406810e+02
9.830395480225988649e+02
9.823875706214689671e+02
9.818372881355932122e+02
9.813830508474577528e+02
9.810293785310734620e+02
9.807694915254237458e+02
9.806000000000001364e+02
9.805197740112994325e+02
9.805299435028249491e+02
9.806225988700565495e+02
9.808045197740111689e+02
9.810790960451977298e+02
9.814124293785311011e+02
9.818564971751412713e+02
9.823672316384181613e+02
9.829683615819208171e+02
9.836451977401129625e+02
9.844056497175141658e+02
9.852338983050847219e+02
9.861333333333333258e+02
9.870971751412430422e+02
9.881288135593219977e+02
9.892146892655366628e+02
9.903559322033897843e+02
9.915536723163843362e+02
9.928056497175141430e+02
9.940983050847457889e+02
9.951593220338984338e+02
9.960214689265536663e+02
9.966553672316383654e+02
9.970677966101694665e+02
9.972497175141243133e+02
9.972033898305085131e+02
9.969333333333333940e+02
9.964361581920903745e+02
9.957163841807908966e+02
9.947966101694914869e+02
9.936734463276834504e+02
9.923378531073445856e+02
9.908327683615818842e+02
9.893186440677966402e+02
9.878338983050846309e+02
9.864067796610169125e+02
9.850338983050846764e+02
9.837265536723164132e+02
9.824813559322033143e+02
9.813141242937853121e+02
9.802531073446327810e+02
9.792598870056497162e+02
9.783943502824857887e+02
9.776135593220337796e+02
9.769389830508473551e+02
9.763740112994349829e+02
9.759389830508473551e+02
9.756022598870056299e+02
9.753977401129942564e+02
9.753129943502824517e+02
9.753627118644067195e+02
9.755220338983049260e+02
9.758033898305084222e+02
9.762327683615819751e+02
9.767751412429378206e+02
9.774440677966100566e+02
9.782463276836157320e+02
9.791672316384178885e+02
9.802011299435025649e+02
9.813468926553671281e+02
9.826079096045195911e+02
9.839514124293784789e+02
9.853807909604519182e+02
9.868870056497174801e+02
9.884327683615817932e+02
9.898169491525422927e+02
9.910406779661016117e+02
9.921163841807908739e+02
9.930112994350281497e+02
9.937367231638418161e+02
9.942723163841807263e+02
9.946067796610168443e+02
9.947570621468926220e+02
9.947514124293784334e+02
9.945548022598868556e+02
9.941638418079095345e+02
9.935932203389829738e+02
9.928418079096045403e+02
9.919005649717513506e+02
9.907796610169491487e+02
9.894983050847457662e+02
9.881389830508474006e+02
9.868576271186440181e+02
9.856564971751411122e+02
9.845435028248587059e+02
9.835231638418079001e+02
9.825932203389829738e+02
9.817627118644066968e+02
9.810316384180790692e+02
9.803954802259886492e+02
9.798621468926553462e+02
9.794271186440677184e+02
9.790757062146892622e+02
9.788418079096045403e+02
9.786971751412429512e+02
9.786316384180790919e+02
9.786711864406779569e+02
9.787954802259887401e+02
9.790158192090395914e+02
9.793231638418078546e+02
9.796926553672316231e+02
9.801694915254237230e+02
9.807310734463276276e+02
9.813683615819209081e+02
9.820892655367231328e+02
9.828960451977401362e+02
9.837740112994349602e+02
9.847254237288136665e+02
9.857412429378531442e+02
9.868395480225988194e+02
9.879853107344633827e+02
9.891909604519773893e+02
9.904576271186440408e+02
9.917615819209039500e+02
9.929073446327683996e+02
9.938576271186440181e+02
9.945909604519772529e+02
9.950915254237287400e+02
9.953706214689265153e+02
9.954124293785309874e+02
9.952135593220338023e+02
9.947875706214688307e+02
9.941468926553670826e+02
9.932813559322032688e+02
9.921898305084745289e+02
9.909129943502823608e+02
9.894327683615819069e+02
9.878158192090395460e+02
9.862090395480224743e+02
9.846497175141241769e+02
9.831389830508474006e+02
9.817028248587569124e+02
9.803242937853106014e+02
9.790214689265535526e+02
9.778022598870056754e+02
9.766700564971750964e+02
9.756180790960452214e+02
9.746779661016948921e+02
9.738463276836157547e+02
9.731107344632767990e+02
9.724960451977400453e+02
9.719875706214688762e+02
9.716079096045197048e+02
9.713401129943501928e+02
9.711898305084744152e+02
9.711706214689265835e+02
9.712790960451977753e+02
9.715016949152542338e+02
9.718553672316384109e+02
9.723468926553671281e+02
9.729638418079094890e+02
9.737050847457626332e+02
9.745604519774010441e+02
9.755344632768360498e+02
9.766305084745761178e+02
9.778090395480224970e+02
9.790768361581920090e+02
9.804271186440678321e+02
9.818553672316384109e+02
9.833401129943501928e+02
9.848824858757061520e+02
9.862598870056497162e+02
9.874700564971750509e+02
9.885005649717513734e+02
9.893446327683615209e+02
9.900180790960451986e+02
9.905050847457625878e+02
9.908033898305084222e+02
9.909152542372880816e+02
9.908395480225988194e+02
9.905649717514124859e+02
9.901096045197739386e+02
9.894463276836157775e+02
9.886225988700564358e+02
9.875943502824857205e+02
9.863683615819209081e+02
9.851220338983050624e+02
9.839468926553671508e+02
9.828485875706213619e+02
9.818338983050846309e+02
9.809152542372880816e+02
9.800926553672316004e+02
9.793457627118643813e+02
9.787152542372880362e+02
9.781841807909604540e+02
9.777333333333333485e+02
9.773819209039547786e+02
9.771231638418078091e+02
9.769627118644068560e+02
9.768779661016949376e+02
9.768915254237288082e+02
9.769988700564970259e+02
9.771796610169491260e+02
9.774553672316383199e+02
9.778135593220338251e+02
9.782598870056497162e+02
9.787954802259887401e+02
9.794112994350282406e+02
9.801039548022598638e+02
9.808813559322034052e+02
9.817276836158191600e+02
9.826666666666667425e+02
9.836564971751411122e+02
9.847288135593220204e+02
9.858632768361582066e+02
9.870564971751412031e+02
9.883096045197739841e+02
9.896079096045197048e+02
9.909581920903955279e+02
9.921717514124293302e+02
9.931853107344632008e+02
9.939796610169490805e+02
9.945514124293783880e+02
9.948937853107344154e+02
9.950101694915252892e+02
9.948983050847457434e+02
9.945502824858756412e+02
9.939740112994350056e+02
9.931909604519773893e+02
9.922022598870056527e+02
9.910045197740112144e+02
9.896214689265535753e+02
9.880632768361581384e+02
9.864836158192090352e+02
9.849435028248587969e+02
9.834621468926553689e+02
9.820553672316383427e+02
9.807107344632768218e+02
9.794440677966101703e+02
9.782564971751411349e+02
9.771593220338982064e+02
9.761649717514122813e+02
9.752779661016948012e+02
9.744949152542371849e+02
9.738293785310733028e+02
9.732677966101693983e+02
9.728180790960451532e+02
9.724870056497175028e+02
9.723005649717513279e+02
9.722271186440676729e+02
9.722915254237286717e+02
9.724711864406779114e+02
9.727875706214688307e+02
9.732440677966101248e+02
9.738361581920903518e+02
9.745649717514122585e+02
9.754045197740113053e+02
9.763841807909604995e+02
9.774632768361581157e+02
9.786553672316383654e+02
9.799457627118645178e+02
9.813322033898305108e+02
9.828045197740111689e+02
9.843491525423728490e+02
9.859186440677965493e+02
9.873322033898305108e+02
9.885864406779660385e+02
9.896689265536722360e+02
9.905570621468926902e+02
9.912734463276835868e+02
9.918067796610168898e+02
9.921672316384181158e+02
9.923288135593220431e+02
9.923152542372881726e+02
9.920824858757061975e+02
9.916926553672316231e+02
9.911050847457626105e+02
9.903197740112993870e+02
9.893706214689265153e+02
9.882327683615819751e+02
9.868937853107345290e+02
9.855276836158191145e+02
9.842271186440677866e+02
9.830011299435027468e+02
9.818779661016949376e+02
9.808282485875706698e+02
9.798802259887006585e+02
9.790485875706215211e+02
9.783141242937854258e+02
9.776689265536723497e+02
9.771152542372881271e+02
9.766519774011298978e+02
9.762926553672316459e+02
9.760372881355931440e+02
9.758711864406780023e+02
9.757977401129943473e+02
9.758146892655367992e+02
9.759163841807908284e+02
9.761039548022597501e+02
9.763774011299433369e+02
9.767457627118644723e+02
9.772067796610169808e+02
9.777333333333333485e+02
9.783581920903955051e+02
9.790677966101694665e+02
9.798418079096045403e+02
9.807062146892653800e+02
9.816531073446326445e+02
9.826451977401128488e+02
9.837096045197738476e+02
9.848384180790960727e+02
9.860361581920903973e+02
9.872847457627117365e+02
9.885310734463275821e+02
9.895785310734462428e+02
9.904180790960451759e+02
9.910180790960450850e+02
9.913864406779661067e+02
9.915322033898305563e+02
9.914463276836157775e+02
9.911288135593219977e+02
9.905830508474575709e+02
9.898158192090395460e+02
9.888293785310734165e+02
9.876395480225987740e+02
9.862463276836157320e+02
9.846689265536722360e+02
9.830711864406779341e+02
9.814858757062146424e+02
9.799570621468925538e+02
9.784790960451975934e+02
9.770621468926553916e+02
9.757220338983050851e+02
9.744519774011298523e+02
9.732824858757062430e+02
9.721920903954801361e+02
9.711999999999998181e+02
9.703016949152540747e+02
9.694994350282486266e+02
9.688237288135592280e+02
9.682508474576271738e+02
9.677920903954802725e+02
9.674587570621469013e+02
9.672350282485875823e+02
9.671322033898305790e+02
9.671559322033898525e+02
9.673016949152543020e+02
9.675887005649717594e+02
9.679954802259887856e+02
9.685468926553671736e+02
9.692203389830508513e+02
9.700011299435027468e+02
9.709016949152543248e+02
9.719107344632768672e+02
9.730338983050847901e+02
9.742406779661016571e+02
9.755401129943503520e+02
9.769118644067797277e+02
9.783581920903955051e+02
9.798689265536722814e+02
9.813231638418079683e+02
9.826203389830508286e+02
9.837355932203389557e+02
9.846723163841808173e+02
9.854282485875705788e+02
9.860011299435027468e+02
9.863830508474576391e+02
9.865706214689265607e+02
9.865796610169492169e+02
9.863785310734463110e+02
9.860090395480226562e+02
9.854384180790959817e+02
9.846802259887006130e+02
9.837310734463277413e+02
9.825988700564971623e+02
9.813209039548022474e+02
9.800915254237288536e+02
9.789559322033899207e+02
9.778790960451976844e+02
9.768994350282487176e+02
9.760158192090395914e+02
9.752316384180791147e+02
9.745333333333333030e+02
9.739310734463276731e+02
9.734316384180790465e+02
9.730045197740113281e+02
9.726790960451978663e+02
9.724395480225989559e+02
9.723073446327683769e+02
9.722564971751412486e+02
9.722960451977403409e+02
9.724214689265537572e+02
9.726237288135594099e+02
9.729265536723164587e+02
9.733039548022600229e+02
9.737728813559323271e+02
9.743197740112996144e+02
9.749536723163843135e+02
9.756666666666668561e+02
9.764655367231639502e+02
9.773231638418080820e+02
9.782836158192092171e+02
9.792847457627119638e+02
9.803751412429378433e+02
9.815096045197740295e+02
9.827186440677967312e+02
9.839672316384180704e+02
9.852700564971752328e+02
9.865898305084747335e+02
9.876937853107344836e+02
9.885954802259889220e+02
9.892689265536724861e+02
9.897242937853109197e+02
9.899525423728814530e+02
9.899355932203391149e+02
9.897005649717515325e+02
9.892576271186442227e+02
9.885830508474577982e+02
9.877005649717515325e+02
9.866101694915255393e+02
9.853265536723165496e+02
9.838711864406781160e+02
9.822711864406780933e+02
9.807039548022600002e+02
9.791819209039548468e+02
9.777265536723165269e+02
9.763367231638419526e+02
9.750293785310735757e+02
9.737932203389832466e+02
9.726474576271187971e+02
9.715864406779661522e+02
9.706203389830509423e+02
9.697683615819209990e+02
9.690316384180791829e+02
9.683853107344633599e+02
9.678677966101696484e+02
9.674700564971752783e+02
9.671875706214691490e+02
9.670327683615820433e+02
9.670033898305086950e+02
9.670881355932206134e+02
9.673152542372884000e+02
9.676689265536725770e+02
9.681536723163843590e+02
9.687649717514127587e+02
9.694994350282488540e+02
9.703683615819211354e+02
9.713412429378533943e+02
9.724576271186442682e+02
9.736361581920906474e+02
9.749288135593222933e+02
9.763028248587572762e+02
9.777502824858759141e+02
9.792655367231641321e+02
9.808033898305086495e+02
9.821661016949155965e+02
9.833841807909607269e+02
9.844305084745765271e+02
9.853096045197742114e+02
9.860033898305086950e+02
9.865141242937855850e+02
9.868406779661020209e+02
9.869932203389832921e+02
9.869593220338986157e+02
9.867401129943505111e+02
9.863355932203392058e+02
9.857344632768363226e+02
9.849570621468928948e+02
9.839920903954804317e+02
9.828372881355934396e+02
9.815039548022600684e+02
9.802146892655368902e+02
9.790180790960454260e+02
9.778937853107347564e+02
9.768745762711866973e+02
9.759333333333336213e+02
9.750858757062148925e+02
9.743276836158195238e+02
9.736666666666668561e+02
9.730960451977402954e+02
9.726282485875708517e+02
9.722350282485876960e+02
9.719480225988702387e+02
9.717559322033901026e+02
9.716485875706216575e+02
9.716316384180793193e+02
9.716983050847460390e+02
9.718531073446330311e+02
9.720960451977402954e+02
9.724158192090397961e+02
9.728271186440680367e+02
9.733265536723166633e+02
9.738971751412432241e+02
9.745536723163843362e+02
9.753073446327684906e+02
9.761220338983052898e+02
9.769977401129945065e+02
9.779661016949154373e+02
9.789932203389832921e+02
9.800870056497176392e+02
9.812406779661018845e+02
9.824429378531075372e+02
9.837073446327684678e+02
9.849163841807911695e+02
9.859028248587571852e+02
9.866598870056499209e+02
9.871977401129945520e+02
9.875265536723165951e+02
9.876225988700566631e+02
9.874937853107346655e+02
9.871536723163844727e+02
9.865841807909606587e+02
9.857943502824862207e+02
9.847909604519777531e+02
9.835785310734465838e+02
9.821762711864408857e+02
9.806033898305087178e+02
9.790576271186442909e+02
9.775423728813561866e+02
9.760779661016952105e+02
9.746779661016951195e+02
9.733378531073449267e+02
9.720497175141244952e+02
9.708451977401132353e+02
9.697288135593223615e+02
9.687107344632770491e+02
9.677909604519776394e+02
9.669853107344634964e+02
9.662621468926556645e+02
9.656508474576273784e+02
9.651525423728816122e+02
9.647728813559324408e+02
9.645129943502827246e+02
9.643751412429380707e+02
9.643344632768364590e+02
9.644350282485877415e+02
9.646723163841811584e+02
9.650305084745765498e+02
9.655163841807911922e+02
9.661186440677968221e+02
9.668655367231640412e+02
9.677209039548025657e+02
9.686813559322035871e+02
9.697468926553674464e+02
9.709141242937855623e+02
9.721615819209041547e+02
9.734994350282488540e+02
9.749152542372883090e+02
9.763841807909607269e+02
9.778790960451979117e+02
9.792101694915256758e+02
9.803796610169493988e+02
9.813638418079099210e+02
9.821649717514126223e+02
9.828056497175143704e+02
9.832723163841810674e+02
9.835209039548026340e+02
9.836022598870058573e+02
9.834790960451980482e+02
9.831762711864408857e+02
9.826903954802262433e+02
9.820090395480228835e+02
9.811548022598872194e+02
9.801005649717517372e+02
9.788677966101697621e+02
9.776293785310737121e+02
9.764689265536726452e+02
9.753909604519776622e+02
9.743898305084748017e+02
9.734723163841811129e+02
9.726463276836161640e+02
9.719265536723166861e+02
9.712915254237290128e+02
9.707288135593223615e+02
9.702700564971754602e+02
9.698983050847459708e+02
9.696180790960454488e+02
9.694282485875708062e+02
9.693378531073449267e+02
9.693231638418080820e+02
9.693898305084746880e+02
9.695401129943504657e+02
9.697807909604521228e+02
9.700926553672318278e+02
9.704858757062149834e+02
9.709717514124295121e+02
9.715423728813560729e+02
9.721898305084748699e+02
9.729231638418082184e+02
9.737333333333335759e+02
9.745887005649719868e+02
9.755412429378533261e+02
9.765548022598873104e+02
9.776406779661019755e+02
9.787728813559324408e+02
9.799649717514125769e+02
9.812011299435030196e+02
9.824937853107346655e+02
9.836135593220342344e+02
9.845389830508477189e+02
9.852418079096047450e+02
9.857209039548024521e+02
9.859717514124295121e+02
9.859943502824860389e+02
9.858056497175143704e+02
9.853841807909606132e+02
9.847423728813560047e+02
9.838915254237290355e+02
9.828406779661020209e+02
9.815966101694916688e+02
9.801661016949154828e+02
9.785796610169493306e+02
9.770451977401130534e+02
9.755276836158193419e+02
9.740790960451979572e+02
9.726858757062149152e+02
9.713638418079098074e+02
9.701062146892656983e+02
9.689457627118646315e+02
9.678689265536725088e+02
9.668926553672317823e+02
9.660067796610171627e+02
9.652418079096046313e+02
9.645728813559323953e+02
9.640135593220340979e+02
9.635604519774012715e+02
9.632395480225991378e+02
9.630305084745764361e+02
9.629457627118646315e+02
9.630011299435029741e+02
9.631717514124295576e+02
9.634677966101696711e+02
9.638937853107346427e+02
9.644395480225990696e+02
9.651220338983052898e+02
9.659344632768363681e+02
9.668542372881358915e+02
9.678858757062148470e+02
9.690225988700565267e+02
9.702598870056498299e+02
9.715593220338984111e+02
9.729412429378531897e+02
9.743988700564973442e+02
9.759254237288137119e+02
9.773084745762713510e+02
9.785322033898305563e+02
9.796000000000001364e+02
9.804802259887007949e+02
9.811988700564972987e+02
9.817276836158192737e+02
9.820779661016950968e+02
9.822564971751414760e+02
9.822497175141245407e+02
9.820723163841809082e+02
9.817028248587572534e+02
9.811423728813560956e+02
9.804056497175142795e+02
9.794723163841811129e+02
9.783740112994352103e+02
9.770779661016950968e+02
9.757909604519775257e+02
9.745932203389832011e+02
9.734847457627120093e+02
9.724519774011300797e+02
9.714937853107346655e+02
9.706361581920905337e+02
9.698711864406781160e+02
9.691909604519775030e+02
9.686090395480226789e+02
9.681096045197741660e+02
9.677096045197740750e+02
9.673841807909604995e+02
9.671491525423730309e+02
9.670101694915256303e+02
9.669468926553673782e+02
9.669830508474576618e+02
9.671050847457627242e+02
9.673152542372881726e+02
9.676180790960453351e+02
9.679774011299435870e+02
9.684406779661018163e+02
9.689796610169493079e+02
9.695819209039549378e+02
9.702734463276837005e+02
9.710519774011299887e+02
9.719084745762712600e+02
9.728192090395482410e+02
9.738112994350283316e+02
9.748576271186441318e+02
9.759638418079097164e+02
9.771220338983051761e+02
9.783412429378531669e+02
9.795593220338984111e+02
9.805740112994351421e+02
9.813943502824860161e+02
9.819853107344633827e+02
9.823615819209040865e+02
9.825175141242939389e+02
9.824553672316385473e+02
9.821672316384181158e+02
9.816598870056498072e+02
9.809491525423729854e+02
9.800192090395481728e+02
9.788779661016950513e+02
9.775694915254239277e+02
9.760847457627119184e+02
9.745514124293786153e+02
9.730587570621469240e+02
9.715932203389832011e+02
9.701966101694916915e+02
9.688745762711865837e+02
9.676079096045199321e+02
9.664112994350283543e+02
9.653028248587571625e+02
9.642960451977402272e+02
9.633841807909604995e+02
9.625638418079097391e+02
9.618395480225990468e+02
9.612327683615819751e+02
9.607446327683617255e+02
9.603502824858758231e+02
9.600813559322034507e+02
9.599401129943503292e+02
9.599141242937855623e+02
9.600000000000002274e+02
9.602169491525424974e+02
9.605740112994351421e+02
9.610451977401131671e+02
9.616418079096047222e+02
9.623525423728815440e+02
9.631887005649717821e+02
9.641152542372881271e+02
9.651672316384181158e+02
9.662994350282486948e+02
9.675265536723165951e+02
9.688361581920904655e+02
9.702079096045199549e+02
9.716451977401130762e+02
9.731322033898306927e+02
9.745107344632770037e+02
9.757242937853109197e+02
9.767717514124294667e+02
9.776429378531074690e+02
9.783423728813560274e+02
9.788677966101696484e+02
9.792056497175142340e+02
9.793717514124294894e+02
9.793514124293786836e+02
9.791548022598872194e+02
9.787706214689267199e+02
9.782056497175142340e+02
9.774463276836160048e+02
9.765163841807910785e+02
9.753909604519774348e+02
9.741604519774011806e+02
9.730067796610170490e+02
9.719152542372883090e+02
9.709118644067797277e+02
9.699875706214691036e+02
9.691491525423730309e+02
9.684146892655367083e+02
9.677796610169491487e+02
9.672203389830508513e+02
9.667435028248587514e+02
9.663683615819209081e+02
9.660937853107345745e+02
9.658926553672317823e+02
9.657875706214690581e+02
9.657593220338983429e+02
9.658158192090396597e+02
9.659638418079098301e+02
9.661966101694916915e+02
9.665186440677966857e+02
9.669175141242939162e+02
9.673909604519774348e+02
9.679717514124295121e+02
9.686169491525424746e+02
9.693435028248588878e+02
9.701683615819210900e+02
9.710429378531074462e+02
9.719954802259887856e+02
9.730203389830508058e+02
9.740971751412429285e+02
9.752305084745762542e+02
9.764180790960451759e+02
9.776655367231638820e+02
9.789615819209038818e+02
9.801152542372882408e+02
9.810655367231638593e+02
9.818158192090396597e+02
9.823446327683616346e+02
9.826497175141244043e+02
9.827220338983051988e+02
9.825728813559322816e+02
9.822067796610169808e+02
9.816316384180790919e+02
9.808406779661017936e+02
9.798418079096045403e+02
9.786508474576271510e+02
9.772666666666666515e+02
9.757028248587571397e+02
9.741536723163842453e+02
9.726474576271186834e+02
9.711853107344633145e+02
9.697796610169491487e+02
9.684485875706214983e+02
9.672033898305085131e+02
9.660338983050847901e+02
9.649480225988702387e+02
9.639548022598870602e+02
9.630745762711865154e+02
9.622824858757062430e+02
9.615988700564972760e+02
9.610418079096045858e+02
9.605864406779662659e+02
9.602463276836158457e+02
9.600271186440678548e+02
9.599288135593220659e+02
9.599536723163841998e+02
9.601005649717515098e+02
9.603954802259888766e+02
9.608045197740113963e+02
9.613435028248588878e+02
9.619988700564972532e+02
9.627932203389832466e+02
9.637028248587571397e+02
9.647265536723164132e+02
9.658440677966102612e+02
9.670677966101695802e+02
9.683796610169491714e+02
9.697615819209040637e+02
9.712259887005650398e+02
9.727333333333333485e+02
9.741627118644069014e+02
9.754225988700565040e+02
9.765084745762712828e+02
9.774237288135593644e+02
9.781559322033898525e+02
9.787107344632768218e+02
9.790983050847457889e+02
9.792892655367231782e+02
9.792802259887007494e+02
9.791163841807911012e+02
9.787344632768363226e+02
9.781887005649718958e+02
9.774587570621469013e+02
9.765355932203390239e+02
9.754282485875705788e+02
9.741265536723162768e+02
9.728271186440678093e+02
9.715988700564971623e+02
9.704338983050847673e+02
9.693627118644068332e+02
9.683706214689266289e+02
9.674847457627118956e+02
9.666813559322034735e+02
9.659762711864407265e+02
9.653514124293785699e+02
9.648112994350283316e+02
9.643536723163842908e+02
9.640079096045197957e+02
9.637310734463277413e+02
9.635514124293785017e+02
9.634632768361582293e+02
9.634497175141243588e+02
9.635197740112995461e+02
9.636689265536724633e+02
9.639084745762711464e+02
9.642372881355931895e+02
9.646451977401129625e+02
9.651446327683615891e+02
9.657118644067797959e+02
9.663627118644068332e+02
9.670903954802259932e+02
9.678983050847457434e+02
9.687740112994349602e+02
9.697254237288136665e+02
9.707254237288135528e+02
9.717909604519772984e+02
9.729096045197740068e+02
9.740824858757061975e+02
9.753073446327682632e+02
9.763988700564971168e+02
9.772779661016948012e+02
9.779468926553672645e+02
9.784011299435028377e+02
9.786225988700564358e+02
9.785966101694914414e+02
9.783581920903955051e+02
9.779039548022599320e+02
9.772158192090396369e+02
9.763231638418078546e+02
9.752248587570622931e+02
9.739242937853107378e+02
9.724327683615820206e+02
9.709412429378531897e+02
9.694745762711866064e+02
9.680406779661017254e+02
9.666790960451978663e+02
9.653627118644068332e+02
9.641322033898305790e+02
9.629683615819210445e+02
9.619005649717514643e+02
9.609096045197741205e+02
9.600192090395480591e+02
9.592112994350283088e+02
9.585265536723165951e+02
9.579435028248587969e+02
9.574677966101695574e+02
9.571107344632769127e+02
9.568644067796610670e+02
9.567502824858758004e+02
9.567344632768362089e+02
9.568497175141243360e+02
9.570903954802259932e+02
9.574553672316384336e+02
9.579570621468926674e+02
9.585807909604520773e+02
9.593107344632768445e+02
9.601740112994350511e+02
9.611502824858757776e+02
9.622259887005650398e+02
9.633966101694916233e+02
9.646881355932204087e+02
9.660214689265537800e+02
9.674497175141243588e+02
9.689457627118645178e+02
9.704870056497175028e+02
9.719062146892655392e+02
9.731615819209039273e+02
9.742497175141243133e+02
9.751525423728814985e+02
9.758858757062147333e+02
9.764372881355932350e+02
9.768101694915254711e+02
9.769988700564972532e+02
9.770112994350283770e+02
9.768237288135593417e+02
9.764621468926554826e+02
9.759073446327683996e+02
9.751751412429379116e+02
9.742463276836158457e+02
9.731412429378531215e+02
9.718474576271187289e+02
9.706203389830509423e+02
9.694700564971751646e+02
9.684180790960451759e+02
9.674598870056497617e+02
9.665694915254237003e+02
9.657649717514124177e+02
9.650790960451977298e+02
9.644790960451977071e+02
9.639751412429377524e+02
9.635717514124294212e+02
9.632576271186441090e+02
9.630192090395479454e+02
9.628870056497174801e+02
9.628338983050846309e+02
9.628847457627118729e+02
9.630203389830508058e+02
9.632372881355931895e+02
9.635525423728813621e+02
9.639242937853107378e+02
9.643841807909604995e+02
9.649468926553671508e+02
9.655966101694915551e+02
9.663333333333333712e+02
9.671502824858755503e+02
9.680395480225988649e+02
9.689977401129942791e+02
9.700271186440677411e+02
9.711265536723163905e+02
9.722949152542373668e+02
9.735231638418079001e+02
9.747954802259886264e+02
9.761163841807908739e+02
9.773627118644067195e+02
9.784203389830508968e+02
9.792553672316382745e+02
9.798824858757061520e+02
9.802960451977401135e+02
9.804757062146892395e+02
9.804395480225988422e+02
9.801751412429377979e+02
9.797028248587571397e+02
9.790135593220338706e+02
9.781254237288136437e+02
9.770418079096043584e+02
9.757593220338983429e+02
9.742994350282485811e+02
9.726960451977399771e+02
9.710847457627118047e+02
9.695423728813559592e+02
9.680429378531073326e+02
9.666112994350282861e+02
9.652519774011300342e+02
9.639728813559322589e+02
9.627819209039547559e+02
9.616847457627118274e+02
9.606858757062146879e+02
9.597694915254237458e+02
9.589762711864407265e+02
9.582870056497174573e+02
9.577209039548022247e+02
9.572440677966101248e+02
9.569141242937853349e+02
9.566892655367232692e+02
9.566056497175140976e+02
9.566542372881356187e+02
9.568316384180791374e+02
9.571209039548022020e+02
9.575559322033897161e+02
9.581141242937852667e+02
9.587932203389830192e+02
9.596056497175140976e+02
9.605322033898304426e+02
9.615717514124293075e+02
9.626983050847456980e+02
9.639062146892655392e+02
9.652180790960452441e+02
9.666022598870056299e+02
9.680553672316384564e+02
9.695050847457628151e+02
9.708192090395481273e+02
9.719581920903956416e+02
9.729310734463277868e+02
9.737231638418079456e+02
9.743491525423728490e+02
9.747988700564972078e+02
9.750564971751413168e+02
9.751310734463277186e+02
9.750214689265537800e+02
9.747412429378530305e+02
9.742655367231639048e+02
9.736192090395480818e+02
9.727740112994349602e+02
9.717627118644068105e+02
9.705435028248587059e+02
9.692350282485876960e+02
9.680033898305084676e+02
9.668508474576271965e+02
9.657762711864407947e+02
9.647887005649718049e+02
9.638847457627118729e+02
9.630677966101695802e+02
9.623412429378531669e+02
9.616983050847458117e+02
9.611593220338983201e+02
9.607186440677966175e+02
9.603378531073445856e+02
9.600723163841807946e+02
9.598926553672315549e+02
9.598090395480226107e+02
9.598090395480226107e+02
9.598847457627118729e+02
9.600497175141243815e+02
9.602903954802260387e+02
9.606361581920904200e+02
9.610576271186441772e+02
9.615706214689266744e+02
9.621694915254238367e+02
9.628474576271187289e+02
9.636000000000000227e+02
9.644203389830508968e+02
9.653163841807909193e+02
9.662757062146893077e+02
9.673096045197739841e+02
9.684214689265536435e+02
9.695683615819209535e+02
9.707717514124294667e+02
9.720395480225989786e+02
9.731977401129943246e+02
9.741491525423729172e+02
9.748779661016949376e+02
9.753796610169492851e+02
9.756598870056496935e+02
9.757084745762712146e+02
9.755401129943502383e+02
9.751265536723163905e+02
9.744926553672316913e+02
9.736508474576271510e+02
9.725966101694915551e+02
9.713468926553671281e+02
9.698994350282486039e+02
9.683197740112993870e+02
9.667796610169491487e+02
9.652768361581920544e+02
9.638418079096045403e+02
9.624508474576271055e+02
9.611446327683615891e+02
9.598971751412429967e+02
9.587423728813560047e+02
9.576655367231637683e+02
9.566960451977402045e+02
9.558180790960452669e+02
9.550418079096045858e+02
9.543627118644069469e+02
9.538033898305084222e+02
9.533570621468927584e+02
9.530259887005649944e+02
9.528146892655366855e+02
9.527333333333333485e+02
9.527672316384180249e+02
9.529265536723164587e+02
9.532327683615819751e+02
9.536542372881356187e+02
9.541943502824858570e+02
9.548655367231638138e+02
9.556508474576271510e+02
9.565502824858757549e+02
9.575672316384180931e+02
9.586983050847456980e+02
9.599254237288135982e+02
9.612192090395479909e+02
9.626124293785310329e+02
9.640700564971750737e+02
9.655751412429378888e+02
9.671265536723162768e+02
9.685683615819209535e+02
9.698463276836157547e+02
9.709423728813559364e+02
9.718576271186441318e+02
9.725920903954802270e+02
9.731491525423729172e+02
9.735175141242937116e+02
9.736983050847456980e+02
9.736847457627118274e+02
9.734768361581920999e+02
9.730836158192090579e+02
9.724971751412430194e+02
9.717175141242937570e+02
9.707581920903954824e+02
9.696067796610168443e+02
9.683050847457627697e+02
9.670903954802259932e+02
9.659435028248587969e+02
9.648802259887005448e+02
9.639220338983050169e+02
9.630384180790961182e+02
9.622406779661016571e+02
9.615457627118643131e+02
9.609265536723164587e+02
9.603999999999998636e+02
9.599694915254237912e+02
9.596338983050846991e+02
9.593853107344632463e+02
9.592225988700563448e+02
9.591548022598869920e+02
9.591548022598869920e+02
9.592440677966101248e+02
9.594418079096044494e+02
9.597186440677965038e+02
9.600881355932203860e+02
9.605559322033898297e+02
9.611028248587570033e+02
9.617389830508474233e+02
9.624384180790959817e+02
9.632225988700565722e+02
9.640881355932203860e+02
9.650361581920903973e+02
9.660384180790960045e+02
9.671118644067796595e+02
9.682542372881355277e+02
9.694508474576271055e+02
9.706971751412429512e+02
9.719932203389830647e+02
9.731954802259886037e+02
9.742000000000000455e+02
9.749943502824858115e+02
9.755593220338982974e+02
9.759050847457626787e+02
9.760372881355931440e+02
9.759355932203388875e+02
9.756033898305084904e+02
9.750768361581920090e+02
9.743265536723164360e+02
9.733830508474576391e+02
9.722508474576270601e+02
9.709276836158192054e+02
9.694293785310733256e+02
9.678576271186439044e+02
9.663242937853106014e+02
9.648406779661015662e+02
9.634248587570621112e+02
9.620903954802258795e+02
9.608282485875705561e+02
9.596395480225988877e+02
9.585627118644066513e+02
9.575649717514122585e+02
9.566689265536722360e+02
9.558779661016949376e+02
9.551977401129943246e+02
9.546271186440677639e+02
9.541728813559321907e+02
9.538237288135592280e+02
9.536067796610169580e+02
9.535175141242937116e+02
9.535435028248587059e+02
9.537039548022598865e+02
9.539898305084745971e+02
9.544033898305084449e+02
9.549446327683615436e+02
9.556192090395479681e+02
9.564079096045197730e+02
9.573050847457627697e+02
9.583254237288135755e+02
9.594361581920904882e+02
9.606508474576271510e+02
9.619514124293784789e+02
9.633107344632768445e+02
9.647435028248587514e+02
9.662429378531072643e+02
9.676225988700564358e+02
9.688779661016949376e+02
9.699446327683616573e+02
9.708451977401130080e+02
9.715785310734463565e+02
9.721186440677965948e+02
9.724858757062147561e+02
9.726644067796610216e+02
9.726610169491525539e+02
9.724757062146892395e+02
9.721107344632767990e+02
9.715683615819209535e+02
9.708406779661016799e+02
9.699084745762711464e+02
9.688146892655366855e+02
9.675197740112994325e+02
9.662485875706213392e+02
9.650542372881354822e+02
9.639288135593219522e+02
9.628960451977400226e+02
9.619435028248586832e+02
9.610768361581920090e+02
9.602949152542371394e+02
9.596056497175140976e+02
9.590033898305084676e+02
9.584994350282485129e+02
9.580824858757060838e+02
9.577457627118643586e+02
9.575084745762710554e+02
9.573536723163840634e+02
9.572915254237286717e+02
9.573084745762711236e+02
9.574180790960450622e+02
9.576192090395478544e+02
9.579005649717513506e+02
9.582689265536722587e+02
9.587163841807908966e+02
9.592497175141240859e+02
9.598666666666665606e+02
9.605740112994349147e+02
9.613649717514123267e+02
9.622237288135592053e+02
9.631604519774009532e+02
9.641649717514123950e+02
9.652124293785309419e+02
9.663265536723163223e+02
9.675062146892654482e+02
9.687604519774010896e+02
9.700135593220337569e+02
9.710734463276835413e+02
9.719254237288134846e+02
9.725570621468925765e+02
9.729683615819208171e+02
9.731435028248587287e+02
9.731005649717512824e+02
9.728451977401130080e+02
9.723581920903953915e+02
9.716576271186440863e+02
9.707480225988699658e+02
9.696406779661015207e+02
9.683468926553671281e+02
9.668757062146892167e+02
9.652813559322032688e+02
9.637265536723164132e+02
9.622022598870056527e+02
9.607502824858756867e+02
9.593491525423728490e+02
9.580248587570620202e+02
9.567740112994349602e+02
9.556192090395479681e+02
9.545525423728812484e+02
9.535807909604518500e+02
9.527141242937852894e+02
9.519355932203388875e+02
9.512542372881355277e+02
9.506983050847456980e+02
9.502542372881355277e+02
9.499209039548022702e+02
9.497310734463276276e+02
9.496508474576271510e+02
9.497028248587570260e+02
9.498824858757061520e+02
9.501920903954802498e+02
9.506192090395480818e+02
9.511898305084745289e+02
9.518655367231638138e+02
9.526655367231637683e+02
9.535954802259886947e+02
9.546146892655367537e+02
9.557378531073446766e+02
9.569389830508473551e+02
9.582406779661016571e+02
9.596135593220338933e+02
9.610542372881355959e+02
9.625401129943502383e+02
9.640395480225988649e+02
9.653796610169491714e+02
9.665412429378530987e+02
9.675367231638417707e+02
9.683378531073445856e+02
9.689774011299434733e+02
9.694271186440678321e+02
9.696949152542372303e+02
9.697819209039547559e+02
9.696813559322033598e+02
9.693785310734463110e+02
9.688983050847457434e+02
9.682372881355931895e+02
9.673740112994350966e+02
9.663209039548022474e+02
9.650700564971750737e+02
9.638418079096045403e+02
9.626915254237287627e+02
9.616316384180790919e+02
9.606429378531073553e+02
9.597401129943502838e+02
9.589412429378530760e+02
9.582259887005650398e+02
9.575920903954802270e+02
9.570418079096045858e+02
9.565830508474575709e+02
9.562000000000000455e+02
9.559254237288135982e+02
9.557322033898304880e+02
9.556338983050846991e+02
9.556135593220338933e+02
9.556915254237287627e+02
9.558361581920903518e+02
9.560700564971751874e+02
9.563841807909604995e+02
9.567898305084745516e+02
9.572689265536723724e+02
9.578406779661017936e+02
9.584983050847457662e+02
9.592338983050847219e+02
9.600508474576271283e+02
9.609333333333333940e+02
9.618723163841807491e+02
9.628870056497175938e+02
9.639649717514124632e+02
9.651084745762711918e+02
9.663050847457627697e+02
9.675480225988700340e+02
9.688587570621468785e+02
9.699785310734464474e+02
9.708824858757062657e+02
9.715694915254237003e+02
9.720271186440678548e+02
9.722734463276835868e+02
9.722915254237287854e+02
9.720870056497175256e+02
9.716824858757062202e+02
9.710677966101695802e+02
9.702316384180792284e+02
9.692158192090396369e+02
9.680180790960450850e+02
9.666463276836158229e+02
9.651107344632767990e+02
9.635706214689266744e+02
9.620745762711865154e+02
9.606418079096044949e+02
9.592632768361581839e+02
9.579514124293784789e+02
9.567209039548023384e+02
9.555672316384180931e+02
9.545220338983051533e+02
9.535694915254237003e+02
9.527062146892656074e+02
9.519514124293787063e+02
9.513118644067797050e+02
9.507672316384180249e+02
9.503367231638418389e+02
9.500293785310734620e+02
9.498542372881356641e+02
9.497988700564972078e+02
9.498723163841808628e+02
9.500519774011299887e+02
9.503853107344633599e+02
9.508497175141243360e+02
9.514395480225989559e+02
9.521457627118643359e+02
9.529559322033898070e+02
9.538836158192091261e+02
9.549254237288135982e+02
9.560576271186441772e+02
9.572802259887005221e+02
9.585841807909604313e+02
9.599774011299434733e+02
9.614192090395480363e+02
9.629129943502823608e+02
9.642587570621468558e+02
9.654463276836158911e+02
9.664677966101694437e+02
9.673209039548023611e+02
9.679954802259887856e+02
9.685129943502824972e+02
9.688485875706214756e+02
9.690056497175141885e+02
9.689661016949153236e+02
9.687491525423729399e+02
9.683468926553672418e+02
9.677661016949152781e+02
9.670101694915254029e+02
9.660644067796609988e+02
9.649186440677966630e+02
9.636203389830508286e+02
9.623875706214689671e+02
9.612384180790959363e+02
9.601887005649716684e+02
9.591898305084746426e+02
9.582937853107343926e+02
9.574858757062146424e+02
9.567661016949152781e+02
9.561276836158191372e+02
9.555649717514123722e+02
9.551084745762711918e+02
9.547242937853106923e+02
9.544248587570621112e+02
9.542271186440677866e+02
9.540971751412428148e+02
9.540508474576271283e+02
9.540994350282485357e+02
9.542338983050847219e+02
9.544598870056495343e+02
9.547694915254236321e+02
9.551627118644066741e+02
9.556632768361580474e+02
9.562203389830507376e+02
9.568508474576270828e+02
9.575717514124294212e+02
9.583604519774009987e+02
9.592192090395478772e+02
9.601491525423729172e+02
9.611480225988700568e+02
9.622124293785309419e+02
9.633220338983049942e+02
9.644915254237287172e+02
9.657118644067795685e+02
9.668079096045197502e+02
9.676870056497174346e+02
9.683661016949151872e+02
9.688259887005649489e+02
9.690644067796609988e+02
9.690824858757061975e+02
9.688802259887004311e+02
9.684508474576271055e+02
9.678203389830507604e+02
9.669932203389830647e+02
9.659593220338982746e+02
9.647355932203389557e+02
9.633265536723163223e+02
9.617649717514124177e+02
9.602542372881355277e+02
9.587728813559322134e+02
9.573559322033897843e+02
9.559909604519773438e+02
9.547050847457626332e+02
9.534768361581920999e+02
9.523333333333333712e+02
9.512790960451977753e+02
9.503084745762712373e+02
9.494237288135593644e+02
9.486395480225988877e+02
9.479898305084745971e+02
9.474338983050847673e+02
9.469796610169491942e+02
9.466384180790960272e+02
9.464327683615819069e+02
9.463423728813559137e+02
9.463830508474577528e+02
9.465333333333333030e+02
9.468180790960452669e+02
9.472293785310735075e+02
9.477536723163841543e+02
9.484101694915254939e+02
9.491774011299435188e+02
9.500779661016949831e+02
9.510802259887007040e+02
9.521762711864407720e+02
9.533706214689266289e+02
9.546384180790960272e+02
9.559898305084745971e+02
9.574022598870056981e+02
9.588689265536723951e+02
9.603536723163842908e+02
9.616768361581921454e+02
9.628576271186441318e+02
9.638564971751412713e+02
9.646926553672317368e+02
9.653310734463277640e+02
9.658022598870056754e+02
9.660881355932203860e+02
9.661988700564972987e+02
9.661435028248588424e+02
9.658881355932203405e+02
9.654418079096046768e+02
9.648237288135594554e+02
9.640022598870057209e+02
9.630237288135593872e+02
9.618406779661016799e+02
9.606112994350282861e+02
9.594429378531074235e+02
9.583615819209039728e+02
9.573457627118644950e+02
9.564180790960452896e+02
9.555875706214690126e+02
9.548463276836158684e+02
9.541887005649717821e+02
9.536000000000001364e+02
9.531073446327684451e+02
9.527005649717514189e+02
9.523706214689266289e+02
9.521175141242938480e+02
9.519559322033899207e+02
9.518881355932204542e+02
9.518960451977402499e+02
9.519841807909605222e+02
9.521728813559323044e+02
9.524440677966102839e+02
9.527864406779661977e+02
9.532124293785311693e+02
9.537231638418079456e+02
9.543378531073446993e+02
9.550090395480226562e+02
9.557559322033898752e+02
9.565706214689266744e+02
9.574542372881355732e+02
9.584169491525424291e+02
9.594406779661018163e+02
9.605209039548022929e+02
9.616621468926555281e+02
9.628474576271187289e+02
9.641028248587571170e+02
9.652090395480227016e+02
9.661062146892656983e+02
9.667898305084745516e+02
9.672610169491526904e+02
9.675220338983051533e+02
9.675661016949154600e+02
9.673819209039548923e+02
9.669909604519775712e+02
9.663920903954804089e+02
9.656067796610170717e+02
9.646033898305086041e+02
9.634395480225989559e+02
9.620949152542374350e+02
9.605943502824859479e+02
9.591118644067798868e+02
9.576519774011301251e+02
9.562474576271188198e+02
9.549186440677967767e+02
9.536361581920905337e+02
9.524644067796612035e+02
9.513423728813560274e+02
9.503333333333334849e+02
9.494192090395481500e+02
9.485909604519775939e+02
9.478463276836159821e+02
9.472101694915255621e+02
9.466994350282487858e+02
9.462892655367232919e+02
9.459898305084747108e+02
9.458169491525425201e+02
9.457514124293786608e+02
9.458112994350283316e+02
9.460011299435029741e+02
9.463163841807911467e+02
9.467480225988701932e+02
9.473039548022600229e+02
9.479717514124295121e+02
9.487615819209040637e+02
9.496576271186442000e+02
9.506531073446328719e+02
9.517536723163843817e+02
9.529254237288137119e+02
9.541920903954803634e+02
9.555344632768362771e+02
9.569163841807910558e+02
9.583548022598871512e+02
9.597084745762713283e+02
9.609197740112995234e+02
9.619728813559322589e+02
9.628440677966102612e+02
9.635570621468928039e+02
9.640926553672317141e+02
9.644497175141243588e+02
9.646282485875707380e+02
9.646305084745763452e+02
9.644440677966103976e+02
9.640745762711867428e+02
9.635457627118645405e+02
9.628192090395482410e+02
9.619039548022601593e+02
9.608146892655369129e+02
9.595525423728814758e+02
9.583593220338984793e+02
9.572372881355934169e+02
9.561954802259888311e+02
9.552361581920905564e+02
9.543502824858758231e+02
9.535570621468929176e+02
9.528418079096047677e+02
9.522293785310737348e+02
9.516926553672317368e+02
9.512485875706215666e+02
9.508757062146894441e+02
9.505943502824860616e+02
9.503988700564972305e+02
9.502903954802261524e+02
9.502711864406780933e+02
9.503378531073448130e+02
9.504824858757062884e+02
9.507141242937855168e+02
9.510508474576273557e+02
9.514644067796612035e+02
9.519502824858759595e+02
9.525186440677966857e+02
9.531627118644069014e+02
9.538915254237290355e+02
9.546813559322035871e+02
9.555423728813560729e+02
9.564757062146893531e+02
9.574847457627120093e+02
9.585502824858758686e+02
9.596790960451978663e+02
9.608519774011301706e+02
9.620870056497176392e+02
9.632983050847459481e+02
9.643107344632769582e+02
9.651242937853108970e+02
9.657163841807910103e+02
9.660779661016952105e+02
9.662531073446330083e+02
9.661864406779664023e+02
9.658926553672317823e+02
9.653864406779663341e+02
9.646836158192093080e+02
9.637728813559324408e+02
9.626666666666668561e+02
9.613841807909607269e+02
9.599186440677967767e+02
9.583841807909607269e+02
9.569096045197741205e+02
9.554632768361584567e+02
9.540790960451979572e+02
9.527638418079097846e+02
9.515322033898306699e+02
9.503728813559323498e+02
9.492802259887007494e+02
9.482915254237290128e+02
9.474000000000003183e+02
9.466056497175143249e+02
9.459129943502825881e+02
9.453299435028250173e+02
9.448474576271187289e+02
9.444881355932204769e+02
9.442610169491526904e+02
9.441344632768364136e+02
9.441322033898306927e+02
9.442610169491528040e+02
9.445016949152545749e+02
9.448790960451979117e+02
9.453728813559323498e+02
9.460022598870059483e+02
9.467412429378533716e+02
9.475966101694916688e+02
9.485706214689266744e+02
9.496463276836159366e+02
9.507977401129945747e+02
9.520418079096046995e+02
9.533661016949154146e+02
9.547536723163843817e+02
9.562000000000002728e+02
9.576903954802262433e+02
9.590610169491527586e+02
9.602553672316386155e+02
9.613028248587572762e+02
9.621785310734464929e+02
9.628723163841809765e+02
9.633740112994352103e+02
9.637062146892656074e+02
9.638655367231640412e+02
9.638463276836159821e+02
9.636293785310735984e+02
9.632361581920904428e+02
9.626632768361582748e+02
9.618757062146894441e+02
9.609299435028249263e+02
9.597943502824859934e+02
9.585310734463278095e+02
9.573367231638419526e+02
9.562259887005650398e+02
9.551954802259889448e+02
9.542463276836159594e+02
9.533774011299437916e+02
9.525887005649718731e+02
9.518881355932204542e+02
9.512666666666668789e+02
9.507401129943505111e+02
9.502971751412430876e+02
9.499401129943503292e+02
9.496666666666668561e+02
9.494870056497177302e+02
9.493898305084748017e+02
9.493683615819211354e+02
9.494508474576273329e+02
9.496056497175142113e+02
9.498282485875706698e+02
9.501604519774012942e+02
9.505694915254239277e+02
9.510621468926555053e+02
9.516395480225990013e+02
9.522903954802261524e+02
9.530282485875708289e+02
9.538259887005650626e+02
9.546892655367232692e+02
9.556395480225990013e+02
9.566542372881358460e+02
9.577096045197741887e+02
9.588282485875706698e+02
9.600090395480226562e+02
9.612440677966103522e+02
9.623604519774012260e+02
9.632700564971752328e+02
9.639593220338983883e+02
9.644406779661018163e+02
9.647073446327684678e+02
9.647525423728815213e+02
9.645796610169493306e+02
9.641909604519776167e+02
9.635751412429378888e+02
9.627728813559323271e+02
9.617909604519775257e+02
9.606045197740113508e+02
9.592542372881357551e+02
9.577344632768363226e+02
9.562214689265538254e+02
9.547581920903955961e+02
9.533401129943504202e+02
9.519875706214691036e+02
9.507062146892656074e+02
9.494949152542374122e+02
9.483593220338984793e+02
9.473197740112996144e+02
9.463638418079096937e+02
9.455028248587570943e+02
9.447367231638420435e+02
9.440790960451978435e+02
9.435175141242938253e+02
9.430677966101695802e+02
9.427525423728815213e+02
9.425367231638418843e+02
9.424598870056497617e+02
9.424892655367232237e+02
9.426553672316385928e+02
9.429514124293787063e+02
9.433740112994352103e+02
9.439175141242939162e+02
9.445898305084746198e+02
9.453819209039548923e+02
9.462960451977402272e+02
9.472949152542373668e+02
9.483898305084746880e+02
9.496056497175143249e+02
9.508824858757063794e+02
9.522327683615819751e+02
9.536621468926555281e+02
9.551254237288137574e+02
9.564802259887006812e+02
9.576836158192091943e+02
9.587333333333333485e+02
9.595943502824859479e+02
9.602937853107346200e+02
9.608192090395481273e+02
9.611593220338984338e+02
9.613220338983052216e+02
9.613062146892656301e+02
9.611005649717515098e+02
9.607129943502826563e+02
9.601367231638419071e+02
9.593762711864408175e+02
9.584395480225989559e+02
9.573050847457627697e+02
9.560067796610170490e+02
9.547548022598871285e+02
9.535966101694916688e+02
9.525118644067797504e+02
9.514881355932204769e+02
9.505649717514124859e+02
9.497073446327684678e+02
9.489559322033899207e+02
9.483005649717515553e+02
9.477163841807911240e+02
9.472282485875706470e+02
9.468169491525424064e+02
9.464994350282486266e+02
9.462666666666667652e+02
9.461344632768361862e+02
9.460768361581922363e+02
9.460983050847459026e+02
9.462079096045198412e+02
9.464079096045198867e+02
9.466858757062148015e+02
9.470497175141244952e+02
9.475096045197741432e+02
9.480429378531074462e+02
9.486632768361582748e+02
9.493740112994350966e+02
9.501401129943503747e+02
9.509909604519775712e+02
9.519175141242939162e+02
9.528949152542373895e+02
9.539570621468927811e+02
9.550689265536725543e+02
9.562372881355934169e+02
9.574621468926554826e+02
9.587457627118644723e+02
9.598293785310736439e+02
9.607039548022601139e+02
9.613525423728815440e+02
9.617864406779663113e+02
9.619988700564972532e+02
9.620146892655368447e+02
9.617920903954803862e+02
9.613570621468928721e+02
9.607107344632770491e+02
9.598553672316386383e+02
9.588079096045198639e+02
9.575717514124295349e+02
9.561491525423730309e+02
9.545728813559323953e+02
9.530112994350283770e+02
9.515073446327685360e+02
9.500666666666668334e+02
9.486779661016951195e+02
9.473717514124293757e+02
9.461491525423729172e+02
9.449853107344633827e+02
9.439118644067797277e+02
9.429355932203391149e+02
9.420621468926555053e+02
9.412745762711865609e+02
9.406033898305084904e+02
9.400576271186441772e+02
9.396033898305086041e+02
9.392644067796611580e+02
9.390508474576272420e+02
9.389694915254237912e+02
9.390135593220340979e+02
9.391875706214690354e+02
9.394802259887006812e+02
9.399028248587571852e+02
9.404542372881355732e+02
9.411242937853107833e+02
9.419107344632768672e+02
9.428112994350283316e+02
9.438135593220339388e+02
9.449039548022599320e+02
9.460824858757061975e+02
9.473446327683616346e+02
9.486790960451977526e+02
9.500745762711864018e+02
9.515276836158193419e+02
9.530022598870057209e+02
9.543548022598870375e+02
9.555378531073447448e+02
9.565570621468925765e+02
9.574135593220339615e+02
9.580870056497176392e+02
9.585841807909605450e+02
9.589050847457626787e+02
9.590463276836158002e+02
9.589988700564972532e+02
9.587717514124293530e+02
9.583536723163842908e+02
9.577491525423729399e+02
9.569570621468926674e+02
9.559728813559322589e+02
9.547999999999999545e+02
9.536271186440677639e+02
9.525242937853107605e+02
9.514971751412429057e+02
9.505548022598870830e+02
9.497050847457628606e+02
9.489254237288134846e+02
9.482372881355931895e+02
9.476440677966102157e+02
9.471129943502825199e+02
9.466847457627119411e+02
9.463276836158191827e+02
9.460779661016948694e+02
9.459084745762711464e+02
9.458192090395480136e+02
9.458146892655367992e+02
9.458824858757062657e+02
9.460508474576271283e+02
9.463039548022599092e+02
9.466384180790960272e+02
9.470689265536723269e+02
9.475683615819209535e+02
9.481457627118644496e+02
9.488056497175141430e+02
9.495672316384179794e+02
9.503819209039547786e+02
9.512836158192089897e+02
9.522440677966102385e+02
9.532768361581921681e+02
9.543638418079095800e+02
9.555118644067797504e+02
9.567107344632768218e+02
9.579728813559322589e+02
9.592000000000000455e+02
9.602237288135593190e+02
9.610316384180790692e+02
9.616259887005649034e+02
9.620022598870057209e+02
9.621728813559321907e+02
9.621186440677965948e+02
9.618587570621468785e+02
9.613807909604520319e+02
9.606926553672316231e+02
9.597954802259887401e+02
9.587231638418079456e+02
9.574723163841808855e+02
9.560338983050849038e+02
9.544598870056497617e+02
9.529299435028249263e+02
9.514632768361582293e+02
9.500406779661018390e+02
9.487163841807910103e+02
9.474350282485876278e+02
9.462542372881357551e+02
9.451536723163842453e+02
9.441367231638419071e+02
9.432169491525423837e+02
9.424067796610170262e+02
9.417016949152542793e+02
9.411028248587570033e+02
9.406282485875706243e+02
9.402497175141243133e+02
9.399943502824859252e+02
9.398677966101695347e+02
9.398768361581920772e+02
9.400045197740113281e+02
9.402655367231639048e+02
9.406553672316385928e+02
9.411796610169492396e+02
9.418079096045198639e+02
9.425740112994351421e+02
9.434463276836158911e+02
9.444259887005650853e+02
9.455288135593220886e+02
9.467209039548024521e+02
9.480056497175141885e+02
9.493491525423730764e+02
9.507774011299436552e+02
9.522598870056497162e+02
9.537604519774012033e+02
9.550903954802261069e+02
9.562531073446328946e+02
9.572338983050848356e+02
9.580508474576272420e+02
9.586903954802261296e+02
9.591502824858757776e+02
9.594225988700565040e+02
9.595254237288136210e+02
9.594282485875705788e+02
9.591457627118644496e+02
9.586734463276836777e+02
9.580146892655368447e+02
9.571615819209040410e+02
9.561209039548023156e+02
9.548881355932204542e+02
9.535536723163843362e+02
9.522768361581921681e+02
9.510858757062147788e+02
9.499717514124295121e+02
9.489367231638418616e+02
9.479875706214689899e+02
9.471322033898305790e+02
9.463536723163842908e+02
9.456621468926555281e+02
9.450655367231638593e+02
9.445514124293786153e+02
9.441141242937853804e+02
9.437559322033899889e+02
9.435096045197740295e+02
9.433288135593221568e+02
9.432316384180792284e+02
9.432418079096046313e+02
9.433344632768362317e+02
9.435084745762712828e+02
9.437740112994351875e+02
9.441276836158192509e+02
9.445683615819209535e+02
9.450915254237288536e+02
9.456983050847459253e+02
9.463796610169492851e+02
9.471367231638419071e+02
9.479841807909605222e+02
9.488915254237288082e+02
9.498587570621468785e+02
9.508915254237289219e+02
9.519909604519774575e+02
9.531514124293785244e+02
9.543807909604520319e+02
9.555887005649717594e+02
9.565977401129944155e+02
9.573887005649718276e+02
9.579593220338983883e+02
9.582892655367231782e+02
9.584124293785311011e+02
9.583152542372881726e+02
9.579853107344633827e+02
9.574621468926554826e+02
9.567163841807910103e+02
9.557774011299435415e+02
9.546418079096046085e+02
9.533254237288135755e+02
9.518451977401130080e+02
9.503016949152543020e+02
9.488214689265537345e+02
9.473966101694916233e+02
9.460079096045197957e+02
9.446926553672317368e+02
9.434508474576272192e+02
9.422802259887006358e+02
9.411807909604519864e+02
9.401819209039548468e+02
9.392881355932204315e+02
9.384824858757061747e+02
9.377751412429378206e+02
9.371920903954803634e+02
9.367096045197740750e+02
9.363412429378531669e+02
9.361005649717513961e+02
9.359581920903955279e+02
9.359525423728814530e+02
9.360824858757061975e+02
9.363389830508475598e+02
9.367163841807910103e+02
9.372203389830508513e+02
9.378474576271187289e+02
9.385966101694915551e+02
9.394451977401131444e+02
9.403898305084746880e+02
9.414598870056497617e+02
9.426135593220340070e+02
9.438451977401130080e+02
9.451638418079096482e+02
9.465141242937853576e+02
9.479175141242938025e+02
9.493977401129943701e+02
9.508293785310734165e+02
9.520971751412430422e+02
9.531864406779661749e+02
9.541107344632769127e+02
9.548497175141244497e+02
9.554090395480226334e+02
9.557875706214690581e+02
9.559853107344633827e+02
9.560090395480226562e+02
9.558395480225988194e+02
9.554892655367232237e+02
9.549435028248587969e+02
9.542045197740113736e+02
9.532768361581921681e+02
9.521638418079096482e+02
9.509423728813560501e+02
9.497762711864406810e+02
9.486926553672317368e+02
9.476892655367232692e+02
9.467683615819209990e+02
9.459254237288137119e+02
9.451807909604521001e+02
9.445084745762712828e+02
9.439231638418079910e+02
9.434316384180790465e+02
9.430124293785311238e+02
9.426858757062146879e+02
9.424406779661017026e+02
9.422790960451977753e+02
9.422225988700565722e+02
9.422406779661017708e+02
9.423525423728814303e+02
9.425548022598870830e+02
9.428146892655367992e+02
9.431819209039549605e+02
9.436305084745763452e+02
9.441570621468927129e+02
9.447841807909605905e+02
9.454813559322035417e+02
9.462666666666667652e+02
9.471322033898306927e+02
9.480587570621470377e+02
9.490519774011299887e+02
9.501197740112995689e+02
9.512350282485876960e+02
9.524180790960452896e+02
9.536610169491526676e+02
9.549593220338983883e+02
9.561231638418080365e+02
9.570655367231639730e+02
9.578203389830509877e+02
9.583480225988701022e+02
9.586576271186440863e+02
9.587661016949153918e+02
9.586531073446328719e+02
9.583333333333334849e+02
9.578090395480228381e+02
9.570734463276836550e+02
9.561581920903956870e+02
9.550610169491526449e+02
9.537909604519775257e+02
9.523593220338983656e+02
9.507774011299436552e+02
9.492474576271187061e+02
9.477604519774012033e+02
9.463333333333334849e+02
9.449694915254237912e+02
9.436779661016950058e+02
9.424960451977402727e+02
9.413853107344634736e+02
9.403661016949153009e+02
9.394451977401131444e+02
9.386158192090396142e+02
9.378983050847459708e+02
9.372903954802261524e+02
9.367841807909604768e+02
9.364079096045197730e+02
9.361638418079096482e+02
9.360327683615821570e+02
9.360135593220339842e+02
9.361355932203391603e+02
9.363807909604520319e+02
9.367559322033898752e+02
9.372610169491526904e+02
9.378858757062147333e+02
9.386293785310735984e+02
9.394779661016950740e+02
9.404248587570622249e+02
9.414903954802260841e+02
9.426372881355932805e+02
9.438745762711864700e+02
9.451909604519775030e+02
9.465581920903955506e+02
9.479762711864407265e+02
9.494033898305085586e+02
9.506587570621468331e+02
9.517638418079095572e+02
9.527175141242938707e+02
9.534903954802260841e+02
9.541073446327684451e+02
9.545254237288136210e+02
9.547672316384181386e+02
9.548384180790960727e+02
9.547276836158192737e+02
9.544214689265536435e+02
9.539480225988700113e+02
9.532937853107345063e+02
9.524485875706216120e+02
9.514045197740113053e+02
9.501717514124295576e+02
9.488836158192091261e+02
9.476745762711864245e+02
9.465457627118644268e+02
9.454892655367232237e+02
9.445141242937852439e+02
9.436124293785311465e+02
9.427977401129944610e+02
9.420689265536723269e+02
9.414248587570622249e+02
9.408553672316384109e+02
9.403694915254238822e+02
9.399491525423729854e+02
9.396418079096044949e+02
9.393909604519774348e+02
9.392305084745762542e+02
9.391446327683615891e+02
9.391638418079096482e+02
9.392621468926554371e+02
9.394406779661017026e+02
9.397242937853108060e+02
9.400813559322034507e+02
9.405355932203390239e+02
9.410440677966103067e+02
9.416485875706215438e+02
9.423389830508474461e+02
9.431073446327684451e+02
9.439468926553672645e+02
9.448519774011299432e+02
9.458090395480226107e+02
9.468316384180791374e+02
9.479186440677967767e+02
9.490576271186440636e+02
9.502700564971751191e+02
9.513254237288135755e+02
9.521694915254238367e+02
9.527977401129944610e+02
9.532045197740113736e+02
9.534033898305085586e+02
9.533728813559322361e+02
9.531299435028249718e+02
9.526677966101696029e+02
9.520067796610169353e+02
9.511457627118643359e+02
9.500971751412429285e+02
9.488711864406780023e+02
9.474644067796609761e+02
9.459186440677966630e+02
9.444079096045197730e+02
9.429491525423728717e+02
9.415435028248587059e+02
9.402067796610169808e+02
9.389344632768361407e+02
9.377333333333333485e+02
9.366067796610169580e+02
9.355751412429378888e+02
9.346203389830508286e+02
9.337694915254237458e+02
9.330146892655367310e+02
9.323740112994350966e+02
9.318553672316384109e+02
9.314180790960451759e+02
9.311118644067796595e+02
9.309141242937853349e+02
9.308598870056497390e+02
9.309242937853107378e+02
9.311118644067796595e+02
9.314248587570621112e+02
9.318564971751412713e+02
9.324259887005648579e+02
9.330903954802259932e+02
9.338757062146892167e+02
9.347785310734464019e+02
9.357887005649718049e+02
9.368824858757062657e+02
9.380440677966101930e+02
9.392983050847458344e+02
9.406192090395479681e+02
9.419853107344632690e+02
9.434022598870055845e+02
9.448519774011299432e+02
9.461898305084746426e+02
9.473649717514124404e+02
9.483762711864407038e+02
9.492146892655366628e+02
9.498768361581921909e+02
9.503672316384180476e+02
9.506790960451978663e+02
9.507977401129944610e+02
9.507299435028248809e+02
9.504858757062147561e+02
9.500451977401130534e+02
9.494169491525424291e+02
9.486045197740113508e+02
9.475932203389832011e+02
9.463954802259887629e+02
9.452282485875706470e+02
9.441310734463277186e+02
9.431163841807911012e+02
9.421898305084746426e+02
9.413209039548023611e+02
9.405457627118645405e+02
9.398474576271187289e+02
9.392225988700565722e+02
9.386926553672317368e+02
9.382451977401130989e+02
9.378632768361583203e+02
9.375751412429378888e+02
9.373627118644068332e+02
9.372451977401130989e+02
9.372079096045198412e+02
9.372418079096046313e+02
9.373717514124293757e+02
9.375819209039548241e+02
9.378881355932203405e+02
9.382677966101695120e+02
9.387231638418079456e+02
9.392644067796611580e+02
9.398926553672316686e+02
9.405920903954802270e+02
9.413593220338982519e+02
9.422124293785311693e+02
9.431186440677965948e+02
9.440994350282487630e+02
9.451299435028249718e+02
9.462214689265537118e+02
9.473581920903955051e+02
9.485740112994351421e+02
9.498169491525425201e+02
9.508632768361583203e+02
9.516994350282486721e+02
9.523118644067797050e+02
9.527231638418080593e+02
9.529016949152543248e+02
9.528757062146893304e+02
9.526372881355932805e+02
9.521841807909605677e+02
9.515514124293786153e+02
9.507186440677967312e+02
9.497118644067797959e+02
9.485310734463276958e+02
9.471706214689265835e+02
9.456711864406779569e+02
9.441909604519773893e+02
9.427661016949152781e+02
9.413853107344633599e+02
9.400813559322034507e+02
9.388497175141244497e+02
9.376892655367232692e+02
9.366067796610170717e+02
9.356248587570621567e+02
9.347468926553672190e+02
9.339570621468926674e+02
9.332553672316385018e+02
9.326768361581921454e+02
9.322067796610169808e+02
9.318531073446328037e+02
9.316146892655367537e+02
9.315084745762712828e+02
9.315276836158192282e+02
9.316734463276836777e+02
9.319333333333333940e+02
9.323209039548022474e+02
9.328293785310734165e+02
9.334542372881355732e+02
9.342056497175141203e+02
9.350677966101695802e+02
9.360305084745763224e+02
9.370960451977400680e+02
9.382485875706215666e+02
9.394734463276836323e+02
9.407762711864406810e+02
9.421468926553673100e+02
9.435683615819209535e+02
9.450158192090395914e+02
9.463129943502824517e+02
9.474610169491525085e+02
9.484395480225989559e+02
9.492542372881355277e+02
9.498937853107345290e+02
9.503785310734463110e+02
9.506790960451978663e+02
9.508000000000000682e+02
9.507548022598870148e+02
9.505299435028248354e+02
9.501322033898304653e+02
9.495310734463276958e+02
9.487536723163841543e+02
9.477819209039548696e+02
9.466338983050848128e+02
9.453502824858757094e+02
9.441412429378531215e+02
9.430045197740113281e+02
9.419593220338982746e+02
9.409683615819208171e+02
9.400632768361581384e+02
9.392429378531073780e+02
9.384915254237289446e+02
9.378271186440678093e+02
9.372474576271187061e+02
9.367220338983050851e+02
9.363084745762712373e+02
9.359694915254237912e+02
9.357186440677966175e+02
9.355333333333333030e+02
9.354372881355932350e+02
9.354293785310733256e+02
9.355141242937852439e+02
9.356734463276835640e+02
9.359209039548022702e+02
9.362531073446327810e+02
9.366655367231637683e+02
9.371661016949152554e+02
9.377389830508474233e+02
9.384033898305083312e+02
9.391299435028247444e+02
9.399254237288134846e+02
9.407853107344632235e+02
9.417209039548022247e+02
9.427073446327682404e+02
9.437841807909603631e+02
9.448937853107344154e+02
9.460700564971750737e+02
9.471740112994350511e+02
9.480926553672316004e+02
9.487796610169491487e+02
9.492666666666666515e+02
9.495457627118644268e+02
9.496022598870056299e+02
9.494406779661015889e+02
9.490644067796608851e+02
9.485129943502823835e+02
9.477457627118643586e+02
9.467954802259885128e+02
9.456757062146891712e+02
9.443999999999998636e+02
9.429615819209038818e+02
9.414802259887003402e+02
9.400451977401128261e+02
9.386632768361580474e+02
9.373344632768360043e+02
9.360677966101693528e+02
9.348824858757061520e+02
9.337740112994349602e+02
9.327333333333333485e+02
9.317796610169491487e+02
9.309265536723162313e+02
9.301627118644066741e+02
9.295005649717513734e+02
9.289491525423727580e+02
9.284915254237287172e+02
9.281581920903952323e+02
9.279276836158189781e+02
9.278293785310734165e+02
9.278564971751411576e+02
9.280022598870054935e+02
9.282824858757061293e+02
9.286802259887003856e+02
9.291807909604518727e+02
9.298112994350281042e+02
9.305514124293783880e+02
9.313864406779659930e+02
9.323344632768360043e+02
9.333785310734461973e+02
9.345016949152541201e+02
9.356881355932202950e+02
9.369604519774010214e+02
9.382836158192089897e+02
9.396542372881355050e+02
9.410632768361581384e+02
9.423457627118643813e+02
9.434745762711863790e+02
9.444395480225987285e+02
9.452248587570620657e+02
9.458576271186439044e+02
9.463062146892654027e+02
9.465954802259885810e+02
9.466881355932202950e+02
9.466033898305083767e+02
9.463401129943501928e+02
9.458960451977400226e+02
9.452598870056497162e+02
9.444418079096044494e+02
9.434327683615819069e+02
9.422395480225989104e+02
9.410937853107343471e+02
9.400067796610169353e+02
9.390000000000000000e+02
9.380779661016949831e+02
9.372305084745762542e+02
9.364655367231637229e+02
9.357762711864405674e+02
9.351762711864405446e+02
9.346632768361580474e+02
9.342225988700563448e+02
9.338734463276834958e+02
9.335977401129941882e+02
9.334056497175140521e+02
9.332960451977398861e+02
9.332711864406777522e+02
9.333344632768360043e+02
9.334802259887003402e+02
9.337276836158190463e+02
9.340508474576269009e+02
9.344519774011298523e+02
9.349525423728812257e+02
9.355107344632766626e+02
9.361536723163840179e+02
9.368824858757059246e+02
9.376802259887003856e+02
9.385423728813558455e+02
9.394824858757060611e+02
9.404949152542370712e+02
9.415457627118641994e+02
9.426610169491523266e+02
9.438395480225987058e+02
9.450915254237286263e+02
9.463615819209037454e+02
9.474406779661014752e+02
9.483141242937850848e+02
9.489853107344631553e+02
9.494237288135591371e+02
9.496598870056495798e+02
9.496858757062144605e+02
9.494994350282483992e+02
9.491073446327682177e+02
9.485039548022597273e+02
9.477084745762709872e+02
9.467322033898303744e+02
9.455774011299433823e+02
9.442564971751410212e+02
9.427830508474573890e+02
9.412553672316382745e+02
9.397751412429377069e+02
9.383491525423726216e+02
9.369954802259885582e+02
9.356926553672315094e+02
9.344700564971749372e+02
9.333322033898302834e+02
9.322813559322032688e+02
9.313231638418077409e+02
9.304610169491522811e+02
9.297084745762709872e+02
9.290689265536720995e+02
9.285355932203387965e+02
9.280971751412428148e+02
9.277807909604518954e+02
9.275819209039545967e+02
9.275242937853106469e+02
9.275751412429377751e+02
9.277548022598867874e+02
9.280485875706212937e+02
9.284632768361580020e+02
9.290045197740112144e+02
9.296700564971749827e+02
9.304451977401129170e+02
9.313141242937851985e+02
9.322960451977399998e+02
9.333740112994348692e+02
9.345412429378529851e+02
9.357819209039546422e+02
9.370813559322032233e+02
9.384429378531071961e+02
9.398587570621466512e+02
9.412327683615817477e+02
9.424259887005648579e+02
9.434768361581920999e+02
9.443525423728813166e+02
9.450666666666666060e+02
9.456022598870056299e+02
9.459694915254235639e+02
9.461706214689264698e+02
9.461751412429376842e+02
9.459999999999997726e+02
9.456372881355930531e+02
9.451039548022597501e+02
9.443627118644067195e+02
9.434508474576269919e+02
9.423457627118642677e+02
9.410621468926552780e+02
9.398632768361580929e+02
9.387322033898303744e+02
9.376666666666665151e+02
9.366903954802257886e+02
9.357887005649715775e+02
9.349559322033896933e+02
9.342067796610167534e+02
9.335378531073445174e+02
9.329412429378530760e+02
9.324395480225987285e+02
9.320045197740112144e+02
9.316621468926553007e+02
9.313954802259886492e+02
9.312090395480224743e+02
9.311005649717512824e+02
9.310700564971750737e+02
9.311480225988700568e+02
9.312983050847456070e+02
9.315355932203389102e+02
9.318519774011299432e+02
9.322429378531072643e+02
9.327254237288134391e+02
9.332926553672316459e+02
9.339242937853106241e+02
9.346248587570621567e+02
9.354124293785309874e+02
9.362598870056497162e+02
9.371649717514123950e+02
9.381322033898304653e+02
9.391830508474574799e+02
9.402666666666665378e+02
9.414101694915253802e+02
9.425514124293783880e+02
9.434881355932202496e+02
9.442158192090394095e+02
9.447265536723164132e+02
9.450316384180790692e+02
9.451265536723163905e+02
9.450000000000000000e+02
9.446790960451976389e+02
9.441536723163841316e+02
9.434271186440677184e+02
9.425028248587569806e+02
9.414112994350282406e+02
9.401423728813558682e+02
9.386915254237287627e+02
9.372316384180790010e+02
9.358124293785309646e+02
9.344395480225987285e+02
9.331299435028247444e+02
9.318915254237285808e+02
9.306983050847456980e+02
9.295999999999999091e+02
9.285853107344632917e+02
9.276440677966101021e+02
9.267909604519772984e+02
9.260406779661014980e+02
9.254033898305083312e+02
9.248790960451976844e+02
9.244418079096044494e+02
9.241073446327683314e+02
9.239073446327682859e+02
9.238372881355930986e+02
9.238757062146892167e+02
9.240384180790960045e+02
9.243209039548022474e+02
9.247209039548021110e+02
9.252598870056494889e+02
9.258994350282484902e+02
9.266519774011298978e+02
9.275231638418079001e+02
9.285005649717513734e+02
9.295593220338982974e+02
9.307186440677965038e+02
9.319491525423728717e+02
9.332451977401128715e+02
9.346056497175140976e+02
9.360259887005648807e+02
9.374903954802259705e+02
9.388214689265535071e+02
9.399932203389829510e+02
9.410192090395478317e+02
9.418644067796609534e+02
9.425480225988699203e+02
9.430519774011299887e+02
9.433796610169490577e+02
9.435242937853107605e+02
9.434892655367231100e+02
9.432847457627117365e+02
9.429005649717513506e+02
9.423242937853106014e+02
9.415683615819208399e+02
9.406293785310733711e+02
9.394937853107343244e+02
9.382937853107343926e+02
9.371502824858755503e+02
9.361005649717512824e+02
9.351163841807908739e+02
9.342248587570620657e+02
9.333988700564971168e+02
9.326564971751411122e+02
9.319853107344631553e+02
9.314011299435027240e+02
9.308892655367230873e+02
9.304757062146891258e+02
9.301502824858755503e+02
9.298915254237286945e+02
9.297322033898303744e+02
9.296621468926553007e+02
9.296598870056495798e+02
9.297740112994349602e+02
9.299649717514123495e+02
9.302497175141241996e+02
9.306022598870056299e+02
9.310451977401129398e+02
9.315717514124291938e+02
9.321875706214688080e+02
9.328836158192088988e+02
9.336338983050846991e+02
9.344824858757061747e+02
9.353841807909602721e+02
9.363841807909603858e+02
9.374237288135592507e+02
9.385412429378529851e+02
9.397096045197738476e+02
9.409423728813558228e+02
9.422214689265535981e+02
9.433186440677965265e+02
9.442112994350280815e+02
9.448779661016948239e+02
9.453559322033897843e+02
9.456124293785310329e+02
9.456655367231637683e+02
9.455005649717513734e+02
9.451231638418078091e+02
9.445468926553671736e+02
9.437807909604518954e+02
9.428474576271185015e+02
9.417242937853106923e+02
9.404067796610167989e+02
9.389435028248585695e+02
9.373728813559321225e+02
9.358531073446326900e+02
9.343875706214687398e+02
9.329841807909604086e+02
9.316598870056496935e+02
9.304022598870055845e+02
9.292282485875705333e+02
9.281265536723162768e+02
9.271141242937852667e+02
9.261898305084745289e+02
9.253796610169490577e+02
9.246757062146891712e+02
9.240700564971750737e+02
9.235841807909603176e+02
9.232022598870055390e+02
9.229536723163841998e+02
9.228259887005648352e+02
9.228124293785310783e+02
9.229389830508473551e+02
9.231909604519773893e+02
9.235649717514123722e+02
9.240666666666666060e+02
9.246757062146891712e+02
9.254101694915252665e+02
9.262429378531071507e+02
9.271717514124293302e+02
9.282158192090394095e+02
9.293276836158190690e+02
9.305254237288135073e+02
9.317966101694914869e+02
9.331220338983050624e+02
9.345175141242937116e+02
9.359480225988700113e+02
9.372451977401128715e+02
9.383525423728812029e+02
9.393096045197739841e+02
9.400994350282483083e+02
9.406994350282484447e+02
9.411367231638416797e+02
9.413988700564971168e+02
9.414847457627117819e+02
9.413909604519773211e+02
9.411062146892654710e+02
9.406451977401128488e+02
9.399751412429377524e+02
9.391186440677963674e+02
9.380881355932202723e+02
9.368519774011297159e+02
9.356497175141241769e+02
9.345141242937852439e+02
9.334519774011298523e+02
9.324711864406779114e+02
9.315502824858756412e+02
9.307107344632767081e+02
9.299581920903954142e+02
9.292824858757061293e+02
9.286790960451976389e+02
9.281514124293785244e+02
9.277186440677966175e+02
9.273615819209038591e+02
9.270915254237287400e+02
9.268903954802260614e+02
9.267728813559320997e+02
9.267389830508474233e+02
9.267932203389830192e+02
9.269423728813558228e+02
9.271570621468925992e+02
9.274564971751412941e+02
9.278553672316384109e+02
9.283333333333332575e+02
9.288870056497175938e+02
9.295242937853106469e+02
9.302440677966101248e+02
9.310225988700565267e+02
9.318768361581920772e+02
9.328056497175141430e+02
9.337932203389830192e+02
9.348519774011299432e+02
9.359593220338983883e+02
9.371446327683615891e+02
9.383819209039547786e+02
9.394858757062147561e+02
9.403740112994350966e+02
9.410429378531073326e+02
9.415039548022598410e+02
9.417502824858756867e+02
9.417672316384180249e+02
9.415954802259886947e+02
9.411898305084745289e+02
9.406045197740113508e+02
9.398146892655367992e+02
9.388440677966101475e+02
9.376666666666666288e+02
9.363367231638418389e+02
9.348451977401130080e+02
9.333604519774012260e+02
9.319435028248587969e+02
9.305841807909604313e+02
9.292790960451977753e+02
9.280418079096043584e+02
9.268745762711863563e+02
9.258124293785310783e+02
9.248158192090395460e+02
9.239220338983050169e+02
9.231039548022597501e+02
9.224067796610169125e+02
9.217988700564972078e+02
9.212983050847457207e+02
9.209242937853107378e+02
9.206644067796610216e+02
9.205322033898305563e+02
9.205175141242937116e+02
9.206338983050848128e+02
9.208779661016949376e+02
9.212451977401130989e+02
9.217367231638419298e+02
9.223468926553673555e+02
9.230824858757061975e+02
9.239163841807909421e+02
9.248666666666666742e+02
9.259084745762711464e+02
9.270463276836158002e+02
9.282587570621468558e+02
9.295638418079096255e+02
9.309412429378530760e+02
9.323548022598870375e+02
9.338350282485876050e+02
9.353288135593220431e+02
9.366689265536723497e+02
9.378327683615818842e+02
9.388485875706213619e+02
9.396711864406779569e+02
9.403322033898305108e+02
9.407966101694914869e+02
9.410960451977400680e+02
9.412135593220339160e+02
9.411514124293785244e+02
9.408903954802260614e+02
9.404406779661017026e+02
9.397943502824859934e+02
9.389581920903955279e+02
9.379322033898305335e+02
9.367073446327683541e+02
9.354564971751411804e+02
9.342677966101695120e+02
9.331672316384180021e+02
9.321536723163841316e+02
9.312067796610169808e+02
9.303435028248586605e+02
9.295751412429378888e+02
9.288666666666665606e+02
9.282610169491525767e+02
9.277310734463277413e+02
9.272689265536723724e+02
9.269016949152542111e+02
9.266169491525423609e+02
9.264305084745762997e+02
9.263186440677966402e+02
9.263129943502825654e+02
9.263774011299435642e+02
9.265378531073446311e+02
9.267841807909603631e+02
9.271310734463277186e+02
9.275581920903955506e+02
9.280711864406780478e+02
9.286723163841807036e+02
9.293446327683615209e+02
9.300926553672316004e+02
9.309197740112995234e+02
9.318248587570620884e+02
9.328146892655366855e+02
9.338508474576270828e+02
9.349615819209038818e+02
9.361401129943503747e+02
9.373751412429378433e+02
9.385807909604520773e+02
9.396067796610168443e+02
9.404158192090395687e+02
9.410067796610169353e+02
9.413966101694915096e+02
9.415661016949152327e+02
9.415254237288136210e+02
9.412666666666666515e+02
9.408225988700564812e+02
9.401762711864406583e+02
9.393333333333333712e+02
9.383073446327683769e+02
9.371265536723163905e+02
9.357604519774010896e+02
9.342497175141243133e+02
9.327016949152542793e+02
9.312067796610169808e+02
9.297751412429378206e+02
9.284079096045197730e+02
9.271050847457627242e+02
9.258870056497175938e+02
9.247389830508474233e+02
9.236734463276836777e+02
9.226937853107344836e+02
9.218158192090395460e+02
9.210316384180791829e+02
9.203683615819209081e+02
9.198011299435029287e+02
9.193559322033897843e+02
9.190305084745762088e+02
9.188350282485876050e+02
9.187525423728812939e+02
9.187864406779660840e+02
9.189615819209038818e+02
9.192531073446327810e+02
9.196666666666666288e+02
9.202180790960451304e+02
9.208723163841807491e+02
9.216485875706214301e+02
9.225175141242938253e+02
9.234971751412429057e+02
9.245514124293785017e+02
9.256915254237287627e+02
9.269096045197740068e+02
9.281954802259887174e+02
9.295265536723163677e+02
9.309152542372880816e+02
9.322429378531073780e+02
9.334011299435028377e+02
9.343932203389829283e+02
9.352259887005649261e+02
9.358836158192090124e+02
9.363672316384181613e+02
9.366779661016948921e+02
9.368158192090395460e+02
9.367604519774010896e+02
9.365288135593219749e+02
9.361231638418078091e+02
9.355220338983050397e+02
9.347276836158191600e+02
9.337412429378530305e+02
9.325796610169491032e+02
9.313310734463276503e+02
9.301548022598869920e+02
9.290384180790960045e+02
9.279988700564971396e+02
9.270259887005649944e+02
9.261310734463277186e+02
9.253084745762712373e+02
9.245706214689265607e+02
9.238994350282487176e+02
9.233163841807910330e+02
9.228192090395480136e+02
9.223954802259886492e+02
9.220418079096045858e+02
9.217841807909603631e+02
9.215909604519774803e+02
9.215062146892655619e+02
9.215152542372881044e+02
9.215932203389829738e+02
9.217480225988699658e+02
9.219853107344631553e+02
9.223265536723164360e+02
9.227536723163841543e+02
9.232576271186439953e+02
9.238316384180791374e+02
9.244960451977401590e+02
9.252305084745762542e+02
9.260305084745762088e+02
9.269039548022599320e+02
9.278418079096045403e+02
9.288497175141242224e+02
9.299175141242938025e+02
9.310531073446327355e+02
9.322587570621469695e+02
9.334225988700565040e+02
9.344045197740113053e+02
9.351683615819208626e+02
9.357163841807910103e+02
9.360429378531073326e+02
9.361706214689265835e+02
9.360836158192090579e+02
9.357830508474576163e+02
9.352971751412430876e+02
9.345977401129944155e+02
9.337242937853108060e+02
9.326666666666667425e+02
9.314440677966102839e+02
9.300429378531074462e+02
9.285367231638418843e+02
9.270813559322034507e+02
9.256531073446328719e+02
9.242960451977401135e+02
9.230079096045197957e+02
9.217898305084745516e+02
9.206361581920904200e+02
9.195807909604519637e+02
9.186056497175140976e+02
9.177186440677966175e+02
9.169175141242938025e+02
9.162180790960451304e+02
9.156463276836158229e+02
9.151694915254237230e+02
9.148056497175141430e+02
9.145751412429378888e+02
9.144723163841808855e+02
9.144768361581920999e+02
9.146192090395481955e+02
9.148745762711864700e+02
9.152655367231639048e+02
9.157615819209040637e+02
9.163932203389831557e+02
9.171423728813559819e+02
9.179728813559322589e+02
9.189242937853107378e+02
9.199717514124295121e+02
9.211039548022599774e+02
9.223175141242938935e+02
9.235920903954803407e+02
9.249389830508475825e+02
9.263322033898306245e+02
9.277762711864409084e+02
9.292440677966103522e+02
9.305694915254238140e+02
9.317367231638419298e+02
9.327322033898306017e+02
9.335717514124295349e+02
9.342293785310735075e+02
9.347005649717515325e+02
9.350101694915255166e+02
9.351288135593222250e+02
9.350677966101695802e+02
9.348146892655367992e+02
9.343740112994350966e+02
9.337491525423729399e+02
9.329141242937854486e+02
9.319084745762713737e+02
9.306813559322035871e+02
9.295152542372882181e+02
9.284259887005650853e+02
9.274225988700566177e+02
9.264802259887006812e+02
9.256135593220340070e+02
9.248293785310735302e+02
9.241163841807911012e+02
9.234858757062148698e+02
9.229502824858757322e+02
9.224847457627120093e+02
9.220926553672318278e+02
9.217864406779663113e+02
9.215649717514127133e+02
9.214271186440679458e+02
9.213661016949154146e+02
9.213977401129944838e+02
9.215152542372882181e+02
9.217231638418080593e+02
9.220135593220340979e+02
9.223740112994350966e+02
9.228406779661017936e+02
9.233717514124294894e+02
9.239920903954803180e+02
9.246892655367232692e+02
9.254531073446329401e+02
9.262836158192092171e+02
9.271943502824860843e+02
9.281728813559323044e+02
9.292101694915255621e+02
9.303129943502825654e+02
9.314734463276837459e+02
9.327084745762713283e+02
9.338463276836159821e+02
9.348011299435029287e+02
9.355288135593222023e+02
9.360610169491527586e+02
9.363864406779662204e+02
9.365028248587570943e+02
9.364056497175142795e+02
9.361107344632769127e+02
9.356101694915255393e+02
9.349502824858759595e+02
9.340949152542374350e+02
9.330723163841810219e+02
9.318870056497175938e+02
9.305446327683616801e+02
9.290553672316384564e+02
9.275966101694916688e+02
9.261694915254238367e+02
9.248169491525425201e+02
9.235254237288136210e+02
9.222971751412429740e+02
9.211604519774011806e+02
9.200926553672317141e+02
9.191242937853107833e+02
9.182440677966102385e+02
9.174621468926554826e+02
9.167875706214690581e+02
9.162124293785311693e+02
9.157525423728814076e+02
9.154203389830510105e+02
9.151977401129945520e+02
9.150960451977402954e+02
9.151446327683617028e+02
9.152983050847458344e+02
9.155694915254239277e+02
9.159604519774013625e+02
9.164779661016950740e+02
9.171175141242940754e+02
9.178564971751413850e+02
9.186971751412431786e+02
9.196384180790962546e+02
9.206971751412431786e+02
9.218146892655367992e+02
9.230192090395482865e+02
9.242689265536724861e+02
9.255909604519774803e+02
9.269694915254240186e+02
9.283423728813561411e+02
9.295774011299436097e+02
9.306451977401131899e+02
9.315536723163843362e+02
9.322926553672318732e+02
9.328723163841809765e+02
9.332745762711865609e+02
9.335141242937854713e+02
9.335615819209040183e+02
9.334338983050847673e+02
9.331276836158192509e+02
9.326237288135594099e+02
9.319367231638419753e+02
9.310587570621470377e+02
9.300022598870057209e+02
9.287457627118644723e+02
9.275389830508476052e+02
9.263830508474577528e+02
9.253118644067797050e+02
9.242971751412430876e+02
9.233638418079096937e+02
9.225073446327684223e+02
9.217073446327685815e+02
9.210101694915255166e+02
9.203898305084746880e+02
9.198418079096047677e+02
9.193627118644069469e+02
9.189604519774013625e+02
9.186485875706216575e+02
9.184101694915256076e+02
9.182519774011300342e+02
9.181774011299435188e+02
9.181853107344633145e+02
9.182757062146893077e+02
9.184497175141243588e+02
9.187062146892656074e+02
9.190508474576272420e+02
9.194903954802260841e+02
9.200022598870057209e+02
9.205807909604520773e+02
9.212316384180792284e+02
9.219661016949153236e+02
9.227672316384182523e+02
9.236271186440678775e+02
9.245706214689266744e+02
9.255559322033899434e+02
9.266180790960454488e+02
9.277412429378531442e+02
9.289220338983052443e+02
9.299355932203391149e+02
9.307514124293786608e+02
9.313333333333334849e+02
9.317073446327685815e+02
9.318870056497175938e+02
9.318519774011299432e+02
9.316045197740113508e+02
9.311740112994350511e+02
9.305435028248588196e+02
9.297141242937854031e+02
9.287197740112994779e+02
9.275423728813559592e+02
9.262011299435030196e+02
9.247039548022600002e+02
9.232429378531073780e+02
9.218429378531072871e+02
9.205005649717514871e+02
9.192169491525423837e+02
9.179920903954803180e+02
9.168440677966102612e+02
9.157875706214690581e+02
9.147898305084747790e+02
9.138892655367233147e+02
9.130870056497176392e+02
9.123807909604520319e+02
9.117785310734464019e+02
9.112949152542373668e+02
9.109129943502825881e+02
9.106508474576271510e+02
9.105005649717516008e+02
9.104847457627120093e+02
9.105796610169493306e+02
9.108056497175143704e+02
9.111525423728814985e+02
9.116158192090397279e+02
9.121966101694916915e+02
9.128937853107345290e+02
9.136903954802261296e+02
9.146033898305086041e+02
9.156022598870057436e+02
9.166881355932205224e+02
9.178508474576271965e+02
9.190847457627119184e+02
9.203751412429378433e+02
9.217288135593221341e+02
9.231344632768362999e+02
9.245649717514124859e+02
9.258587570621471059e+02
9.269807909604521683e+02
9.279570621468927811e+02
9.287570621468928493e+02
9.293898305084746880e+02
9.298553672316386383e+02
9.301412429378533488e+02
9.302576271186442227e+02
9.301672316384182295e+02
9.299039548022600457e+02
9.294666666666668107e+02
9.288338983050848583e+02
9.280033898305086950e+02
9.269785310734464474e+02
9.257661016949152781e+02
9.246033898305086041e+02
9.235016949152543475e+02
9.224734463276836323e+02
9.215197740112995461e+02
9.206485875706215438e+02
9.198418079096046540e+02
9.191175141242938480e+02
9.184723163841808855e+02
9.178971751412431104e+02
9.173977401129943701e+02
9.169853107344633827e+02
9.166587570621468331e+02
9.164090395480227471e+02
9.162406779661016571e+02
9.161559322033899662e+02
9.161593220338984338e+02
9.162497175141243133e+02
9.164067796610170262e+02
9.166542372881356187e+02
9.169966101694915324e+02
9.174056497175142795e+02
9.179039548022599320e+02
9.184937853107344381e+02
9.191559322033899662e+02
9.198711864406780023e+02
9.206757062146892849e+02
9.215423728813559592e+02
9.224768361581920999e+02
9.234734463276836323e+02
9.245299435028248354e+02
9.256757062146893986e+02
9.268813559322034052e+02
9.280711864406780478e+02
9.290723163841807946e+02
9.298745762711864700e+02
9.304497175141243588e+02
9.308519774011299432e+02
9.310418079096045858e+02
9.310282485875707152e+02
9.308259887005649489e+02
9.304293785310735529e+02
9.298451977401130080e+02
9.290915254237288536e+02
9.281401129943503747e+02
9.270463276836158002e+02
9.257875706214689444e+02
9.243853107344632463e+02
9.229175141242938025e+02
9.214926553672316913e+02
9.201209039548023156e+02
9.188101694915254711e+02
9.175762711864406356e+02
9.164135593220339615e+02
9.153276836158192964e+02
9.143220338983051079e+02
9.134192090395481500e+02
9.125943502824859479e+02
9.118824858757062657e+02
9.112485875706214529e+02
9.107401129943502838e+02
9.103423728813559137e+02
9.100632768361582521e+02
9.098824858757061520e+02
9.098406779661017936e+02
9.099220338983051306e+02
9.101073446327684451e+02
9.104079096045197730e+02
9.108440677966101475e+02
9.113909604519774348e+02
9.120474576271185470e+02
9.128101694915253574e+02
9.136734463276835640e+02
9.146327683615818387e+02
9.156632768361582748e+02
9.167853107344633372e+02
9.179796610169491942e+02
9.192248587570620657e+02
9.205062146892655619e+02
9.218474576271187289e+02
9.231016949152542566e+02
9.242067796610169808e+02
9.251389830508475143e+02
9.259333333333333940e+02
9.265740112994351421e+02
9.270350282485876505e+02
9.273254237288135755e+02
9.274587570621469013e+02
9.274259887005650853e+02
9.272000000000001592e+02
9.267943502824859934e+02
9.262124293785311693e+02
9.254384180790962091e+02
9.244870056497176165e+02
9.233446327683616346e+02
9.221920903954803634e+02
9.210926553672317141e+02
9.200508474576272420e+02
9.190824858757061975e+02
9.181841807909604540e+02
9.173661016949153009e+02
9.166225988700566631e+02
9.159423728813560501e+02
9.153457627118643813e+02
9.148282485875706698e+02
9.143853107344632463e+02
9.140214689265537800e+02
9.137435028248587514e+02
9.135423728813560729e+02
9.134282485875706925e+02
9.133887005649717139e+02
9.134259887005650853e+02
9.135435028248588196e+02
9.137525423728814076e+02
9.140508474576271283e+02
9.144327683615819069e+02
9.148892655367230873e+02
9.154248587570621112e+02
9.160305084745762088e+02
9.167220338983050851e+02
9.174870056497175028e+02
9.183118644067797050e+02
9.192090395480225880e+02
9.201740112994350511e+02
9.212056497175142340e+02
9.222903954802260387e+02
9.234361581920903745e+02
9.246406779661017481e+02
9.256802259887006130e+02
9.265254237288136210e+02
9.271548022598869920e+02
9.275774011299436097e+02
9.277898305084745516e+02
9.277977401129943473e+02
9.276112994350282861e+02
9.272169491525423837e+02
9.266169491525423609e+02
9.258497175141242224e+02
9.248903954802258340e+02
9.237559322033897615e+02
9.224655367231638365e+02
9.210259887005649944e+02
9.195446327683614527e+02
9.181062146892654710e+02
9.167163841807908966e+02
9.153830508474575254e+02
9.141175141242938480e+02
9.129231638418078774e+02
9.117875706214689444e+02
9.107480225988699658e+02
9.097954802259887401e+02
9.089389830508475825e+02
9.081740112994350511e+02
9.075152542372881044e+02
9.069525423728813394e+02
9.065141242937852439e+02
9.061841807909604540e+02
9.059875706214688762e+02
9.058960451977400226e+02
9.059175141242938025e+02
9.060892655367231328e+02
9.063525423728813166e+02
9.067615819209040637e+02
9.072745762711865609e+02
9.079220338983050169e+02
9.086610169491525539e+02
9.094983050847457662e+02
9.104463276836158911e+02
9.114689265536724179e+02
9.125751412429378888e+02
9.137525423728814076e+02
9.150033898305084676e+02
9.163186440677966402e+02
9.176655367231638820e+02
9.190474576271186606e+02
9.203819209039547786e+02
9.215491525423728945e+02
9.225762711864407493e+02
9.234056497175140521e+02
9.240847457627119184e+02
9.245740112994350284e+02
9.249129943502824744e+02
9.250666666666666060e+02
9.250406779661016117e+02
9.248350282485874914e+02
9.244305084745762997e+02
9.238418079096044266e+02
9.230519774011299887e+02
9.220824858757061975e+02
9.209197740112994097e+02
9.197604519774010896e+02
9.186531073446326445e+02
9.176316384180790919e+02
9.166723163841807036e+02
9.158011299435027013e+02
9.150067796610169353e+02
9.142858757062144832e+02
9.136384180790960272e+02
9.130689265536723269e+02
9.125853107344632917e+02
9.121615819209039273e+02
9.118316384180790237e+02
9.115807909604518500e+02
9.114079096045197730e+02
9.113152542372880589e+02
9.113039548022597955e+02
9.113898305084745743e+02
9.115389830508473779e+02
9.117954802259886264e+02
9.121107344632767990e+02
9.125231638418077864e+02
9.130101694915254029e+02
9.135683615819207262e+02
9.142033898305083994e+02
9.148892655367230873e+02
9.156734463276835640e+02
9.165118644067796367e+02
9.174146892655367083e+02
9.183762711864407038e+02
9.194293785310734393e+02
9.205288135593220886e+02
9.216757062146891712e+02
9.228711864406778886e+02
9.238689265536722814e+02
9.246610169491525539e+02
9.252508474576270601e+02
9.256338983050846991e+02
9.258146892655365718e+02
9.258056497175141430e+02
9.255774011299433823e+02
9.251491525423728035e+02
9.245559322033898297e+02
9.237491525423728262e+02
9.227807909604520091e+02
9.216497175141242906e+02
9.203649717514124404e+02
9.189265536723164587e+02
9.175118644067796367e+02
9.161536723163841316e+02
9.148327683615818842e+02
9.135807909604518500e+02
9.123977401129943701e+02
9.112734463276835868e+02
9.102485875706214529e+02
9.092903954802259250e+02
9.084293785310735529e+02
9.076621468926553007e+02
9.070067796610169353e+02
9.064192090395479227e+02
9.059672316384180704e+02
9.056248587570621567e+02
9.053954802259886492e+02
9.052892655367231782e+02
9.053118644067797050e+02
9.054576271186440408e+02
9.057288135593220204e+02
9.061141242937852667e+02
9.066214689265536890e+02
9.072553672316383881e+02
9.079796610169491942e+02
9.088203389830507604e+02
9.097570621468926220e+02
9.107830508474576163e+02
9.118824858757061520e+02
9.130768361581920090e+02
9.143367231638417252e+02
9.156418079096044949e+02
9.170067796610169353e+02
9.184282485875705788e+02
9.197423728813558910e+02
9.209118644067796140e+02
9.219242937853107378e+02
9.227717514124293530e+02
9.234508474576271055e+02
9.239796610169491942e+02
9.243186440677966402e+02
9.244937853107344381e+02
9.244926553672315777e+02
9.243276836158192964e+02
9.239683615819208171e+02
9.234146892655367083e+02
9.226632768361581611e+02
9.217514124293785471e+02
9.206440677966102157e+02
9.194248587570621112e+02
9.182587570621468558e+02
9.171638418079094208e+02
9.161570621468924855e+02
9.152192090395479909e+02
9.143435028248586605e+02
9.135412429378529851e+02
9.128271186440676956e+02
9.121819209039547331e+02
9.116180790960451077e+02
9.111186440677965948e+02
9.107129943502824290e+02
9.103864406779659930e+02
9.101423728813558682e+02
9.099785310734462200e+02
9.098915254237288082e+02
9.098949152542372758e+02
9.099774011299434733e+02
9.101502824858756640e+02
9.103977401129943701e+02
9.107412429378531442e+02
9.111672316384181158e+02
9.116666666666665151e+02
9.122440677966101248e+02
9.129197740112992960e+02
9.136474576271185697e+02
9.144689265536721905e+02
9.153480225988699885e+02
9.162870056497174573e+02
9.173005649717513279e+02
9.183807909604518045e+02
9.195141242937852439e+02
9.207163841807908966e+02
9.218768361581919635e+02
9.228271186440676956e+02
9.235717514124293075e+02
9.241096045197739386e+02
9.244508474576271055e+02
9.245864406779660385e+02
9.245276836158191145e+02
9.242576271186441090e+02
9.237841807909604768e+02
9.231412429378531215e+02
9.223107344632767308e+02
9.213039548022597955e+02
9.201310734463276049e+02
9.187999999999999545e+02
9.173186440677966402e+02
9.158293785310734165e+02
9.143966101694913959e+02
9.130237288135592735e+02
9.117073446327683541e+02
9.104632768361582293e+02
9.093062146892655164e+02
9.082305084745762542e+02
9.072225988700564585e+02
9.063050847457626560e+02
9.055107344632767763e+02
9.047807909604518954e+02
9.041853107344632008e+02
9.036960451977399771e+02
9.033220338983051079e+02
9.030508474576272420e+02
9.029152542372881953e+02
9.029096045197740068e+02
9.030192090395480591e+02
9.032429378531073780e+02
9.035932203389830875e+02
9.040779661016949831e+02
9.046598870056496935e+02
9.053627118644067195e+02
9.061672316384181158e+02
9.070564971751412031e+02
9.080519774011298750e+02
9.091310734463276049e+02
9.102768361581920544e+02
9.114881355932203633e+02
9.127615819209038364e+02
9.140903954802258795e+02
9.154632768361581157e+02
9.168316384180790237e+02
9.180542372881354822e+02
9.191005649717512824e+02
9.199943502824858115e+02
9.207265536723162995e+02
9.212734463276835868e+02
9.216463276836157092e+02
9.218564971751411576e+02
9.218790960451976844e+02
9.217231638418078319e+02
9.213830508474575254e+02
9.208429378531072871e+02
9.201129943502824062e+02
9.191932203389829965e+02
9.180881355932202723e+02
9.169220338983050169e+02
9.158203389830507604e+02
9.147999999999999545e+02
9.138305084745761633e+02
9.129435028248586832e+02
9.121175141242937343e+02
9.113740112994349829e+02
9.107129943502824290e+02
9.101118644067795458e+02
9.095932203389829738e+02
9.091706214689264698e+02
9.087977401129942336e+02
9.085242937853106469e+02
9.083333333333332575e+02
9.082225988700564585e+02
9.081954802259886037e+02
9.082451977401129852e+02
9.083898305084744607e+02
9.086090395480225652e+02
9.089322033898304198e+02
9.093355932203389784e+02
9.098146892655366855e+02
9.103774011299433369e+02
9.110112994350281497e+02
9.117322033898303744e+02
9.125175141242937116e+02
9.133728813559321225e+02
9.142903954802259250e+02
9.152836158192089897e+02
9.163502824858755957e+02
9.174700564971749372e+02
9.186610169491523266e+02
9.199118644067796140e+02
9.210022598870056072e+02
9.218983050847456298e+02
9.225796610169491032e+02
9.230576271186439499e+02
9.233242937853106014e+02
9.233853107344632463e+02
9.232463276836157320e+02
9.228960451977400226e+02
9.223694915254236548e+02
9.216463276836157092e+02
9.207367231638418161e+02
9.196632768361580474e+02
9.184192090395479227e+02
9.170305084745762088e+02
9.155265536723163677e+02
9.140790960451976161e+02
9.126655367231637683e+02
9.113254237288135755e+02
9.100576271186439499e+02
9.088689265536722814e+02
9.077457627118644723e+02
9.066926553672317368e+02
9.057480225988699658e+02
9.048757062146892167e+02
9.041107344632767990e+02
9.034508474576271055e+02
9.029005649717512370e+02
9.024598870056497617e+02
9.021378531073446538e+02
9.019299435028249263e+02
9.018519774011299432e+02
9.019028248587569578e+02
9.020644067796611125e+02
9.023627118644067195e+02
9.027853107344633372e+02
9.033322033898305108e+02
9.039774011299434733e+02
9.047310734463276276e+02
9.056056497175140976e+02
9.065570621468925765e+02
9.076169491525423609e+02
9.087468926553672190e+02
9.099536723163841998e+02
9.112135593220339160e+02
9.125502824858756412e+02
9.139242937853107378e+02
9.153446327683615209e+02
9.166451977401129625e+02
9.177785310734461746e+02
9.187401129943502838e+02
9.195322033898305563e+02
9.201672316384181158e+02
9.206225988700565495e+02
9.208926553672316686e+02
9.210033898305084676e+02
9.209118644067796140e+02
9.206497175141242906e+02
9.201796610169491260e+02
9.195265536723163677e+02
9.186723163841807036e+02
9.176214689265536890e+02
9.163841807909603858e+02
9.151435028248586150e+02
9.139762711864407265e+02
9.128689265536722814e+02
9.118406779661016799e+02
9.108768361581920772e+02
9.099830508474576618e+02
9.091661016949152554e+02
9.084305084745762997e+02
9.077796610169491487e+02
9.071875706214689217e+02
9.066802259887006130e+02
9.062542372881355277e+02
9.059141242937853349e+02
9.056485875706214301e+02
9.054610169491525085e+02
9.053751412429378433e+02
9.053570621468926447e+02
9.054293785310733256e+02
9.055909604519773666e+02
9.058451977401130080e+02
9.061717514124293302e+02
9.065853107344631781e+02
9.070813559322033370e+02
9.076689265536722360e+02
9.083073446327682632e+02
9.090418079096044721e+02
9.098316384180791374e+02
9.107016949152541656e+02
9.116305084745762315e+02
9.126519774011298978e+02
9.137197740112994779e+02
9.148610169491525994e+02
9.160700564971750737e+02
9.171672316384180021e+02
9.180723163841807946e+02
9.187593220338982292e+02
9.192327683615818614e+02
9.194971751412429057e+02
9.195559322033898297e+02
9.194180790960451759e+02
9.190870056497175256e+02
9.185502824858757549e+02
9.178350282485876050e+02
9.169548022598869466e+02
9.158802259887004311e+02
9.146497175141241769e+02
9.132621468926553234e+02
9.117887005649718049e+02
9.103649717514124404e+02
9.089988700564972532e+02
9.076892655367231555e+02
9.064497175141243588e+02
9.052768361581920544e+02
9.041762711864407720e+02
9.031570621468927129e+02
9.022327683615819751e+02
9.013909604519774348e+02
9.006644067796610216e+02
9.000305084745762088e+02
8.995050847457627015e+02
8.990677966101695802e+02
8.987683615819208853e+02
8.985887005649717594e+02
8.985152542372882181e+02
8.985830508474575709e+02
8.987740112994349602e+02
8.990666666666666060e+02
8.994813559322033143e+02
9.000305084745762088e+02
9.006689265536722360e+02
9.014225988700565040e+02
9.022734463276835868e+02
9.032395480225989104e+02
9.042655367231639048e+02
9.053762711864405901e+02
9.065559322033898297e+02
9.078158192090395460e+02
9.091276836158192509e+02
9.104903954802259705e+02
9.118847457627118729e+02
9.132101694915254484e+02
9.143717514124293757e+02
9.153853107344632463e+02
9.162158192090395232e+02
9.168870056497174801e+02
9.173943502824859024e+02
9.177355932203389557e+02
9.178994350282484902e+02
9.178813559322032916e+02
9.176903954802259022e+02
9.173107344632767308e+02
9.167220338983049714e+02
9.159604519774011351e+02
9.149966101694915324e+02
9.138519774011299432e+02
9.126847457627118274e+02
9.116011299435028832e+02
9.105830508474575709e+02
9.096350282485875596e+02
9.087536723163841543e+02
9.079638418079096027e+02
9.072237288135593190e+02
9.065627118644067650e+02
9.059728813559322589e+02
9.054757062146892395e+02
9.050531073446326218e+02
9.047129943502824290e+02
9.044576271186440408e+02
9.042734463276834731e+02
9.041887005649716684e+02
9.041841807909603403e+02
9.042610169491524630e+02
9.044158192090394550e+02
9.046711864406779569e+02
9.050011299435027468e+02
9.054203389830506694e+02
9.059175141242938025e+02
9.064903954802259705e+02
9.071389830508475143e+02
9.078711864406780023e+02
9.086847457627118274e+02
9.095525423728813621e+02
9.104858757062146424e+02
9.114926553672316913e+02
9.125774011299433823e+02
9.137242937853106923e+02
9.149254237288134846e+02
9.160734463276835413e+02
9.170350282485875368e+02
9.177977401129944610e+02
9.183615819209039728e+02
9.187254237288134391e+02
9.188881355932203405e+02
9.188598870056496253e+02
9.186237288135591825e+02
9.182112994350281951e+02
9.176011299435027695e+02
9.168033898305084222e+02
9.158418079096045403e+02
9.147254237288134391e+02
9.134553672316383199e+02
9.120259887005649944e+02
9.105333333333333030e+02
9.090745762711864018e+02
9.076824858757061065e+02
9.063559322033897843e+02
9.051084745762711918e+02
9.039209039548022702e+02
9.028011299435028150e+02
9.017796610169490350e+02
9.008508474576270828e+02
9.000203389830508058e+02
8.992757062146893077e+02
8.986418079096044949e+02
8.981242937853106696e+02
8.977028248587569124e+02
8.973954802259886492e+02
8.972293785310733938e+02
8.971898305084744152e+02
8.972610169491524630e+02
8.974610169491525085e+02
8.977751412429377069e+02
8.982124293785309419e+02
8.987694915254236321e+02
8.994576271186440408e+02
9.002225988700564585e+02
9.010892655367230191e+02
9.020485875706215211e+02
9.030881355932202723e+02
9.042158192090394095e+02
9.054022598870055845e+02
9.066610169491525539e+02
9.079661016949150962e+02
9.093265536723163223e+02
9.106847457627118274e+02
9.118903954802259477e+02
9.129548022598869466e+02
9.138395480225988194e+02
9.145706214689264471e+02
9.151254237288135300e+02
9.155141242937852439e+02
9.157209039548022247e+02
9.157355932203389557e+02
9.155785310734462428e+02
9.152429378531072643e+02
9.147163841807910103e+02
9.139909604519773438e+02
9.130813559322033370e+02
9.119661016949153236e+02
9.107299435028248809e+02
9.095514124293785017e+02
9.084237288135593644e+02
9.073694915254236548e+02
9.063841807909603858e+02
9.054723163841806581e+02
9.046305084745762315e+02
9.038576271186441318e+02
9.031446327683615891e+02
9.025355932203389102e+02
9.019864406779661294e+02
9.015084745762710554e+02
9.011016949152541429e+02
9.007819209039548696e+02
9.005401129943502383e+02
9.003785310734463110e+02
9.003107344632767308e+02
9.003107344632767308e+02
9.004067796610169125e+02
9.005853107344632917e+02
9.008361581920903518e+02
9.011796610169492396e+02
9.016022598870056299e+02
9.021129943502824062e+02
9.026937853107343699e+02
9.033322033898305108e+02
9.040598870056496708e+02
9.048576271186441318e+02
9.057333333333333485e+02
9.066711864406779569e+02
9.076711864406779569e+02
9.087559322033898752e+02
9.098790960451976844e+02
9.110994350282485357e+02
9.121209039548022020e+02
9.129480225988700113e+02
9.135548022598868556e+02
9.139740112994350056e+02
9.141706214689265835e+02
9.141841807909604540e+02
9.139762711864407265e+02
9.135920903954802270e+02
9.130112994350281497e+02
9.122485875706215666e+02
9.113254237288135755e+02
9.102316384180791147e+02
9.089841807909604086e+02
9.075774011299434960e+02
9.061570621468927129e+02
9.047819209039548696e+02
9.034485875706214983e+02
9.021943502824858570e+02
9.009977401129942791e+02
8.998779661016949376e+02
8.988418079096045403e+02
8.978847457627118729e+02
8.970203389830508058e+02
8.962497175141243133e+02
8.955887005649717594e+02
8.950237288135592735e+02
8.945627118644067650e+02
8.942237288135593190e+02
8.940000000000000000e+02
8.938983050847457434e+02
8.939209039548022702e+02
8.940576271186439499e+02
8.943186440677966402e+02
8.946971751412429512e+02
8.951988700564971850e+02
8.958045197740112826e+02
8.965096045197740295e+02
8.973389830508474461e+02
8.982519774011300342e+02
8.992485875706215666e+02
9.003310734463277640e+02
9.014621468926553689e+02
9.026790960451976389e+02
9.039480225988700113e+02
9.052576271186439953e+02
9.066180790960452214e+02
9.080225988700565267e+02
9.092881355932202041e+02
9.104045197740111917e+02
9.113570621468926447e+02
9.121536723163841316e+02
9.127819209039548696e+02
9.132372881355931895e+02
9.135129943502824972e+02
9.136146892655367537e+02
9.135220338983051533e+02
9.132418079096046313e+02
9.127525423728814076e+02
9.120937853107343471e+02
9.112338983050847219e+02
9.101853107344632008e+02
9.090248587570621339e+02
9.079220338983050169e+02
9.068632768361580929e+02
9.058836158192091261e+02
9.049785310734464474e+02
9.041514124293785244e+02
9.033751412429378433e+02
9.026757062146892849e+02
9.020564971751413168e+02
9.015163841807910785e+02
9.010497175141243815e+02
9.006553672316384791e+02
9.003389830508476734e+02
9.001028248587570033e+02
8.999638418079096027e+02
8.998915254237288082e+02
8.999005649717514643e+02
9.000022598870057209e+02
9.001920903954802498e+02
9.004598870056497617e+02
9.008237288135594554e+02
9.012531073446327810e+02
9.017604519774012033e+02
9.023480225988701022e+02
9.030135593220340979e+02
9.037514124293786608e+02
9.045604519774012715e+02
9.054305084745762997e+02
9.063830508474577528e+02
9.073943502824859024e+02
9.084779661016949603e+02
9.096406779661017481e+02
9.108644067796610670e+02
9.118994350282487176e+02
9.127502824858758004e+02
9.134067796610170262e+02
9.138621468926554599e+02
9.141231638418080365e+02
9.141864406779661749e+02
9.140463276836159139e+02
9.137310734463278550e+02
9.132192090395481046e+02
9.125333333333334167e+02
9.116802259887006130e+02
9.106745762711864245e+02
9.094994350282486266e+02
9.081864406779661749e+02
9.067355932203390694e+02
9.052937853107346200e+02
9.039016949152543248e+02
9.025774011299436097e+02
9.013073446327684906e+02
9.001299435028249718e+02
8.989887005649718503e+02
8.979322033898305335e+02
8.969785310734464474e+02
8.961197740112995689e+02
8.953593220338984793e+02
8.946937853107344836e+02
8.941423728813560956e+02
8.936915254237289901e+02
8.933593220338984793e+02
8.931604519774011806e+02
8.930564971751413168e+02
8.930960451977401817e+02
8.932542372881355277e+02
8.935254237288136210e+02
8.939141242937853349e+02
8.944225988700566177e+02
8.950384180790960045e+02
8.957548022598871285e+02
8.965638418079097391e+02
8.974711864406779114e+02
8.984508474576272192e+02
8.994983050847458799e+02
9.006418079096044949e+02
9.018135593220339388e+02
9.030576271186441772e+02
9.043593220338983656e+02
9.057028248587571397e+02
9.068858757062148470e+02
9.079265536723164587e+02
9.088022598870057891e+02
9.095175141242939389e+02
9.100824858757061975e+02
9.104644067796610898e+02
9.106847457627119411e+02
9.107378531073447903e+02
9.106045197740113508e+02
9.102790960451977753e+02
9.097875706214690581e+02
9.090994350282486494e+02
9.082169491525423837e+02
9.071401129943503747e+02
9.059242937853107378e+02
9.047706214689266062e+02
9.036655367231639957e+02
9.026293785310735984e+02
9.016519774011300115e+02
9.007276836158193873e+02
8.998926553672317823e+02
8.991152542372882408e+02
8.984067796610170262e+02
8.977807909604521228e+02
8.972079096045199549e+02
8.967310734463278550e+02
8.963163841807911467e+02
8.959774011299437007e+02
8.957107344632769355e+02
8.955378531073447448e+02
8.954327683615820206e+02
8.954158192090396824e+02
8.954847457627120093e+02
8.956463276836159366e+02
8.958858757062148470e+02
8.962112994350284225e+02
8.966090395480227926e+02
8.970790960451979572e+02
8.976282485875707380e+02
8.982384180790961636e+02
8.989288135593221796e+02
8.996960451977402045e+02
9.005378531073447448e+02
9.014338983050847673e+02
9.024033898305085586e+02
9.034418079096046768e+02
9.045423728813560729e+02
9.057084745762713283e+02
9.066949152542374577e+02
9.074892655367233374e+02
9.080689265536724406e+02
9.084644067796612035e+02
9.086508474576271510e+02
9.086440677966102157e+02
9.084497175141243588e+02
9.080463276836159139e+02
9.074689265536724179e+02
9.067231638418079456e+02
9.058056497175141430e+02
9.047197740112994779e+02
9.034768361581920999e+02
9.020847457627119184e+02
9.006802259887006130e+02
8.993197740112995007e+02
8.980033898305084676e+02
8.967570621468927357e+02
8.955751412429378888e+02
8.944564971751412941e+02
8.934316384180791601e+02
8.924779661016949603e+02
8.915774011299436097e+02
8.907887005649718049e+02
8.901016949152542566e+02
8.894983050847458799e+02
8.890101694915256303e+02
8.886293785310735984e+02
8.883740112994350966e+02
8.882293785310735075e+02
8.881853107344634282e+02
8.882576271186442227e+02
8.884677966101696711e+02
8.887728813559323271e+02
8.891977401129944383e+02
8.897378531073447903e+02
8.903751412429380707e+02
8.911220338983052898e+02
8.919491525423729854e+02
8.928655367231640412e+02
8.938610169491525994e+02
8.949242937853108515e+02
8.960531073446329628e+02
8.972429378531073780e+02
8.984836158192092626e+02
8.997627118644069242e+02
9.010858757062148925e+02
9.023796610169492851e+02
9.035242937853108742e+02
9.045209039548024066e+02
9.053661016949154146e+02
9.060225988700565267e+02
9.065254237288136210e+02
9.068519774011300569e+02
9.070203389830510332e+02
9.069920903954803180e+02
9.067920903954802725e+02
9.063988700564973442e+02
9.058338983050848583e+02
9.050723163841809082e+02
9.041254237288137574e+02
9.030101694915256303e+02
9.019570621468927811e+02
9.009423728813560501e+02
9.000056497175143022e+02
8.991446327683617028e+02
8.983514124293785699e+02
8.976203389830510559e+02
8.969694915254237912e+02
8.963785310734464247e+02
8.958700564971752556e+02
8.954406779661018163e+02
8.950824858757063112e+02
8.947977401129944610e+02
8.946011299435028832e+02
8.944723163841808855e+02
8.944316384180792738e+02
8.944768361581922136e+02
8.946101694915255393e+02
8.948282485875707835e+02
8.951175141242938480e+02
8.955141242937854713e+02
8.959604519774013625e+02
8.964858757062147561e+02
8.970983050847457889e+02
8.977841807909605905e+02
8.985333333333334167e+02
8.993457627118646087e+02
9.002192090395481046e+02
9.011706214689266972e+02
9.021943502824860843e+02
9.032813559322034962e+02
9.044259887005650853e+02
9.056350282485876733e+02
9.067355932203390694e+02
9.076485875706215438e+02
9.083740112994350966e+02
9.088960451977402499e+02
9.092259887005650398e+02
9.093491525423730764e+02
9.092757062146894214e+02
9.090316384180791829e+02
9.086067796610170717e+02
9.079909604519775712e+02
9.071977401129943246e+02
9.062508474576272874e+02
9.051322033898306927e+02
9.038768361581921909e+02
9.024711864406781388e+02
9.010248587570622476e+02
8.996553672316385928e+02
8.983310734463277640e+02
8.970700564971753010e+02
8.958655367231640412e+02
8.947367231638419298e+02
8.936960451977402045e+02
8.927231638418080593e+02
8.918598870056498527e+02
8.910824858757064248e+02
8.904011299435029514e+02
8.898293785310736439e+02
8.893638418079096937e+02
8.890033898305084676e+02
8.887672316384182523e+02
8.886711864406780705e+02
8.886813559322033598e+02
8.888067796610170035e+02
8.890542372881357096e+02
8.894293785310735529e+02
8.899096045197741205e+02
8.905152542372882181e+02
8.912305084745763679e+02
8.920338983050849038e+02
8.929242937853108515e+02
8.939118644067797277e+02
8.949762711864407265e+02
8.960983050847459026e+02
8.972983050847458344e+02
8.985570621468928039e+02
8.998689265536723951e+02
9.012135593220339160e+02
9.024915254237289446e+02
9.036237288135594099e+02
9.046079096045198185e+02
9.054305084745764134e+02
9.060847457627119184e+02
9.065751412429378888e+02
9.069039548022600457e+02
9.070553672316384564e+02
9.070338983050849038e+02
9.068124293785311920e+02
9.064316384180792738e+02
9.058564971751413850e+02
9.050892655367232464e+02
9.041084745762713055e+02
9.029570621468927811e+02
9.017638418079096709e+02
9.006463276836158229e+02
8.995807909604520773e+02
8.985694915254237003e+02
8.976305084745763452e+02
8.967525423728814076e+02
8.959468926553672645e+02
8.952112994350283088e+02
8.945559322033898297e+02
8.939785310734464474e+02
8.934689265536724179e+02
8.930429378531074462e+02
8.926983050847459253e+02
8.924158192090396824e+02
8.922237288135595463e+02
8.921062146892656983e+02
8.920813559322034507e+02
8.921457627118645632e+02
8.922655367231639048e+02
8.924847457627120093e+02
8.927728813559322134e+02
8.931536723163842453e+02
8.935887005649717594e+02
8.941288135593221114e+02
8.947186440677967312e+02
8.953943502824860161e+02
8.961175141242939617e+02
8.969152542372883090e+02
8.977988700564972078e+02
8.987310734463277413e+02
8.997401129943502838e+02
9.008045197740113963e+02
9.019322033898305335e+02
9.029129943502824744e+02
9.037220338983050851e+02
9.043186440677966402e+02
9.047220338983050851e+02
9.049163841807910558e+02
9.049197740112995234e+02
9.047186440677967312e+02
9.043378531073446993e+02
9.037581920903955961e+02
9.029988700564972532e+02
9.020915254237288536e+02
9.010000000000000000e+02
8.997468926553672190e+02
8.983468926553672418e+02
8.969570621468926674e+02
8.956135593220340070e+02
8.943084745762712373e+02
8.930824858757061975e+02
8.918983050847457434e+02
8.908033898305086495e+02
8.897740112994350739e+02
8.888271186440679230e+02
8.879536723163841998e+02
8.871864406779661749e+02
8.865242937853107605e+02
8.859367231638418616e+02
8.854700564971752783e+02
8.851299435028249718e+02
8.848870056497175938e+02
8.847548022598870148e+02
8.847502824858756867e+02
8.848768361581920772e+02
8.851084745762711918e+02
8.854610169491525085e+02
8.859265536723164587e+02
8.865096045197740295e+02
8.871909604519773893e+02
8.879774011299434733e+02
8.888519774011299432e+02
8.898282485875706698e+02
8.908870056497175938e+02
8.920112994350282634e+02
8.932079096045197275e+02
8.944576271186440408e+02
8.957502824858756867e+02
8.970971751412429285e+02
8.984858757062146424e+02
8.997412429378530305e+02
9.008576271186440181e+02
9.018124293785310783e+02
9.026022598870056299e+02
9.032248587570621794e+02
9.036915254237288764e+02
9.039762711864407265e+02
9.040915254237288536e+02
9.040180790960451986e+02
9.037728813559322134e+02
9.033209039548023611e+02
9.027005649717514189e+02
9.018768361581920772e+02
9.008677966101694210e+02
8.996926553672316231e+02
8.985525423728813621e+02
8.974768361581920999e+02
8.964666666666666970e+02
8.955254237288135073e+02
8.946497175141242906e+02
8.938395480225988194e+02
8.931005649717513961e+02
8.924463276836157775e+02
8.918474576271187289e+02
8.913491525423728490e+02
8.909175141242938025e+02
8.905728813559321679e+02
8.902836158192089897e+02
8.900949152542373213e+02
8.899887005649717366e+02
8.899683615819208171e+02
8.900305084745762088e+02
8.901898305084746426e+02
8.904305084745762997e+02
8.907480225988700795e+02
8.911548022598871057e+02
8.916519774011298978e+02
8.922112994350281951e+02
8.928587570621468785e+02
8.935751412429378888e+02
8.943762711864407038e+02
8.952338983050847219e+02
8.961683615819208626e+02
8.971796610169492396e+02
8.982553672316383881e+02
8.993875706214688535e+02
9.005864406779660385e+02
9.017751412429378206e+02
9.027796610169491487e+02
9.035785310734463565e+02
9.041762711864406583e+02
9.045762711864406356e+02
9.047909604519772984e+02
9.048067796610170035e+02
9.046316384180790919e+02
9.042768361581920544e+02
9.037276836158191600e+02
9.030225988700565267e+02
9.021322033898304653e+02
9.010983050847457889e+02
8.998994350282486039e+02
8.985536723163841089e+02
8.970802259887004766e+02
8.956293785310733711e+02
8.942372881355931895e+02
8.929039548022599320e+02
8.916429378531072416e+02
8.904327683615819069e+02
8.893096045197739841e+02
8.882757062146893077e+02
8.873344632768360043e+02
8.864689265536723042e+02
8.857118644067797959e+02
8.850440677966101930e+02
8.845028248587570943e+02
8.840700564971753010e+02
8.837468926553672190e+02
8.835412429378532124e+02
8.834587570621469013e+02
8.834892655367232237e+02
8.836384180790960272e+02
8.839175141242938025e+02
8.843073446327683769e+02
8.848203389830509877e+02
8.854192090395480363e+02
8.861299435028248581e+02
8.869254237288135982e+02
8.878169491525424064e+02
8.887932203389830192e+02
8.898418079096045403e+02
8.909604519774011351e+02
8.921355932203389330e+02
8.933615819209039728e+02
8.946418079096044949e+02
8.959525423728813394e+02
8.971649717514123950e+02
8.982248587570620657e+02
8.991175141242937343e+02
8.998632768361580929e+02
9.004463276836156638e+02
9.008519774011299432e+02
9.010813559322034507e+02
9.011299435028248581e+02
9.010180790960451986e+02
9.006971751412429512e+02
9.002101694915254484e+02
8.995141242937853576e+02
8.986112994350282861e+02
8.975468926553671736e+02
8.963932203389831557e+02
8.952983050847457207e+02
8.942440677966101248e+02
8.932610169491524630e+02
8.923548022598868101e+02
8.915005649717513734e+02
8.907197740112994779e+02
8.900158192090395914e+02
8.893740112994349829e+02
8.887932203389830192e+02
8.883084745762711236e+02
8.878915254237288082e+02
8.875276836158192282e+02
8.872677966101693983e+02
8.870813559322032233e+02
8.869807909604519409e+02
8.869649717514124632e+02
8.870395480225988649e+02
8.871717514124293302e+02
8.873966101694913959e+02
8.877186440677965038e+02
8.881016949152541429e+02
8.885581920903954369e+02
8.890994350282485357e+02
8.897141242937852894e+02
8.904090395480225197e+02
8.911785310734462655e+02
8.920056497175141885e+02
8.929197740112994097e+02
8.939005649717514643e+02
8.949604519774011351e+02
8.960757062146892622e+02
8.972542372881355277e+02
8.983672316384181613e+02
8.992757062146893077e+02
8.999864406779660158e+02
9.005005649717513734e+02
9.008135593220338251e+02
9.009412429378530760e+02
9.008531073446326900e+02
9.005649717514124859e+02
9.001084745762711918e+02
8.994689265536721905e+02
8.986519774011298978e+02
8.976644067796609079e+02
8.965129943502823835e+02
8.952045197740112599e+02
8.937593220338982292e+02
8.923378531073445856e+02
8.909807909604519409e+02
8.896723163841807036e+02
8.884316384180790465e+02
8.872531073446326673e+02
8.861401129943501473e+02
8.851050847457626105e+02
8.841706214689263561e+02
8.833242937853106014e+02
8.825672316384179794e+02
8.819141242937852212e+02
8.813672316384179339e+02
8.809355932203388875e+02
8.806090395480225652e+02
8.804056497175140521e+02
8.803423728813559137e+02
8.803638418079094663e+02
8.805254237288135073e+02
8.808090395480224970e+02
8.812045197740112599e+02
8.817175141242937570e+02
8.823355932203389784e+02
8.830790960451977298e+02
8.839107344632768672e+02
8.848372881355930986e+02
8.858531073446328037e+02
8.869401129943503292e+02
8.881107344632769127e+02
8.893401129943501928e+02
8.906248587570621567e+02
8.919548022598869466e+02
8.933276836158191827e+02
8.947129943502824290e+02
8.959367231638416342e+02
8.970192090395479454e+02
8.979333333333331666e+02
8.986768361581920317e+02
8.992644067796609306e+02
8.996655367231637683e+02
8.998971751412428830e+02
8.999401129943502156e+02
8.998146892655365718e+02
8.994903954802259705e+02
8.989762711864407265e+02
8.982677966101693983e+02
8.973593220338982519e+02
8.962711864406778659e+02
8.950508474576270146e+02
8.938903954802258340e+02
8.927807909604518954e+02
8.917502824858756867e+02
8.907694915254237458e+02
8.898576271186440181e+02
8.890169491525423382e+02
8.882677966101693983e+02
8.875830508474575709e+02
8.869796610169491942e+02
8.864519774011298523e+02
8.859966101694914187e+02
8.856124293785309192e+02
8.853310734463275367e+02
8.851265536723162768e+02
8.849977401129942791e+02
8.849728813559321452e+02
8.850259887005648807e+02
8.851627118644066741e+02
8.853819209039547786e+02
8.856892655367231555e+02
8.860757062146892622e+02
8.865502824858756412e+02
8.871028248587570033e+02
8.877254237288135528e+02
8.884079096045197730e+02
8.891830508474575936e+02
8.900293785310734620e+02
8.909604519774010214e+02
8.919491525423727580e+02
8.930146892655366173e+02
8.941491525423728035e+02
8.953446327683614072e+02
8.964045197740111917e+02
8.972734463276835868e+02
8.979435028248586832e+02
8.984079096045197730e+02
8.986802259887006130e+02
8.987559322033896478e+02
8.986293785310733711e+02
8.983129943502824517e+02
8.978079096045196366e+02
8.971355932203389330e+02
8.962903954802259250e+02
8.952858757062145969e+02
8.941265536723162768e+02
8.928101694915253574e+02
8.913593220338982519e+02
8.899254237288134846e+02
8.885480225988699203e+02
8.872180790960451304e+02
8.859378531073446084e+02
8.847378531073445629e+02
8.836225988700564358e+02
8.825864406779660385e+02
8.816180790960452214e+02
8.807615819209038364e+02
8.799966101694914187e+02
8.793254237288134618e+02
8.787751412429378206e+02
8.783062146892654027e+02
8.779785310734463337e+02
8.777548022598869011e+02
8.776576271186439726e+02
8.776655367231637683e+02
8.778158192090395460e+02
8.780768361581920090e+02
8.784418079096044494e+02
8.789276836158192054e+02
8.795231638418079001e+02
8.802203389830506239e+02
8.810090395480224288e+02
8.818870056497173664e+02
8.828508474576270828e+02
8.838858757062146196e+02
8.849841807909604086e+02
8.861401129943501473e+02
8.873728813559321225e+02
8.886361581920903063e+02
8.899581920903954142e+02
8.912632768361581839e+02
8.923988700564971168e+02
8.933841807909602721e+02
8.942056497175140066e+02
8.948632768361580929e+02
8.953457627118642677e+02
8.956723163841805899e+02
8.958158192090393186e+02
8.957717514124292393e+02
8.955570621468923491e+02
8.951355932203388193e+02
8.945265536723161404e+02
8.937288135593219067e+02
8.927559322033896478e+02
8.915774011299432686e+02
8.904372881355930076e+02
8.893435028248585468e+02
8.883152542372879452e+02
8.873355932203388647e+02
8.864372881355930076e+02
8.856135593220337796e+02
8.848463276836156410e+02
8.841457627118643359e+02
8.835175141242937116e+02
8.829672316384179567e+02
8.824870056497173891e+02
8.820870056497174119e+02
8.817593220338982292e+02
8.815107344632766626e+02
8.813435028248585468e+02
8.812598870056494889e+02
8.812576271186439953e+02
8.813502824858755957e+02
8.815220338983049260e+02
8.817706214689264925e+02
8.820790960451976161e+02
8.824813559322033143e+02
8.829774011299434733e+02
8.835344632768360498e+02
8.841559322033897388e+02
8.848632768361580929e+02
8.856508474576269236e+02
8.864983050847456525e+02
8.874158192090394550e+02
8.884214689265536435e+02
8.894813559322033143e+02
8.906316384180788646e+02
8.918259887005647215e+02
8.929073446327682859e+02
8.937875706214688307e+02
8.944745762711862653e+02
8.949740112994347783e+02
8.952677966101693983e+02
8.953751412429377297e+02
8.952836158192088760e+02
8.950248587570620202e+02
8.945807909604518500e+02
8.939480225988698976e+02
8.931525423728812711e+02
8.921932203389828828e+02
8.910779661016948694e+02
8.898192090395478999e+02
8.884079096045195456e+02
8.870045197740112144e+02
8.856440677966101021e+02
8.843435028248586605e+02
8.831141242937852667e+02
8.819525423728812257e+02
8.808621468926553462e+02
8.798553672316384109e+02
8.789367231638416342e+02
8.781050847457626105e+02
8.773638418079095800e+02
8.767355932203388420e+02
8.762124293785309419e+02
8.758101694915253574e+02
8.755344632768360498e+02
8.753423728813559137e+02
8.752881355932202041e+02
8.753480225988699885e+02
8.755265536723163677e+02
8.758338983050846309e+02
8.762610169491524630e+02
8.767796610169491487e+02
8.774124293785309874e+02
8.781649717514123950e+02
8.789807909604519409e+02
8.799039548022599320e+02
8.808994350282484902e+02
8.819683615819208171e+02
8.831344632768360725e+02
8.843310734463275367e+02
8.855819209039548241e+02
8.868836158192090124e+02
8.882372881355931895e+02
8.895604519774010441e+02
8.907468926553672190e+02
8.917559322033897615e+02
8.926169491525422472e+02
8.933129943502824517e+02
8.938497175141242224e+02
8.942124293785310556e+02
8.943977401129943701e+02
8.944101694915254939e+02
8.942316384180790010e+02
8.938677966101694210e+02
8.933096045197738704e+02
8.925604519774010441e+02
8.916338983050846991e+02
8.905209039548021792e+02
8.893649717514124404e+02
8.882779661016948012e+02
8.872305084745762542e+02
8.862542372881355277e+02
8.853457627118643813e+02
8.845073446327683087e+02
8.837389830508473096e+02
8.830248587570621339e+02
8.824056497175140521e+02
8.818531073446328037e+02
8.813785310734463110e+02
8.809649717514123495e+02
8.806440677966102157e+02
8.803977401129943701e+02
8.802384180790960500e+02
8.801615819209039273e+02
8.801717514124293302e+02
8.802666666666666515e+02
8.804395480225988422e+02
8.806790960451977526e+02
8.810124293785311238e+02
8.814214689265536435e+02
8.819141242937853349e+02
8.824858757062147561e+02
8.831265536723162768e+02
8.838429378531074008e+02
8.846485875706215438e+02
8.855141242937853576e+02
8.864564971751412941e+02
8.874711864406779114e+02
8.885525423728813621e+02
8.897129943502824290e+02
8.908542372881356641e+02
8.918293785310734165e+02
8.926112994350281724e+02
8.931898305084746426e+02
8.935762711864406356e+02
8.937593220338983429e+02
8.937638418079096709e+02
8.935706214689264471e+02
8.932112994350281951e+02
8.926677966101694892e+02
8.919491525423728717e+02
8.910644067796609988e+02
8.900395480225988649e+02
8.888463276836157547e+02
8.875186440677966857e+02
8.860598870056496708e+02
8.846259887005649034e+02
8.832632768361581839e+02
8.819491525423727580e+02
8.807028248587569124e+02
8.795254237288133936e+02
8.784214689265536435e+02
8.773943502824857887e+02
8.764587570621467876e+02
8.756135593220338933e+02
8.748790960451976844e+02
8.742406779661016571e+02
8.737039548022598865e+02
8.732824858757062430e+02
8.729672316384180704e+02
8.727853107344633372e+02
8.727107344632768218e+02
8.727604519774010896e+02
8.729005649717512370e+02
8.731909604519772756e+02
8.735841807909603176e+02
8.740779661016947557e+02
8.746790960451976389e+02
8.753796610169490577e+02
8.761581920903954597e+02
8.770418079096044721e+02
8.779988700564972532e+02
8.790101694915254029e+02
8.800937853107344608e+02
8.812248587570621794e+02
8.824045197740113053e+02
8.836259887005649034e+02
8.849028248587569578e+02
8.860983050847456752e+02
8.871401129943503747e+02
8.880271186440677411e+02
8.887435028248587514e+02
8.892949152542373668e+02
8.896745762711864245e+02
8.898610169491524857e+02
8.898903954802259477e+02
8.897355932203389557e+02
8.893819209039547786e+02
8.888372881355932122e+02
8.881016949152542566e+02
8.871740112994350511e+02
8.860418079096044721e+02
8.848926553672315549e+02
8.838079096045196366e+02
8.827672316384180249e+02
8.817966101694914869e+02
8.808881355932203405e+02
8.800327683615819296e+02
8.792406779661016571e+02
8.785186440677964583e+02
8.778677966101694210e+02
8.772723163841808400e+02
8.767446327683614982e+02
8.762949152542372531e+02
8.759276836158192054e+02
8.756248587570620430e+02
8.754056497175140521e+02
8.752745762711864472e+02
8.752203389830508513e+02
8.752350282485875823e+02
8.753389830508474461e+02
8.755276836158192282e+02
8.757977401129943473e+02
8.761322033898304653e+02
8.765536723163842225e+02
8.770429378531073326e+02
8.776000000000000227e+02
8.782429378531073780e+02
8.789525423728813394e+02
8.797457627118644723e+02
8.805932203389829738e+02
8.815355932203390239e+02
8.825265536723163677e+02
8.835999999999999091e+02
8.847333333333333485e+02
8.858485875706214756e+02
8.867751412429379343e+02
8.875186440677966857e+02
8.880587570621469240e+02
8.884135593220338478e+02
8.885717514124294212e+02
8.885480225988701477e+02
8.883322033898305108e+02
8.879299435028249263e+02
8.873581920903955051e+02
8.866101694915253120e+02
8.856881355932204087e+02
8.846327683615818387e+02
8.834203389830508968e+02
8.820677966101695802e+02
8.806949152542373440e+02
8.793683615819209081e+02
8.781084745762711918e+02
8.768915254237288082e+02
8.757423728813558910e+02
8.746666666666667425e+02
8.736802259887004993e+02
8.727841807909603631e+02
8.719593220338983883e+02
8.712305084745762542e+02
8.706090395480225652e+02
8.700881355932203860e+02
8.696779661016948921e+02
8.693796610169490577e+02
8.691977401129943246e+02
8.691231638418078091e+02
8.691581920903954597e+02
8.693129943502824517e+02
8.695954802259886947e+02
8.699875706214688762e+02
8.704836158192090352e+02
8.710915254237288536e+02
8.717920903954802725e+02
8.725830508474575709e+02
8.734790960451977071e+02
8.744180790960451759e+02
8.754564971751411804e+02
8.765581920903954369e+02
8.777152542372880362e+02
8.789220338983050169e+02
8.801841807909604540e+02
8.814994350282486266e+02
8.828485875706214756e+02
8.840870056497174119e+02
8.851785310734462655e+02
8.861209039548022020e+02
8.869016949152542111e+02
8.875141242937852439e+02
8.879830508474576618e+02
8.882677966101695120e+02
8.883819209039547786e+02
8.883073446327682632e+02
8.880542372881355959e+02
8.876135593220340070e+02
8.869830508474575481e+02
8.861864406779660612e+02
8.851785310734462655e+02
8.840124293785311238e+02
8.829118644067796140e+02
8.818666666666665606e+02
8.808926553672315549e+02
8.799627118644068560e+02
8.790915254237288536e+02
8.783062146892655164e+02
8.775841807909605450e+02
8.769209039548022702e+02
8.763435028248587741e+02
8.758440677966102612e+02
8.754124293785311011e+02
8.750745762711865154e+02
8.748045197740112826e+02
8.746259887005649034e+02
8.745322033898305563e+02
8.745084745762712828e+02
8.745694915254237003e+02
8.747152542372880362e+02
8.749423728813559364e+02
8.752531073446327810e+02
8.756474576271186834e+02
8.760971751412428148e+02
8.766440677966101021e+02
8.772463276836158457e+02
8.779401129943502156e+02
8.786960451977400908e+02
8.795480225988700340e+02
8.804531073446328264e+02
8.814248587570621112e+02
8.824824858757062884e+02
8.836079096045198185e+02
8.847683615819209990e+02
8.857333333333333485e+02
8.865265536723163677e+02
8.871186440677965948e+02
8.875355932203390239e+02
8.877593220338983429e+02
8.877785310734462882e+02
8.876564971751413395e+02
8.873457627118643813e+02
8.868621468926553462e+02
8.862158192090395232e+02
8.853954802259886492e+02
8.844418079096044494e+02
8.833378531073445856e+02
8.820926553672316004e+02
8.807186440677965038e+02
8.793163841807909193e+02
8.779672316384180704e+02
8.766847457627118274e+02
8.754497175141243588e+02
8.742858757062147106e+02
8.731909604519773893e+02
8.721762711864406583e+02
8.712463276836158457e+02
8.704045197740114190e+02
8.696644067796610216e+02
8.690124293785311238e+02
8.684734463276836323e+02
8.680361581920903973e+02
8.677197740112994779e+02
8.675028248587570943e+02
8.674124293785311011e+02
8.674463276836158911e+02
8.675864406779660385e+02
8.678384180790960727e+02
8.682067796610169808e+02
8.686824858757062202e+02
8.692463276836158457e+02
8.699209039548021565e+02
8.706802259887004993e+02
8.715163841807909648e+02
8.724497175141242451e+02
8.734519774011299660e+02
8.745107344632767763e+02
8.756237288135592962e+02
8.767966101694914869e+02
8.780237288135592735e+02
8.792881355932203178e+02
8.804542372881355732e+02
8.814813559322033143e+02
8.823683615819209081e+02
8.830971751412428148e+02
8.836564971751411122e+02
8.840621468926552780e+02
8.842926553672316459e+02
8.843389830508474461e+02
8.842361581920904428e+02
8.839209039548022702e+02
8.834451977401129170e+02
8.827740112994349602e+02
8.819175141242938025e+02
8.808666666666666742e+02
8.797389830508474233e+02
8.786553672316383654e+02
8.776508474576271510e+02
8.766937853107343699e+02
8.757999999999999545e+02
8.749774011299434733e+02
8.742056497175140066e+02
8.735028248587569806e+02
8.728655367231638138e+02
8.722824858757062430e+02
8.717943502824857660e+02
8.713706214689264016e+02
8.710259887005648807e+02
8.707525423728814076e+02
8.705514124293785017e+02
8.704338983050847673e+02
8.703830508474575254e+02
8.704350282485875141e+02
8.705491525423728945e+02
8.707276836158191600e+02
8.709909604519773438e+02
8.713412429378530533e+02
8.717570621468926220e+02
8.722610169491524630e+02
8.728237288135592280e+02
8.734655367231637229e+02
8.741706214689264698e+02
8.749627118644066286e+02
8.758169491525424064e+02
8.767367231638418161e+02
8.777197740112994779e+02
8.787774011299434278e+02
8.798915254237288082e+02
8.810542372881354822e+02
8.820237288135592735e+02
8.828214689265536208e+02
8.834248587570621112e+02
8.838214689265537345e+02
8.840282485875706016e+02
8.840485875706215211e+02
8.838644067796610670e+02
8.835163841807909648e+02
8.829830508474576618e+02
8.822734463276835868e+02
8.814045197740113053e+02
8.803762711864405901e+02
8.791988700564971850e+02
8.778870056497173664e+02
8.765084745762711691e+02
8.751740112994350511e+02
8.738723163841807491e+02
8.726542372881356187e+02
8.714983050847457662e+02
8.703988700564971168e+02
8.693796610169491714e+02
8.684418079096044494e+02
8.675920903954802270e+02
8.668271186440678093e+02
8.661593220338983201e+02
8.655864406779661522e+02
8.651491525423730309e+02
8.648112994350283316e+02
8.645796610169491032e+02
8.644553672316384336e+02
8.644655367231639502e+02
8.645943502824859479e+02
8.648293785310735302e+02
8.651819209039549605e+02
8.656395480225987740e+02
8.662146892655366628e+02
8.668824858757061520e+02
8.676440677966102157e+02
8.685141242937853576e+02
8.694632768361582293e+02
8.704542372881355732e+02
8.715276836158192282e+02
8.726768361581921454e+02
8.738677966101695347e+02
8.751220338983050624e+02
8.764180790960451759e+02
8.777491525423729399e+02
8.790203389830508058e+02
8.801401129943502610e+02
8.811175141242938480e+02
8.819141242937853349e+02
8.825593220338982974e+02
8.830497175141242678e+02
8.833502824858757094e+02
8.834903954802259705e+02
8.834282485875705788e+02
8.832022598870057664e+02
8.827875706214688307e+02
8.821740112994350511e+02
8.813717514124293757e+02
8.803920903954802952e+02
8.792293785310735075e+02
8.781141242937853804e+02
8.770790960451977298e+02
8.760983050847457889e+02
8.751661016949152554e+02
8.743005649717513279e+02
8.735084745762711691e+02
8.727559322033898752e+02
8.720757062146892622e+02
8.714734463276836323e+02
8.709536723163841998e+02
8.704983050847457662e+02
8.701276836158192509e+02
8.698305084745763907e+02
8.696158192090395005e+02
8.694813559322034280e+02
8.694180790960451759e+02
8.694327683615819069e+02
8.695355932203390239e+02
8.697209039548023384e+02
8.699762711864407265e+02
8.703073446327683769e+02
8.707220338983050851e+02
8.712067796610169808e+02
8.717751412429379343e+02
8.724135593220339615e+02
8.731209039548022020e+02
8.738994350282487176e+02
8.747412429378530305e+02
8.756508474576271510e+02
8.766429378531072416e+02
8.777242937853106923e+02
8.788677966101695347e+02
8.799096045197740068e+02
8.807570621468926220e+02
8.814305084745762997e+02
8.819005649717514643e+02
8.822011299435027922e+02
8.822937853107345063e+02
8.822203389830508513e+02
8.819649717514123495e+02
8.815322033898305563e+02
8.809344632768362544e+02
8.801661016949153691e+02
8.792361581920904428e+02
8.781649717514123950e+02
8.769717514124293984e+02
8.756282485875706243e+02
8.742531073446327810e+02
8.729231638418079910e+02
8.716485875706214301e+02
8.704384180790962091e+02
8.692881355932204315e+02
8.682090395480227016e+02
8.672158192090396369e+02
8.663107344632769582e+02
8.654790960451978208e+02
8.647502824858758004e+02
8.641220338983050624e+02
8.636067796610170717e+02
8.631932203389831102e+02
8.628768361581921909e+02
8.626915254237288764e+02
8.626180790960452214e+02
8.626677966101694892e+02
8.628372881355932122e+02
8.631288135593221114e+02
8.635141242937852439e+02
8.640112994350282634e+02
8.646169491525423609e+02
8.653084745762711236e+02
8.660926553672316004e+02
8.669638418079096027e+02
8.679163841807909421e+02
8.689446327683615436e+02
8.700418079096044721e+02
8.711830508474575936e+02
8.723966101694916233e+02
8.736621468926555281e+02
8.749627118644068560e+02
8.761548022598869920e+02
8.772033898305085131e+02
8.780971751412429285e+02
8.788282485875706698e+02
8.794124293785311011e+02
8.798372881355932122e+02
8.800903954802259932e+02
8.801604519774011806e+02
8.800655367231638593e+02
8.797875706214690581e+02
8.793333333333334849e+02
8.787005649717516462e+02
8.778587570621471059e+02
8.768316384180792511e+02
8.756632768361582748e+02
8.745367231638418843e+02
8.734655367231639502e+02
8.724519774011300797e+02
8.714937853107346655e+02
8.705954802259886947e+02
8.697762711864406810e+02
8.690067796610170490e+02
8.683107344632769582e+02
8.676745762711865382e+02
8.671220338983051761e+02
8.666293785310734847e+02
8.662214689265538254e+02
8.658711864406781160e+02
8.656203389830510559e+02
8.654384180790962091e+02
8.653502824858758231e+02
8.653299435028250173e+02
8.653954802259888766e+02
8.655548022598871967e+02
8.657728813559323271e+02
8.660802259887007040e+02
8.664700564971751646e+02
8.669423728813560501e+02
8.674892655367232237e+02
8.681062146892656983e+02
8.688067796610171172e+02
8.695751412429380025e+02
8.703954802259888766e+02
8.713050847457628834e+02
8.722926553672318732e+02
8.733525423728814303e+02
8.744723163841808855e+02
8.756384180790962546e+02
8.766418079096047222e+02
8.774429378531075372e+02
8.780621468926556190e+02
8.784836158192091489e+02
8.787175141242939844e+02
8.787683615819209990e+02
8.786282485875708517e+02
8.783039548022600229e+02
8.778237288135594554e+02
8.771570621468928266e+02
8.763265536723164360e+02
8.753457627118644950e+02
8.742180790960452441e+02
8.729322033898305335e+02
8.715163841807909648e+02
8.701175141242938480e+02
8.687853107344634509e+02
8.674949152542374122e+02
8.662632768361584112e+02
8.651254237288136437e+02
8.640350282485876505e+02
8.630293785310735757e+02
8.621242937853107833e+02
8.612937853107346200e+02
8.605615819209040183e+02
8.599299435028249263e+02
8.594022598870058118e+02
8.589841807909606359e+02
8.586757062146893986e+02
8.584892655367232237e+02
8.584192090395481500e+02
8.584779661016950740e+02
8.586395480225990013e+02
8.589129943502825881e+02
8.593039548022600229e+02
8.597920903954803862e+02
8.603943502824860161e+02
8.610926553672318278e+02
8.618802259887006585e+02
8.627480225988701932e+02
8.637016949152543930e+02
8.647062146892656074e+02
8.657898305084747790e+02
8.669468926553674919e+02
8.681242937853108970e+02
8.693615819209040865e+02
8.706508474576272647e+02
8.719728813559323726e+02
8.731694915254238367e+02
8.741977401129945520e+02
8.750790960451978435e+02
8.758067796610171172e+02
8.763774011299435642e+02
8.767661016949153918e+02
8.769683615819210445e+02
8.770033898305085813e+02
8.768429378531075145e+02
8.765096045197740295e+02
8.759909604519775712e+02
8.752632768361582976e+02
8.743491525423730764e+02
8.732418079096046313e+02
8.721604519774014079e+02
8.711310734463277186e+02
8.701649717514125086e+02
8.692440677966102385e+02
8.683875706214689671e+02
8.675977401129944155e+02
8.668644067796610670e+02
8.662079096045198412e+02
8.656135593220340070e+02
8.651016949152542566e+02
8.646632768361582748e+02
8.643062146892655164e+02
8.640192090395480591e+02
8.638079096045198639e+02
8.636824858757063339e+02
8.636474576271187971e+02
8.636926553672317368e+02
8.638135593220339388e+02
8.640327683615819296e+02
8.643175141242938935e+02
8.646892655367232692e+02
8.651254237288136437e+02
8.656542372881356187e+02
8.662451977401130989e+02
8.669118644067798414e+02
8.676553672316385928e+02
8.684723163841808855e+02
8.693774011299435642e+02
8.703355932203390921e+02
8.713785310734463110e+02
8.724881355932203633e+02
8.736553672316384791e+02
8.747785310734464019e+02
8.757299435028248809e+02
8.764926553672318050e+02
8.770632768361582521e+02
8.774451977401131444e+02
8.776338983050848128e+02
8.776350282485875596e+02
8.774361581920904882e+02
8.770689265536723269e+02
8.765423728813559592e+02
8.758451977401130080e+02
8.749728813559322589e+02
8.739728813559322589e+02
8.727977401129944610e+02
8.714836158192091489e+02
8.700689265536724406e+02
8.686926553672317368e+02
8.673491525423729627e+02
8.661050847457627242e+02
8.649084745762712600e+02
8.637898305084746653e+02
8.627491525423729399e+02
8.617943502824859934e+02
8.609378531073447220e+02
8.601672316384181158e+02
8.594937853107346655e+02
8.589231638418079910e+02
8.584745762711866064e+02
8.581197740112995689e+02
8.578881355932205679e+02
8.577627118644069242e+02
8.577706214689267199e+02
8.579005649717515780e+02
8.581423728813560956e+02
8.585005649717516008e+02
8.589740112994351193e+02
8.595491525423731218e+02
8.602112994350284225e+02
8.609796610169491942e+02
8.618451977401132353e+02
8.628000000000001819e+02
8.638180790960452669e+02
8.649028248587571852e+02
8.660497175141244952e+02
8.672745762711865609e+02
8.685480225988701477e+02
8.698700564971752556e+02
8.712225988700566859e+02
8.724553672316385473e+02
8.735209039548022929e+02
8.744361581920904882e+02
8.751819209039549605e+02
8.757762711864406810e+02
8.761977401129944383e+02
8.764519774011300797e+02
8.765209039548024066e+02
8.764000000000000909e+02
8.761028248587572307e+02
8.756124293785312602e+02
8.749231638418079910e+02
8.740395480225990923e+02
8.729638418079098301e+02
8.717548022598871285e+02
8.705954802259889220e+02
8.695028248587570943e+02
8.684711864406781388e+02
8.674813559322035417e+02
8.665593220338985248e+02
8.657163841807911240e+02
8.649231638418081047e+02
8.642022598870057664e+02
8.635694915254239277e+02
8.629864406779662431e+02
8.624892655367233374e+02
8.620610169491527586e+02
8.617129943502826563e+02
8.614474576271188653e+02
8.612689265536723724e+02
8.611864406779661749e+02
8.611796610169492396e+02
8.612519774011300342e+02
8.614011299435029514e+02
8.616372881355932805e+02
8.619423728813560501e+02
8.623468926553673555e+02
8.628124293785311920e+02
8.633593220338984793e+02
8.639706214689266517e+02
8.646700564971752101e+02
8.654406779661019300e+02
8.662802259887006358e+02
8.671966101694915778e+02
8.681853107344633145e+02
8.692485875706215666e+02
8.703694915254238822e+02
8.715005649717516008e+02
8.724429378531075372e+02
8.731966101694916915e+02
8.737457627118645860e+02
8.741310734463279459e+02
8.743310734463278777e+02
8.743254237288138029e+02
8.741265536723165042e+02
8.737694915254239731e+02
8.732350282485876960e+02
8.725231638418081275e+02
8.716621468926555281e+02
8.706474576271187971e+02
8.694666666666669244e+02
8.681740112994352785e+02
8.668011299435029287e+02
8.654463276836161185e+02
8.641559322033899662e+02
8.629220338983052443e+02
8.617548022598872421e+02
8.606553672316385928e+02
8.596474576271189108e+02
8.587096045197741887e+02
8.578553672316386383e+02
8.570926553672318278e+02
8.564418079096046768e+02
8.558903954802261751e+02
8.554293785310735529e+02
8.550802259887007040e+02
8.548531073446329174e+02
8.547491525423731673e+02
8.547548022598871285e+02
8.548870056497175938e+02
8.551220338983052898e+02
8.554632768361583430e+02
8.559242937853109652e+02
8.564779661016950740e+02
8.571333333333334394e+02
8.578745762711866973e+02
8.587141242937855168e+02
8.596180790960453351e+02
8.606158192090397279e+02
8.616689265536724633e+02
8.627909604519775257e+02
8.639604519774013625e+02
8.651683615819210900e+02
8.664372881355933487e+02
8.677389830508476507e+02
8.689209039548023839e+02
8.699581920903956416e+02
8.708508474576271965e+02
8.715988700564973897e+02
8.721717514124295576e+02
8.725649717514125996e+02
8.727909604519775257e+02
8.728429378531075145e+02
8.726903954802262433e+02
8.723728813559323498e+02
8.718553672316386383e+02
8.711468926553674237e+02
8.702723163841810674e+02
8.691875706214690354e+02
8.680485875706215211e+02
8.669502824858758459e+02
8.659333333333335077e+02
8.649514124293787063e+02
8.640338983050849038e+02
8.631853107344634282e+02
8.624067796610170262e+02
8.616881355932205224e+02
8.610429378531075599e+02
8.604632768361584567e+02
8.599683615819211582e+02
8.595355932203392513e+02
8.591988700564974124e+02
8.589412429378533034e+02
8.587604519774013170e+02
8.586587570621470604e+02
8.586429378531074690e+02
8.587129943502827700e+02
8.588474576271189562e+02
8.590610169491526449e+02
8.593661016949154146e+02
8.597559322033899889e+02
8.602214689265538254e+02
8.607661016949155055e+02
8.613740112994350966e+02
8.620723163841810219e+02
8.628361581920905792e+02
8.636734463276839051e+02
8.645909604519774803e+02
8.655954802259888083e+02
8.666542372881358460e+02
8.677853107344634509e+02
8.689853107344633827e+02
8.700259887005652217e+02
8.708937853107345290e+02
8.715661016949154600e+02
8.720542372881358233e+02
8.723536723163842908e+02
8.724677966101696711e+02
8.724056497175142795e+02
8.721683615819210900e+02
8.717661016949155055e+02
8.711785310734464929e+02
8.704271186440680594e+02
8.695322033898307836e+02
8.684813559322035417e+02
8.673084745762713510e+02
8.659604519774013625e+02
8.645186440677966857e+02
8.631378531073447675e+02
8.618011299435029287e+02
8.605299435028250628e+02
8.593276836158192964e+02
8.581988700564972987e+02
8.571649717514126223e+02
8.561909604519776167e+02
8.553096045197742114e+02
8.545299435028250628e+02
8.538372881355933259e+02
8.532542372881357551e+02
8.527932203389832466e+02
8.524553672316385473e+02
8.522067796610170944e+02
8.520960451977402954e+02
8.520847457627121457e+02
8.521932203389833376e+02
8.524169491525426565e+02
8.527593220338985702e+02
8.531988700564972987e+02
8.537344632768363226e+02
8.543853107344634736e+02
8.550983050847459026e+02
8.559220338983052443e+02
8.568158192090397733e+02
8.577762711864409084e+02
8.588045197740116237e+02
8.598937853107345290e+02
8.610474576271187743e+02
8.622395480225991378e+02
8.634915254237289446e+02
8.647694915254238595e+02
8.659581920903956416e+02
8.669932203389831784e+02
8.678870056497175938e+02
8.686124293785312602e+02
8.691661016949153691e+02
8.695457627118645405e+02
8.697604519774013170e+02
8.697977401129945747e+02
8.696531073446328719e+02
8.693141242937854258e+02
8.687796610169493761e+02
8.680564971751414305e+02
8.671333333333334394e+02
8.660045197740114418e+02
8.648960451977402499e+02
8.638282485875707835e+02
8.628214689265537345e+02
8.618711864406781160e+02
8.609785310734464474e+02
8.601355932203390466e+02
8.593728813559323498e+02
8.586711864406780705e+02
8.580000000000000000e+02
8.574395480225989559e+02
8.569197740112995234e+02
8.564994350282486266e+02
8.561378531073446538e+02
8.558508474576271965e+02
8.556677966101696029e+02
8.555581920903955506e+02
8.555129943502824972e+02
8.555559322033898297e+02
8.556757062146892849e+02
8.558779661016950513e+02
8.561480225988701704e+02
8.564994350282486266e+02
8.569152542372883090e+02
8.574169491525424291e+02
8.579932203389830647e+02
8.586338983050848128e+02
8.593581920903955051e+02
8.601536723163842453e+02
8.610237288135593872e+02
8.619694915254237912e+02
8.629875706214691036e+02
8.640757062146892622e+02
8.652316384180792284e+02
8.662813559322034962e+02
8.671468926553673100e+02
8.678350282485876050e+02
8.683435028248588878e+02
8.686576271186440863e+02
8.687875706214689444e+02
8.687389830508475370e+02
8.685186440677966857e+02
8.681107344632767990e+02
8.675310734463275821e+02
8.668033898305084222e+02
8.659322033898306472e+02
8.648937853107345290e+02
8.637186440677966175e+02
8.623954802259886492e+02
8.610305084745762088e+02
8.597265536723164132e+02
8.584587570621470149e+02
8.572666666666667652e+02
8.561491525423730309e+02
8.551039548022598638e+02
8.541322033898304653e+02
8.532338983050847219e+02
8.524305084745762997e+02
8.517175141242937570e+02
8.511254237288135300e+02
8.506112994350282861e+02
8.502293785310735075e+02
8.499401129943503292e+02
8.497841807909604768e+02
8.497333333333333485e+02
8.498011299435029287e+02
8.499819209039549150e+02
8.502598870056497162e+02
8.506598870056498072e+02
8.511570621468927129e+02
8.517457627118644723e+02
8.524429378531074235e+02
8.532158192090396369e+02
8.540700564971751874e+02
8.550045197740113281e+02
8.559909604519775712e+02
8.570610169491526449e+02
8.581875706214690354e+02
8.593627118644068332e+02
8.606011299435028832e+02
8.618700564971752556e+02
8.631728813559323044e+02
8.643412429378531669e+02
8.653525423728815440e+02
8.662192090395481046e+02
8.669209039548022702e+02
8.674508474576272192e+02
8.678180790960452669e+02
8.680112994350283770e+02
8.680305084745763224e+02
8.678689265536723951e+02
8.675062146892655619e+02
8.669559322033899207e+02
8.662192090395481046e+02
8.652813559322033825e+02
8.641740112994350511e+02
8.630564971751413168e+02
8.620090395480226562e+02
8.610067796610170490e+02
8.600847457627119184e+02
8.591943502824858570e+02
8.583581920903955051e+02
8.576033898305086041e+02
8.569073446327683996e+02
8.562881355932204315e+02
8.557265536723164132e+02
8.552485875706214529e+02
8.548271186440678093e+02
8.545118644067797504e+02
8.542700564971751191e+02
8.540971751412429285e+02
8.540237288135593872e+02
8.540327683615819296e+02
8.541107344632769127e+02
8.542644067796610443e+02
8.545028248587570943e+02
8.548192090395481273e+02
8.552124293785311693e+02
8.556836158192090807e+02
8.562305084745762542e+02
8.568587570621468785e+02
8.575548022598870830e+02
8.583333333333333712e+02
8.591954802259888311e+02
8.601118644067796595e+02
8.611254237288135300e+02
8.621988700564971850e+02
8.633355932203389784e+02
8.643728813559322361e+02
8.652214689265538254e+02
8.659016949152543248e+02
8.664011299435029514e+02
8.667016949152543930e+02
8.668259887005650626e+02
8.667740112994351875e+02
8.665401129943504657e+02
8.661378531073447675e+02
8.655774011299436097e+02
8.648632768361583203e+02
8.639740112994351193e+02
8.629435028248587969e+02
8.617875706214690581e+02
8.604779661016950740e+02
8.590734463276837687e+02
8.577141242937855168e+02
8.564282485875708062e+02
8.551807909604521001e+02
8.539932203389830647e+02
8.528745762711864700e+02
8.518418079096045403e+02
8.508915254237289219e+02
8.500248587570622476e+02
8.492395480225989104e+02
8.485514124293786153e+02
8.479807909604520546e+02
8.475107344632770037e+02
8.471694915254238367e+02
8.469096045197741205e+02
8.467830508474577300e+02
8.467728813559322134e+02
8.468666666666667879e+02
8.470824858757063112e+02
8.474090395480225197e+02
8.478384180790960727e+02
8.483672316384181613e+02
8.489785310734463337e+02
8.496813559322033598e+02
8.504757062146893531e+02
8.513491525423729627e+02
8.523016949152543020e+02
8.533050847457627697e+02
8.543807909604520319e+02
8.555152542372882181e+02
8.567028248587571397e+02
8.579276836158192054e+02
8.591943502824858570e+02
8.603807909604520319e+02
8.614293785310735529e+02
8.623197740112995007e+02
8.630519774011299887e+02
8.636271186440678775e+02
8.640293785310734620e+02
8.642598870056497162e+02
8.643141242937854258e+02
8.641853107344634282e+02
8.638790960451977980e+02
8.633728813559322361e+02
8.626881355932204087e+02
8.618135593220339388e+02
8.607435028248587514e+02
8.596045197740113508e+02
8.585197740112994325e+02
8.574813559322034280e+02
8.565073446327684223e+02
8.555740112994351421e+02
8.547039548022600002e+02
8.538858757062146196e+02
8.531322033898304653e+02
8.524429378531074235e+02
8.518305084745763907e+02
8.512700564971751191e+02
8.508090395480226107e+02
8.503898305084746880e+02
8.500745762711865154e+02
8.498305084745762770e+02
8.496632768361582748e+02
8.495694915254237003e+02
8.495401129943502383e+02
8.495943502824859479e+02
8.497322033898306017e+02
8.499412429378530760e+02
8.502327683615819751e+02
8.505909604519774803e+02
8.510214689265535526e+02
8.515310734463275821e+02
8.521141242937852667e+02
8.527627118644068105e+02
8.534813559322034280e+02
8.542813559322034962e+02
8.551593220338983201e+02
8.561050847457628379e+02
8.570949152542373213e+02
8.581830508474575936e+02
8.592915254237288991e+02
8.602327683615819751e+02
8.609717514124293984e+02
8.615242937853107605e+02
8.619231638418079910e+02
8.621355932203389330e+02
8.621525423728812711e+02
8.620101694915254029e+02
8.617050847457627469e+02
8.612282485875706470e+02
8.605796610169491032e+02
8.597977401129942336e+02
8.588598870056496253e+02
8.577774011299435415e+02
8.565570621468925765e+02
8.552372881355931895e+02
8.539706214689264243e+02
8.527525423728811802e+02
8.516045197740113508e+02
8.505084745762710554e+02
8.494779661016948467e+02
8.485265536723163677e+02
8.476497175141241769e+02
8.468553672316384109e+02
8.461649717514123950e+02
8.455502824858756412e+02
8.450463276836158002e+02
8.446305084745761178e+02
8.443401129943501928e+02
8.441570621468924855e+02
8.440813559322032233e+02
8.441242937853106696e+02
8.442531073446326673e+02
8.445175141242937116e+02
8.448677966101695347e+02
8.453389830508474461e+02
8.458858757062146196e+02
8.465491525423728945e+02
8.473084745762712373e+02
8.481062146892654710e+02
8.489977401129942791e+02
8.499570621468926674e+02
8.509807909604520546e+02
8.520598870056496708e+02
8.531920903954802498e+02
8.543694915254236548e+02
8.556045197740113508e+02
8.568485875706214756e+02
8.580384180790961182e+02
8.590881355932203860e+02
8.599762711864407265e+02
8.607254237288136665e+02
8.613062146892655164e+02
8.617220338983050851e+02
8.619751412429378661e+02
8.620553672316384564e+02
8.619615819209039955e+02
8.616813559322033598e+02
8.612112994350281951e+02
8.605581920903955506e+02
8.597163841807910103e+02
8.586870056497175483e+02
8.576169491525422472e+02
8.566101694915253120e+02
8.556564971751412259e+02
8.547367231638418161e+02
8.538915254237288082e+02
8.531016949152542566e+02
8.523819209039547786e+02
8.517265536723164132e+02
8.511333333333333258e+02
8.506169491525424746e+02
8.501740112994350511e+02
8.497853107344632235e+02
8.494745762711863790e+02
8.492564971751412486e+02
8.491096045197739386e+02
8.490451977401130534e+02
8.490610169491525312e+02
8.491661016949152554e+02
8.493435028248586605e+02
8.496112994350282861e+02
8.499446327683615436e+02
8.503412429378529396e+02
8.508305084745762770e+02
8.513853107344632463e+02
8.520124293785310101e+02
8.527276836158191600e+02
8.535005649717513734e+02
8.543638418079095800e+02
8.552937853107343926e+02
8.562892655367231782e+02
8.573661016949151872e+02
8.585073446327683087e+02
8.596033898305083767e+02
8.605276836158191145e+02
8.612576271186439953e+02
8.618192090395480136e+02
8.621796610169491260e+02
8.623694915254236548e+02
8.623887005649717139e+02
8.622327683615818614e+02
8.619016949152542111e+02
8.614124293785311011e+02
8.607649717514125314e+02
8.599559322033899207e+02
8.590011299435027468e+02
8.578994350282484902e+02
8.566745762711864245e+02
8.553073446327683769e+02
8.539175141242938025e+02
8.525627118644067650e+02
8.512802259887005221e+02
8.500677966101694665e+02
8.489152542372880816e+02
8.478169491525422927e+02
8.468124293785310783e+02
8.458926553672315549e+02
8.450587570621468103e+02
8.443276836158191827e+02
8.436847457627118274e+02
8.431548022598869920e+02
8.427446327683614982e+02
8.424293785310734393e+02
8.422293785310735075e+02
8.421491525423729172e+02
8.421807909604519864e+02
8.423163841807909193e+02
8.425717514124294212e+02
8.429333333333333940e+02
8.433762711864407038e+02
8.439333333333333940e+02
8.445853107344632917e+02
8.453242937853106014e+02
8.461480225988700568e+02
8.470361581920903973e+02
8.479864406779661294e+02
8.490112994350283770e+02
8.500960451977401817e+02
8.512384180790961636e+02
8.524124293785312148e+02
8.536293785310734847e+02
8.548033898305085359e+02
8.558338983050848583e+02
8.567265536723164132e+02
8.574519774011299660e+02
8.580169491525423382e+02
8.584192090395481500e+02
8.586587570621470604e+02
8.587242937853109197e+02
8.585898305084746198e+02
8.582824858757062430e+02
8.577875706214690581e+02
8.571197740112995689e+02
8.562440677966102385e+02
8.551751412429379116e+02
8.540610169491526449e+02
8.530135593220338706e+02
8.520022598870057209e+02
8.510271186440679685e+02
8.501254237288135300e+02
8.492802259887006358e+02
8.484779661016950740e+02
8.477401129943502838e+02
8.470655367231638593e+02
8.464689265536724179e+02
8.459175141242938025e+02
8.454327683615819069e+02
8.450293785310734620e+02
8.447084745762712146e+02
8.444508474576271055e+02
8.442813559322034962e+02
8.441683615819209763e+02
8.441491525423729172e+02
8.442112994350284225e+02
8.443446327683616346e+02
8.445435028248589333e+02
8.448090395480226107e+02
8.451661016949152554e+02
8.455864406779661522e+02
8.460610169491525312e+02
8.466192090395481955e+02
8.472508474576271738e+02
8.479694915254237912e+02
8.487468926553672190e+02
8.495796610169493306e+02
8.505005649717516008e+02
8.514847457627120093e+02
8.525344632768362771e+02
8.536305084745763452e+02
8.545435028248588196e+02
8.552621468926554371e+02
8.558056497175142567e+02
8.561627118644069014e+02
8.563355932203390921e+02
8.563299435028250173e+02
8.561627118644069014e+02
8.558192090395481273e+02
8.553062146892657438e+02
8.546293785310735984e+02
8.538045197740113963e+02
8.528135593220340525e+02
8.516960451977402045e+02
8.504316384180791601e+02
8.491344632768361862e+02
8.478903954802260614e+02
8.466960451977402045e+02
8.455502824858758686e+02
8.444768361581920999e+02
8.434689265536724179e+02
8.425378531073447448e+02
8.416881355932205224e+02
8.409322033898306472e+02
8.402576271186442227e+02
8.396723163841808173e+02
8.392045197740113736e+02
8.388395480225990468e+02
8.385830508474577982e+02
8.384259887005650853e+02
8.383943502824859024e+02
8.384610169491525085e+02
8.386248587570621567e+02
8.389118644067798414e+02
8.393005649717515553e+02
8.398011299435028150e+02
8.404033898305085586e+02
8.410790960451977298e+02
8.418497175141243360e+02
8.427016949152542793e+02
8.436203389830509423e+02
8.446112994350282861e+02
8.456576271186440863e+02
8.467604519774010896e+02
8.479310734463276731e+02
8.491389830508474006e+02
8.503875706214689671e+02
8.516711864406779569e+02
8.529016949152543248e+02
8.539887005649718503e+02
8.549107344632768672e+02
8.557028248587571397e+02
8.563333333333334849e+02
8.567909604519774120e+02
8.570745762711865154e+02
8.571830508474575936e+02
8.571163841807909876e+02
8.568757062146892167e+02
8.564372881355932350e+02
8.558192090395480136e+02
8.550124293785311238e+02
8.540225988700564130e+02
8.529028248587569578e+02
8.518305084745762770e+02
8.508214689265535071e+02
8.498610169491525994e+02
8.489593220338982746e+02
8.481163841807908739e+02
8.473367231638417252e+02
8.466271186440678775e+02
8.459898305084745971e+02
8.454225988700566177e+02
8.449220338983051306e+02
8.444836158192090352e+02
8.441254237288135300e+02
8.438587570621469922e+02
8.436813559322033598e+02
8.435694915254237003e+02
8.435367231638417707e+02
8.435909604519773666e+02
8.437186440677965038e+02
8.439242937853107378e+02
8.442180790960452441e+02
8.445909604519773666e+02
8.450327683615819296e+02
8.455536723163841089e+02
8.461570621468927129e+02
8.468305084745762770e+02
8.475932203389829738e+02
8.484203389830508968e+02
8.493175141242938935e+02
8.503016949152543020e+02
8.513581920903955051e+02
8.524813559322034280e+02
8.536451977401131899e+02
8.546350282485876733e+02
8.554531073446328264e+02
8.560881355932203860e+02
8.565457627118644268e+02
8.568361581920905792e+02
8.569355932203391149e+02
8.568677966101695347e+02
8.566372881355933941e+02
8.562485875706214529e+02
8.556723163841807036e+02
8.549661016949152099e+02
8.541107344632769127e+02
8.531175141242938480e+02
8.519841807909605222e+02
8.507129943502825427e+02
8.493242937853108288e+02
8.479615819209038818e+02
8.466440677966101021e+02
8.454011299435028377e+02
8.442124293785310556e+02
8.430937853107345745e+02
8.420576271186439499e+02
8.410994350282485357e+02
8.402192090395479909e+02
8.394463276836158911e+02
8.387604519774010896e+02
8.381954802259887174e+02
8.377480225988700795e+02
8.374045197740113053e+02
8.371661016949152554e+02
8.370406779661016117e+02
8.370305084745762088e+02
8.371322033898304653e+02
8.373344632768362317e+02
8.376519774011298978e+02
8.380644067796609988e+02
8.385774011299434960e+02
8.391954802259887174e+02
8.398903954802259477e+02
8.406666666666667425e+02
8.415242937853107605e+02
8.424350282485876278e+02
8.434192090395481500e+02
8.444734463276836323e+02
8.455728813559321679e+02
8.467186440677966175e+02
8.479220338983051306e+02
8.491570621468927129e+02
8.502757062146893077e+02
8.512372881355931895e+02
8.520474576271186606e+02
8.527129943502825427e+02
8.531898305084746426e+02
8.535118644067797504e+02
8.536508474576271510e+02
8.536203389830509423e+02
8.533966101694916233e+02
8.529977401129942791e+02
8.524101694915254939e+02
8.516192090395479681e+02
8.506451977401130762e+02
8.495175141242938253e+02
8.484395480225989559e+02
8.474079096045197730e+02
8.464237288135593644e+02
8.454983050847457662e+02
8.446259887005649034e+02
8.438090395480226107e+02
8.430610169491525312e+02
8.423615819209038591e+02
8.417288135593220204e+02
8.411672316384181158e+02
8.406779661016948921e+02
8.402474576271187061e+02
8.399209039548022702e+02
8.396406779661016344e+02
8.394350282485876278e+02
8.393186440677966402e+02
8.392858757062147106e+02
8.393322033898305108e+02
8.394485875706214983e+02
8.396384180790960272e+02
8.399107344632768672e+02
8.402700564971751191e+02
8.406847457627118274e+02
8.411830508474577073e+02
8.417491525423729399e+02
8.423977401129943701e+02
8.431242937853106696e+02
8.439220338983050169e+02
8.447853107344633372e+02
8.457197740112993642e+02
8.467220338983050851e+02
8.478090395480226107e+02
8.489604519774011351e+02
8.499593220338981610e+02
8.507762711864406810e+02
8.514124293785309874e+02
8.518700564971751419e+02
8.521412429378531215e+02
8.522372881355931895e+02
8.521661016949151417e+02
8.519073446327682859e+02
8.514870056497176165e+02
8.508915254237288082e+02
8.501378531073446538e+02
8.492271186440677866e+02
8.481593220338982064e+02
8.469581920903954142e+02
8.456259887005649034e+02
8.443096045197739841e+02
8.430406779661016117e+02
8.418361581920903518e+02
8.406881355932202950e+02
8.396022598870056299e+02
8.385977401129941882e+02
8.376757062146891712e+02
8.368282485875706698e+02
8.360768361581920090e+02
8.354225988700563903e+02
8.348813559322034052e+02
8.344350282485876278e+02
8.340836158192090579e+02
8.338632768361582066e+02
8.337536723163841543e+02
8.337559322033898752e+02
8.338723163841807491e+02
8.341118644067796595e+02
8.344350282485876278e+02
8.348655367231638138e+02
8.354056497175140521e+02
8.360350282485876505e+02
8.367536723163841543e+02
8.375570621468925765e+02
8.384587570621469013e+02
8.394180790960451759e+02
8.404564971751412941e+02
8.415423728813559592e+02
8.427062146892656074e+02
8.439141242937853349e+02
8.451683615819208626e+02
8.464768361581920999e+02
8.477875706214688307e+02
8.489570621468926674e+02
8.499909604519773438e+02
8.508564971751412713e+02
8.515548022598870830e+02
8.520779661016949831e+02
8.524395480225988422e+02
8.526225988700564358e+02
8.526124293785310329e+02
8.524225988700563903e+02
8.520372881355931440e+02
8.514689265536721905e+02
8.507062146892653800e+02
8.497480225988699658e+02
8.486033898305083767e+02
8.474689265536724179e+02
8.463672316384180476e+02
8.453344632768362317e+02
8.443435028248587741e+02
8.434180790960451759e+02
8.425502824858756412e+02
8.417502824858756867e+02
8.410271186440677411e+02
8.403491525423728490e+02
8.397491525423729399e+02
8.392203389830508513e+02
8.387807909604520091e+02
8.384305084745762997e+02
8.381457627118643359e+02
8.379367231638418616e+02
8.378101694915253574e+02
8.377672316384180249e+02
8.378112994350283316e+02
8.379423728813558228e+02
8.381412429378531215e+02
8.384237288135593644e+02
8.387943502824857660e+02
8.392463276836158457e+02
8.397615819209038364e+02
8.403593220338982519e+02
8.410305084745762088e+02
8.417819209039547559e+02
8.426011299435028832e+02
8.435016949152541201e+02
8.444824858757061747e+02
8.455525423728813621e+02
8.466757062146892849e+02
8.478158192090394323e+02
8.487649717514123040e+02
8.495468926553671736e+02
8.501299435028247444e+02
8.505514124293785017e+02
8.507864406779660840e+02
8.508305084745761633e+02
8.507265536723164132e+02
8.504338983050845400e+02
8.499853107344631553e+02
8.493706214689265153e+02
8.485954802259886947e+02
8.476983050847456980e+02
8.466474576271184560e+02
8.454451977401129170e+02
8.441322033898304653e+02
8.427638418079095572e+02
8.414384180790959817e+02
8.401672316384181158e+02
8.389751412429377524e+02
8.378406779661016799e+02
8.367694915254237458e+02
8.357694915254236321e+02
8.348644067796609534e+02
8.340542372881355959e+02
8.333378531073445856e+02
8.327254237288134391e+02
8.322158192090395232e+02
8.318124293785310783e+02
8.315276836158191145e+02
8.313548022598870375e+02
8.312892655367230645e+02
8.313446327683616346e+02
8.314971751412429057e+02
8.317502824858756867e+02
8.321163841807908739e+02
8.325932203389829738e+02
8.331355932203389330e+02
8.337661016949151644e+02
8.345107344632767763e+02
8.353163841807909193e+02
8.361909604519772756e+02
8.371299435028247444e+02
8.381423728813558682e+02
8.392011299435027922e+02
8.403310734463277640e+02
8.414937853107344381e+02
8.426949152542372303e+02
8.438892655367230873e+02
8.449423728813559364e+02
8.458474576271187289e+02
8.465841807909604313e+02
8.471762711864406583e+02
8.475954802259886947e+02
8.478418079096045403e+02
8.479107344632768672e+02
8.478033898305084222e+02
8.475129943502823835e+02
8.470350282485875368e+02
8.463502824858755957e+02
8.455005649717513734e+02
8.444632768361582293e+02
8.433830508474576391e+02
8.423401129943503065e+02
8.413491525423728490e+02
8.404011299435028377e+02
8.395242937853106469e+02
8.386915254237287627e+02
8.379209039548022702e+02
8.372056497175140066e+02
8.365435028248587059e+02
8.359785310734463337e+02
8.354745762711863790e+02
8.350418079096044721e+02
8.346813559322033598e+02
8.344033898305084449e+02
8.341807909604519864e+02
8.340542372881354822e+02
8.340090395480226562e+02
8.340384180790960045e+02
8.341412429378532352e+02
8.343220338983051079e+02
8.345717514124294212e+02
8.349016949152542111e+02
8.353062146892656301e+02
8.357649717514125314e+02
8.363265536723164360e+02
8.369468926553672645e+02
8.376519774011298978e+02
8.384395480225989559e+02
8.392926553672316459e+02
8.402112994350283088e+02
8.412067796610169808e+02
8.422745762711864472e+02
8.434079096045197730e+02
8.444768361581920999e+02
8.453728813559322361e+02
8.460870056497174119e+02
8.466225988700564358e+02
8.469785310734463337e+02
8.471581920903954597e+02
8.471480225988700568e+02
8.469672316384180704e+02
8.466350282485875596e+02
8.461401129943502610e+02
8.454802259887005675e+02
8.446757062146891712e+02
8.437152542372880362e+02
8.426112994350282861e+02
8.413762711864405901e+02
8.400169491525423382e+02
8.386960451977400908e+02
8.374124293785309874e+02
8.362033898305083994e+02
8.350485875706215211e+02
8.339683615819208171e+02
8.329502824858756185e+02
8.320203389830508058e+02
8.311807909604518727e+02
8.304248587570621112e+02
8.297683615819208853e+02
8.292192090395479909e+02
8.287819209039547559e+02
8.284531073446327127e+02
8.282282485875705333e+02
8.281197740112993415e+02
8.281163841807908739e+02
8.282485875706215666e+02
8.284700564971751646e+02
8.287954802259887401e+02
8.292180790960452441e+02
8.297570621468926220e+02
8.303785310734463110e+02
8.310836158192091716e+02
8.318745762711864700e+02
8.327435028248587514e+02
8.336700564971752101e+02
8.346700564971752101e+02
8.357310734463277413e+02
8.368497175141243360e+02
8.380146892655367310e+02
8.392192090395481046e+02
8.404824858757061747e+02
8.417401129943502838e+02
8.428621468926553462e+02
8.438429378531072871e+02
8.446564971751412259e+02
8.452994350282485811e+02
8.457887005649718049e+02
8.460926553672316004e+02
8.462158192090396369e+02
8.461581920903954597e+02
8.459220338983051306e+02
8.455039548022600684e+02
8.448802259887006585e+02
8.440598870056497844e+02
8.430610169491525312e+02
8.419401129943503292e+02
8.408542372881356641e+02
8.398180790960452669e+02
8.388395480225990468e+02
8.379118644067797277e+02
8.370327683615819296e+02
8.362045197740112599e+02
8.354553672316385473e+02
8.347683615819208853e+02
8.341559322033897388e+02
8.335954802259886947e+02
8.331129943502824062e+02
8.327096045197740750e+02
8.323774011299435642e+02
8.321344632768361862e+02
8.319502824858757322e+02
8.318564971751411576e+02
8.318361581920903518e+02
8.319118644067796140e+02
8.320553672316384564e+02
8.322870056497175710e+02
8.325751412429378888e+02
8.329457627118644041e+02
8.334079096045198867e+02
8.339491525423729854e+02
8.345559322033898297e+02
8.352305084745762542e+02
8.360000000000001137e+02
8.368451977401130080e+02
8.377615819209039500e+02
8.387581920903954824e+02
8.398361581920903518e+02
8.409661016949153236e+02
8.419717514124293984e+02
8.428135593220339388e+02
8.434655367231638365e+02
8.439525423728814530e+02
8.442655367231639048e+02
8.443988700564971168e+02
8.443581920903955051e+02
8.441457627118643359e+02
8.437830508474576163e+02
8.432429378531073780e+02
8.425649717514124859e+02
8.417231638418079456e+02
8.407502824858756867e+02
8.396293785310733711e+02
8.383604519774009987e+02
8.369796610169491942e+02
8.356610169491525539e+02
8.343920903954802952e+02
8.331706214689265835e+02
8.320146892655368447e+02
8.309491525423729854e+02
8.299536723163841998e+02
8.290429378531074462e+02
8.282124293785311693e+02
8.274824858757062884e+02
8.268451977401130080e+02
8.263039548022600229e+02
8.258757062146893304e+02
8.255706214689266744e+02
8.253740112994350966e+02
8.252779661016950286e+02
8.252949152542373668e+02
8.254259887005649716e+02
8.256632768361582748e+02
8.259954802259887856e+02
8.264327683615819069e+02
8.269570621468926674e+02
8.275694915254238140e+02
8.282734463276835868e+02
8.290463276836158002e+02
8.298858757062146196e+02
8.307966101694914869e+02
8.317932203389831329e+02
8.328316384180791374e+02
8.339175141242939162e+02
8.350610169491526449e+02
8.362429378531073780e+02
8.374790960451978208e+02
8.386531073446328719e+02
8.396700564971752101e+02
8.405423728813559592e+02
8.412576271186442227e+02
8.417966101694916006e+02
8.421683615819209763e+02
8.423717514124293757e+02
8.423966101694916233e+02
8.422316384180792284e+02
8.418903954802260614e+02
8.413525423728814303e+02
8.406192090395481955e+02
8.396903954802261296e+02
8.385887005649718731e+02
8.375039548022600684e+02
8.364824858757062884e+02
8.355016949152543475e+02
8.345706214689266744e+02
8.336926553672317368e+02
8.328621468926554599e+02
8.320926553672317141e+02
8.313966101694916233e+02
8.307559322033898752e+02
8.301807909604521001e+02
8.296836158192091943e+02
8.292440677966103522e+02
8.288937853107345290e+02
8.285977401129944155e+02
8.283683615819209081e+02
8.282293785310735075e+02
8.281615819209040410e+02
8.281875706214689217e+02
8.282802259887006358e+02
8.284474576271186379e+02
8.286926553672316231e+02
8.290101694915254029e+02
8.293954802259887629e+02
8.298632768361582066e+02
8.304101694915254939e+02
8.310305084745763224e+02
8.317062146892656074e+02
8.324700564971752783e+02
8.333107344632769582e+02
8.342316384180792284e+02
8.352271186440680140e+02
8.362802259887005221e+02
8.374022598870056981e+02
8.383875706214689671e+02
8.391932203389831102e+02
8.398418079096045403e+02
8.403050847457627697e+02
8.406000000000001364e+02
8.407242937853109197e+02
8.406802259887007267e+02
8.404576271186440408e+02
8.400790960451979572e+02
8.395615819209041319e+02
8.388734463276837232e+02
8.380519774011299887e+02
8.370847457627120320e+02
8.359830508474576618e+02
8.347559322033899889e+02
8.334598870056497617e+02
8.322271186440679003e+02
8.310282485875707152e+02
8.299039548022599320e+02
8.288248587570622021e+02
8.278327683615821115e+02
8.269050847457627924e+02
8.260813559322034507e+02
8.253435028248588878e+02
8.246937853107344836e+02
8.241401129943503747e+02
8.236790960451978663e+02
8.233367231638419526e+02
8.231073446327684451e+02
8.229638418079097164e+02
8.229491525423729854e+02
8.230508474576272420e+02
8.232429378531074917e+02
8.235322033898305563e+02
8.239310734463277868e+02
8.244146892655368219e+02
8.249898305084747108e+02
8.256576271186443137e+02
8.264112994350284680e+02
8.272418079096046313e+02
8.281254237288136437e+02
8.290858757062147788e+02
8.301152542372881271e+02
8.312056497175142340e+02
8.323355932203389784e+02
8.335129943502824972e+02
8.347322033898306017e+02
8.359615819209041092e+02
8.370587570621470377e+02
8.380000000000001137e+02
8.388011299435029287e+02
8.394497175141243588e+02
8.399276836158194328e+02
8.402474576271187061e+02
8.403909604519775485e+02
8.403570621468927584e+02
8.401514124293786381e+02
8.397661016949153918e+02
8.391796610169492396e+02
8.384135593220340752e+02
8.374587570621470149e+02
8.363355932203390921e+02
8.352214689265538254e+02
8.341615819209041547e+02
8.331548022598872194e+02
8.321932203389832239e+02
8.312870056497176847e+02
8.304440677966103976e+02
8.296564971751414532e+02
8.289322033898306472e+02
8.282836158192092171e+02
8.276847457627120548e+02
8.271683615819210900e+02
8.267197740112995916e+02
8.263502824858758231e+02
8.260576271186441772e+02
8.258451977401130080e+02
8.256994350282486721e+02
8.256395480225990013e+02
8.256519774011301251e+02
8.257480225988701932e+02
8.259209039548023839e+02
8.261593220338984338e+02
8.264836158192091489e+02
8.268926553672317823e+02
8.273672316384181613e+02
8.279197740112995234e+02
8.285468926553674009e+02
8.292655367231639048e+02
8.300542372881357096e+02
8.309231638418079910e+02
8.318508474576273102e+02
8.328576271186441318e+02
8.339333333333333940e+02
8.349548022598871739e+02
8.357966101694917143e+02
8.364847457627120093e+02
8.369977401129943928e+02
8.373502824858758231e+02
8.375084745762712828e+02
8.375141242937854713e+02
8.373548022598871512e+02
8.370418079096046995e+02
8.365604519774012715e+02
8.359401129943504429e+02
8.351706214689265835e+02
8.342723163841808400e+02
8.332158192090396369e+02
8.320225988700566404e+02
8.307084745762713283e+02
8.294045197740115327e+02
8.281570621468928266e+02
8.269491525423729854e+02
8.258033898305087632e+02
8.247288135593222478e+02
8.237242937853109197e+02
8.228112994350284453e+02
8.219683615819210445e+02
8.212158192090398643e+02
8.205604519774012715e+02
8.200011299435029741e+02
8.195604519774012715e+02
8.192146892655368902e+02
8.189694915254237912e+02
8.188316384180792511e+02
8.188124293785311920e+02
8.188881355932205679e+02
8.190824858757064248e+02
8.193694915254238822e+02
8.197457627118646997e+02
8.202135593220341434e+02
8.207706214689267199e+02
8.214169491525425428e+02
8.221423728813560956e+02
8.229401129943505566e+02
8.237887005649720322e+02
8.247129943502825427e+02
8.257096045197740750e+02
8.267355932203390694e+02
8.278271186440679230e+02
8.289548022598871739e+02
8.301186440677967084e+02
8.312802259887007494e+02
8.323062146892657438e+02
8.331807909604521001e+02
8.338937853107345290e+02
8.344587570621470149e+02
8.348587570621471059e+02
8.350700564971753010e+02
8.351209039548023156e+02
8.349932203389831784e+02
8.346768361581921454e+02
8.341796610169492396e+02
8.334971751412430194e+02
8.326237288135594099e+02
8.315559322033900571e+02
8.305322033898306699e+02
8.295593220338984111e+02
8.286214689265539164e+02
8.277514124293786608e+02
8.269129943502825881e+02
8.261480225988702841e+02
8.254225988700567314e+02
8.247819209039550969e+02
8.241819209039549605e+02
8.236519774011301251e+02
8.231977401129945520e+02
8.227943502824861071e+02
8.224779661016951877e+02
8.222169491525426110e+02
8.220451977401132808e+02
8.219412429378533034e+02
8.219276836158194328e+02
8.219615819209041092e+02
8.221016949152543702e+02
8.223039548022600229e+02
8.225740112994351421e+02
8.229141242937855623e+02
8.233355932203392058e+02
8.238271186440679230e+02
8.244000000000000909e+02
8.250350282485877642e+02
8.257423728813561183e+02
8.265254237288137347e+02
8.273819209039550060e+02
8.283242937853108288e+02
8.293186440677967539e+02
8.303887005649719413e+02
8.315186440677967994e+02
8.325819209039549378e+02
8.334508474576273329e+02
8.341491525423731446e+02
8.346858757062148015e+02
8.350406779661018390e+02
8.352305084745764816e+02
8.352485875706217939e+02
8.350937853107346882e+02
8.347694915254239731e+02
8.343016949152544157e+02
8.336689265536724633e+02
8.329005649717516917e+02
8.319932203389832921e+02
8.309310734463277868e+02
8.297468926553674464e+02
8.284305084745765271e+02
8.271570621468928266e+02
8.259310734463279005e+02
8.247740112994351875e+02
8.236723163841810447e+02
8.226338983050850402e+02
8.216847457627120548e+02
8.208146892655369129e+02
8.200293785310736894e+02
8.193502824858758231e+02
8.187593220338984565e+02
8.182689265536724861e+02
8.179028248587572989e+02
8.176192090395481955e+02
8.174587570621470149e+02
8.173977401129945974e+02
8.174497175141244725e+02
8.176045197740114645e+02
8.178813559322035189e+02
8.182564971751413623e+02
8.187141242937855168e+02
8.192779661016950286e+02
8.199254237288137119e+02
8.206497175141245179e+02
8.214542372881358006e+02
8.223378531073448130e+02
8.232870056497176847e+02
8.242813559322034962e+02
8.253536723163842908e+02
8.264610169491527358e+02
8.276271186440678775e+02
8.288271186440679230e+02
8.300745762711865154e+02
8.312598870056499436e+02
8.323028248587571625e+02
8.331909604519776167e+02
8.339276836158194328e+02
8.345129943502827246e+02
8.349322033898306472e+02
8.351683615819209763e+02
8.352293785310735075e+02
8.351254237288136437e+02
8.348271186440679230e+02
8.343536723163842908e+02
8.336870056497175483e+02
8.328214689265537345e+02
8.318090395480226107e+02
8.307299435028249945e+02
8.296824858757063339e+02
8.286892655367232692e+02
8.277491525423730536e+02
8.268587570621471059e+02
8.260214689265538937e+02
8.252497175141244270e+02
8.245401129943504657e+02
8.238790960451977980e+02
8.232847457627119638e+02
8.227717514124294667e+02
8.223344632768362317e+02
8.219740112994352330e+02
8.216824858757063339e+02
8.214689265536724179e+02
8.213310734463278777e+02
8.212677966101697393e+02
8.212779661016950286e+02
8.213649717514126678e+02
8.215355932203391376e+02
8.217706214689267199e+02
8.220745762711866291e+02
8.224757062146894668e+02
8.229389830508475825e+02
8.234711864406780251e+02
8.240768361581921226e+02
8.247706214689267199e+02
8.255468926553674009e+02
8.263909604519774348e+02
8.272903954802260387e+02
8.282790960451977753e+02
8.293355932203390921e+02
8.303118644067797050e+02
8.311118644067796595e+02
8.317502824858756867e+02
8.322203389830508513e+02
8.325118644067797504e+02
8.326282485875706243e+02
8.325943502824859479e+02
8.323887005649717139e+02
8.320293785310735757e+02
8.315016949152543475e+02
8.308338983050848583e+02
8.300158192090397051e+02
8.290700564971753010e+02
8.279830508474578892e+02
8.267717514124296940e+02
8.254508474576273329e+02
8.241943502824860843e+02
8.229570621468928948e+02
8.217694915254238595e+02
8.206576271186440863e+02
8.196146892655367537e+02
8.186293785310734847e+02
8.177322033898306017e+02
8.169209039548023839e+02
8.162067796610169808e+02
8.155887005649717594e+02
8.150621468926553916e+02
8.146316384180792056e+02
8.143073446327684906e+02
8.141039548022599774e+02
8.140101694915255166e+02
8.140271186440679685e+02
8.141355932203391603e+02
8.143548022598870375e+02
8.146723163841809310e+02
8.150949152542374350e+02
8.156011299435028832e+02
8.162124293785311693e+02
8.169039548022599320e+02
8.176677966101694892e+02
8.184949152542374122e+02
8.193909604519774348e+02
8.203762711864407038e+02
8.213988700564973442e+02
8.224824858757062884e+02
8.236271186440678775e+02
8.247932203389832466e+02
8.260033898305086950e+02
8.271627118644069014e+02
8.281615819209041547e+02
8.290248587570622476e+02
8.297435028248587514e+02
8.302858757062147106e+02
8.306632768361582748e+02
8.308824858757063794e+02
8.308983050847458571e+02
8.307446327683617255e+02
8.304011299435028377e+02
8.298858757062147333e+02
8.291807909604519864e+02
8.282903954802260387e+02
8.272045197740113736e+02
8.261254237288136437e+02
8.250700564971753010e+02
8.240700564971753010e+02
8.231310734463277186e+02
8.222406779661017708e+02
8.213966101694916233e+02
8.206033898305086041e+02
8.198677966101695347e+02
8.192124293785311693e+02
8.186192090395479681e+02
8.180790960451977298e+02
8.176135593220340070e+02
8.172248587570621794e+02
8.169175141242938025e+02
8.166847457627118274e+02
8.165276836158192282e+02
8.164418079096044494e+02
8.164316384180790465e+02
8.164983050847457662e+02
8.166451977401129625e+02
8.168689265536722814e+02
8.171740112994350511e+02
8.175367231638417707e+02
8.179785310734463337e+02
8.184926553672316913e+02
8.190915254237288536e+02
8.197785310734464019e+02
8.205333333333333030e+02
8.213581920903955051e+02
8.222666666666666515e+02
8.232474576271185924e+02
8.242870056497174573e+02
8.254056497175141658e+02
8.265141242937853576e+02
8.274655367231638365e+02
8.282282485875707607e+02
8.288225988700564812e+02
8.292598870056497162e+02
8.295220338983051533e+02
8.296214689265536890e+02
8.295344632768361635e+02
8.292983050847458344e+02
8.288847457627118729e+02
8.283367231638418389e+02
8.276429378531073553e+02
8.268067796610168898e+02
8.258158192090395460e+02
8.246824858757061065e+02
8.234293785310734393e+02
8.221367231638419071e+02
8.208915254237289219e+02
8.197209039548022247e+02
8.186067796610170717e+02
8.175615819209039046e+02
8.165864406779662659e+02
8.156870056497175483e+02
8.148700564971752556e+02
8.141435028248587287e+02
8.135299435028248354e+02
8.130067796610169353e+02
8.125898305084745061e+02
8.122689265536722587e+02
8.120508474576270146e+02
8.119638418079096027e+02
8.119683615819208171e+02
8.120824858757061975e+02
8.122971751412428603e+02
8.126045197740113508e+02
8.130022598870056072e+02
8.134994350282486266e+02
8.140813559322033370e+02
8.147514124293784334e+02
8.155005649717513734e+02
8.163141242937851985e+02
8.171943502824858570e+02
8.181536723163841316e+02
8.191502824858757776e+02
8.202067796610168671e+02
8.213152542372880589e+02
8.224598870056495343e+02
8.236587570621468331e+02
8.248666666666665606e+02
8.259830508474574344e+02
8.269525423728812257e+02
8.277446327683614982e+02
8.284022598870054708e+02
8.288903954802259477e+02
8.291943502824858570e+02
8.293355932203388647e+02
8.293050847457626560e+02
8.290836158192089442e+02
8.286779661016948921e+02
8.280757062146892622e+02
8.272971751412428603e+02
8.263254237288135755e+02
8.252576271186439953e+02
8.242350282485875823e+02
8.232564971751411349e+02
8.223344632768362317e+02
8.214644067796609761e+02
8.206406779661016344e+02
8.198757062146892167e+02
8.191717514124293302e+02
8.185344632768360498e+02
8.179638418079096027e+02
8.174531073446325991e+02
8.170248587570620202e+02
8.166723163841807036e+02
8.163875706214688535e+02
8.161728813559320770e+02
8.160451977401129398e+02
8.160056497175139611e+02
8.160248587570621339e+02
8.161344632768360725e+02
8.163107344632767308e+02
8.165762711864406356e+02
8.169129943502823608e+02
8.173118644067795913e+02
8.178045197740112826e+02
8.183796610169490577e+02
8.190361581920902836e+02
8.197435028248587514e+02
8.205570621468925765e+02
8.214316384180790465e+02
8.223807909604519182e+02
8.234079096045197730e+02
8.245016949152541201e+02
8.256463276836158229e+02
8.265988700564971623e+02
8.273977401129943701e+02
8.280067796610169353e+02
8.284587570621467876e+02
8.287299435028247672e+02
8.288440677966101475e+02
8.287774011299434278e+02
8.285525423728813621e+02
8.281830508474575936e+02
8.276485875706214301e+02
8.269627118644068560e+02
8.261333333333333258e+02
8.251604519774009532e+02
8.240497175141242678e+02
8.228214689265535071e+02
8.214870056497173891e+02
8.201841807909603403e+02
8.189288135593219522e+02
8.177457627118643586e+02
8.166101694915254257e+02
8.155694915254237003e+02
8.145774011299433823e+02
8.136881355932202950e+02
8.128757062146892167e+02
8.121661016949151417e+02
8.115548022598868556e+02
8.110316384180789555e+02
8.106418079096044949e+02
8.103457627118643813e+02
8.101672316384180021e+02
8.100926553672316004e+02
8.101084745762711918e+02
8.102395480225987967e+02
8.104881355932203633e+02
8.108338983050847446e+02
8.112700564971751191e+02
8.117999999999999545e+02
8.124090395480225197e+02
8.130960451977400680e+02
8.138587570621468785e+02
8.147084745762711009e+02
8.156225988700564358e+02
8.165977401129944155e+02
8.176395480225987740e+02
8.187333333333333485e+02
8.198903954802258340e+02
8.210813559322033370e+02
8.223062146892655164e+02
8.234079096045197730e+02
8.243683615819209081e+02
8.251751412429377979e+02
8.258169491525422927e+02
8.262983050847457207e+02
8.266011299435027695e+02
8.267299435028247672e+02
8.266711864406779569e+02
8.264406779661017026e+02
8.260192090395480591e+02
8.254056497175140521e+02
8.245932203389830875e+02
8.235966101694914414e+02
8.224632768361582293e+02
8.213785310734463110e+02
8.203299435028247899e+02
8.193242937853106014e+02
8.183694915254236548e+02
8.174700564971750509e+02
8.166305084745761178e+02
8.158463276836157547e+02
8.151129943502824062e+02
8.144610169491523948e+02
8.138711864406778886e+02
8.133423728813558000e+02
8.128994350282484902e+02
8.125220338983049260e+02
8.122259887005648125e+02
8.119932203389829510e+02
8.118576271186439044e+02
8.117966101694914869e+02
8.118011299435027013e+02
8.118768361581919635e+02
8.120338983050846764e+02
8.122632768361581839e+02
8.125796610169491032e+02
8.129627118644066286e+02
8.134225988700563903e+02
8.139502824858756185e+02
8.145581920903954369e+02
8.152553672316382745e+02
8.160305084745762088e+02
8.168745762711862426e+02
8.177898305084744379e+02
8.187649717514123040e+02
8.198271186440676956e+02
8.209378531073446084e+02
8.219288135593219522e+02
8.227615819209038364e+02
8.233943502824857887e+02
8.238621468926553462e+02
8.241581920903954597e+02
8.242813559322032688e+02
8.242305084745762542e+02
8.240067796610169353e+02
8.236508474576270373e+02
8.231209039548022020e+02
8.224429378531074235e+02
8.216124293785310329e+02
8.206305084745761178e+02
8.195141242937852439e+02
8.182700564971751191e+02
8.169740112994350056e+02
8.157209039548022247e+02
8.145186440677965720e+02
8.133593220338982519e+02
8.122836158192089897e+02
8.112779661016949149e+02
8.103435028248586605e+02
8.094915254237287172e+02
8.087322033898304880e+02
8.080553672316384564e+02
8.074802259887005675e+02
8.070237288135592735e+02
8.066655367231637683e+02
8.064079096045197730e+02
8.062689265536722587e+02
8.062237288135593190e+02
8.062960451977401135e+02
8.064655367231637229e+02
8.067322033898304880e+02
8.071039548022598638e+02
8.075683615819208399e+02
8.081242937853106696e+02
8.087593220338983429e+02
8.094847457627117819e+02
8.102745762711864472e+02
8.111525423728812711e+02
8.120802259887005903e+02
8.130768361581920090e+02
8.141367231638417934e+02
8.152327683615819751e+02
8.163807909604519182e+02
8.175841807909604313e+02
8.187999999999999545e+02
8.199740112994350056e+02
8.210090395480226562e+02
8.218926553672315549e+02
8.226203389830507149e+02
8.231864406779659475e+02
8.235966101694914414e+02
8.238282485875705561e+02
8.238813559322032916e+02
8.237344632768360952e+02
8.234259887005648579e+02
8.229152542372880816e+02
8.222158192090394095e+02
8.213423728813559137e+02
8.202836158192089897e+02
8.192146892655366628e+02
8.182124293785309419e+02
8.172384180790959363e+02
8.163322033898303971e+02
8.154790960451975934e+02
8.146700564971749827e+02
8.139096045197738931e+02
8.132350282485874686e+02
8.126112994350280587e+02
8.120508474576270146e+02
8.115819209039545967e+02
8.111762711864405446e+02
8.108395480225985921e+02
8.105774011299433823e+02
8.104033898305083312e+02
8.102915254237286717e+02
8.102700564971748918e+02
8.103254237288133481e+02
8.104440677966099429e+02
8.106576271186438589e+02
8.109514124293784789e+02
8.113265536723163223e+02
8.117480225988699658e+02
8.122666666666665378e+02
8.128689265536721678e+02
8.135299435028248354e+02
8.142915254237286717e+02
8.151220338983050624e+02
8.160384180790960045e+02
8.170361581920903973e+02
8.180949152542372076e+02
8.192180790960451304e+02
8.202666666666665378e+02
8.211514124293785244e+02
8.218689265536722814e+02
8.224225988700563903e+02
8.228056497175141430e+02
8.230316384180789555e+02
8.230903954802258795e+02
8.229864406779660158e+02
8.227401129943502838e+02
8.223220338983051079e+02
8.217548022598870148e+02
8.210463276836158002e+02
8.201830508474575936e+02
8.191864406779660612e+02
8.180745762711862881e+02
8.168327683615818842e+02
8.154926553672315777e+02
8.141954802259887174e+02
8.129548022598869466e+02
8.117638418079095572e+02
8.106587570621468331e+02
8.096079096045197048e+02
8.086384180790960272e+02
8.077819209039546422e+02
8.069988700564970259e+02
8.063209039548021337e+02
8.057412429378530305e+02
8.052576271186439953e+02
8.048937853107344154e+02
8.046395480225987740e+02
8.045028248587570943e+02
8.044576271186440408e+02
8.045220338983051533e+02
8.046881355932202950e+02
8.049717514124292848e+02
8.053322033898305108e+02
8.058011299435028150e+02
8.063548022598869238e+02
8.069909604519773438e+02
8.077118644067795685e+02
8.085129943502824972e+02
8.093717514124293757e+02
8.103062146892655164e+02
8.112937853107343926e+02
8.123423728813559137e+02
8.134485875706213847e+02
8.146011299435027695e+02
8.157943502824857660e+02
8.170192090395480591e+02
8.181152542372881271e+02
8.190553672316384564e+02
8.198564971751412713e+02
8.204926553672316913e+02
8.209548022598869466e+02
8.212531073446327810e+02
8.213807909604520319e+02
8.213197740112993870e+02
8.210813559322034507e+02
8.206519774011298978e+02
8.200305084745763224e+02
8.192271186440677866e+02
8.182406779661016571e+02
8.171423728813558682e+02
8.160745762711864018e+02
8.150542372881355959e+02
8.140655367231638593e+02
8.131333333333333258e+02
8.122508474576270601e+02
8.114372881355932350e+02
8.106621468926553007e+02
8.099548022598869466e+02
8.093107344632767308e+02
8.087231638418079456e+02
8.082158192090395232e+02
8.077841807909603631e+02
8.074248587570621112e+02
8.071423728813558682e+02
8.069276836158192054e+02
8.067909604519774120e+02
8.067378531073446766e+02
8.067638418079097846e+02
8.068542372881356641e+02
8.070112994350283770e+02
8.072384180790959363e+02
8.075672316384179794e+02
8.079661016949153236e+02
8.084384180790959817e+02
8.089819209039548014e+02
8.096192090395479681e+02
8.103254237288135755e+02
8.111073446327684451e+02
8.119706214689265380e+02
8.129175141242938025e+02
8.139231638418079910e+02
8.149909604519774575e+02
8.160655367231638593e+02
8.169830508474576618e+02
8.177355932203390694e+02
8.183050847457627697e+02
8.187152542372881499e+02
8.189581920903955279e+02
8.190576271186441772e+02
8.189706214689265380e+02
8.187254237288135528e+02
8.183231638418079683e+02
8.177807909604520091e+02
8.170813559322034507e+02
8.162451977401129852e+02
8.152813559322033825e+02
8.141627118644069014e+02
8.129355932203390012e+02
8.116847457627118274e+02
8.104836158192090352e+02
8.093209039548022474e+02
8.082282485875706470e+02
8.072022598870056527e+02
8.062418079096046313e+02
8.053672316384181613e+02
8.045706214689265607e+02
8.038587570621468785e+02
8.032542372881357551e+02
8.027536723163843817e+02
8.023344632768362317e+02
8.020395480225988649e+02
8.018384180790960727e+02
8.017389830508475370e+02
8.017378531073446766e+02
8.018610169491525994e+02
8.020903954802261069e+02
8.024011299435028377e+02
8.028203389830509877e+02
8.033152542372881726e+02
8.038666666666666742e+02
8.045231638418079001e+02
8.052429378531073780e+02
8.060497175141243815e+02
8.069186440677966630e+02
8.078598870056498527e+02
8.088440677966102612e+02
8.098881355932204542e+02
8.109853107344633827e+02
8.121152542372881271e+02
8.132903954802260387e+02
8.144983050847458799e+02
8.155570621468928039e+02
8.164689265536724179e+02
8.172316384180792284e+02
8.178293785310735302e+02
8.182576271186441090e+02
8.185084745762712828e+02
8.185977401129944155e+02
8.184960451977401590e+02
8.181954802259887174e+02
8.177175141242937570e+02
8.170700564971750737e+02
8.162192090395479909e+02
8.151796610169492396e+02
8.140994350282486494e+02
8.130632768361582521e+02
8.120700564971751874e+02
8.111129943502825199e+02
8.102045197740113736e+02
8.093536723163842908e+02
8.085661016949152327e+02
8.078271186440679230e+02
8.071514124293786381e+02
8.065435028248588196e+02
8.060056497175141885e+02
8.055333333333333030e+02
8.051457627118644496e+02
8.048135593220339388e+02
8.045581920903955506e+02
8.043830508474576391e+02
8.042745762711864472e+02
8.042587570621469695e+02
8.043062146892656301e+02
8.044395480225989559e+02
8.046497175141244043e+02
8.049242937853107378e+02
8.052802259887006358e+02
8.057209039548023384e+02
8.062338983050847219e+02
8.068180790960452669e+02
8.074858757062147561e+02
8.082316384180792284e+02
8.090485875706215211e+02
8.099435028248587969e+02
8.109163841807910558e+02
8.119480225988701250e+02
8.130474576271186606e+02
8.140033898305084676e+02
8.147740112994349602e+02
8.153875706214689671e+02
8.158531073446326900e+02
8.161423728813559819e+02
8.162644067796610443e+02
8.162361581920904428e+02
8.160384180790961182e+02
8.156802259887006130e+02
8.151830508474577073e+02
8.145333333333334167e+02
8.137525423728814076e+02
8.128237288135594554e+02
8.117728813559322134e+02
8.106022598870057436e+02
8.093163841807909193e+02
8.080598870056496708e+02
8.068451977401130080e+02
8.056790960451978663e+02
8.045943502824859479e+02
8.035638418079097391e+02
8.026259887005650171e+02
8.017525423728814076e+02
8.009864406779661294e+02
8.002915254237288991e+02
7.996847457627119411e+02
7.992079096045197275e+02
7.988169491525425201e+02
7.985344632768362771e+02
7.983435028248587741e+02
7.982497175141243133e+02
7.982802259887006358e+02
7.984067796610170262e+02
7.986338983050848128e+02
7.989536723163841998e+02
7.993627118644068332e+02
7.998564971751412713e+02
8.004282485875706925e+02
8.010790960451977298e+02
8.018022598870056754e+02
8.026045197740113508e+02
8.034542372881355732e+02
8.043728813559322361e+02
8.053559322033897843e+02
8.063887005649717139e+02
8.074531073446328264e+02
8.085774011299436097e+02
8.097423728813560047e+02
8.108700564971752556e+02
8.118395480225988194e+02
8.126847457627119411e+02
8.133683615819210218e+02
8.139050847457626787e+02
8.142598870056498299e+02
8.144553672316385473e+02
8.144564971751412941e+02
8.142802259887007494e+02
8.139254237288137119e+02
8.133932203389831557e+02
8.126813559322034735e+02
8.117740112994351875e+02
8.107005649717515325e+02
8.096666666666668561e+02
8.086689265536724633e+02
8.077062146892657211e+02
8.068056497175142567e+02
8.059525423728814530e+02
8.051423728813560956e+02
8.043853107344634736e+02
8.037050847457627469e+02
8.030836158192091716e+02
8.025197740112994325e+02
8.020146892655368447e+02
8.015966101694916688e+02
8.012485875706215666e+02
8.009649717514125769e+02
8.007525423728815213e+02
8.006214689265539164e+02
8.005548022598871967e+02
8.005762711864408629e+02
8.006587570621470604e+02
8.008079096045199776e+02
8.010361581920906247e+02
8.013355932203390921e+02
8.017096045197741887e+02
8.021762711864407720e+02
8.027016949152543930e+02
8.032983050847458344e+02
8.039672316384182977e+02
8.047231638418079456e+02
8.055536723163843362e+02
8.064519774011300797e+02
8.074248587570623386e+02
8.084587570621470149e+02
8.095717514124294212e+02
8.105412429378532124e+02
8.113344632768362317e+02
8.119683615819210445e+02
8.124395480225989559e+02
8.127514124293786608e+02
8.128824858757063794e+02
8.128768361581921909e+02
8.127118644067797959e+02
8.123819209039550060e+02
8.119355932203391149e+02
8.113299435028249036e+02
8.105796610169493306e+02
8.097062146892656074e+02
8.086994350282486721e+02
8.075581920903955506e+02
8.063152542372882863e+02
8.051163841807911012e+02
8.039683615819210445e+02
8.028700564971752556e+02
8.018282485875706698e+02
8.008881355932203405e+02
8.000045197740113281e+02
7.991853107344634282e+02
7.984768361581923273e+02
7.978463276836159821e+02
7.973107344632769582e+02
7.968768361581921909e+02
7.965344632768362771e+02
7.963005649717515553e+02
7.961796610169492396e+02
7.961570621468927129e+02
7.962338983050848356e+02
7.964135593220339615e+02
7.966836158192090807e+02
7.970451977401130534e+02
7.974858757062147561e+02
7.980101694915254029e+02
7.986293785310735984e+02
7.993288135593221568e+02
8.000881355932203860e+02
8.009141242937853349e+02
8.018056497175142567e+02
8.027480225988701932e+02
8.037525423728814076e+02
8.048022598870056754e+02
8.058960451977402499e+02
8.070418079096045858e+02
8.082214689265538254e+02
8.092983050847459481e+02
8.102327683615820888e+02
8.110316384180791829e+02
8.116711864406781842e+02
8.121412429378531215e+02
8.124531073446328264e+02
8.125841807909605450e+02
8.125457627118645405e+02
8.123197740112995007e+02
8.119299435028249263e+02
8.113468926553673555e+02
8.105796610169492169e+02
8.096440677966102157e+02
8.085932203389832011e+02
8.075898305084746198e+02
8.066316384180792056e+02
8.057028248587571397e+02
8.048305084745762770e+02
8.039943502824860389e+02
8.032384180790961636e+02
8.025299435028248354e+02
8.018779661016949376e+02
8.012847457627119638e+02
8.007615819209040637e+02
8.003152542372881726e+02
7.999435028248587969e+02
7.996316384180792056e+02
7.993920903954804089e+02
7.992203389830509650e+02
7.991197740112995689e+02
7.991005649717515098e+02
7.991694915254238367e+02
7.992960451977401135e+02
7.994983050847458799e+02
7.997717514124294667e+02
8.001265536723165042e+02
8.005514124293786153e+02
8.010564971751413168e+02
8.016418079096046085e+02
8.023084745762712373e+02
8.030372881355932577e+02
8.038474576271186152e+02
8.047367231638418161e+02
8.056971751412429512e+02
8.067265536723164132e+02
8.078259887005649489e+02
8.087785310734464019e+02
8.095457627118644268e+02
8.101672316384181158e+02
8.106045197740113508e+02
8.108836158192091261e+02
8.110033898305085813e+02
8.109661016949153236e+02
8.107627118644068105e+02
8.104135593220339615e+02
8.099118644067796140e+02
8.092576271186442227e+02
8.084757062146893531e+02
8.075480225988701477e+02
8.065016949152543475e+02
8.053175141242937798e+02
8.040056497175140748e+02
8.027220338983050851e+02
8.015050847457628151e+02
8.003129943502824517e+02
7.991966101694915778e+02
7.981389830508475143e+02
7.971627118644067878e+02
7.962531073446328946e+02
7.954474576271186379e+02
7.947141242937852894e+02
7.940790960451977298e+02
7.935423728813559592e+02
7.931005649717513961e+02
7.927728813559323271e+02
7.925435028248588196e+02
7.924338983050847673e+02
7.924203389830508968e+02
7.925141242937853576e+02
7.926937853107344836e+02
7.929807909604520546e+02
7.933615819209039728e+02
7.938293785310734165e+02
7.943751412429378433e+02
7.950056497175141885e+02
7.957118644067795685e+02
7.964915254237289446e+02
7.973423728813559137e+02
7.982497175141243133e+02
7.992248587570621794e+02
8.002463276836158457e+02
8.013141242937853121e+02
8.024237288135593644e+02
8.035819209039548241e+02
8.047728813559322134e+02
8.058146892655367992e+02
8.067163841807910103e+02
8.074644067796609761e+02
8.080519774011299887e+02
8.084700564971751646e+02
8.087254237288136665e+02
8.087932203389831329e+02
8.086711864406780705e+02
8.083706214689266289e+02
8.078836158192091261e+02
8.072180790960453578e+02
8.063548022598870375e+02
8.053265536723165496e+02
8.042858757062148243e+02
8.032745762711865609e+02
8.023028248587571625e+02
8.013830508474577528e+02
8.004994350282486266e+02
7.996644067796611353e+02
7.988926553672315549e+02
7.981706214689265835e+02
7.975129943502824972e+02
7.969175141242938025e+02
7.963819209039548923e+02
7.959322033898305335e+02
7.955435028248587059e+02
7.952237288135593190e+02
7.949683615819208171e+02
7.947988700564972078e+02
7.946960451977402045e+02
7.946576271186442000e+02
7.946926553672317368e+02
7.948022598870057891e+02
7.949898305084747108e+02
7.952519774011300342e+02
7.955830508474576845e+02
7.959898305084745971e+02
7.964655367231639502e+02
7.970124293785311238e+02
7.976418079096044949e+02
7.983389830508474461e+02
7.991197740112994552e+02
7.999593220338983883e+02
8.008768361581920772e+02
8.018666666666667879e+02
8.028983050847458571e+02
8.038870056497175938e+02
8.047050847457628606e+02
8.053536723163842908e+02
8.058553672316384109e+02
8.061853107344634282e+02
8.063661016949154146e+02
8.063830508474577528e+02
8.062406779661017708e+02
8.059672316384180704e+02
8.055423728813559592e+02
8.049491525423729854e+02
8.042146892655368902e+02
8.033627118644068332e+02
8.023672316384181613e+02
8.012531073446327810e+02
8.000384180790961182e+02
7.988723163841807491e+02
7.977649717514125314e+02
7.967265536723164132e+02
7.957310734463276276e+02
7.948146892655367992e+02
7.939796610169491942e+02
7.932056497175141203e+02
7.925355932203390239e+02
7.919581920903955279e+02
7.914666666666666970e+02
7.910779661016949831e+02
7.907694915254237458e+02
7.905864406779661522e+02
7.905016949152543475e+02
7.905209039548022929e+02
7.906519774011298978e+02
7.908734463276837232e+02
7.911909604519773893e+02
7.915954802259886947e+02
7.921005649717513961e+02
7.926745762711864245e+02
7.933344632768362317e+02
7.940644067796611125e+02
7.948644067796610670e+02
7.957265536723164132e+02
7.966485875706215438e+02
7.976497175141242906e+02
7.986858757062148015e+02
7.997864406779663113e+02
8.009276836158192054e+02
8.020994350282486494e+02
8.032824858757062430e+02
8.043209039548023611e+02
8.052361581920904428e+02
8.060192090395481728e+02
8.066384180790961409e+02
8.070960451977401817e+02
8.074101694915254939e+02
8.075389830508476052e+02
8.075107344632768900e+02
8.072847457627119638e+02
8.068949152542375032e+02
8.063288135593220431e+02
8.055853107344632917e+02
8.046519774011300115e+02
8.035638418079097391e+02
8.024949152542374122e+02
8.014824858757062884e+02
8.005073446327684223e+02
7.995887005649718731e+02
7.987141242937854031e+02
7.978926553672317823e+02
7.971310734463277186e+02
7.964203389830508968e+02
7.957932203389830192e+02
7.952282485875706470e+02
7.947389830508475370e+02
7.943129943502824517e+02
7.939389830508474688e+02
7.936621468926554144e+02
7.934531073446328264e+02
7.933141242937854258e+02
7.932723163841809537e+02
7.932926553672316459e+02
7.933819209039548923e+02
7.935615819209040183e+02
7.938158192090395460e+02
7.941344632768361862e+02
7.945423728813559592e+02
7.950463276836158002e+02
7.956101694915255393e+02
7.962723163841808400e+02
7.969977401129943928e+02
7.978056497175141430e+02
7.986983050847456980e+02
7.996497175141244043e+02
8.006892655367232692e+02
8.017999999999999545e+02
8.027954802259887401e+02
8.036293785310735984e+02
8.043039548022600229e+02
8.048214689265537345e+02
8.051683615819209763e+02
8.053672316384181613e+02
8.054000000000000909e+02
8.052870056497175710e+02
8.050146892655368447e+02
8.045875706214688989e+02
8.040135593220338706e+02
8.033050847457627697e+02
8.024610169491526221e+02
8.014700564971751646e+02
8.003706214689266289e+02
7.991310734463277186e+02
7.978361581920903518e+02
7.965604519774012715e+02
7.953514124293785699e+02
7.941853107344633145e+02
7.930870056497176392e+02
7.920677966101695802e+02
7.911378531073447675e+02
7.902700564971752328e+02
7.894937853107344381e+02
7.888090395480226107e+02
7.882090395480227016e+02
7.877197740112994779e+02
7.873209039548023611e+02
7.870259887005649944e+02
7.868305084745763907e+02
7.867468926553672190e+02
7.867468926553673327e+02
7.868666666666667879e+02
7.870790960451977298e+02
7.873841807909604995e+02
7.877728813559323271e+02
7.882327683615819751e+02
7.887751412429379343e+02
7.893875706214689671e+02
7.900824858757061975e+02
7.908406779661017936e+02
7.916689265536723497e+02
7.925570621468928039e+02
7.934881355932204769e+02
7.944666666666666970e+02
7.955141242937854713e+02
7.965943502824859479e+02
7.976949152542372303e+02
7.987570621468927357e+02
7.996757062146893986e+02
8.004225988700566177e+02
8.010225988700565267e+02
8.014497175141243588e+02
8.017084745762712146e+02
8.018022598870056754e+02
8.017028248587571397e+02
8.014293785310735529e+02
8.009615819209039955e+02
8.002926553672316459e+02
7.994519774011300797e+02
7.984305084745762997e+02
7.974192090395480363e+02
7.964463276836158911e+02
7.955175141242938253e+02
7.946214689265536890e+02
7.937864406779661977e+02
7.929920903954803180e+02
7.922655367231639048e+02
7.915875706214688989e+02
7.909581920903954142e+02
7.904079096045197730e+02
7.899152542372880816e+02
7.894960451977401590e+02
7.891502824858757776e+02
7.888655367231638138e+02
7.886553672316383654e+02
7.885242937853107605e+02
7.884598870056497617e+02
7.884644067796612035e+02
7.885502824858756412e+02
7.887163841807910103e+02
7.889423728813560501e+02
7.892350282485875823e+02
7.896259887005650171e+02
7.900711864406780478e+02
7.905988700564972760e+02
7.912079096045198412e+02
7.918903954802260614e+02
7.926497175141244043e+02
7.934768361581920999e+02
7.943762711864408175e+02
7.953593220338982519e+02
7.963954802259886492e+02
7.975073446327683087e+02
7.985966101694915551e+02
7.995163841807909648e+02
8.002802259887006358e+02
8.008632768361582066e+02
8.012836158192091034e+02
8.015435028248587059e+02
8.016508474576271510e+02
8.015841807909605450e+02
8.013536723163842908e+02
8.009751412429378661e+02
8.004632768361582293e+02
7.997898305084745516e+02
7.989830508474576618e+02
7.980316384180791829e+02
7.969514124293785926e+02
7.957435028248587514e+02
7.945096045197740295e+02
7.933322033898305108e+02
7.922045197740114872e+02
7.911502824858757776e+02
7.901491525423730309e+02
7.892271186440679003e+02
7.883887005649718276e+02
7.876395480225988877e+02
7.869717514124295121e+02
7.864011299435028377e+02
7.859299435028249263e+02
7.855672316384180931e+02
7.853073446327684906e+02
7.851480225988701704e+02
7.851096045197740523e+02
7.851649717514125086e+02
7.853073446327684906e+02
7.855627118644068787e+02
7.859050847457626787e+02
7.863525423728814303e+02
7.868813559322034052e+02
7.875050847457627015e+02
7.881920903954803634e+02
7.889694915254237912e+02
7.898192090395480136e+02
7.907288135593221341e+02
7.917039548022598865e+02
7.927288135593221341e+02
7.938180790960452669e+02
7.949468926553672645e+02
7.961367231638419071e+02
7.973446327683616346e+02
7.985807909604520773e+02
7.996779661016948921e+02
8.006350282485875596e+02
8.014271186440678321e+02
8.020768361581921226e+02
8.025389830508474915e+02
8.028451977401131217e+02
8.029627118644068560e+02
8.029096045197741205e+02
8.026632768361582748e+02
8.022237288135595463e+02
8.016090395480226789e+02
8.008067796610171172e+02
7.998361581920904655e+02
7.987242937853106923e+02
7.976598870056498072e+02
7.966485875706216575e+02
7.956689265536724633e+02
7.947344632768363226e+02
7.938553672316386383e+02
7.930406779661017254e+02
7.922802259887005221e+02
7.915954802259886947e+02
7.909683615819210445e+02
7.904079096045198867e+02
7.899209039548023839e+02
7.894836158192090352e+02
7.891514124293785244e+02
7.888768361581921909e+02
7.886734463276836777e+02
7.885480225988701477e+02
7.884960451977401590e+02
7.885288135593220886e+02
7.886429378531074690e+02
7.888248587570622021e+02
7.890824858757061975e+02
7.894192090395480363e+02
7.898418079096045403e+02
7.903468926553672418e+02
7.909231638418079910e+02
7.915762711864407493e+02
7.923084745762712373e+02
7.931242937853107833e+02
7.940124293785311238e+02
7.949796610169491942e+02
7.960248587570622476e+02
7.970802259887007040e+02
7.979638418079096027e+02
7.986994350282485584e+02
7.992779661016950286e+02
7.996915254237287627e+02
7.999355932203388875e+02
8.000327683615819296e+02
7.999728813559322589e+02
7.997468926553672190e+02
7.993796610169492851e+02
7.988632768361583203e+02
7.982090395480227016e+02
7.974135593220339615e+02
7.964757062146893531e+02
7.954135593220339615e+02
7.942192090395481046e+02
7.928937853107345290e+02
7.916045197740113508e+02
7.903807909604520319e+02
7.892112994350281951e+02
7.881073446327684451e+02
7.870723163841807946e+02
7.860903954802261069e+02
7.852045197740113736e+02
7.844056497175141658e+02
7.837062146892656074e+02
7.830903954802259932e+02
7.825807909604520773e+02
7.821672316384181158e+02
7.818655367231638138e+02
7.816700564971752101e+02
7.815774011299436097e+02
7.815751412429378888e+02
7.816836158192090807e+02
7.818847457627118729e+02
7.821887005649718958e+02
7.825649717514124859e+02
7.830305084745763224e+02
7.835807909604520773e+02
7.842033898305085131e+02
7.849039548022599320e+02
7.856915254237288764e+02
7.865310734463278095e+02
7.874203389830508968e+02
7.883796610169492851e+02
7.893830508474576391e+02
7.904406779661017026e+02
7.915581920903955506e+02
7.926937853107344836e+02
7.937841807909605905e+02
7.947525423728814076e+02
7.955649717514124859e+02
7.962327683615819751e+02
7.967254237288136665e+02
7.970519774011299887e+02
7.972022598870057664e+02
7.971593220338984338e+02
7.969491525423729854e+02
7.965694915254238140e+02
7.960079096045199094e+02
7.952305084745763679e+02
7.942870056497176847e+02
7.932237288135594326e+02
7.921807909604519864e+02
7.911728813559323044e+02
7.902180790960452441e+02
7.893005649717514416e+02
7.884418079096046768e+02
7.876225988700565495e+02
7.868666666666667879e+02
7.861627118644069014e+02
7.855265536723165951e+02
7.849446327683617710e+02
7.844282485875708062e+02
7.839785310734464474e+02
7.835977401129944155e+02
7.833039548022599092e+02
7.830621468926553916e+02
7.828994350282487176e+02
7.828135593220340525e+02
7.827977401129944610e+02
7.828621468926553462e+02
7.829943502824859252e+02
7.832022598870057664e+02
7.834903954802259705e+02
7.838497175141242224e+02
7.842870056497175710e+02
7.847988700564972078e+02
7.853909604519774348e+02
7.860666666666667197e+02
7.868350282485876050e+02
7.876689265536723497e+02
7.885661016949153463e+02
7.895468926553671736e+02
7.905943502824859479e+02
7.916903954802260159e+02
7.926870056497175483e+02
7.935141242937853576e+02
7.941785310734463792e+02
7.946870056497175483e+02
7.950338983050847901e+02
7.952338983050848356e+02
7.952757062146893077e+02
7.951491525423730309e+02
7.948870056497175938e+02
7.944655367231639502e+02
7.938892655367232010e+02
7.931841807909604540e+02
7.923457627118643813e+02
7.913785310734463110e+02
7.902587570621469695e+02
7.890259887005649944e+02
7.878079096045198639e+02
7.866350282485875596e+02
7.855209039548021792e+02
7.844768361581920999e+02
7.834881355932204769e+02
7.825796610169493306e+02
7.817661016949152781e+02
7.810327683615819296e+02
7.803819209039547786e+02
7.798485875706214756e+02
7.793909604519774348e+02
7.790474576271187743e+02
7.787977401129944610e+02
7.786564971751413395e+02
7.786146892655367537e+02
7.786824858757063339e+02
7.788485875706214756e+02
7.791107344632769127e+02
7.794598870056497617e+02
7.798960451977401362e+02
7.804169491525424291e+02
7.810112994350283770e+02
7.816858757062148015e+02
7.824440677966101703e+02
7.832734463276835868e+02
7.841570621468927129e+02
7.850937853107345745e+02
7.860994350282487630e+02
7.871502824858757776e+02
7.882508474576272874e+02
7.893932203389831557e+02
7.905604519774012715e+02
7.917468926553672190e+02
7.927796610169491487e+02
7.936734463276836777e+02
7.944271186440678321e+02
7.950135593220338706e+02
7.954316384180791601e+02
7.956779661016950058e+02
7.957355932203390694e+02
7.956158192090396142e+02
7.953050847457627697e+02
7.948146892655367992e+02
7.941468926553673100e+02
7.932847457627119638e+02
7.922497175141243133e+02
7.911807909604519864e+02
7.901423728813559819e+02
7.891491525423730309e+02
7.881977401129943246e+02
7.873016949152543020e+02
7.864519774011300797e+02
7.856542372881357323e+02
7.849231638418079910e+02
7.842542372881357551e+02
7.836485875706216575e+02
7.831175141242938480e+02
7.826598870056498072e+02
7.822587570621469695e+02
7.819446327683616573e+02
7.816858757062146879e+02
7.815039548022599547e+02
7.814000000000000909e+02
7.813774011299435642e+02
7.814327683615820206e+02
7.815536723163843362e+02
7.817661016949152781e+02
7.820463276836159139e+02
7.824146892655368219e+02
7.828700564971752556e+02
7.834011299435028377e+02
7.839932203389830647e+02
7.846858757062148015e+02
7.854564971751412941e+02
7.862983050847458344e+02
7.872237288135593190e+02
7.882146892655368902e+02
7.892666666666668789e+02
7.903220338983052216e+02
7.912282485875707607e+02
7.919841807909606359e+02
7.925706214689266744e+02
7.930135593220339842e+02
7.932790960451978890e+02
7.933864406779662204e+02
7.933548022598870375e+02
7.931593220338983201e+02
7.928169491525424064e+02
7.923355932203389784e+02
7.917163841807910103e+02
7.909570621468926674e+02
7.900553672316384564e+02
7.890305084745762088e+02
7.878779661016949376e+02
7.866169491525424746e+02
7.853672316384181613e+02
7.841830508474577073e+02
7.830711864406780478e+02
7.820158192090395914e+02
7.810271186440679685e+02
7.800960451977402954e+02
7.792632768361581839e+02
7.785175141242938253e+02
7.778644067796610670e+02
7.773096045197740978e+02
7.768610169491525994e+02
7.765039548022598410e+02
7.762451977401130989e+02
7.760790960451977298e+02
7.760293785310734620e+02
7.760813559322034507e+02
7.762203389830508513e+02
7.764508474576271055e+02
7.767570621468926220e+02
7.771706214689265835e+02
7.776519774011298978e+02
7.782192090395481046e+02
7.788384180790960727e+02
7.795446327683615664e+02
7.803220338983051079e+02
7.811604519774011806e+02
7.820576271186440636e+02
7.830079096045196820e+02
7.840067796610169353e+02
7.850440677966101930e+02
7.861333333333333258e+02
7.872463276836158457e+02
7.882915254237287854e+02
7.891807909604519864e+02
7.899299435028249263e+02
7.905220338983050397e+02
7.909389830508473551e+02
7.911954802259886037e+02
7.912734463276835868e+02
7.911920903954802498e+02
7.909175141242936888e+02
7.904542372881355732e+02
7.898124293785310783e+02
7.889977401129942791e+02
7.879932203389830647e+02
7.869694915254237912e+02
7.859796610169491942e+02
7.850271186440677411e+02
7.841141242937853804e+02
7.832440677966101248e+02
7.824135593220339615e+02
7.816406779661017481e+02
7.809163841807910558e+02
7.802757062146893077e+02
7.796790960451976389e+02
7.791706214689265835e+02
7.787050847457627469e+02
7.783209039548023611e+02
7.779966101694916460e+02
7.777536723163842680e+02
7.775638418079097391e+02
7.774621468926554826e+02
7.774327683615820206e+02
7.774824858757062884e+02
7.775920903954802270e+02
7.777807909604518954e+02
7.780338983050846764e+02
7.783649717514124404e+02
7.787819209039548696e+02
7.792723163841808400e+02
7.798282485875706698e+02
7.804576271186440408e+02
7.811807909604519864e+02
7.819819209039549150e+02
7.828655367231638138e+02
7.837875706214688307e+02
7.847999999999999545e+02
7.858711864406780023e+02
7.868745762711864700e+02
7.877242937853108060e+02
7.884146892655367083e+02
7.889468926553672645e+02
7.893152542372880589e+02
7.895254237288135073e+02
7.895920903954801133e+02
7.894949152542371849e+02
7.892485875706214529e+02
7.888564971751411576e+02
7.883096045197739841e+02
7.876350282485875596e+02
7.868192090395480136e+02
7.858813559322034052e+02
7.848192090395480136e+02
7.836271186440678775e+02
7.824293785310733256e+02
7.812655367231637911e+02
7.801706214689264698e+02
7.791231638418078091e+02
7.781525423728812711e+02
7.772542372881355277e+02
7.764259887005648579e+02
7.756892655367230418e+02
7.750440677966100793e+02
7.745005649717513734e+02
7.740440677966100793e+02
7.736858757062145742e+02
7.734282485875705788e+02
7.732700564971751191e+02
7.732203389830507376e+02
7.732734463276834731e+02
7.734248587570621112e+02
7.736474576271186834e+02
7.739785310734462200e+02
7.743932203389829283e+02
7.748779661016949376e+02
7.754474576271186379e+02
7.761016949152542566e+02
7.768203389830507604e+02
7.776056497175140976e+02
7.784610169491525085e+02
7.793728813559321225e+02
7.803446327683614072e+02
7.813559322033897843e+02
7.824192090395479227e+02
7.835220338983050397e+02
7.846644067796609079e+02
7.858384180790960727e+02
7.868790960451976844e+02
7.877751412429379343e+02
7.885333333333333030e+02
7.891209039548023156e+02
7.895423728813559592e+02
7.897864406779660840e+02
7.898779661016949376e+02
7.897841807909603631e+02
7.895231638418079001e+02
7.890790960451977298e+02
7.884338983050847673e+02
7.876135593220338933e+02
7.866418079096044949e+02
7.856056497175140976e+02
7.845977401129944155e+02
7.836146892655367537e+02
7.826881355932202950e+02
7.817999999999999545e+02
7.809627118644068560e+02
7.801740112994350511e+02
7.794372881355932350e+02
7.787706214689264925e+02
7.781683615819208626e+02
7.776327683615819524e+02
7.771548022598869920e+02
7.767649717514125314e+02
7.764203389830508968e+02
7.761548022598871057e+02
7.759672316384180704e+02
7.758519774011300569e+02
7.757864406779660840e+02
7.758022598870056754e+02
7.759062146892655392e+02
7.760768361581920090e+02
7.763186440677966402e+02
7.766440677966102157e+02
7.770429378531073326e+02
7.775220338983051533e+02
7.780757062146892622e+02
7.787163841807910103e+02
7.794271186440678321e+02
7.802146892655367765e+02
7.810734463276836550e+02
7.820011299435027468e+02
7.830079096045197957e+02
7.840610169491526449e+02
7.849807909604519409e+02
7.857322033898306017e+02
7.863322033898306245e+02
7.867864406779661977e+02
7.870757062146892622e+02
7.872214689265535981e+02
7.872180790960452441e+02
7.870598870056497844e+02
7.867446327683616119e+02
7.862994350282485811e+02
7.857254237288136665e+02
7.850067796610170490e+02
7.841525423728812711e+02
7.831774011299435188e+02
7.820779661016948694e+02
7.808542372881355504e+02
7.796519774011298978e+02
7.784937853107344381e+02
7.773853107344632463e+02
7.763514124293785699e+02
7.753706214689265153e+02
7.744655367231637229e+02
7.736361581920904200e+02
7.728858757062146196e+02
7.722372881355931895e+02
7.716779661016947784e+02
7.712203389830508513e+02
7.708497175141242224e+02
7.705830508474575709e+02
7.704158192090394550e+02
7.703457627118643813e+02
7.703694915254236548e+02
7.704734463276836323e+02
7.706711864406779569e+02
7.709683615819208171e+02
7.713457627118643813e+02
7.718067796610168898e+02
7.723457627118643813e+02
7.729570621468926674e+02
7.736305084745763452e+02
7.743706214689265153e+02
7.751920903954801361e+02
7.760350282485874231e+02
7.769548022598869466e+02
7.779242937853107378e+02
7.789344632768361407e+02
7.799819209039546877e+02
7.810734463276835413e+02
7.821672316384181158e+02
7.831457627118643359e+02
7.839751412429377524e+02
7.846542372881356187e+02
7.851672316384181158e+02
7.855084745762711691e+02
7.856847457627118274e+02
7.856892655367231555e+02
7.855096045197740295e+02
7.851514124293785244e+02
7.846135593220337796e+02
7.839062146892654255e+02
7.830090395480224288e+02
7.820090395480224288e+02
7.810361581920903973e+02
7.800983050847456752e+02
7.792101694915252210e+02
7.783638418079094663e+02
7.775728813559321679e+02
7.768271186440678093e+02
7.761412429378531215e+02
7.755096045197740295e+02
7.749288135593219522e+02
7.744045197740113053e+02
7.739468926553671508e+02
7.735559322033898297e+02
7.732395480225989104e+02
7.730067796610169353e+02
7.728271186440679230e+02
7.727220338983051988e+02
7.726836158192090807e+02
7.727141242937852894e+02
7.728090395480226107e+02
7.729920903954802043e+02
7.732508474576270601e+02
7.735683615819208399e+02
7.739683615819208171e+02
7.744542372881355732e+02
7.749966101694915324e+02
7.756316384180790919e+02
7.763389830508474461e+02
7.771344632768361862e+02
7.779774011299434733e+02
7.789028248587569578e+02
7.799096045197738931e+02
7.809548022598869466e+02
7.820067796610169353e+02
7.828960451977400226e+02
7.836316384180790919e+02
7.842225988700565722e+02
7.846463276836157092e+02
7.849412429378530760e+02
7.850632768361581384e+02
7.850429378531073326e+02
7.848655367231638138e+02
7.845536723163842225e+02
7.841016949152542566e+02
7.834983050847457662e+02
7.827717514124293530e+02
7.819028248587569578e+02
7.809118644067796140e+02
7.798090395480226107e+02
7.785988700564971623e+02
7.774158192090395687e+02
7.762960451977401135e+02
7.752395480225987967e+02
7.742474576271185924e+02
7.733276836158192964e+02
7.724858757062147561e+02
7.717209039548022247e+02
7.710406779661016117e+02
7.704598870056497617e+02
7.699661016949153236e+02
7.695807909604519637e+02
7.692870056497174573e+02
7.690971751412429285e+02
7.689977401129942791e+02
7.690045197740112144e+02
7.691039548022598638e+02
7.692926553672316459e+02
7.695887005649717594e+02
7.699581920903954142e+02
7.704237288135593644e+02
7.709706214689265380e+02
7.715762711864406356e+02
7.722553672316385018e+02
7.730000000000000000e+02
7.738135593220339388e+02
7.746836158192090807e+02
7.756056497175140976e+02
7.765999999999999091e+02
7.776271186440676502e+02
7.787016949152541656e+02
7.798135593220338251e+02
7.809672316384180704e+02
7.819898305084745971e+02
7.828531073446326900e+02
7.835988700564971623e+02
7.841751412429377979e+02
7.845954802259886947e+02
7.848451977401130080e+02
7.849333333333332803e+02
7.848316384180791374e+02
7.845593220338982974e+02
7.841118644067796595e+02
7.834847457627118956e+02
7.826824858757063339e+02
7.817028248587570260e+02
7.806418079096044949e+02
7.796316384180790919e+02
7.786632768361582748e+02
7.777231638418079456e+02
7.768327683615818842e+02
7.759943502824859252e+02
7.751932203389831102e+02
7.744632768361582293e+02
7.737853107344633372e+02
7.731627118644067878e+02
7.726056497175140976e+02
7.721152542372881271e+02
7.716937853107344836e+02
7.713231638418078546e+02
7.710350282485875368e+02
7.708022598870056754e+02
7.706418079096044949e+02
7.705706214689265607e+02
7.705446327683616801e+02
7.705943502824858342e+02
7.707299435028248809e+02
7.709344632768361407e+02
7.712112994350281951e+02
7.715570621468925765e+02
7.719988700564971396e+02
7.724994350282486266e+02
7.730824858757061975e+02
7.737389830508475370e+02
7.744666666666666970e+02
7.752915254237287854e+02
7.761762711864407720e+02
7.771242937853107833e+02
7.781333333333333258e+02
7.790327683615819296e+02
7.798011299435029287e+02
7.804090395480227471e+02
7.808497175141243360e+02
7.811299435028249718e+02
7.812666666666666515e+02
7.812451977401129852e+02
7.810779661016949831e+02
7.807638418079096709e+02
7.803096045197739841e+02
7.797231638418079456e+02
7.789785310734464474e+02
7.781073446327683314e+02
7.771276836158192509e+02
7.760146892655368447e+02
7.747977401129944610e+02
7.736237288135594099e+02
7.725118644067796367e+02
7.714440677966101703e+02
7.704372881355932350e+02
7.694870056497175028e+02
7.686146892655367537e+02
7.678112994350283316e+02
7.670926553672316004e+02
7.664723163841808855e+02
7.659423728813560501e+02
7.655084745762711691e+02
7.651548022598869920e+02
7.649175141242938025e+02
7.647785310734464019e+02
7.647175141242938707e+02
7.647491525423729399e+02
7.648881355932203405e+02
7.651141242937853804e+02
7.654271186440678321e+02
7.658327683615818842e+02
7.663118644067797050e+02
7.668655367231639275e+02
7.674790960451978208e+02
7.681785310734463792e+02
7.689435028248587969e+02
7.697525423728814076e+02
7.706237288135594099e+02
7.715694915254238140e+02
7.725615819209040183e+02
7.735932203389832011e+02
7.746644067796611353e+02
7.757525423728814076e+02
7.768621468926553462e+02
7.778395480225989331e+02
7.786564971751413395e+02
7.793096045197740978e+02
7.798237288135594554e+02
7.801627118644069014e+02
7.803310734463277640e+02
7.803344632768363454e+02
7.801491525423730309e+02
7.797932203389832466e+02
7.792508474576272874e+02
7.785220338983051533e+02
7.776384180790962546e+02
7.766214689265538027e+02
7.756429378531074690e+02
7.746971751412431786e+02
7.737841807909605905e+02
7.729276836158194328e+02
7.721299435028250855e+02
7.713559322033900116e+02
7.706474576271187971e+02
7.700124293785311238e+02
7.694350282485877415e+02
7.689141242937853349e+02
7.684576271186441545e+02
7.680779661016949831e+02
7.677649717514125314e+02
7.675209039548024066e+02
7.673435028248588878e+02
7.672429378531076054e+02
7.672146892655368902e+02
7.672610169491526904e+02
7.673841807909604995e+02
7.675864406779662659e+02
7.678508474576271965e+02
7.681898305084746426e+02
7.686045197740113508e+02
7.690971751412430422e+02
7.696677966101694892e+02
7.703186440677966402e+02
7.710225988700566404e+02
7.718214689265537345e+02
7.726858757062148015e+02
7.736259887005651308e+02
7.746293785310735984e+02
7.757107344632769355e+02
7.768237288135594554e+02
7.778101694915254711e+02
7.786338983050848128e+02
7.793175141242938935e+02
7.798259887005650626e+02
7.801841807909605677e+02
7.804056497175142795e+02
7.804700564971751646e+02
7.803875706214689671e+02
7.801570621468927129e+02
7.797875706214689444e+02
7.792779661016950286e+02
7.786463276836159366e+02
7.778768361581921909e+02
7.769672316384181840e+02
7.759333333333333940e+02
7.747751412429379343e+02
7.735581920903955506e+02
7.724045197740113053e+02
7.713073446327684906e+02
7.702711864406780933e+02
7.692960451977401135e+02
7.684158192090396824e+02
7.675977401129944155e+02
7.668587570621468785e+02
7.662259887005650398e+02
7.656711864406779569e+02
7.652293785310735075e+02
7.648836158192091261e+02
7.646271186440678775e+02
7.644689265536724179e+02
7.644146892655369356e+02
7.644497175141243588e+02
7.645875706214690126e+02
7.648271186440679230e+02
7.651423728813559819e+02
7.655344632768362771e+02
7.660192090395480591e+02
7.665740112994351421e+02
7.672000000000000455e+02
7.678926553672317823e+02
7.686531073446328719e+02
7.694745762711866064e+02
7.703728813559323498e+02
7.713152542372881726e+02
7.722983050847458344e+02
7.733378531073446993e+02
7.744067796610170262e+02
7.755107344632770037e+02
7.766112994350283998e+02
7.775796610169493306e+02
7.783920903954802952e+02
7.790632768361583658e+02
7.795672316384182068e+02
7.799096045197741205e+02
7.800790960451978435e+02
7.800881355932203860e+02
7.799265536723164587e+02
7.795728813559322816e+02
7.790519774011299887e+02
7.783468926553672418e+02
7.774768361581920999e+02
7.764395480225989559e+02
7.754395480225989559e+02
7.744666666666666970e+02
7.735423728813559592e+02
7.726564971751413395e+02
7.718180790960452669e+02
7.710372881355933714e+02
7.703073446327684906e+02
7.696237288135594099e+02
7.690146892655367310e+02
7.684610169491526221e+02
7.679841807909606359e+02
7.675615819209041319e+02
7.672203389830509650e+02
7.669412429378530760e+02
7.667367231638418161e+02
7.666045197740114645e+02
7.665401129943503520e+02
7.665355932203390239e+02
7.666282485875706243e+02
7.667774011299436552e+02
7.670045197740113281e+02
7.673141242937853121e+02
7.676903954802260159e+02
7.681536723163842453e+02
7.686926553672317368e+02
7.693028248587571625e+02
7.699954802259887856e+02
7.707706214689267199e+02
7.716146892655367537e+02
7.725299435028249491e+02
7.735254237288136210e+02
7.745774011299436097e+02
7.755028248587570943e+02
7.762757062146893077e+02
7.768779661016949376e+02
7.773480225988701022e+02
7.776508474576271510e+02
7.778135593220339388e+02
7.778056497175141430e+02
7.776711864406779569e+02
7.773785310734463110e+02
7.769096045197741205e+02
7.763186440677966402e+02
7.755898305084747335e+02
7.747197740112994779e+02
7.737299435028248809e+02
7.726056497175142113e+02
7.713401129943504202e+02
7.701016949152542566e+02
7.689186440677966630e+02
7.677864406779661977e+02
7.667005649717514189e+02
7.656711864406779569e+02
7.647288135593221341e+02
7.638519774011299432e+02
7.630734463276835413e+02
7.623728813559323498e+02
7.617694915254237458e+02
7.612576271186442227e+02
7.608418079096046540e+02
7.605299435028249491e+02
7.603242937853108288e+02
7.602045197740114872e+02
7.601853107344633145e+02
7.602519774011300342e+02
7.604169491525424291e+02
7.606881355932204087e+02
7.610282485875707152e+02
7.614689265536724179e+02
7.619898305084747108e+02
7.625841807909605450e+02
7.632508474576272874e+02
7.639932203389830647e+02
7.648045197740113963e+02
7.656858757062148015e+02
7.666079096045200458e+02
7.675864406779662659e+02
7.686180790960454488e+02
7.696994350282486721e+02
7.708146892655367992e+02
7.719728813559322589e+02
7.730463276836160276e+02
7.739604519774012488e+02
7.747367231638420435e+02
7.753548022598871512e+02
7.757898305084746653e+02
7.760644067796611125e+02
7.761604519774011806e+02
7.760677966101695802e+02
7.757920903954803862e+02
7.753288135593221568e+02
7.746949152542374577e+02
7.738610169491525994e+02
7.728519774011301706e+02
7.717875706214690581e+02
7.707491525423729399e+02
7.697593220338984565e+02
7.688101694915255848e+02
7.679141242937854486e+02
7.670531073446329628e+02
7.662485875706215666e+02
7.655016949152543475e+02
7.648056497175142567e+02
7.641853107344634282e+02
7.636169491525424746e+02
7.631163841807909876e+02
7.626847457627120548e+02
7.623231638418080820e+02
7.620395480225988649e+02
7.618169491525425201e+02
7.616632768361582748e+02
7.615853107344634054e+02
7.616000000000001364e+02
7.616587570621470604e+02
7.618033898305086495e+02
7.620259887005651080e+02
7.623299435028250173e+02
7.626858757062148015e+02
7.631480225988700568e+02
7.636836158192090807e+02
7.642937853107346200e+02
7.649841807909606359e+02
7.657593220338983429e+02
7.666180790960452214e+02
7.675457627118644268e+02
7.685265536723164814e+02
7.695841807909605450e+02
7.706666666666667425e+02
7.715807909604520773e+02
7.723367231638419526e+02
7.729468926553673782e+02
7.734045197740114190e+02
7.737062146892656074e+02
7.738542372881356641e+02
7.738485875706214756e+02
7.736960451977402045e+02
7.734079096045197730e+02
7.729694915254237912e+02
7.723898305084746880e+02
7.716881355932204087e+02
7.708418079096045403e+02
7.698655367231639275e+02
7.687819209039548696e+02
7.675875706214690126e+02
7.664350282485877415e+02
7.653468926553673555e+02
7.643050847457627697e+02
7.633254237288136892e+02
7.624361581920904882e+02
7.616180790960452214e+02
7.608926553672317823e+02
7.602429378531073780e+02
7.597016949152542793e+02
7.592542372881356414e+02
7.588983050847457434e+02
7.586440677966102157e+02
7.584892655367232237e+02
7.584282485875706925e+02
7.584700564971751646e+02
7.586011299435028832e+02
7.588282485875706698e+02
7.591423728813558682e+02
7.595333333333334167e+02
7.600079096045197957e+02
7.605638418079096255e+02
7.611966101694915778e+02
7.619050847457626787e+02
7.626858757062146879e+02
7.635163841807909648e+02
7.644192090395481500e+02
7.653728813559322361e+02
7.663751412429379570e+02
7.674282485875705788e+02
7.685186440677966857e+02
7.696677966101694892e+02
7.708316384180791374e+02
7.718813559322034052e+02
7.727706214689267199e+02
7.735062146892655619e+02
7.740960451977400680e+02
7.745186440677966857e+02
7.747887005649718049e+02
7.748824858757063794e+02
7.747932203389831329e+02
7.745288135593220886e+02
7.740949152542373213e+02
7.734723163841808855e+02
7.726700564971752101e+02
7.717118644067796822e+02
7.706644067796610216e+02
7.696610169491525539e+02
7.686881355932204087e+02
7.677615819209040637e+02
7.668802259887006585e+02
7.660350282485875368e+02
7.652655367231639048e+02
7.645457627118644268e+02
7.638836158192091261e+02
7.632960451977401135e+02
7.627672316384181386e+02
7.622949152542373668e+02
7.618892655367232010e+02
7.615728813559321679e+02
7.613129943502824517e+02
7.611412429378531215e+02
7.610305084745763224e+02
7.609796610169491942e+02
7.610192090395480591e+02
7.611333333333333258e+02
7.613073446327683769e+02
7.615581920903954369e+02
7.618971751412428830e+02
7.623039548022599092e+02
7.628067796610170035e+02
7.633864406779662204e+02
7.640497175141242678e+02
7.647841807909604768e+02
7.656045197740113508e+02
7.664847457627117819e+02
7.674497175141243588e+02
7.684813559322034280e+02
7.695310734463276958e+02
7.704338983050847673e+02
7.711807909604519864e+02
7.717728813559322134e+02
7.722327683615819751e+02
7.725242937853106469e+02
7.726802259887006130e+02
7.726892655367232692e+02
7.725457627118644268e+02
7.722621468926554371e+02
7.718271186440678093e+02
7.712734463276837005e+02
7.705819209039548241e+02
7.697514124293786608e+02
7.687864406779660840e+02
7.677096045197740750e+02
7.665175141242937116e+02
7.652824858757062430e+02
7.640960451977400680e+02
7.629717514124295121e+02
7.619062146892656529e+02
7.609073446327683996e+02
7.599875706214689899e+02
7.591389830508476280e+02
7.583706214689266289e+02
7.577073446327683541e+02
7.571254237288136437e+02
7.566180790960452214e+02
7.562225988700565722e+02
7.559231638418079910e+02
7.557299435028248809e+02
7.556259887005651308e+02
7.556112994350282861e+02
7.557107344632769355e+02
7.558870056497175938e+02
7.561378531073447675e+02
7.564881355932204769e+02
7.569028248587571852e+02
7.574011299435028377e+02
7.579661016949153236e+02
7.586124293785311465e+02
7.593299435028250173e+02
7.601062146892656983e+02
7.609333333333335077e+02
7.618406779661017936e+02
7.627819209039548696e+02
7.637728813559323271e+02
7.648067796610171172e+02
7.658858757062147333e+02
7.669909604519775712e+02
7.679875706214689899e+02
7.688361581920905792e+02
7.695389830508476052e+02
7.700610169491526449e+02
7.704316384180792738e+02
7.706180790960453351e+02
7.706406779661017481e+02
7.704700564971752783e+02
7.701152542372882408e+02
7.695830508474577982e+02
7.688677966101695347e+02
7.679864406779662431e+02
7.669435028248589106e+02
7.659435028248590243e+02
7.649740112994352330e+02
7.640305084745764361e+02
7.631242937853108970e+02
7.622757062146894214e+02
7.614813559322035417e+02
7.607265536723166406e+02
7.600248587570622476e+02
7.594011299435030651e+02
7.588305084745763907e+02
7.583197740112996144e+02
7.578689265536725088e+02
7.574870056497177302e+02
7.571875706214691490e+02
7.569480225988702387e+02
7.567661016949153918e+02
7.566632768361583885e+02
7.566429378531074690e+02
7.566870056497175483e+02
7.567887005649719185e+02
7.569796610169493079e+02
7.572508474576272874e+02
7.575875706214691263e+02
7.579977401129945065e+02
7.584994350282486266e+02
7.590711864406780478e+02
7.597276836158193873e+02
7.604463276836158911e+02
7.612553672316385018e+02
7.621344632768364136e+02
7.630779661016949831e+02
7.640937853107345745e+02
7.651751412429380252e+02
7.661638418079097619e+02
7.670225988700567541e+02
7.677276836158193873e+02
7.682813559322034962e+02
7.686711864406780705e+02
7.689107344632768672e+02
7.689988700564972532e+02
7.689423728813560501e+02
7.687322033898306017e+02
7.683853107344634736e+02
7.678949152542375032e+02
7.672610169491526904e+02
7.664915254237289446e+02
7.655943502824859479e+02
7.645706214689266744e+02
7.634169491525424291e+02
7.622576271186442227e+02
7.611288135593222250e+02
7.600531073446328492e+02
7.590655367231638593e+02
7.581401129943503747e+02
7.572745762711865609e+02
7.565016949152543475e+02
7.557966101694917143e+02
7.551909604519776167e+02
7.546847457627119411e+02
7.542666666666667652e+02
7.539423728813560501e+02
7.537175141242939844e+02
7.535819209039549378e+02
7.535378531073447448e+02
7.535988700564973897e+02
7.537378531073447903e+02
7.539774011299437007e+02
7.542790960451978890e+02
7.546779661016951195e+02
7.551412429378533488e+02
7.557050847457628606e+02
7.563344632768363454e+02
7.570271186440679685e+02
7.577920903954804999e+02
7.586146892655368674e+02
7.594960451977402727e+02
7.604169491525424291e+02
7.614011299435029514e+02
7.624395480225989559e+02
7.634983050847458799e+02
7.646011299435029969e+02
7.657310734463278550e+02
7.667446327683617255e+02
7.675932203389832011e+02
7.682892655367232919e+02
7.688293785310736439e+02
7.691966101694915778e+02
7.694022598870058118e+02
7.694395480225989559e+02
7.692813559322034962e+02
7.689536723163841998e+02
7.684497175141243588e+02
7.677570621468926220e+02
7.669118644067797277e+02
7.658983050847457434e+02
7.648847457627118729e+02
7.638949152542372758e+02
7.629480225988701250e+02
7.620508474576272420e+02
7.611932203389831102e+02
7.603966101694916233e+02
7.596508474576271510e+02
7.589581920903955279e+02
7.583209039548023611e+02
7.577593220338983429e+02
7.572598870056498299e+02
7.568101694915253574e+02
7.564361581920904882e+02
7.561412429378531215e+02
7.559186440677966630e+02
7.557514124293786608e+02
7.556598870056498072e+02
7.556350282485876733e+02
7.556915254237288764e+02
7.558214689265537345e+02
7.560259887005649944e+02
7.563062146892655164e+02
7.566768361581921454e+02
7.571096045197740523e+02
7.576338983050848128e+02
7.582225988700565722e+02
7.588802259887006585e+02
7.596338983050848128e+02
7.604644067796612035e+02
7.613593220338983656e+02
7.623242937853108288e+02
7.633604519774012260e+02
7.643096045197739841e+02
7.651118644067796595e+02
7.657570621468926220e+02
7.662757062146893077e+02
7.666282485875706243e+02
7.668531073446329174e+02
7.669141242937853349e+02
7.668474576271187289e+02
7.666248587570621567e+02
7.662802259887006358e+02
7.657819209039548696e+02
7.651615819209040410e+02
7.643954802259887629e+02
7.635039548022600684e+02
7.624903954802260841e+02
7.613661016949153009e+02
7.601491525423730309e+02
7.589774011299435870e+02
7.578519774011300569e+02
7.567830508474578437e+02
7.557853107344633372e+02
7.548655367231640412e+02
7.540112994350283770e+02
7.532350282485876960e+02
7.525355932203391376e+02
7.519446327683617710e+02
7.514474576271187516e+02
7.510406779661018390e+02
7.507163841807910103e+02
7.504903954802260841e+02
7.503807909604520319e+02
7.503435028248588878e+02
7.504112994350283543e+02
7.505559322033898297e+02
7.507785310734464019e+02
7.510971751412430422e+02
7.514903954802259705e+02
7.519762711864407265e+02
7.525220338983051533e+02
7.531322033898305790e+02
7.538225988700565949e+02
7.545796610169492169e+02
7.553920903954802952e+02
7.562847457627119638e+02
7.572214689265538254e+02
7.582045197740114872e+02
7.592305084745763679e+02
7.602734463276837005e+02
7.613706214689266289e+02
7.623841807909604995e+02
7.632621468926555508e+02
7.639751412429379798e+02
7.645536723163843362e+02
7.649604519774011351e+02
7.652022598870056527e+02
7.652757062146893077e+02
7.651728813559323044e+02
7.648926553672317823e+02
7.644350282485876278e+02
7.638135593220338251e+02
7.630124293785311238e+02
7.620519774011299887e+02
7.610056497175141885e+02
7.599966101694915324e+02
7.590259887005649944e+02
7.580903954802261069e+02
7.572079096045198412e+02
7.563683615819209081e+02
7.555593220338982974e+02
7.548033898305084222e+02
7.541129943502824062e+02
7.534779661016949603e+02
7.529016949152542111e+02
7.523988700564971168e+02
7.519661016949153236e+02
7.515887005649717594e+02
7.512779661016950286e+02
7.510576271186441772e+02
7.508847457627118729e+02
7.507988700564972078e+02
7.507807909604520091e+02
7.508192090395480136e+02
7.509446327683615436e+02
7.511389830508474006e+02
7.514146892655367083e+02
7.517593220338983429e+02
7.521920903954802498e+02
7.527084745762713283e+02
7.532971751412429740e+02
7.539593220338983883e+02
7.546836158192090807e+02
7.554949152542372985e+02
7.563875706214689671e+02
7.573468926553673555e+02
7.583502824858758231e+02
7.593118644067797050e+02
7.601423728813559819e+02
7.608395480225989331e+02
7.613762711864407038e+02
7.617796610169491487e+02
7.620338983050847901e+02
7.621423728813559819e+02
7.621118644067796595e+02
7.619344632768361407e+02
7.616203389830509423e+02
7.611683615819209763e+02
7.605943502824859479e+02
7.598836158192091261e+02
7.590587570621469240e+02
7.581096045197740523e+02
7.570327683615819296e+02
7.558779661016949376e+02
7.547774011299435415e+02
7.537322033898304880e+02
7.527220338983050851e+02
7.517898305084746653e+02
7.509378531073446084e+02
7.501457627118645632e+02
7.494327683615820206e+02
7.488090395480226107e+02
7.482768361581920544e+02
7.478395480225989331e+02
7.474926553672316913e+02
7.472429378531073780e+02
7.470802259887005903e+02
7.470192090395480591e+02
7.470406779661017254e+02
7.471570621468927129e+02
7.473468926553672418e+02
7.476384180790960272e+02
7.480146892655367310e+02
7.484485875706216120e+02
7.489649717514125769e+02
7.495480225988701477e+02
7.502056497175142340e+02
7.509197740112995234e+02
7.517005649717514189e+02
7.525401129943502383e+02
7.534361581920903745e+02
7.543774011299435642e+02
7.553661016949151872e+02
7.563796610169490577e+02
7.574418079096044494e+02
7.585333333333333030e+02
7.595084745762710554e+02
7.603468926553671281e+02
7.610497175141242678e+02
7.615796610169491032e+02
7.619627118644068560e+02
7.621593220338982064e+02
7.622033898305083994e+02
7.620711864406779341e+02
7.617457627118644723e+02
7.612621468926554371e+02
7.606045197740113508e+02
7.597740112994349602e+02
7.587694915254237458e+02
7.577920903954801588e+02
7.568564971751412713e+02
7.559480225988700113e+02
7.550881355932203860e+02
7.542745762711864472e+02
7.534949152542372985e+02
7.527762711864406810e+02
7.521107344632767990e+02
7.515028248587570943e+02
7.509694915254236776e+02
7.504723163841806581e+02
7.500576271186440636e+02
7.497005649717513052e+02
7.494316384180789328e+02
7.492090395480224743e+02
7.490598870056496708e+02
7.489807909604519409e+02
7.489593220338982746e+02
7.490135593220338706e+02
7.491615819209039273e+02
7.493672316384179339e+02
7.496440677966101021e+02
7.500000000000000000e+02
7.504418079096044494e+02
7.509491525423728717e+02
7.515412429378529851e+02
7.522169491525423837e+02
7.529661016949150962e+02
7.537932203389830192e+02
7.546937853107344836e+02
7.556440677966102157e+02
7.566858757062145742e+02
7.577118644067795685e+02
7.586090395480225652e+02
7.593502824858755957e+02
7.599446327683615436e+02
7.603887005649717139e+02
7.606892655367230418e+02
7.608338983050846309e+02
7.608305084745761633e+02
7.606881355932202950e+02
7.604169491525422018e+02
7.600011299435027468e+02
7.594451977401129170e+02
7.587638418079095572e+02
7.579514124293784789e+02
7.569943502824858115e+02
7.559220338983050169e+02
7.547401129943502838e+02
7.535548022598868556e+02
7.524214689265536435e+02
7.513423728813559137e+02
7.503276836158191827e+02
7.493706214689265153e+02
7.484971751412429057e+02
7.476949152542372303e+02
7.469830508474575481e+02
7.463581920903955051e+02
7.458203389830507604e+02
7.453796610169491714e+02
7.450282485875706016e+02
7.447864406779660840e+02
7.446350282485875596e+02
7.445717514124294212e+02
7.445932203389829738e+02
7.447096045197740750e+02
7.449005649717514643e+02
7.451796610169491260e+02
7.455412429378530987e+02
7.459774011299434733e+02
7.464779661016948467e+02
7.470508474576270146e+02
7.476994350282485584e+02
7.484056497175140521e+02
7.491841807909604540e+02
7.500124293785310101e+02
7.508847457627118729e+02
7.518180790960451532e+02
7.527943502824858797e+02
7.538045197740111689e+02
7.548384180790960727e+02
7.559016949152542111e+02
7.568338983050846309e+02
7.576090395480225652e+02
7.582350282485875823e+02
7.587005649717514189e+02
7.590011299435028604e+02
7.591231638418079228e+02
7.590757062146892622e+02
7.588463276836157547e+02
7.584440677966101703e+02
7.578700564971751419e+02
7.571322033898304653e+02
7.562146892655366628e+02
7.552293785310733938e+02
7.542757062146893077e+02
7.533491525423728490e+02
7.524655367231639502e+02
7.516214689265536890e+02
7.508180790960452669e+02
7.500632768361581384e+02
7.493604519774011123e+02
7.487084745762712146e+02
7.481197740112994552e+02
7.475977401129944155e+02
7.471254237288135300e+02
7.467118644067796822e+02
7.463672316384180476e+02
7.461050847457627242e+02
7.458937853107345290e+02
7.457559322033898752e+02
7.456892655367231555e+02
7.456847457627118274e+02
7.457468926553672190e+02
7.458881355932203405e+02
7.461073446327683314e+02
7.463988700564971168e+02
7.467638418079095572e+02
7.472045197740112599e+02
7.477209039548022247e+02
7.483073446327683769e+02
7.489762711864407265e+02
7.497209039548022247e+02
7.505310734463275821e+02
7.514146892655367083e+02
7.523638418079095800e+02
7.533796610169491714e+02
7.543548022598870375e+02
7.551740112994350511e+02
7.558451977401130080e+02
7.563864406779662204e+02
7.567762711864406810e+02
7.570158192090395914e+02
7.571265536723163905e+02
7.570790960451977298e+02
7.568915254237288082e+02
7.565672316384179794e+02
7.561039548022598638e+02
7.555129943502824972e+02
7.547943502824857660e+02
7.539491525423729854e+02
7.529898305084745971e+02
7.519084745762711464e+02
7.507796610169491487e+02
7.496949152542372303e+02
7.486531073446327582e+02
7.476802259887006130e+02
7.467672316384181386e+02
7.459310734463277868e+02
7.451661016949153691e+02
7.444824858757062884e+02
7.438870056497175938e+02
7.433751412429378433e+02
7.429581920903955279e+02
7.426576271186440863e+02
7.424350282485876278e+02
7.422971751412429740e+02
7.422531073446327810e+02
7.423084745762712373e+02
7.424485875706214983e+02
7.426745762711864245e+02
7.429728813559322589e+02
7.433649717514124404e+02
7.438338983050848583e+02
7.443819209039548923e+02
7.449943502824860389e+02
7.456768361581921454e+02
7.464282485875708062e+02
7.472429378531073780e+02
7.481073446327684451e+02
7.490293785310734620e+02
7.500112994350283770e+02
7.510282485875707152e+02
7.520824858757063112e+02
7.531785310734463792e+02
7.542779661016949149e+02
7.552440677966101248e+02
7.560598870056496708e+02
7.567457627118644723e+02
7.572576271186442227e+02
7.576361581920905337e+02
7.578406779661017936e+02
7.578892655367232010e+02
7.577536723163842680e+02
7.574361581920904882e+02
7.569525423728814530e+02
7.562971751412430876e+02
7.554790960451978208e+02
7.544870056497176165e+02
7.534587570621470149e+02
7.524779661016950740e+02
7.515457627118644268e+02
7.506361581920904200e+02
7.497728813559323271e+02
7.489649717514125769e+02
7.482124293785311693e+02
7.474994350282486266e+02
7.468564971751413850e+02
7.462666666666667652e+02
7.457389830508475370e+02
7.452802259887007494e+02
7.448881355932205679e+02
7.445604519774012715e+02
7.443073446327684906e+02
7.441129943502826336e+02
7.439932203389831784e+02
7.439502824858758459e+02
7.439943502824860389e+02
7.440858757062147788e+02
7.442531073446327810e+02
7.445062146892655619e+02
7.448361581920904655e+02
7.452418079096046313e+02
7.457355932203390694e+02
7.463016949152543020e+02
7.469480225988702387e+02
7.476711864406781842e+02
7.484632768361582293e+02
7.493435028248588878e+02
7.503028248587571625e+02
7.513152542372882863e+02
7.523367231638419526e+02
7.532180790960453578e+02
7.539502824858757322e+02
7.545468926553674009e+02
7.549807909604521683e+02
7.552621468926554371e+02
7.554338983050848810e+02
7.554395480225989559e+02
7.552870056497176847e+02
7.550124293785311238e+02
7.545920903954804544e+02
7.540327683615820433e+02
7.533480225988701022e+02
7.525344632768362771e+02
7.515920903954803407e+02
7.505367231638419980e+02
7.493446327683616346e+02
7.481378531073446538e+02
7.469627118644069697e+02
7.458406779661017936e+02
7.447875706214690581e+02
7.437988700564972078e+02
7.428768361581921909e+02
7.420237288135593872e+02
7.412564971751412486e+02
7.405661016949152327e+02
7.399898305084747108e+02
7.394971751412431331e+02
7.390937853107345745e+02
7.387966101694914869e+02
7.385762711864406356e+02
7.384418079096045631e+02
7.384022598870056981e+02
7.384677966101694437e+02
7.386011299435028832e+02
7.388237288135594554e+02
7.391175141242939617e+02
7.395084745762712828e+02
7.399672316384180704e+02
7.404915254237289446e+02
7.410892655367233601e+02
7.417536723163842680e+02
7.424576271186441545e+02
7.432440677966103522e+02
7.440858757062148925e+02
7.449672316384181840e+02
7.458949152542373895e+02
7.468903954802260614e+02
7.479152542372883090e+02
7.489683615819210445e+02
7.499819209039549150e+02
7.508395480225990468e+02
7.515435028248589333e+02
7.521016949152544839e+02
7.524960451977401590e+02
7.526971751412431786e+02
7.527502824858759141e+02
7.526248587570622703e+02
7.523107344632769582e+02
7.518361581920905792e+02
7.511717514124295576e+02
7.503389830508475598e+02
7.493514124293785699e+02
7.483943502824860161e+02
7.474734463276837459e+02
7.465819209039550515e+02
7.457333333333334622e+02
7.449265536723164587e+02
7.441717514124295576e+02
7.434485875706216120e+02
7.427819209039548696e+02
7.421887005649718958e+02
7.416519774011301251e+02
7.411762711864406583e+02
7.407615819209040637e+02
7.404350282485877415e+02
7.401502824858757776e+02
7.399423728813560501e+02
7.398090395480226107e+02
7.397446327683617255e+02
7.397378531073447903e+02
7.398180790960452669e+02
7.399457627118645178e+02
7.401785310734464929e+02
7.404892655367232237e+02
7.408610169491525994e+02
7.413129943502824517e+02
7.418350282485876050e+02
7.424214689265536435e+02
7.430983050847457889e+02
7.438497175141243360e+02
7.446610169491525539e+02
7.455525423728813621e+02
7.465163841807909648e+02
7.475435028248587059e+02
7.486192090395479681e+02
7.495480225988701477e+02
7.503514124293785699e+02
7.510056497175141885e+02
7.515050847457628151e+02
7.518610169491525994e+02
7.520711864406780478e+02
7.521435028248588424e+02
7.520802259887005903e+02
7.518689265536722814e+02
7.515333333333333030e+02
7.510440677966103067e+02
7.504305084745764134e+02
7.496802259887006130e+02
7.487999999999999545e+02
7.478135593220340525e+02
7.466926553672317368e+02
7.455570621468926902e+02
7.444960451977401590e+02
7.434723163841808855e+02
7.425220338983051533e+02
7.416372881355932805e+02
7.408406779661016799e+02
7.401242937853107833e+02
7.394847457627118956e+02
7.389480225988700113e+02
7.384937853107344381e+02
7.381378531073446538e+02
7.378564971751411576e+02
7.376858757062148015e+02
7.376293785310734847e+02
7.376485875706214301e+02
7.377762711864406810e+02
7.379785310734464474e+02
7.382587570621469695e+02
7.386338983050848128e+02
7.390711864406779341e+02
7.395898305084746198e+02
7.401830508474574799e+02
7.408677966101695347e+02
7.416011299435027695e+02
7.424022598870056981e+02
7.432779661016948012e+02
7.442079096045197275e+02
7.451807909604519864e+02
7.461977401129943246e+02
7.472723163841807263e+02
7.483909604519774348e+02
7.495378531073445174e+02
7.505830508474575709e+02
7.514858757062147561e+02
7.522327683615819751e+02
7.528406779661016799e+02
7.532813559322033825e+02
7.535615819209040183e+02
7.536655367231637683e+02
7.535920903954802270e+02
7.533514124293785699e+02
7.529378531073446084e+02
7.523355932203389784e+02
7.515694915254237003e+02
7.506316384180790919e+02
7.495423728813559592e+02
7.484881355932203633e+02
7.474711864406779114e+02
7.464836158192090352e+02
7.455367231638417707e+02
7.446293785310734847e+02
7.437875706214688307e+02
7.429909604519773438e+02
7.422531073446327810e+02
7.415932203389830875e+02
7.409706214689265380e+02
7.404158192090395687e+02
7.399220338983051306e+02
7.394960451977401590e+02
7.391423728813558682e+02
7.388666666666666742e+02
7.386474576271186834e+02
7.384949152542372985e+02
7.384316384180790465e+02
7.384214689265537572e+02
7.384983050847457662e+02
7.386723163841808173e+02
7.389062146892655392e+02
7.392112994350283088e+02
7.396124293785311465e+02
7.400892655367232464e+02
7.406553672316383654e+02
7.412745762711863335e+02
7.419932203389830647e+02
7.427887005649716912e+02
7.436508474576270373e+02
7.445875706214688989e+02
7.455898305084745061e+02
7.465435028248587059e+02
7.473457627118643813e+02
7.480079096045196820e+02
7.485152542372881044e+02
7.488711864406780023e+02
7.490768361581920090e+02
7.491480225988700568e+02
7.490779661016948694e+02
7.488632768361580929e+02
7.485096045197740295e+02
7.480316384180791829e+02
7.473920903954801815e+02
7.466271186440677639e+02
7.457378531073446766e+02
7.447288135593219067e+02
7.435977401129944155e+02
7.424000000000000909e+02
7.412508474576270601e+02
7.401355932203389330e+02
7.391039548022598638e+02
7.381129943502825199e+02
7.371875706214689217e+02
7.363457627118643813e+02
7.355898305084746198e+02
7.349107344632768672e+02
7.343254237288135755e+02
7.338372881355933259e+02
7.334203389830508968e+02
7.331016949152542566e+02
7.328745762711864700e+02
7.327401129943502838e+02
7.326994350282486721e+02
7.327276836158191600e+02
7.328485875706214756e+02
7.330677966101695802e+02
7.333661016949153009e+02
7.337355932203389557e+02
7.341706214689265835e+02
7.346892655367232692e+02
7.352734463276835868e+02
7.359299435028249263e+02
7.366384180790960272e+02
7.374169491525424291e+02
7.382531073446327810e+02
7.391288135593219977e+02
7.400666666666666060e+02
7.410350282485875368e+02
7.420531073446327355e+02
7.430903954802258795e+02
7.441367231638417934e+02
7.450474576271186606e+02
7.458033898305084222e+02
7.464124293785309874e+02
7.468564971751411576e+02
7.471288135593219977e+02
7.472192090395479909e+02
7.471333333333333258e+02
7.468734463276836095e+02
7.464338983050847673e+02
7.458271186440678093e+02
7.450395480225988649e+02
7.440903954802259932e+02
7.431073446327683314e+02
7.421683615819208626e+02
7.412508474576270601e+02
7.403740112994350966e+02
7.395401129943502383e+02
7.387401129943502838e+02
7.380124293785310101e+02
7.373412429378530533e+02
7.367299435028248809e+02
7.361514124293785244e+02
7.356271186440676502e+02
7.351853107344632008e+02
7.347977401129943473e+02
7.344847457627118956e+02
7.342384180790959363e+02
7.340621468926553916e+02
7.339548022598869466e+02
7.339288135593219522e+02
7.339491525423727580e+02
7.340553672316384564e+02
7.342305084745762542e+02
7.344824858757061747e+02
7.348293785310734165e+02
7.352361581920904428e+02
7.357344632768360952e+02
7.363016949152541883e+02
7.369536723163841998e+02
7.376836158192090807e+02
7.384802259887005675e+02
7.393548022598870375e+02
7.403062146892655164e+02
7.413220338983051079e+02
7.423898305084744607e+02
7.434463276836158911e+02
7.443491525423728490e+02
7.451209039548023156e+02
7.457401129943502838e+02
7.462079096045197275e+02
7.465525423728813621e+02
7.467514124293784334e+02
7.468022598870056754e+02
7.467141242937852894e+02
7.464723163841808855e+02
7.461084745762711918e+02
7.456124293785311465e+02
7.449830508474576618e+02
7.442350282485876960e+02
7.433525423728815440e+02
7.423378531073446993e+02
7.412271186440677866e+02
7.400745762711865154e+02
7.389796610169491942e+02
7.379401129943503292e+02
7.369706214689266517e+02
7.360711864406780478e+02
7.352418079096046313e+02
7.345163841807909648e+02
7.338485875706214756e+02
7.332858757062147106e+02
7.328135593220338251e+02
7.324451977401129170e+02
7.321570621468927129e+02
7.319706214689265380e+02
7.318836158192091261e+02
7.318824858757063794e+02
7.319638418079097164e+02
7.321367231638419071e+02
7.324101694915254939e+02
7.327480225988701932e+02
7.331559322033899662e+02
7.336564971751413395e+02
7.342259887005650398e+02
7.348632768361583203e+02
7.355694915254238140e+02
7.363401129943503065e+02
7.371864406779661749e+02
7.380779661016949831e+02
7.390192090395480591e+02
7.400214689265537800e+02
7.410474576271186606e+02
7.421141242937853804e+02
7.432056497175142340e+02
7.442485875706215666e+02
7.451525423728814985e+02
7.459039548022599320e+02
7.464937853107345518e+02
7.469322033898306472e+02
7.471943502824859706e+02
7.472903954802260387e+02
7.472293785310735075e+02
7.469728813559322589e+02
7.465604519774011578e+02
7.459717514124295121e+02
7.452192090395481046e+02
7.443028248587572762e+02
7.432632768361582976e+02
7.422587570621469695e+02
7.412745762711865609e+02
7.403367231638419526e+02
7.394338983050848810e+02
7.385898305084747335e+02
7.377966101694916006e+02
7.370587570621470377e+02
7.363728813559323498e+02
7.357401129943503975e+02
7.351819209039549605e+02
7.346734463276836777e+02
7.342259887005650398e+02
7.338666666666667879e+02
7.335559322033899434e+02
7.333265536723164360e+02
7.331570621468927129e+02
7.330632768361582521e+02
7.330406779661018390e+02
7.330915254237288536e+02
7.332225988700565722e+02
7.334327683615820206e+02
7.337107344632770491e+02
7.340745762711865154e+02
7.345186440677966857e+02
7.350474576271187743e+02
7.356418079096047222e+02
7.363265536723164360e+02
7.371062146892656983e+02
7.379378531073446084e+02
7.388553672316385246e+02
7.398203389830509877e+02
7.408395480225989331e+02
7.417084745762713283e+02
7.424338983050847673e+02
7.430282485875707152e+02
7.434847457627118956e+02
7.437830508474576163e+02
7.439355932203390012e+02
7.439514124293787063e+02
7.438305084745763907e+02
7.435570621468926902e+02
7.431435028248588424e+02
7.426056497175142113e+02
7.419333333333333940e+02
7.411367231638417934e+02
7.402090395480225880e+02
7.391728813559323044e+02
7.380203389830508058e+02
7.368440677966101475e+02
7.356903954802259022e+02
7.346011299435028832e+02
7.335807909604519637e+02
7.326372881355932805e+02
7.317401129943502838e+02
7.309344632768361407e+02
7.301988700564971850e+02
7.295401129943503520e+02
7.289819209039548014e+02
7.285039548022599547e+02
7.281254237288135300e+02
7.278372881355933259e+02
7.276440677966102157e+02
7.275355932203390239e+02
7.275107344632770037e+02
7.275717514124295349e+02
7.277129943502825427e+02
7.279457627118645178e+02
7.282282485875707607e+02
7.286000000000001364e+02
7.290576271186441772e+02
7.295853107344632917e+02
7.301672316384181158e+02
7.308169491525425201e+02
7.315435028248589333e+02
7.323231638418079683e+02
7.331502824858757776e+02
7.340327683615820433e+02
7.349740112994351193e+02
7.359378531073447220e+02
7.369559322033899207e+02
7.379943502824859252e+02
7.389502824858758459e+02
7.397649717514125314e+02
7.404282485875706925e+02
7.409197740112995234e+02
7.412429378531073780e+02
7.413954802259888766e+02
7.413796610169491714e+02
7.411988700564972987e+02
7.408372881355933259e+02
7.403016949152543020e+02
7.395807909604520773e+02
7.386892655367232692e+02
7.376903954802260159e+02
7.367254237288136665e+02
7.357853107344633372e+02
7.348779661016949376e+02
7.340090395480226562e+02
7.331785310734464929e+02
7.324011299435029514e+02
7.316576271186440863e+02
7.309841807909606359e+02
7.303638418079096937e+02
7.297966101694917143e+02
7.292824858757062430e+02
7.288361581920905792e+02
7.284610169491526221e+02
7.281491525423729172e+02
7.278971751412429967e+02
7.277107344632768218e+02
7.275988700564972760e+02
7.275615819209040183e+02
7.275920903954803407e+02
7.276915254237288764e+02
7.278598870056498527e+02
7.281096045197740523e+02
7.284305084745762997e+02
7.288338983050848583e+02
7.293186440677967539e+02
7.299016949152543248e+02
7.305265536723165951e+02
7.312508474576272874e+02
7.320429378531074462e+02
7.328971751412429967e+02
7.338225988700567086e+02
7.348101694915255848e+02
7.358587570621471059e+02
7.368022598870056754e+02
7.376090395480225652e+02
7.382497175141244270e+02
7.387593220338983429e+02
7.391310734463277186e+02
7.393672316384181613e+02
7.394361581920904882e+02
7.394000000000000909e+02
7.392079096045198412e+02
7.388937853107345290e+02
7.384316384180791601e+02
7.378497175141243360e+02
7.371344632768361862e+02
7.362892655367231782e+02
7.353254237288135755e+02
7.342451977401130989e+02
7.331378531073446538e+02
7.320870056497176392e+02
7.310870056497176392e+02
7.301412429378531215e+02
7.292745762711865609e+02
7.284768361581922136e+02
7.277344632768363226e+02
7.271039548022599774e+02
7.265514124293786153e+02
7.260937853107345745e+02
7.257152542372882635e+02
7.254305084745762997e+02
7.252451977401130989e+02
7.251457627118644496e+02
7.251299435028249718e+02
7.252011299435030196e+02
7.253581920903955051e+02
7.255853107344634054e+02
7.259197740112995234e+02
7.263005649717515553e+02
7.267683615819209990e+02
7.273084745762713510e+02
7.279231638418079910e+02
7.285887005649717594e+02
7.293288135593222705e+02
7.301265536723165042e+02
7.309785310734464474e+02
7.318813559322034052e+02
7.328406779661017936e+02
7.338474576271187289e+02
7.348892655367233147e+02
7.359706214689266517e+02
7.370372881355933714e+02
7.379819209039549150e+02
7.387807909604521228e+02
7.394271186440678321e+02
7.399107344632768672e+02
7.402350282485876960e+02
7.403932203389831557e+02
7.403932203389831557e+02
7.402282485875706470e+02
7.398949152542375032e+02
7.393819209039548923e+02
7.387096045197740750e+02
7.378949152542372758e+02
7.369152542372881953e+02
7.358994350282487176e+02
7.349209039548023839e+02
7.339649717514125769e+02
7.330610169491526449e+02
7.322011299435029059e+02
7.313841807909604995e+02
7.306237288135594099e+02
7.299141242937853349e+02
7.292632768361582976e+02
7.286677966101697166e+02
7.281514124293785244e+02
7.276824858757063339e+02
7.272847457627119638e+02
7.269276836158192054e+02
7.266587570621470604e+02
7.264451977401131444e+02
7.263005649717515553e+02
7.262621468926554371e+02
7.262621468926554371e+02
7.263412429378531669e+02
7.264915254237288309e+02
7.267322033898306017e+02
7.270192090395480591e+02
7.273966101694916233e+02
7.278610169491525994e+02
7.284045197740113053e+02
7.290225988700565267e+02
7.297276836158192737e+02
7.304926553672316913e+02
7.313197740112993870e+02
7.322305084745763679e+02
7.331932203389831102e+02
7.341367231638417934e+02
7.349423728813560501e+02
7.356000000000000227e+02
7.361254237288136437e+02
7.365288135593220886e+02
7.367796610169491487e+02
7.369084745762711464e+02
7.369175141242938025e+02
7.367819209039548696e+02
7.365129943502824972e+02
7.361276836158192509e+02
7.355920903954802270e+02
7.349322033898305335e+02
7.341548022598869920e+02
7.332666666666666515e+02
7.322406779661016571e+02
7.311310734463277186e+02
7.300169491525423382e+02
7.289615819209039955e+02
7.279525423728814530e+02
7.270011299435028604e+02
7.261310734463277186e+02
7.253265536723163223e+02
7.246022598870056299e+02
7.239694915254237912e+02
7.234033898305085586e+02
7.229197740112995234e+02
7.225288135593220886e+02
7.222316384180792284e+02
7.220169491525424519e+02
7.218949152542372758e+02
7.218564971751413850e+02
7.219073446327683996e+02
7.220316384180791829e+02
7.222259887005650398e+02
7.224903954802260841e+02
7.228372881355932122e+02
7.232519774011300342e+02
7.237412429378531442e+02
7.243039548022599092e+02
7.249175141242938025e+02
7.256033898305086041e+02
7.263435028248588878e+02
7.271389830508476280e+02
7.279740112994350056e+02
7.288734463276837232e+02
7.297988700564972078e+02
7.307491525423729399e+02
7.317276836158192737e+02
7.326960451977402045e+02
7.335355932203390239e+02
7.342180790960452441e+02
7.347559322033898752e+02
7.351288135593221114e+02
7.353288135593220431e+02
7.353717514124293757e+02
7.352474576271185924e+02
7.349480225988700113e+02
7.344836158192091489e+02
7.338327683615819979e+02
7.330282485875707152e+02
7.320768361581921226e+02
7.311491525423729172e+02
7.302531073446327810e+02
7.293853107344632463e+02
7.285661016949152327e+02
7.277875706214689444e+02
7.270429378531073326e+02
7.263435028248587741e+02
7.257163841807910103e+02
7.251457627118644496e+02
7.246214689265536890e+02
7.241615819209039273e+02
7.237615819209040637e+02
7.234271186440678321e+02
7.231457627118645632e+02
7.229276836158193191e+02
7.227740112994351875e+02
7.226757062146893986e+02
7.226723163841809310e+02
7.227299435028248809e+02
7.228474576271188425e+02
7.230474576271187743e+02
7.233197740112996144e+02
7.236644067796612489e+02
7.240960451977402954e+02
7.245796610169493306e+02
7.251661016949153691e+02
7.258237288135594554e+02
7.265468926553674009e+02
7.273559322033900116e+02
7.282225988700565722e+02
7.291581920903956870e+02
7.301581920903956870e+02
7.312203389830509650e+02
7.321593220338984338e+02
7.329480225988701250e+02
7.336079096045199321e+02
7.341220338983051761e+02
7.344983050847458799e+02
7.347355932203390694e+02
7.348248587570624295e+02
7.347875706214690581e+02
7.346067796610170717e+02
7.342802259887007494e+02
7.338531073446329174e+02
7.332700564971753465e+02
7.325581920903955506e+02
7.317231638418080593e+02
7.307807909604521228e+02
7.297152542372882635e+02
7.285672316384182068e+02
7.274745762711866064e+02
7.264361581920904882e+02
7.254497175141243588e+02
7.245175141242939389e+02
7.236711864406781842e+02
7.229016949152544385e+02
7.222067796610169808e+02
7.216067796610170717e+02
7.210937853107345745e+02
7.206745762711866519e+02
7.203378531073446993e+02
7.201028248587572307e+02
7.199412429378533034e+02
7.198757062146894441e+02
7.198971751412429967e+02
7.199977401129945065e+02
7.201751412429380252e+02
7.204271186440679458e+02
7.207627118644069242e+02
7.211774011299437461e+02
7.216587570621470604e+02
7.222203389830509650e+02
7.228519774011301706e+02
7.235468926553674009e+02
7.242915254237288991e+02
7.250870056497176392e+02
7.259570621468928948e+02
7.268542372881356641e+02
7.278146892655367992e+02
7.288146892655367992e+02
7.298474576271187289e+02
7.309096045197741205e+02
7.318745762711865837e+02
7.326949152542374577e+02
7.333672316384182750e+02
7.338779661016950513e+02
7.342282485875707607e+02
7.344124293785312148e+02
7.344293785310735529e+02
7.342621468926554371e+02
7.339435028248589106e+02
7.334519774011299660e+02
7.327864406779661977e+02
7.319548022598871739e+02
7.309807909604521683e+02
7.300067796610170490e+02
7.290474576271187743e+02
7.281322033898305790e+02
7.272542372881357551e+02
7.264237288135593644e+02
7.256350282485875596e+02
7.248994350282487176e+02
7.242022598870057664e+02
7.235649717514124859e+02
7.229898305084745971e+02
7.224723163841808855e+02
7.220158192090395914e+02
7.216079096045198185e+02
7.212779661016950286e+02
7.210169491525423382e+02
7.208180790960452669e+02
7.206870056497175483e+02
7.206225988700566631e+02
7.206497175141244043e+02
7.207129943502825427e+02
7.208497175141244497e+02
7.210655367231638593e+02
7.213627118644067195e+02
7.217310734463277413e+02
7.221785310734462655e+02
7.227073446327683541e+02
7.233152542372881726e+02
7.240022598870057209e+02
7.247480225988700795e+02
7.255717514124294212e+02
7.264497175141243588e+02
7.274000000000000909e+02
7.283005649717514416e+02
7.290802259887007040e+02
7.297276836158191600e+02
7.302248587570621794e+02
7.305819209039548241e+02
7.308033898305084222e+02
7.308915254237288082e+02
7.308384180790960727e+02
7.306655367231637683e+02
7.303604519774011123e+02
7.299039548022599320e+02
7.293435028248587741e+02
7.286542372881356187e+02
7.278406779661016799e+02
7.269141242937853349e+02
7.258610169491524857e+02
7.247559322033898752e+02
7.236926553672316231e+02
7.226802259887006130e+02
7.217152542372881499e+02
7.208112994350283316e+02
7.199807909604519409e+02
7.192158192090395232e+02
7.185310734463275821e+02
7.179141242937853349e+02
7.173943502824859024e+02
7.169615819209039955e+02
7.166101694915253120e+02
7.163423728813559137e+02
7.161819209039547331e+02
7.160926553672316004e+02
7.160858757062146651e+02
7.161581920903954597e+02
7.163175141242936661e+02
7.165570621468925765e+02
7.168632768361582066e+02
7.172440677966101248e+02
7.177050847457627469e+02
7.182361581920903291e+02
7.188259887005650626e+02
7.194858757062147561e+02
7.202214689265535981e+02
7.210045197740112144e+02
7.218440677966101475e+02
7.227265536723164132e+02
7.236621468926553007e+02
7.246485875706214301e+02
7.256531073446326445e+02
7.267016949152541656e+02
7.277039548022598865e+02
7.285672316384179794e+02
7.292949152542372531e+02
7.298700564971750282e+02
7.302881355932203178e+02
7.305389830508474915e+02
7.306338983050848128e+02
7.305525423728813621e+02
7.302971751412429740e+02
7.298926553672316686e+02
7.293062146892655164e+02
7.285514124293783880e+02
7.276372881355931668e+02
7.266474576271185697e+02
7.256870056497175483e+02
7.247491525423728262e+02
7.238621468926553462e+02
7.230112994350281497e+02
7.222158192090395232e+02
7.214576271186440408e+02
7.207593220338982292e+02
7.201084745762710781e+02
7.195242937853106469e+02
7.189954802259886719e+02
7.185288135593219749e+02
7.181288135593219977e+02
7.177830508474576163e+02
7.175107344632767763e+02
7.172881355932203178e+02
7.171559322033898525e+02
7.170790960451977298e+02
7.170779661016949831e+02
7.171457627118643359e+02
7.172892655367231782e+02
7.175152542372882181e+02
7.178112994350282179e+02
7.182033898305085131e+02
7.186429378531072416e+02
7.191706214689265835e+02
7.197774011299434278e+02
7.204610169491525085e+02
7.212282485875705333e+02
7.220677966101693528e+02
7.229638418079096027e+02
7.239423728813558228e+02
7.249627118644067423e+02
7.259299435028249263e+02
7.267604519774012033e+02
7.274406779661017026e+02
7.280011299435028604e+02
7.284135593220338478e+02
7.286960451977399771e+02
7.288418079096045403e+02
7.288485875706214756e+02
7.287265536723164132e+02
7.284734463276836323e+02
7.280971751412429285e+02
7.275774011299434960e+02
7.269446327683615436e+02
7.261920903954801361e+02
7.253016949152541883e+02
7.243073446327682632e+02
7.231966101694914641e+02
7.220802259887004766e+02
7.210124293785311238e+02
7.200135593220338706e+02
7.190824858757061975e+02
7.182090395480225880e+02
7.174135593220339615e+02
7.166926553672315094e+02
7.160587570621466966e+02
7.155107344632767763e+02
7.150451977401130534e+02
7.146723163841807036e+02
7.143977401129943701e+02
7.142056497175140066e+02
7.140960451977400680e+02
7.140723163841807946e+02
7.141299435028247444e+02
7.142734463276835868e+02
7.144971751412429057e+02
7.147909604519772984e+02
7.151683615819208626e+02
7.156214689265536890e+02
7.161310734463277186e+02
7.167152542372880362e+02
7.173706214689265153e+02
7.180847457627119184e+02
7.188553672316384109e+02
7.196971751412429512e+02
7.205694915254237003e+02
7.214937853107344381e+02
7.224485875706213847e+02
7.234474576271186379e+02
7.244723163841806581e+02
7.254248587570621112e+02
7.262632768361581839e+02
7.269468926553672645e+02
7.274610169491525085e+02
7.278305084745762770e+02
7.280305084745762088e+02
7.280813559322033370e+02
7.279525423728813394e+02
7.276723163841807036e+02
7.271988700564970713e+02
7.265717514124294212e+02
7.257796610169491487e+02
7.248271186440676956e+02
7.238598870056496253e+02
7.229197740112992960e+02
7.220180790960450850e+02
7.211401129943501473e+02
7.203118644067795913e+02
7.195276836158191145e+02
7.187977401129942336e+02
7.181186440677965948e+02
7.174971751412429057e+02
7.169175141242936888e+02
7.164101694915253802e+02
7.159627118644067423e+02
7.155830508474575709e+02
7.152418079096044039e+02
7.149785310734462200e+02
7.147887005649715775e+02
7.146745762711863108e+02
7.146112994350281724e+02
7.146192090395478544e+02
7.146971751412428375e+02
7.148576271186440181e+02
7.150971751412428148e+02
7.154214689265536435e+02
7.158022598870055617e+02
7.162836158192089897e+02
7.168361581920902381e+02
7.174587570621467876e+02
7.181649717514123950e+02
7.189378531073446084e+02
7.197774011299434278e+02
7.206971751412428375e+02
7.216666666666666288e+02
7.226813559322033598e+02
7.235728813559321679e+02
7.243028248587569351e+02
7.249163841807908284e+02
7.253796610169490577e+02
7.257050847457626332e+02
7.258813559322032916e+02
7.259310734463276731e+02
7.258519774011299432e+02
7.256124293785310329e+02
7.252542372881355277e+02
7.247604519774010896e+02
7.241344632768360725e+02
7.233672316384179339e+02
7.224836158192090352e+02
7.214723163841806581e+02
7.203310734463276503e+02
7.192112994350281951e+02
7.181412429378531215e+02
7.171254237288135300e+02
7.161819209039547331e+02
7.152858757062147106e+02
7.144474576271185242e+02
7.136983050847456980e+02
7.130384180790958908e+02
7.124531073446325991e+02
7.119661016949150962e+02
7.115672316384179794e+02
7.112395480225986830e+02
7.110293785310733483e+02
7.108870056497173664e+02
7.108271186440676956e+02
7.108429378531072871e+02
7.109559322033896933e+02
7.111423728813558682e+02
7.114067796610169125e+02
7.117468926553672190e+02
7.121661016949152554e+02
7.126576271186439726e+02
7.132090395480224743e+02
7.138361581920903518e+02
7.145299435028248354e+02
7.152858757062147106e+02
7.160824858757061975e+02
7.169423728813558228e+02
7.178531073446328037e+02
7.188112994350282179e+02
7.198079096045197502e+02
7.208225988700564812e+02
7.218858757062146196e+02
7.228655367231638138e+02
7.236903954802260159e+02
7.243694915254236548e+02
7.248836158192090124e+02
7.252305084745762542e+02
7.254011299435028377e+02
7.253988700564971168e+02
7.252338983050847219e+02
7.248870056497174801e+02
7.243796610169491714e+02
7.236994350282486721e+02
7.228689265536722814e+02
7.218587570621468785e+02
7.208723163841807491e+02
7.199118644067796140e+02
7.189864406779661294e+02
7.181084745762711918e+02
7.172768361581920544e+02
7.164949152542371849e+02
7.157570621468926220e+02
7.150779661016949831e+02
7.144655367231637229e+02
7.138937853107344154e+02
7.133887005649717139e+02
7.129502824858757322e+02
7.125819209039548241e+02
7.122598870056497162e+02
7.120282485875706016e+02
7.118610169491524857e+02
7.117480225988700795e+02
7.117175141242937570e+02
7.117627118644068105e+02
7.118824858757061520e+02
7.120644067796608851e+02
7.123367231638417252e+02
7.126757062146892849e+02
7.131016949152542566e+02
7.136011299435028832e+02
7.141785310734462655e+02
7.148474576271186152e+02
7.155841807909604313e+02
7.163898305084746880e+02
7.172723163841808400e+02
7.182146892655366628e+02
7.192248587570621794e+02
7.202870056497174573e+02
7.212056497175141203e+02
7.219954802259887856e+02
7.226644067796610216e+02
7.231875706214689217e+02
7.235864406779660385e+02
7.238338983050846309e+02
7.239378531073446084e+02
7.239073446327682859e+02
7.237389830508473096e+02
7.234531073446327127e+02
7.230384180790960045e+02
7.224994350282485129e+02
7.218192090395480136e+02
7.210327683615819296e+02
7.201107344632767990e+02
7.190836158192090579e+02
7.179728813559322589e+02
7.169016949152542111e+02
7.158768361581920772e+02
7.149197740112994097e+02
7.140350282485875368e+02
7.132101694915253347e+02
7.124689265536721905e+02
7.118169491525424064e+02
7.112372881355931895e+02
7.107446327683616119e+02
7.103661016949151872e+02
7.100587570621468103e+02
7.098361581920903518e+02
7.097107344632768218e+02
7.096723163841808173e+02
7.097107344632768218e+02
7.098282485875706698e+02
7.100361581920903973e+02
7.102994350282485811e+02
7.106553672316383654e+02
7.110836158192089442e+02
7.116079096045198185e+02
7.121830508474577073e+02
7.128225988700564812e+02
7.135276836158191145e+02
7.142779661016949149e+02
7.150892655367231328e+02
7.159672316384180704e+02
7.168802259887004311e+02
7.178474576271186152e+02
7.188338983050846309e+02
7.198621468926553462e+02
7.208745762711864700e+02
7.217412429378530305e+02
7.224700564971751646e+02
7.230372881355932577e+02
7.234621468926553689e+02
7.237322033898304880e+02
7.238146892655367992e+02
7.237468926553672190e+02
7.235129943502824972e+02
7.231028248587570033e+02
7.225197740112994325e+02
7.218056497175141430e+02
7.209175141242938025e+02
7.199039548022599320e+02
7.189062146892655392e+02
7.179502824858756185e+02
7.170293785310734620e+02
7.161401129943502610e+02
7.153050847457627697e+02
7.145062146892655619e+02
7.137717514124292393e+02
7.130903954802258795e+02
7.124632768361582293e+02
7.118937853107345290e+02
7.113830508474576391e+02
7.109310734463276731e+02
7.105514124293786153e+02
7.102271186440677866e+02
7.099762711864407265e+02
7.097909604519774120e+02
7.096802259887006130e+02
7.096248587570621567e+02
7.096610169491525539e+02
7.097683615819208853e+02
7.099525423728813394e+02
7.101943502824858570e+02
7.105186440677964583e+02
7.109423728813559364e+02
7.114192090395479227e+02
7.119943502824859252e+02
7.126372881355931668e+02
7.133706214689266289e+02
7.141627118644066741e+02
7.150237288135592735e+02
7.159638418079096027e+02
7.169446327683616573e+02
7.178553672316385246e+02
7.186248587570621567e+02
7.192655367231639048e+02
7.197706214689267199e+02
7.201322033898305790e+02
7.203672316384181613e+02
7.204497175141243588e+02
7.203920903954802952e+02
7.202124293785310556e+02
7.198949152542372758e+02
7.194531073446327127e+02
7.188644067796610670e+02
7.181740112994350511e+02
7.173412429378531669e+02
7.163853107344632463e+02
7.153062146892655164e+02
7.141310734463277186e+02
7.130022598870056072e+02
7.119389830508474688e+02
7.109163841807909421e+02
7.099548022598870602e+02
7.090610169491525312e+02
7.082361581920904428e+02
7.074903954802259705e+02
7.068293785310734165e+02
7.062497175141243133e+02
7.057525423728814076e+02
7.053491525423730764e+02
7.050316384180791829e+02
7.047943502824859934e+02
7.046542372881356187e+02
7.046011299435028832e+02
7.046192090395480818e+02
7.047107344632769355e+02
7.048813559322034052e+02
7.051367231638419071e+02
7.054723163841807718e+02
7.058802259887006585e+02
7.063412429378531669e+02
7.068836158192091261e+02
7.074881355932204769e+02
7.081627118644069014e+02
7.088960451977402499e+02
7.096824858757063339e+02
7.105242937853107605e+02
7.114180790960452896e+02
7.123378531073446993e+02
7.132960451977401135e+02
7.142870056497174573e+02
7.152926553672316459e+02
7.162564971751412486e+02
7.170542372881357096e+02
7.177254237288136665e+02
7.182180790960451304e+02
7.185491525423728945e+02
7.187129943502825427e+02
7.187005649717514189e+02
7.185062146892655619e+02
7.181525423728814985e+02
7.176237288135592962e+02
7.169242937853107378e+02
7.160734463276837687e+02
7.150903954802261069e+02
7.141276836158192509e+02
7.132112994350283088e+02
7.123220338983052216e+02
7.114700564971751646e+02
7.106621468926555281e+02
7.099028248587570715e+02
7.091920903954802498e+02
7.085367231638418843e+02
7.079333333333333940e+02
7.073864406779662204e+02
7.068926553672316686e+02
7.064689265536724179e+02
7.061073446327684451e+02
7.058079096045198639e+02
7.055807909604520773e+02
7.054169491525424291e+02
7.053175141242937798e+02
7.053129943502825654e+02
7.053762711864408175e+02
7.055028248587570943e+02
7.057141242937852894e+02
7.059875706214689899e+02
7.063525423728814303e+02
7.067898305084745516e+02
7.073141242937854258e+02
7.079163841807910558e+02
7.085909604519774803e+02
7.093457627118646087e+02
7.101717514124295576e+02
7.110621468926553916e+02
7.120192090395480591e+02
7.130384180790961182e+02
7.140734463276836550e+02
7.149875706214688762e+02
7.157615819209039500e+02
7.163977401129943701e+02
7.169129943502825881e+02
7.172768361581920544e+02
7.174926553672316913e+02
7.175887005649717594e+02
7.175502824858758686e+02
7.173966101694916233e+02
7.170926553672317141e+02
7.166553672316385928e+02
7.160971751412430422e+02
7.154079096045198867e+02
7.146011299435028832e+02
7.136723163841808173e+02
7.126350282485876733e+02
7.115378531073447448e+02
7.105005649717513734e+02
7.095355932203390239e+02
7.086248587570621567e+02
7.077751412429379343e+02
7.070079096045199094e+02
7.063265536723164360e+02
7.057039548022598865e+02
7.051875706214690354e+02
7.047502824858756867e+02
7.043977401129943701e+02
7.041254237288135300e+02
7.039468926553672645e+02
7.038474576271185015e+02
7.038418079096045403e+02
7.039152542372880816e+02
7.040587570621469240e+02
7.042960451977401135e+02
7.045887005649717594e+02
7.049706214689265380e+02
7.054203389830508968e+02
7.059378531073446084e+02
7.065333333333334167e+02
7.071864406779661749e+02
7.078971751412429967e+02
7.086745762711865382e+02
7.095107344632770037e+02
7.103898305084746880e+02
7.113039548022600229e+02
7.122644067796611580e+02
7.132350282485876960e+02
7.142542372881357551e+02
7.152146892655368902e+02
7.160350282485877642e+02
7.167141242937854031e+02
7.172372881355931895e+02
7.175853107344632917e+02
7.177898305084746653e+02
7.178112994350283316e+02
7.176881355932205224e+02
7.173954802259887629e+02
7.169355932203390012e+02
7.163118644067797050e+02
7.155435028248589333e+02
7.146101694915254257e+02
7.136146892655367537e+02
7.126429378531074690e+02
7.117118644067796822e+02
7.108135593220339388e+02
7.099672316384180704e+02
7.091491525423729172e+02
7.084045197740113053e+02
7.076892655367232692e+02
7.070214689265536663e+02
7.064305084745764134e+02
7.058926553672317823e+02
7.054169491525424291e+02
7.049875706214689899e+02
7.046259887005650171e+02
7.043355932203389784e+02
7.041073446327683314e+02
7.039401129943503292e+02
7.038542372881356641e+02
7.038350282485876050e+02
7.038779661016949376e+02
7.040033898305084676e+02
7.042067796610169808e+02
7.044790960451978208e+02
7.048350282485876050e+02
7.052802259887005221e+02
7.058079096045198639e+02
7.064033898305084449e+02
7.070723163841807946e+02
7.078090395480226107e+02
7.086146892655367537e+02
7.095084745762712828e+02
7.104700564971751646e+02
7.114316384180792738e+02
7.122485875706215666e+02
7.129525423728814530e+02
7.135175141242939389e+02
7.139468926553672645e+02
7.142395480225989104e+02
7.144158192090396824e+02
7.144564971751412941e+02
7.143581920903956188e+02
7.141242937853107833e+02
7.137615819209040637e+02
7.132745762711864472e+02
7.126621468926554144e+02
7.119310734463276731e+02
7.110768361581921226e+02
7.101152542372881271e+02
7.090271186440678548e+02
7.079186440677966630e+02
7.068463276836159821e+02
7.058338983050848583e+02
7.048813559322034052e+02
7.039728813559322589e+02
7.031570621468927129e+02
7.024045197740114190e+02
7.017322033898306017e+02
7.011344632768361862e+02
7.006146892655367537e+02
7.001943502824859706e+02
6.998564971751412713e+02
6.996067796610170717e+02
6.994316384180791601e+02
6.993468926553673555e+02
6.993322033898306245e+02
6.993875706214690808e+02
6.995344632768362771e+02
6.997525423728814076e+02
7.000519774011299887e+02
7.004192090395481500e+02
7.008553672316384109e+02
7.013514124293785699e+02
7.019265536723164587e+02
7.025457627118644268e+02
7.032372881355931895e+02
7.039875706214691036e+02
7.047796610169492624e+02
7.056361581920905337e+02
7.065242937853108742e+02
7.074610169491525085e+02
7.084237288135593644e+02
7.094124293785309874e+02
7.103401129943501928e+02
7.111163841807908739e+02
7.117514124293784334e+02
7.122305084745763679e+02
7.125435028248587059e+02
7.126971751412429512e+02
7.126937853107344836e+02
7.125096045197740295e+02
7.121751412429379116e+02
7.116711864406779569e+02
7.110067796610171627e+02
7.101807909604521001e+02
7.092000000000000455e+02
7.082485875706215666e+02
7.073502824858758231e+02
7.064621468926554826e+02
7.056214689265536890e+02
7.048429378531075145e+02
7.040768361581922363e+02
7.033683615819210218e+02
7.027118644067796822e+02
7.021028248587571170e+02
7.015570621468928039e+02
7.010711864406780478e+02
7.006327683615819524e+02
7.002440677966102385e+02
6.999209039548022702e+02
6.996802259887006130e+02
6.995073446327684223e+02
6.993807909604520319e+02
6.993322033898305108e+02
6.993457627118643813e+02
6.994327683615819069e+02
6.995875706214690126e+02
6.998203389830507604e+02
7.001355932203389330e+02
7.005254237288135073e+02
7.009909604519773438e+02
7.015435028248587059e+02
7.021570621468927129e+02
7.028440677966102612e+02
7.036079096045198185e+02
7.044406779661017026e+02
7.053231638418078546e+02
7.062711864406778659e+02
7.072621468926554371e+02
7.081920903954802498e+02
7.089943502824858115e+02
7.096813559322033598e+02
7.102327683615819751e+02
7.106553672316384791e+02
7.109310734463276731e+02
7.110892655367232464e+02
7.111118644067797732e+02
7.110101694915254029e+02
7.107875706214690581e+02
7.104124293785312148e+02
7.099322033898305335e+02
7.093242937853108288e+02
7.086101694915255393e+02
7.077548022598871285e+02
7.068033898305085359e+02
7.057389830508475370e+02
7.047039548022598865e+02
7.037401129943502838e+02
7.028395480225990468e+02
7.019841807909605222e+02
7.012056497175142340e+02
7.005209039548022929e+02
6.999163841807910558e+02
6.993841807909604995e+02
6.989163841807910558e+02
6.985468926553674009e+02
6.982644067796611580e+02
6.980677966101695802e+02
6.979435028248589106e+02
6.979039548022599320e+02
6.979435028248587969e+02
6.980519774011299887e+02
6.982440677966102385e+02
6.985129943502824972e+02
6.988497175141243360e+02
6.992429378531073780e+02
6.997197740112994779e+02
7.002621468926554371e+02
7.008531073446329174e+02
7.015209039548024066e+02
7.022350282485876960e+02
7.029966101694916460e+02
7.038203389830509877e+02
7.046870056497175483e+02
7.055909604519774803e+02
7.065175141242939389e+02
7.074881355932203633e+02
7.084711864406779114e+02
7.093627118644067195e+02
7.101005649717515098e+02
7.106949152542373440e+02
7.111344632768361862e+02
7.114146892655367083e+02
7.115276836158191145e+02
7.114994350282486266e+02
7.112870056497174573e+02
7.109141242937853349e+02
7.103909604519774348e+02
7.097141242937852894e+02
7.088870056497175938e+02
7.079468926553672645e+02
7.070214689265537800e+02
7.061265536723163905e+02
7.052621468926553234e+02
7.044418079096044494e+02
7.036677966101694892e+02
7.029480225988701250e+02
7.022666666666666515e+02
7.016497175141244043e+02
7.010711864406780478e+02
7.005389830508474915e+02
7.000847457627119184e+02
6.996881355932205224e+02
6.993446327683616346e+02
6.990655367231639730e+02
6.988564971751413850e+02
6.986960451977402045e+02
6.986214689265538027e+02
6.986101694915254257e+02
6.986802259887006130e+02
6.988180790960452669e+02
6.990203389830509195e+02
6.992960451977402272e+02
6.996542372881357323e+02
7.000836158192090579e+02
7.005943502824859479e+02
7.011898305084746426e+02
7.018474576271187289e+02
7.025841807909604313e+02
7.033875706214689671e+02
7.042689265536723724e+02
7.052101694915254484e+02
7.061920903954802498e+02
7.070508474576272420e+02
7.077706214689266062e+02
7.083694915254238822e+02
7.088316384180791374e+02
7.091548022598869920e+02
7.093480225988701022e+02
7.094180790960451759e+02
7.093401129943503065e+02
7.091367231638419071e+02
7.088090395480226107e+02
7.083502824858758231e+02
7.077717514124294667e+02
7.070711864406780478e+02
7.062553672316385018e+02
7.053107344632769582e+02
7.042644067796611580e+02
7.031525423728814985e+02
7.020711864406780478e+02
7.010440677966101930e+02
7.000836158192091716e+02
6.991740112994351648e+02
6.983299435028250173e+02
6.975638418079097391e+02
6.968711864406780023e+02
6.962790960451977753e+02
6.957570621468927357e+02
6.953016949152543020e+02
6.949457627118645178e+02
6.946711864406780705e+02
6.944779661016949603e+02
6.943717514124294894e+02
6.943468926553673555e+02
6.944056497175142795e+02
6.945344632768362771e+02
6.947220338983050851e+02
6.949966101694915324e+02
6.953491525423728490e+02
6.957548022598871285e+02
6.962338983050849492e+02
6.967762711864407947e+02
6.973819209039550060e+02
6.980418079096045858e+02
6.987740112994351875e+02
6.995423728813559592e+02
7.003706214689266289e+02
7.012485875706215666e+02
7.021514124293786381e+02
7.030858757062147788e+02
7.040531073446329628e+02
7.049966101694915324e+02
7.058124293785311920e+02
7.064745762711866064e+02
7.069920903954803180e+02
7.073502824858758231e+02
7.075367231638418843e+02
7.075649717514124859e+02
7.074316384180790465e+02
7.071242937853107833e+02
7.066485875706215438e+02
7.060203389830509195e+02
7.052237288135593190e+02
7.042858757062147106e+02
7.033344632768362317e+02
7.024135593220339615e+02
7.015073446327684223e+02
7.006519774011300115e+02
6.998316384180791374e+02
6.990666666666667197e+02
6.983288135593220431e+02
6.976451977401130762e+02
6.970135593220338706e+02
6.964282485875705788e+02
6.958881355932203405e+02
6.954011299435028377e+02
6.949932203389830647e+02
6.946474576271186834e+02
6.943581920903955051e+02
6.941457627118645632e+02
6.939717514124295121e+02
6.938745762711864700e+02
6.938406779661017936e+02
6.938655367231639275e+02
6.939785310734463337e+02
6.941593220338983201e+02
6.944214689265537572e+02
6.947615819209039500e+02
6.951774011299435188e+02
6.956666666666667425e+02
6.962451977401128715e+02
6.968926553672317823e+02
6.976033898305086041e+02
6.983841807909604995e+02
6.992350282485875823e+02
7.001310734463277186e+02
7.010711864406780478e+02
7.019220338983051306e+02
7.026440677966102157e+02
7.032610169491525767e+02
7.037333333333333485e+02
7.040858757062147788e+02
7.043028248587570488e+02
7.043807909604520319e+02
7.043457627118643813e+02
7.041751412429377979e+02
7.038813559322034052e+02
7.034576271186441545e+02
7.029152542372881953e+02
7.022666666666666515e+02
7.014892655367232237e+02
7.005920903954802270e+02
6.995706214689265607e+02
6.985559322033898297e+02
6.975774011299436097e+02
6.966474576271186834e+02
6.957932203389831329e+02
6.950033898305085813e+02
6.942915254237288991e+02
6.936463276836159366e+02
6.930745762711865154e+02
6.925830508474576845e+02
6.921875706214689217e+02
6.918734463276836095e+02
6.916361581920905337e+02
6.914937853107345518e+02
6.914146892655367083e+02
6.914429378531074235e+02
6.915265536723163677e+02
6.916994350282486721e+02
6.919367231638418616e+02
6.922440677966102385e+02
6.926271186440677639e+02
6.930847457627119184e+02
6.936146892655366401e+02
6.942101694915254484e+02
6.948666666666666742e+02
6.955762711864407493e+02
6.963412429378531669e+02
6.971728813559323044e+02
6.980463276836159139e+02
6.989717514124295121e+02
6.999333333333333940e+02
7.009186440677967767e+02
7.019333333333333940e+02
7.029175141242938025e+02
7.037785310734464019e+02
7.045062146892656756e+02
7.050790960451978435e+02
7.054994350282486266e+02
7.057694915254238595e+02
7.058644067796611807e+02
7.058056497175142567e+02
7.056056497175142113e+02
7.052214689265537118e+02
7.046757062146893986e+02
7.039864406779662431e+02
7.031457627118645632e+02
7.021548022598872194e+02
7.011898305084747562e+02
7.002610169491525767e+02
6.993593220338983656e+02
6.985016949152543475e+02
6.976790960451977526e+02
6.969118644067796140e+02
6.961932203389831102e+02
6.955265536723163677e+02
6.949107344632768672e+02
6.943491525423729627e+02
6.938519774011299432e+02
6.933988700564972305e+02
6.930259887005649944e+02
6.927107344632768218e+02
6.924700564971751646e+02
6.922903954802260387e+02
6.921694915254238367e+02
6.921231638418080365e+02
6.921593220338984338e+02
6.922587570621469695e+02
6.924271186440678321e+02
6.926870056497176620e+02
6.930079096045199094e+02
6.934192090395481500e+02
6.939186440677966630e+02
6.944836158192090352e+02
6.951186440677965948e+02
6.958372881355933259e+02
6.966090395480227926e+02
6.974598870056497617e+02
6.983649717514124404e+02
6.993435028248588878e+02
7.002949152542373668e+02
7.011242937853108970e+02
7.018214689265537345e+02
7.023819209039548923e+02
7.028395480225989331e+02
7.031310734463278322e+02
7.032971751412430876e+02
7.033423728813559137e+02
7.032632768361582976e+02
7.030485875706215211e+02
7.027220338983051988e+02
7.022644067796611580e+02
7.016655367231639957e+02
7.009627118644067423e+02
7.001367231638419071e+02
6.991841807909604540e+02
6.981231638418079228e+02
6.970384180790961182e+02
6.959943502824859252e+02
6.950045197740113281e+02
6.940802259887005903e+02
6.932180790960452441e+02
6.924316384180790465e+02
6.917129943502825427e+02
6.910757062146892622e+02
6.905175141242939389e+02
6.900440677966103067e+02
6.896519774011298978e+02
6.893401129943504202e+02
6.891129943502825199e+02
6.889694915254237912e+02
6.888926553672315549e+02
6.888983050847457434e+02
6.889785310734463337e+02
6.891378531073446538e+02
6.893774011299435642e+02
6.896711864406779569e+02
6.900406779661016117e+02
6.904779661016948467e+02
6.909796610169491942e+02
6.915491525423728945e+02
6.921740112994350511e+02
6.928598870056497390e+02
6.935830508474575709e+02
6.943796610169490577e+02
6.952067796610169808e+02
6.960734463276835413e+02
6.969661016949153236e+02
6.979062146892656529e+02
6.988610169491525994e+02
6.997333333333333485e+02
7.004497175141243588e+02
7.010259887005649944e+02
7.014485875706214983e+02
7.016994350282485584e+02
7.017988700564972078e+02
7.017333333333333485e+02
7.014994350282486266e+02
7.011062146892655846e+02
7.005581920903954369e+02
6.998384180790960727e+02
6.989728813559322589e+02
6.980497175141242678e+02
6.971706214689265835e+02
6.963141242937853121e+02
6.954960451977401590e+02
6.947197740112994779e+02
6.939796610169490805e+02
6.932915254237288991e+02
6.926531073446326445e+02
6.920621468926553916e+02
6.915254237288133936e+02
6.910293785310734620e+02
6.906180790960452214e+02
6.902508474576270601e+02
6.899548022598869466e+02
6.897175141242937570e+02
6.895536723163841089e+02
6.894372881355932350e+02
6.893988700564972305e+02
6.894248587570621112e+02
6.895276836158192282e+02
6.897050847457626332e+02
6.899468926553672645e+02
6.902610169491525767e+02
6.906587570621468331e+02
6.911525423728813848e+02
6.917062146892654937e+02
6.923265536723163223e+02
6.930293785310734620e+02
6.937943502824857660e+02
6.946338983050848128e+02
6.955333333333333030e+02
6.965039548022598410e+02
6.975163841807909648e+02
6.984519774011298523e+02
6.992711864406778659e+02
6.999412429378530760e+02
7.004994350282486266e+02
7.009344632768361407e+02
7.012135593220339160e+02
7.013615819209038591e+02
7.013807909604519182e+02
7.012734463276835868e+02
7.010361581920903973e+02
7.006745762711864245e+02
7.001796610169491260e+02
6.995672316384179794e+02
6.988282485875706698e+02
6.979728813559322589e+02
6.969853107344632690e+02
6.958824858757062657e+02
6.948192090395480136e+02
6.938045197740111689e+02
6.928711864406778886e+02
6.919909604519773438e+02
6.911819209039548468e+02
6.904327683615819069e+02
6.897762711864406810e+02
6.891909604519773893e+02
6.886926553672316231e+02
6.882847457627118501e+02
6.879435028248587969e+02
6.877005649717514189e+02
6.875480225988701477e+02
6.874655367231638365e+02
6.874768361581920999e+02
6.875875706214690126e+02
6.877638418079096709e+02
6.880079096045199094e+02
6.883197740112995007e+02
6.887129943502825427e+02
6.891751412429379116e+02
6.897028248587571397e+02
6.903152542372881726e+02
6.909717514124295121e+02
6.917039548022600002e+02
6.924677966101694437e+02
6.933039548022599092e+02
6.941920903954803634e+02
6.951242937853107833e+02
6.960971751412430422e+02
6.971062146892656983e+02
6.981548022598871057e+02
6.990757062146893759e+02
6.998790960451979117e+02
7.005129943502824972e+02
7.009807909604520546e+02
7.013005649717515553e+02
7.014723163841808855e+02
7.014734463276836323e+02
7.012915254237288991e+02
7.009581920903956416e+02
7.004666666666668107e+02
6.997988700564972078e+02
6.990000000000001137e+02
6.980316384180791829e+02
6.970305084745763224e+02
6.960621468926555053e+02
6.951355932203390466e+02
6.942316384180791147e+02
6.933830508474576391e+02
6.925672316384179794e+02
6.918045197740112826e+02
6.910960451977400680e+02
6.904282485875705788e+02
6.898192090395480136e+02
6.892689265536723724e+02
6.887740112994349602e+02
6.883344632768362317e+02
6.879774011299435870e+02
6.876802259887006130e+02
6.874474576271186379e+02
6.872723163841808400e+02
6.871672316384181158e+02
6.871446327683615891e+02
6.871762711864406583e+02
6.872858757062147106e+02
6.874757062146892395e+02
6.877514124293784334e+02
6.880926553672316004e+02
6.885220338983051533e+02
6.890384180790961182e+02
6.896146892655367537e+02
6.902689265536721450e+02
6.909932203389830647e+02
6.917920903954802725e+02
6.926587570621468331e+02
6.935796610169491032e+02
6.945627118644067650e+02
6.954259887005649716e+02
6.961514124293785244e+02
6.967525423728814076e+02
6.972214689265535981e+02
6.975514124293786153e+02
6.977423728813558910e+02
6.978090395480224970e+02
6.977457627118644723e+02
6.975401129943503520e+02
6.972022598870057664e+02
6.967514124293785471e+02
6.961638418079096482e+02
6.954508474576271055e+02
6.946271186440678775e+02
6.936655367231637683e+02
6.925920903954802270e+02
6.914960451977400453e+02
6.904463276836156638e+02
6.894508474576271055e+02
6.885050847457627015e+02
6.876305084745763452e+02
6.868169491525424064e+02
6.860994350282485357e+02
6.854429378531074235e+02
6.848757062146892167e+02
6.843864406779661067e+02
6.839683615819209308e+02
6.836282485875706243e+02
6.833830508474576391e+02
6.832067796610169808e+02
6.831220338983050624e+02
6.831039548022598638e+02
6.831694915254238367e+02
6.833107344632768445e+02
6.835163841807909648e+02
6.837932203389830192e+02
6.841468926553671963e+02
6.845525423728813621e+02
6.850497175141242678e+02
6.856146892655367537e+02
6.862271186440677866e+02
6.868915254237288082e+02
6.876135593220338933e+02
6.883909604519774348e+02
6.892135593220339160e+02
6.900824858757061975e+02
6.909920903954802043e+02
6.919265536723164587e+02
6.928892655367230873e+02
6.938610169491524857e+02
6.946802259887004993e+02
6.953717514124293757e+02
6.958847457627118729e+02
6.962485875706214529e+02
6.964689265536721905e+02
6.965050847457627015e+02
6.963774011299435642e+02
6.960858757062146651e+02
6.956497175141242906e+02
6.950418079096045858e+02
6.942802259887005221e+02
6.933909604519774348e+02
6.924610169491525085e+02
6.915502824858757549e+02
6.906689265536723497e+02
6.898180790960452669e+02
6.890079096045197957e+02
6.882700564971751191e+02
6.875649717514124859e+02
6.869062146892655392e+02
6.863050847457627697e+02
6.857593220338983429e+02
6.852508474576270601e+02
6.848192090395480136e+02
6.844485875706213847e+02
6.841401129943502610e+02
6.839005649717512370e+02
6.837333333333332348e+02
6.836112994350281724e+02
6.835683615819208399e+02
6.835966101694915551e+02
6.836960451977402045e+02
6.838802259887004311e+02
6.841367231638417934e+02
6.844700564971751646e+02
6.848711864406778886e+02
6.853649717514124404e+02
6.859367231638418616e+02
6.865920903954802270e+02
6.872960451977401135e+02
6.880881355932202723e+02
6.889423728813559364e+02
6.898587570621468785e+02
6.908361581920903518e+02
6.918350282485876050e+02
6.927220338983051988e+02
6.934824858757061747e+02
6.941322033898304653e+02
6.946372881355932805e+02
6.950045197740113281e+02
6.952610169491525767e+02
6.953819209039547786e+02
6.953774011299435642e+02
6.952406779661016571e+02
6.949819209039548014e+02
6.945920903954802270e+02
6.941005649717513961e+02
6.934621468926553689e+02
6.927141242937852894e+02
6.918632768361580929e+02
6.908937853107345290e+02
6.898056497175141430e+02
6.887785310734464019e+02
6.877954802259887401e+02
6.868700564971751419e+02
6.860112994350282634e+02
6.852395480225989104e+02
6.845344632768360498e+02
6.838983050847457434e+02
6.833570621468925310e+02
6.829028248587569578e+02
6.825209039548021792e+02
6.822192090395479909e+02
6.820124293785311238e+02
6.818870056497174801e+02
6.818282485875706698e+02
6.818542372881355504e+02
6.819740112994350056e+02
6.821548022598869920e+02
6.824214689265536435e+02
6.827559322033898752e+02
6.831570621468925992e+02
6.836361581920903063e+02
6.841785310734462655e+02
6.847796610169491487e+02
6.854508474576271055e+02
6.861909604519773893e+02
6.869762711864406128e+02
6.878282485875706698e+02
6.887005649717514189e+02
6.896293785310733711e+02
6.905898305084745061e+02
6.915875706214690126e+02
6.925807909604519637e+02
6.934350282485876278e+02
6.941310734463277186e+02
6.947096045197740750e+02
6.951231638418079228e+02
6.953841807909604995e+02
6.954802259887006812e+02
6.954282485875706925e+02
6.951830508474577073e+02
6.947841807909604768e+02
6.942418079096046313e+02
6.935401129943503520e+02
6.926960451977400908e+02
6.917039548022598865e+02
6.907129943502825427e+02
6.897412429378531442e+02
6.888203389830509877e+02
6.879355932203390012e+02
6.870994350282486494e+02
6.862960451977401135e+02
6.855491525423728945e+02
6.848429378531072871e+02
6.842056497175142340e+02
6.836101694915255393e+02
6.830892655367232464e+02
6.826101694915255393e+02
6.821887005649717821e+02
6.818485875706214756e+02
6.815649717514124859e+02
6.813242937853107151e+02
6.811683615819208626e+02
6.810813559322034507e+02
6.810723163841807946e+02
6.811514124293785244e+02
6.812971751412428603e+02
6.815299435028248354e+02
6.818135593220338251e+02
6.821898305084746426e+02
6.826395480225988877e+02
6.831672316384181158e+02
6.837683615819207716e+02
6.844644067796609761e+02
6.852079096045197275e+02
6.860395480225988649e+02
6.869265536723163450e+02
6.878621468926553462e+02
6.888192090395480136e+02
6.896542372881355050e+02
6.903468926553671281e+02
6.909175141242936888e+02
6.913661016949151872e+02
6.916700564971750964e+02
6.918531073446326900e+02
6.919016949152542111e+02
6.918158192090395460e+02
6.916045197740112371e+02
6.912519774011300342e+02
6.907875706214688307e+02
6.901875706214689217e+02
6.894610169491525085e+02
6.886067796610168443e+02
6.876237288135592962e+02
6.865276836158191145e+02
6.854870056497175028e+02
6.844655367231637229e+02
6.834960451977399316e+02
6.826022598870056299e+02
6.817649717514123040e+02
6.809920903954800906e+02
6.803073446327682632e+02
6.796983050847456980e+02
6.791502824858757776e+02
6.786903954802260159e+02
6.783039548022599092e+02
6.780067796610169353e+02
6.777819209039547559e+02
6.776338983050848128e+02
6.775683615819209535e+02
6.775661016949152327e+02
6.776485875706214301e+02
6.777966101694914869e+02
6.780259887005649944e+02
6.783152542372881726e+02
6.786700564971752101e+02
6.791096045197739386e+02
6.796124293785310329e+02
6.801661016949153691e+02
6.807819209039548696e+02
6.814395480225988422e+02
6.821548022598869920e+02
6.829355932203388875e+02
6.837525423728812939e+02
6.846192090395479681e+02
6.855118644067796367e+02
6.864282485875705788e+02
6.873785310734463110e+02
6.882813559322033825e+02
6.890327683615819296e+02
6.896135593220337796e+02
6.900463276836158002e+02
6.903276836158191827e+02
6.904395480225988422e+02
6.903706214689266289e+02
6.901570621468927129e+02
6.897728813559322134e+02
6.892372881355931895e+02
6.885435028248587059e+02
6.876983050847456980e+02
6.867943502824857660e+02
6.859118644067796140e+02
6.850497175141242678e+02
6.842305084745762542e+02
6.834361581920902609e+02
6.826892655367231555e+02
6.820011299435027468e+02
6.813412429378531669e+02
6.807435028248587514e+02
6.802000000000000455e+02
6.796994350282484447e+02
6.792576271186439953e+02
6.788881355932203405e+02
6.785672316384179794e+02
6.782960451977401135e+02
6.781050847457627242e+02
6.779830508474575481e+02
6.779107344632767536e+02
6.779242937853107378e+02
6.780158192090395914e+02
6.781593220338982064e+02
6.783728813559321225e+02
6.786700564971750964e+02
6.790497175141242678e+02
6.795028248587570943e+02
6.800327683615819296e+02
6.806474576271186834e+02
6.813152542372881726e+02
6.820531073446327355e+02
6.828598870056496253e+02
6.837423728813557773e+02
6.846621468926551870e+02
6.856508474576270373e+02
6.866033898305084904e+02
6.874395480225987285e+02
6.881412429378531215e+02
6.887231638418078319e+02
6.891853107344632008e+02
6.895152542372879907e+02
6.897129943502824290e+02
6.897999999999999545e+02
6.897627118644068105e+02
6.895728813559321679e+02
6.892858757062145969e+02
6.888734463276834958e+02
6.883559322033897843e+02
6.876960451977400908e+02
6.869186440677965493e+02
6.860293785310734620e+02
6.850338983050846764e+02
6.839966101694915324e+02
6.830090395480225425e+02
6.821039548022598638e+02
6.812485875706215666e+02
6.804610169491525085e+02
6.797559322033898752e+02
6.791028248587570033e+02
6.785265536723163677e+02
6.780418079096045858e+02
6.776338983050846991e+02
6.773062146892655164e+02
6.770723163841807946e+02
6.769039548022599320e+02
6.768033898305084222e+02
6.767774011299435415e+02
6.768225988700564812e+02
6.769762711864407265e+02
6.771785310734462655e+02
6.774553672316384336e+02
6.777977401129943473e+02
6.782237288135593190e+02
6.787028248587570260e+02
6.792621468926553234e+02
6.798768361581920772e+02
6.805548022598868556e+02
6.812836158192089897e+02
6.820813559322033370e+02
6.829175141242938025e+02
6.837819209039547559e+02
6.846971751412429512e+02
6.856429378531072416e+02
6.866067796610169580e+02
6.875096045197740295e+02
6.882915254237288991e+02
6.889175141242938025e+02
6.894045197740113053e+02
6.897514124293784334e+02
6.899322033898305335e+02
6.899683615819209308e+02
6.898361581920903518e+02
6.895559322033898297e+02
6.891050847457627242e+02
6.885141242937852439e+02
6.877785310734464019e+02
6.869062146892656529e+02
6.859265536723163450e+02
6.849683615819209308e+02
6.840418079096045858e+02
6.831514124293785244e+02
6.822892655367231782e+02
6.814757062146892395e+02
6.807107344632768218e+02
6.799830508474576618e+02
6.793141242937853121e+02
6.786994350282485584e+02
6.781457627118643359e+02
6.776429378531072416e+02
6.772011299435027922e+02
6.768022598870056754e+02
6.764892655367232237e+02
6.762214689265535981e+02
6.760282485875706016e+02
6.758903954802259477e+02
6.758361581920903518e+02
6.758474576271187289e+02
6.759389830508474688e+02
6.761175141242938480e+02
6.763548022598870375e+02
6.766813559322033598e+02
6.770824858757061975e+02
6.775661016949152327e+02
6.781016949152542566e+02
6.787276836158191600e+02
6.794146892655367083e+02
6.801672316384181158e+02
6.809807909604519409e+02
6.818632768361580929e+02
6.827819209039548696e+02
6.835830508474575709e+02
6.842474576271185924e+02
6.848033898305084222e+02
6.852158192090396369e+02
6.854971751412429057e+02
6.856711864406779569e+02
6.857242937853106923e+02
6.856440677966101021e+02
6.854406779661017026e+02
6.851152542372881271e+02
6.846632768361581611e+02
6.840870056497174119e+02
6.834000000000000909e+02
6.825954802259886947e+02
6.816644067796610216e+02
6.806090395480225652e+02
6.795728813559321679e+02
6.785728813559321679e+02
6.776338983050848128e+02
6.767412429378531442e+02
6.759197740112994097e+02
6.751570621468927129e+02
6.744632768361582293e+02
6.738293785310734165e+02
6.732790960451977753e+02
6.728079096045198639e+02
6.724079096045197730e+02
6.720903954802258795e+02
6.718293785310734165e+02
6.716542372881356187e+02
6.715548022598870830e+02
6.715220338983050397e+02
6.715728813559321679e+02
6.716915254237287627e+02
6.718824858757061520e+02
6.721288135593219977e+02
6.724564971751412941e+02
6.728395480225988194e+02
6.733016949152541883e+02
6.737988700564972078e+02
6.743638418079095800e+02
6.749819209039548014e+02
6.756361581920903063e+02
6.763604519774011123e+02
6.771276836158191372e+02
6.779288135593219522e+02
6.787615819209038364e+02
6.796316384180789782e+02
6.805186440677965720e+02
6.814192090395479227e+02
6.821864406779659475e+02
6.828079096045196366e+02
6.832711864406778659e+02
6.835875706214688989e+02
6.837435028248587514e+02
6.837367231638417024e+02
6.835491525423727808e+02
6.832259887005649261e+02
6.827536723163841543e+02
6.821073446327683314e+02
6.813016949152543020e+02
6.804124293785309874e+02
6.795604519774010441e+02
6.787186440677965038e+02
6.779175141242938025e+02
6.771593220338982064e+02
6.764316384180790465e+02
6.757412429378530305e+02
6.751050847457627242e+02
6.745005649717513734e+02
6.739604519774011351e+02
6.734700564971750509e+02
6.730338983050846764e+02
6.726440677966101021e+02
6.723299435028247899e+02
6.720689265536722132e+02
6.718734463276834958e+02
6.717333333333332348e+02
6.716666666666666288e+02
6.716666666666667425e+02
6.717322033898303744e+02
6.718677966101694210e+02
6.720677966101693528e+02
6.723548022598869238e+02
6.727107344632768218e+02
6.731468926553671963e+02
6.736587570621468331e+02
6.742542372881355277e+02
6.748994350282484902e+02
6.756282485875706243e+02
6.764282485875705788e+02
6.772870056497174573e+02
6.781887005649716684e+02
6.791559322033898525e+02
6.801412429378531215e+02
6.810112994350282634e+02
6.817683615819208853e+02
6.823988700564971168e+02
6.829107344632768672e+02
6.832915254237287854e+02
6.835423728813559592e+02
6.836689265536722360e+02
6.836666666666667425e+02
6.835435028248587059e+02
6.832960451977401135e+02
6.829231638418079910e+02
6.824282485875705788e+02
6.818248587570622021e+02
6.810903954802261069e+02
6.802531073446327810e+02
6.792915254237287854e+02
6.782474576271185924e+02
6.772610169491524630e+02
6.763254237288135755e+02
6.754564971751411804e+02
6.746542372881355050e+02
6.739288135593219522e+02
6.732621468926554371e+02
6.726926553672317368e+02
6.721920903954802498e+02
6.717604519774010896e+02
6.714180790960451759e+02
6.711615819209039273e+02
6.709841807909604086e+02
6.708757062146892167e+02
6.708406779661017936e+02
6.708903954802260614e+02
6.710056497175141885e+02
6.712033898305085131e+02
6.714587570621469013e+02
6.717932203389830192e+02
6.722067796610169808e+02
6.726802259887006130e+02
6.732124293785310556e+02
6.738056497175141430e+02
6.744677966101694437e+02
6.751740112994350511e+02
6.759435028248587969e+02
6.767559322033898752e+02
6.776124293785310329e+02
6.785005649717513734e+02
6.794248587570621112e+02
6.803796610169490577e+02
6.813152542372880589e+02
6.821107344632766853e+02
6.827717514124293530e+02
6.832734463276835868e+02
6.836350282485875596e+02
6.838350282485876050e+02
6.838892655367230873e+02
6.837796610169491487e+02
6.835028248587570943e+02
6.830836158192090579e+02
6.825197740112994325e+02
6.817999999999999545e+02
6.809367231638417479e+02
6.799796610169490805e+02
6.790361581920903973e+02
6.781254237288135300e+02
6.772429378531073780e+02
6.764033898305085586e+02
6.756192090395479681e+02
6.748621468926553462e+02
6.741423728813558682e+02
6.734937853107344381e+02
6.728870056497174801e+02
6.723322033898305108e+02
6.718361581920903518e+02
6.713932203389830420e+02
6.710056497175141885e+02
6.706813559322033598e+02
6.704350282485875141e+02
6.702237288135593190e+02
6.700892655367231328e+02
6.700384180790960045e+02
6.700361581920903973e+02
6.701310734463277186e+02
6.702858757062147106e+02
6.705118644067795231e+02
6.708011299435028150e+02
6.711728813559320770e+02
6.716338983050846991e+02
6.721491525423729172e+02
6.727333333333333485e+02
6.733988700564971168e+02
6.741265536723163905e+02
6.749096045197740068e+02
6.757627118644068105e+02
6.766531073446327582e+02
6.774598870056497617e+02
6.781480225988700568e+02
6.787254237288135528e+02
6.791649717514123950e+02
6.794824858757062884e+02
6.796711864406779569e+02
6.797491525423728262e+02
6.796937853107344836e+02
6.795186440677966857e+02
6.792282485875707607e+02
6.788158192090395460e+02
6.782960451977401135e+02
6.776395480225987740e+02
6.768757062146892167e+02
6.760022598870057209e+02
6.750079096045197957e+02
6.740169491525423382e+02
6.730802259887007040e+02
6.721920903954803634e+02
6.713627118644068332e+02
6.705841807909605450e+02
6.698677966101695347e+02
6.692361581920904428e+02
6.686655367231638820e+02
6.681615819209039273e+02
6.677615819209039500e+02
6.673977401129943701e+02
6.671276836158192509e+02
6.669355932203390012e+02
6.668033898305084222e+02
6.667638418079095572e+02
6.667988700564972078e+02
6.669107344632768672e+02
6.670745762711865154e+02
6.673152542372881726e+02
6.676169491525424746e+02
6.679830508474576618e+02
6.684146892655367083e+02
6.689084745762712600e+02
6.694666666666666970e+02
6.700779661016949831e+02
6.707525423728814076e+02
6.714768361581920999e+02
6.722451977401129852e+02
6.730598870056496708e+02
6.739016949152542111e+02
6.747762711864406810e+02
6.756824858757062202e+02
6.766282485875706243e+02
6.774790960451977071e+02
6.782011299435027922e+02
6.787841807909603631e+02
6.792169491525423837e+02
6.795005649717513734e+02
6.796158192090395005e+02
6.795728813559321679e+02
6.793796610169490577e+02
6.790305084745762088e+02
6.785186440677965720e+02
6.778564971751411576e+02
6.770474576271185470e+02
6.761129943502824062e+02
6.752112994350281951e+02
6.743039548022597955e+02
6.734485875706213847e+02
6.726418079096044949e+02
6.718666666666666742e+02
6.711389830508474006e+02
6.704700564971751646e+02
6.698395480225988194e+02
6.692564971751412486e+02
6.687265536723164132e+02
6.682632768361581839e+02
6.678406779661016799e+02
6.675016949152541201e+02
6.672045197740112599e+02
6.669661016949153236e+02
6.667954802259887401e+02
6.666858757062146879e+02
6.666519774011298978e+02
6.666971751412429512e+02
6.668090395480226107e+02
6.669841807909604086e+02
6.672372881355931895e+02
6.675785310734463565e+02
6.679920903954802043e+02
6.684768361581920999e+02
6.690463276836158002e+02
6.696881355932204087e+02
6.703819209039547786e+02
6.711649717514123950e+02
6.720169491525423382e+02
6.729197740112994097e+02
6.738813559322034052e+02
6.748768361581920772e+02
6.757774011299434278e+02
6.765615819209039046e+02
6.772271186440677866e+02
6.777615819209040637e+02
6.781672316384181158e+02
6.784553672316384336e+02
6.786169491525423609e+02
6.786429378531073553e+02
6.785559322033898297e+02
6.783446327683616346e+02
6.780090395480226562e+02
6.775468926553671736e+02
6.769604519774011351e+02
6.762655367231637911e+02
6.754429378531073098e+02
6.745062146892655619e+02
6.734677966101694437e+02
6.724361581920903745e+02
6.714576271186440408e+02
6.705435028248587059e+02
6.696881355932202950e+02
6.689062146892654255e+02
6.681988700564970713e+02
6.675548022598870830e+02
6.669774011299434733e+02
6.664824858757061747e+02
6.660949152542372076e+02
6.657593220338983429e+02
6.655276836158191145e+02
6.653649717514124404e+02
6.652700564971751191e+02
6.652564971751412486e+02
6.653163841807909193e+02
6.654418079096044494e+02
6.656440677966101021e+02
6.659310734463276731e+02
6.662621468926553234e+02
6.666768361581921454e+02
6.671615819209039273e+02
6.677039548022598865e+02
6.682994350282485811e+02
6.689423728813558228e+02
6.696440677966102157e+02
6.703853107344632463e+02
6.711830508474577073e+02
6.720282485875707152e+02
6.728949152542372758e+02
6.738045197740113963e+02
6.747242937853106923e+02
6.755932203389829738e+02
6.763265536723163223e+02
6.769050847457626787e+02
6.773412429378530533e+02
6.776112994350281724e+02
6.777163841807908966e+02
6.776779661016948921e+02
6.774926553672315777e+02
6.771502824858756640e+02
6.766497175141241769e+02
6.759932203389830647e+02
6.752011299435027922e+02
6.742757062146893077e+02
6.733819209039547786e+02
6.725084745762711691e+02
6.716870056497175483e+02
6.708937853107345290e+02
6.701265536723163905e+02
6.694090395480225197e+02
6.687389830508474233e+02
6.681242937853107833e+02
6.675615819209040183e+02
6.670395480225988649e+02
6.665887005649717594e+02
6.661864406779661749e+02
6.658395480225988194e+02
6.655638418079097391e+02
6.653378531073446993e+02
6.651740112994350511e+02
6.650937853107345745e+02
6.650836158192090579e+02
6.651265536723165042e+02
6.652429378531073780e+02
6.654305084745762997e+02
6.657118644067797959e+02
6.660497175141243815e+02
6.664564971751412941e+02
6.669536723163843135e+02
6.675175141242939389e+02
6.681446327683618165e+02
6.688508474576271965e+02
6.696180790960453351e+02
6.704542372881358006e+02
6.713446327683617483e+02
6.722802259887007494e+02
6.731853107344634282e+02
6.739446327683617710e+02
6.745966101694916688e+02
6.751254237288137574e+02
6.755073446327685360e+02
6.757796610169492624e+02
6.759209039548023839e+02
6.759355932203391149e+02
6.758090395480227244e+02
6.755672316384182068e+02
6.752056497175142340e+02
6.747062146892656074e+02
6.740790960451978435e+02
6.733468926553673555e+02
6.724802259887007949e+02
6.714881355932204769e+02
6.704485875706216120e+02
6.694350282485876278e+02
6.684802259887006812e+02
6.675740112994351421e+02
6.667322033898306017e+02
6.659536723163841998e+02
6.652418079096046313e+02
6.646011299435028832e+02
6.640214689265537800e+02
6.635355932203391376e+02
6.631333333333334394e+02
6.627943502824859934e+02
6.625367231638419980e+02
6.623457627118644950e+02
6.622418079096046313e+02
6.622022598870057664e+02
6.622327683615822025e+02
6.623378531073448130e+02
6.625118644067798641e+02
6.627762711864409084e+02
6.631005649717516235e+02
6.634847457627120093e+02
6.639389830508475825e+02
6.644610169491527358e+02
6.650338983050849038e+02
6.656655367231639957e+02
6.663615819209042002e+02
6.671005649717515098e+02
6.678790960451979117e+02
6.687039548022601139e+02
6.695875706214691263e+02
6.704870056497177302e+02
6.714214689265538709e+02
6.723875706214691945e+02
6.732135593220341434e+02
6.739028248587571852e+02
6.744372881355934624e+02
6.748237288135594554e+02
6.750531073446329628e+02
6.751220338983052898e+02
6.750237288135595008e+02
6.747694915254239731e+02
6.743570621468928721e+02
6.737898305084747790e+02
6.730937853107345745e+02
6.722463276836159594e+02
6.712847457627119638e+02
6.703627118644069469e+02
6.694564971751412941e+02
6.685740112994351421e+02
6.677355932203390694e+02
6.669491525423729854e+02
6.661988700564972987e+02
6.655107344632770037e+02
6.648576271186442455e+02
6.642723163841808400e+02
6.637175141242939844e+02
6.632384180790961636e+02
6.628056497175141430e+02
6.624564971751414078e+02
6.621423728813560956e+02
6.618971751412431104e+02
6.617209039548024521e+02
6.616079096045199321e+02
6.615593220338985248e+02
6.615875706214691263e+02
6.617039548022600002e+02
6.618734463276837232e+02
6.621367231638419071e+02
6.624757062146893531e+02
6.628994350282487176e+02
6.633807909604520319e+02
6.639401129943503292e+02
6.645909604519774803e+02
6.653084745762713510e+02
6.660779661016950968e+02
6.669197740112996371e+02
6.678135593220340525e+02
6.687627118644070379e+02
6.696485875706216575e+02
6.704225988700566177e+02
6.710734463276837687e+02
6.716022598870058573e+02
6.720090395480226562e+02
6.722983050847458344e+02
6.724463276836160048e+02
6.724757062146894668e+02
6.723887005649719413e+02
6.721774011299437461e+02
6.718282485875707835e+02
6.713672316384182750e+02
6.707830508474577300e+02
6.700847457627120320e+02
6.692644067796611580e+02
6.683322033898306245e+02
6.672870056497176847e+02
6.662824858757064703e+02
6.653299435028250173e+02
6.644485875706216120e+02
6.636090395480227926e+02
6.628361581920905792e+02
6.621276836158193646e+02
6.614949152542374122e+02
6.609446327683617710e+02
6.604576271186442682e+02
6.600768361581922363e+02
6.597559322033899889e+02
6.595209039548024066e+02
6.593446327683616346e+02
6.592395480225990241e+02
6.592124293785311693e+02
6.592621468926554371e+02
6.593943502824860161e+02
6.595966101694916688e+02
6.598644067796612944e+02
6.602022598870058800e+02
6.606079096045199321e+02
6.610847457627120320e+02
6.616271186440678775e+02
6.622271186440680140e+02
6.628824858757063794e+02
6.636033898305086041e+02
6.643604519774014534e+02
6.651807909604522138e+02
6.660316384180792966e+02
6.669186440677967767e+02
6.678316384180793648e+02
6.687875706214690581e+02
6.696824858757064476e+02
6.704192090395481500e+02
6.710237288135595008e+02
6.714790960451978208e+02
6.717830508474578437e+02
6.719333333333336213e+02
6.718960451977402499e+02
6.717367231638420435e+02
6.713977401129945974e+02
6.709062146892656529e+02
6.702824858757064703e+02
6.695299435028250628e+02
6.686192090395481955e+02
6.676858757062149152e+02
6.667548022598872421e+02
6.658666666666667879e+02
6.650056497175144159e+02
6.641841807909606814e+02
6.634135593220340752e+02
6.626824858757064476e+02
6.620056497175144159e+02
6.613785310734465384e+02
6.607954802259888538e+02
6.602711864406782070e+02
6.598056497175143704e+02
6.594056497175142795e+02
6.590508474576272420e+02
6.587604519774013170e+02
6.585299435028250628e+02
6.583706214689268563e+02
6.582700564971753465e+02
6.582564971751414760e+02
6.583299435028250173e+02
6.584418079096046768e+02
6.586474576271187971e+02
6.589254237288137119e+02
6.593039548022600229e+02
6.597355932203391831e+02
6.602440677966103522e+02
6.608372881355933259e+02
6.614892655367234511e+02
6.622259887005652672e+02
6.630000000000002274e+02
6.638632768361583203e+02
6.647740112994351875e+02
6.657197740112997053e+02
6.666000000000001364e+02
6.673649717514126678e+02
6.680316384180792966e+02
6.685672316384182068e+02
6.689853107344634964e+02
6.692700564971753465e+02
6.694293785310737803e+02
6.694564971751414078e+02
6.693570621468928721e+02
6.691322033898306927e+02
6.687932203389832466e+02
6.683276836158192964e+02
6.677423728813560047e+02
6.670237288135595008e+02
6.661966101694915778e+02
6.652440677966103522e+02
6.642056497175142340e+02
6.632180790960453578e+02
6.622813559322034962e+02
6.613977401129944838e+02
6.605559322033899434e+02
6.597920903954802725e+02
6.591175141242938480e+02
6.585096045197742569e+02
6.579661016949153236e+02
6.575062146892656756e+02
6.571242937853108970e+02
6.568214689265538482e+02
6.565841807909605450e+02
6.564327683615820206e+02
6.563333333333334849e+02
6.563435028248588878e+02
6.564158192090396824e+02
6.565536723163843362e+02
6.567683615819209990e+02
6.570338983050849038e+02
6.573819209039548923e+02
6.578045197740113963e+02
6.582779661016950286e+02
6.588135593220340525e+02
6.594169491525424291e+02
6.600813559322035644e+02
6.607898305084747790e+02
6.615604519774012715e+02
6.623559322033898979e+02
6.631966101694915778e+02
6.640711864406780478e+02
6.649694915254237912e+02
6.658824858757062657e+02
6.668305084745763907e+02
6.676305084745763452e+02
6.682926553672317596e+02
6.688056497175141430e+02
6.691717514124295576e+02
6.693604519774012260e+02
6.694011299435029514e+02
6.692768361581921681e+02
6.690079096045199094e+02
6.685740112994351421e+02
6.679920903954803180e+02
6.672711864406780933e+02
6.664022598870058118e+02
6.654813559322035417e+02
6.645898305084747335e+02
6.637344632768362089e+02
6.628960451977402499e+02
6.621220338983051761e+02
6.613717514124294894e+02
6.606700564971752101e+02
6.600338983050849038e+02
6.594418079096046768e+02
6.588971751412432241e+02
6.584079096045198867e+02
6.579683615819210445e+02
6.575943502824860616e+02
6.572836158192092171e+02
6.570305084745764361e+02
6.568338983050848583e+02
6.567175141242939844e+02
6.566666666666668561e+02
6.566779661016951195e+02
6.567785310734466293e+02
6.569491525423729854e+02
6.572101694915256758e+02
6.575231638418081275e+02
6.579220338983052443e+02
6.584033898305085586e+02
6.589649717514125769e+02
6.595887005649719868e+02
6.602892655367234056e+02
6.610610169491527586e+02
6.618892655367233147e+02
6.627717514124295803e+02
6.637084745762713283e+02
6.647005649717516462e+02
6.655932203389832011e+02
6.663785310734465384e+02
6.670384180790962318e+02
6.675728813559323953e+02
6.679807909604520546e+02
6.682666666666667652e+02
6.684237288135594781e+02
6.684632768361583430e+02
6.683627118644069469e+02
6.681559322033899662e+02
6.678169491525425201e+02
6.673672316384181613e+02
6.668090395480226107e+02
6.661028248587572307e+02
6.652802259887006358e+02
6.643615819209039728e+02
6.633242937853108288e+02
6.623378531073446993e+02
6.613841807909604995e+02
6.604813559322034280e+02
6.596395480225990013e+02
6.588677966101695347e+02
6.581694915254238367e+02
6.575457627118644268e+02
6.570022598870057209e+02
6.565288135593220886e+02
6.561242937853107833e+02
6.558067796610171172e+02
6.555638418079097391e+02
6.553807909604520319e+02
6.552813559322034962e+02
6.552576271186441090e+02
6.553129943502824517e+02
6.554429378531074235e+02
6.556293785310735984e+02
6.558949152542373895e+02
6.562203389830508513e+02
6.566146892655367537e+02
6.570768361581921226e+02
6.576079096045198185e+02
6.581875706214689217e+02
6.588203389830507604e+02
6.595141242937853576e+02
6.602519774011300342e+02
6.610305084745763224e+02
6.618621468926553462e+02
6.627242937853106923e+02
6.636158192090395005e+02
6.645355932203390239e+02
6.653209039548022474e+02
6.659807909604519409e+02
6.664926553672316913e+02
6.668474576271187289e+02
6.670519774011299887e+02
6.671107344632769127e+02
6.670090395480226562e+02
6.667480225988700795e+02
6.663457627118643813e+02
6.657909604519775257e+02
6.650971751412430422e+02
6.642553672316385018e+02
6.633073446327683769e+02
6.623932203389830420e+02
6.614858757062146424e+02
6.606135593220338933e+02
6.597796610169491487e+02
6.589819209039548014e+02
6.582338983050847219e+02
6.575355932203390239e+02
6.568655367231638138e+02
6.562463276836158457e+02
6.556813559322033598e+02
6.551819209039547331e+02
6.547367231638418161e+02
6.543457627118643813e+02
6.540101694915254029e+02
6.537378531073446766e+02
6.535242937853106469e+02
6.533706214689265153e+02
6.532960451977401135e+02
6.532983050847457207e+02
6.533570621468927584e+02
6.535005649717513734e+02
6.537242937853106923e+02
6.540293785310734620e+02
6.543988700564971168e+02
6.548327683615818842e+02
6.553480225988701022e+02
6.559412429378530760e+02
6.566067796610168443e+02
6.573265536723163223e+02
6.581186440677965948e+02
6.589649717514123495e+02
6.598531073446326900e+02
6.607084745762711009e+02
6.614542372881355732e+02
6.620836158192090579e+02
6.625909604519773666e+02
6.629830508474576618e+02
6.632429378531072643e+02
6.633683615819209081e+02
6.633819209039547786e+02
6.632564971751412486e+02
6.630112994350281497e+02
6.626497175141242906e+02
6.621649717514123950e+02
6.615604519774010441e+02
6.608372881355932122e+02
6.599887005649717366e+02
6.590225988700564130e+02
6.579932203389830647e+02
6.570316384180789555e+02
6.561062146892654710e+02
6.552248587570620657e+02
6.544056497175140521e+02
6.536632768361581611e+02
6.529694915254236776e+02
6.523480225988701022e+02
6.518101694915253574e+02
6.513209039548022474e+02
6.509129943502824744e+02
6.505932203389829738e+02
6.503514124293784562e+02
6.501717514124293302e+02
6.500621468926552780e+02
6.500259887005649944e+02
6.500587570621469240e+02
6.501615819209039273e+02
6.503197740112993870e+02
6.505649717514123722e+02
6.508734463276834958e+02
6.512327683615819751e+02
6.516655367231637683e+02
6.521638418079096482e+02
6.527073446327683541e+02
6.533050847457626560e+02
6.539796610169491942e+02
6.546768361581921454e+02
6.554180790960451759e+02
6.561943502824859706e+02
6.570338983050847901e+02
6.578937853107345290e+02
6.587841807909604768e+02
6.597039548022598865e+02
6.605728813559321679e+02
6.612915254237287854e+02
6.618508474576270828e+02
6.622610169491524630e+02
6.625175141242937116e+02
6.626214689265536890e+02
6.625988700564971623e+02
6.624045197740113053e+02
6.620644067796608851e+02
6.615774011299433823e+02
6.609446327683615436e+02
6.601694915254236093e+02
6.592836158192089897e+02
6.583864406779659930e+02
6.575276836158191145e+02
6.567062146892654937e+02
6.559073446327683996e+02
6.551457627118643359e+02
6.544361581920903745e+02
6.537785310734462882e+02
6.531536723163842453e+02
6.525807909604519637e+02
6.520463276836158002e+02
6.515717514124294212e+02
6.511480225988700568e+02
6.507943502824857660e+02
6.504824858757062884e+02
6.502361581920903291e+02
6.500553672316384564e+02
6.499322033898304198e+02
6.498757062146892167e+02
6.499062146892655392e+02
6.499977401129943928e+02
6.501661016949151417e+02
6.504056497175140521e+02
6.507197740112994779e+02
6.511209039548023156e+02
6.515830508474575709e+02
6.521175141242938480e+02
6.527242937853108060e+02
6.534045197740113053e+02
6.541378531073446538e+02
6.549276836158192054e+02
6.557864406779660840e+02
6.566723163841807036e+02
6.575954802259886947e+02
6.584158192090394550e+02
6.591220338983050624e+02
6.597096045197740750e+02
6.601807909604519864e+02
6.605310734463275821e+02
6.607627118644068105e+02
6.608824858757061520e+02
6.608655367231638138e+02
6.607412429378530305e+02
6.604949152542371849e+02
6.601355932203389330e+02
6.596655367231637683e+02
6.590757062146892622e+02
6.583717514124293757e+02
6.575661016949152327e+02
6.566598870056496935e+02
6.556836158192090807e+02
6.547717514124293530e+02
6.539163841807909421e+02
6.531152542372881271e+02
6.523672316384180476e+02
6.516994350282486721e+02
6.511050847457627242e+02
6.505581920903954369e+02
6.501039548022597501e+02
6.497276836158191600e+02
6.494033898305083312e+02
6.491649717514123950e+02
6.489988700564971396e+02
6.489118644067796140e+02
6.488745762711864700e+02
6.489288135593219522e+02
6.490451977401129398e+02
6.492248587570621794e+02
6.494790960451977071e+02
6.498045197740111689e+02
6.501898305084744152e+02
6.506293785310733711e+02
6.511288135593219977e+02
6.516870056497175483e+02
6.523050847457626560e+02
6.529627118644066286e+02
6.536745762711863108e+02
6.544519774011298523e+02
6.552542372881355277e+02
6.560971751412429285e+02
6.569627118644067423e+02
6.578463276836157547e+02
6.586531073446326445e+02
6.593209039548022474e+02
6.598384180790960727e+02
6.602169491525423837e+02
6.604508474576271055e+02
6.605344632768361635e+02
6.604768361581920999e+02
6.602768361581920544e+02
6.599152542372880816e+02
6.594124293785311011e+02
6.587661016949152781e+02
6.579932203389830647e+02
6.570915254237288536e+02
6.562022598870056527e+02
6.553412429378531669e+02
6.545163841807909648e+02
6.537310734463277413e+02
6.529672316384180704e+02
6.522474576271185924e+02
6.515796610169491032e+02
6.509367231638418616e+02
6.503548022598870375e+02
6.498146892655366855e+02
6.493468926553671281e+02
6.489242937853107378e+02
6.485717514124293075e+02
6.482734463276835868e+02
6.480271186440677411e+02
6.478463276836157547e+02
6.477220338983050851e+02
6.476621468926553007e+02
6.476757062146891712e+02
6.477706214689264925e+02
6.479299435028248126e+02
6.481717514124293302e+02
6.484790960451977071e+02
6.488553672316384109e+02
6.493242937853107151e+02
6.498406779661016799e+02
6.504384180790959817e+02
6.511028248587570033e+02
6.518259887005649489e+02
6.526135593220337796e+02
6.534677966101694437e+02
6.543740112994349829e+02
6.552779661016948012e+02
6.560655367231638593e+02
6.567446327683614982e+02
6.572892655367231782e+02
6.577141242937852894e+02
6.580135593220338706e+02
6.581977401129943246e+02
6.582587570621468558e+02
6.582101694915253347e+02
6.580158192090394778e+02
6.576994350282485584e+02
6.572621468926553234e+02
6.567209039548022247e+02
6.560519774011299887e+02
6.552542372881355277e+02
6.543491525423728490e+02
6.533446327683615209e+02
6.523435028248587741e+02
6.513966101694915096e+02
6.504881355932202496e+02
6.496429378531072416e+02
6.488644067796609534e+02
6.481468926553671963e+02
6.475028248587570943e+02
6.469265536723163450e+02
6.464124293785311011e+02
6.459672316384180704e+02
6.455977401129944155e+02
6.453129943502824517e+02
6.450937853107343471e+02
6.449401129943502156e+02
6.448723163841807491e+02
6.448632768361582066e+02
6.449209039548022702e+02
6.450497175141242678e+02
6.452350282485875823e+02
6.454847457627117819e+02
6.458022598870056754e+02
6.461762711864405446e+02
6.466169491525422472e+02
6.471039548022598638e+02
6.476451977401129625e+02
6.482610169491524630e+02
6.489197740112994097e+02
6.496259887005649034e+02
6.503593220338982519e+02
6.511276836158192509e+02
6.519435028248587969e+02
6.527661016949152781e+02
6.536384180790960272e+02
6.544813559322033143e+02
6.551898305084745289e+02
6.557548022598869011e+02
6.561672316384181158e+02
6.564305084745762997e+02
6.565299435028248354e+02
6.564983050847456525e+02
6.562858757062147106e+02
6.559435028248587969e+02
6.554598870056497617e+02
6.548316384180791374e+02
6.540519774011299887e+02
6.531751412429377979e+02
6.523333333333332575e+02
6.515073446327683087e+02
6.507016949152541656e+02
6.499468926553671508e+02
6.492271186440677866e+02
6.485446327683614527e+02
6.479005649717513506e+02
6.472903954802259250e+02
6.467333333333333485e+02
6.462282485875705333e+02
6.457830508474576163e+02
6.453898305084744607e+02
6.450463276836156865e+02
6.447627118644066968e+02
6.445344632768360498e+02
6.443683615819207944e+02
6.442632768361581839e+02
6.442259887005648125e+02
6.442542372881355277e+02
6.443457627118643813e+02
6.445220338983051533e+02
6.447661016949152781e+02
6.450903954802259932e+02
6.454937853107344381e+02
6.459717514124292848e+02
6.464847457627117819e+02
6.470836158192089442e+02
6.477570621468926220e+02
6.484836158192090352e+02
6.492666666666666515e+02
6.501107344632766853e+02
6.510180790960450850e+02
6.519209039548021565e+02
6.527129943502823153e+02
6.533909604519773211e+02
6.539581920903954142e+02
6.543999999999998636e+02
6.547197740112992506e+02
6.549322033898304198e+02
6.550361581920902836e+02
6.550101694915252892e+02
6.548802259887005448e+02
6.546350282485874459e+02
6.542553672316382745e+02
6.537819209039547559e+02
6.531774011299435188e+02
6.524655367231637229e+02
6.516338983050846991e+02
6.507231638418078319e+02
6.497853107344632235e+02
6.488870056497175938e+02
6.480587570621469240e+02
6.472723163841807263e+02
6.465604519774010441e+02
6.459163841807909421e+02
6.453468926553672418e+02
6.448451977401130080e+02
6.444158192090394550e+02
6.440621468926552780e+02
6.437774011299435415e+02
6.435627118644067650e+02
6.434158192090395687e+02
6.433435028248586605e+02
6.433310734463276503e+02
6.434033898305084449e+02
6.435502824858756412e+02
6.437548022598869011e+02
6.440237288135592735e+02
6.443683615819209081e+02
6.447728813559322134e+02
6.452451977401128715e+02
6.457706214689264925e+02
6.463593220338982519e+02
6.470056497175139611e+02
6.476937853107344836e+02
6.484395480225987285e+02
6.492248587570620657e+02
6.500542372881354822e+02
6.509175141242938025e+02
6.517977401129942336e+02
6.527118644067795685e+02
6.535435028248585922e+02
6.542474576271185924e+02
6.548067796610168898e+02
6.552203389830508513e+02
6.554915254237287172e+02
6.556350282485875596e+02
6.556067796610168443e+02
6.554316384180790465e+02
6.551401129943502610e+02
6.546711864406779569e+02
6.540903954802258795e+02
6.533661016949151872e+02
6.525163841807909648e+02
6.515954802259886947e+02
6.507028248587570260e+02
6.498429378531072871e+02
6.490101694915254029e+02
6.482271186440677866e+02
6.474847457627117819e+02
6.467694915254237458e+02
6.461141242937852667e+02
6.454983050847456525e+02
6.449367231638417479e+02
6.444237288135592507e+02
6.439728813559321452e+02
6.435706214689265607e+02
6.432271186440677866e+02
6.429525423728812257e+02
6.427310734463276276e+02
6.425785310734463565e+02
6.424903954802259705e+02
6.424802259887005675e+02
6.425344632768360498e+02
6.426644067796610216e+02
6.428689265536722814e+02
6.431457627118643359e+02
6.435005649717513734e+02
6.439265536723162313e+02
6.444327683615817932e+02
6.450079096045196820e+02
6.456451977401129625e+02
6.463514124293785699e+02
6.471175141242938480e+02
6.479491525423728717e+02
6.488248587570622021e+02
6.497423728813560047e+02
6.505480225988700340e+02
6.512564971751412486e+02
6.518327683615818842e+02
6.522802259887005221e+02
6.526180790960452214e+02
6.528293785310734165e+02
6.529186440677965493e+02
6.529016949152542111e+02
6.527457627118643586e+02
6.524768361581920999e+02
6.520892655367231328e+02
6.515740112994350284e+02
6.509378531073446084e+02
6.501966101694914641e+02
6.493457627118643813e+02
6.483774011299435642e+02
6.473649717514124404e+02
6.464067796610169125e+02
6.454644067796609761e+02
6.446067796610168443e+02
6.438033898305084222e+02
6.430564971751412031e+02
6.423785310734463110e+02
6.417751412429378206e+02
6.412327683615819751e+02
6.407514124293784334e+02
6.403593220338982519e+02
6.400180790960450850e+02
6.397604519774010896e+02
6.395604519774010441e+02
6.394248587570621112e+02
6.393694915254236548e+02
6.393898305084744607e+02
6.394689265536723042e+02
6.395988700564971623e+02
6.398022598870056754e+02
6.400587570621469240e+02
6.403909604519774348e+02
6.407887005649718049e+02
6.412508474576270601e+02
6.417728813559322134e+02
6.423333333333333712e+02
6.429548022598870602e+02
6.436180790960452214e+02
6.443322033898305108e+02
6.450700564971750737e+02
6.458384180790960727e+02
6.466531073446328719e+02
6.474881355932203633e+02
6.483412429378531669e+02
6.490892655367232464e+02
6.496937853107344836e+02
6.501480225988700568e+02
6.504587570621470149e+02
6.506112994350282861e+02
6.506079096045198185e+02
6.504531073446328264e+02
6.501468926553673100e+02
6.497005649717514189e+02
6.490937853107344608e+02
6.483762711864407038e+02
6.475073446327683087e+02
6.466576271186440863e+02
6.458406779661016799e+02
6.450440677966100793e+02
6.442802259887005221e+02
6.435661016949152327e+02
6.428881355932203405e+02
6.422406779661016571e+02
6.416497175141241769e+02
6.411096045197739386e+02
6.406124293785310329e+02
6.401615819209039273e+02
6.397604519774010896e+02
6.394327683615819069e+02
6.391502824858756640e+02
6.389333333333333940e+02
6.387785310734462882e+02
6.386813559322033598e+02
6.386564971751412259e+02
6.387039548022598865e+02
6.388192090395480136e+02
6.389966101694915324e+02
6.392451977401129852e+02
6.395943502824859479e+02
6.399966101694915324e+02
6.404711864406779114e+02
6.410237288135592735e+02
6.416395480225988877e+02
6.423141242937853121e+02
6.430508474576271283e+02
6.438508474576271965e+02
6.446994350282486721e+02
6.456011299435028832e+02
6.465468926553672873e+02
6.473796610169491714e+02
6.480847457627118047e+02
6.486723163841808173e+02
6.491491525423729172e+02
6.495073446327684223e+02
6.497265536723164132e+02
6.498384180790960727e+02
6.498203389830508740e+02
6.496779661016948921e+02
6.494203389830508968e+02
6.490327683615819296e+02
6.485265536723163677e+02
6.479141242937853349e+02
6.471751412429377979e+02
6.463220338983051079e+02
6.453548022598869238e+02
6.443672316384180476e+02
6.434316384180790465e+02
6.425649717514124859e+02
6.417502824858756867e+02
6.410011299435027468e+02
6.403084745762712373e+02
6.396949152542372303e+02
6.391604519774011806e+02
6.386847457627118274e+02
6.382870056497175710e+02
6.379672316384180704e+02
6.377186440677965038e+02
6.375344632768360498e+02
6.374180790960451759e+02
6.373864406779661067e+02
6.374350282485875141e+02
6.375457627118644268e+02
6.377355932203389557e+02
6.379853107344632690e+02
6.383062146892655164e+02
6.387062146892656074e+02
6.391661016949151417e+02
6.396802259887006130e+02
6.402463276836157320e+02
6.408903954802259477e+02
6.415706214689264471e+02
6.423186440677964129e+02
6.431062146892654710e+02
6.439514124293784789e+02
6.448214689265535071e+02
6.457310734463276276e+02
6.466689265536722360e+02
6.475853107344630644e+02
6.483740112994348692e+02
6.490225988700562993e+02
6.495333333333333030e+02
6.498892655367230873e+02
6.500847457627116910e+02
6.501536723163841316e+02
6.500621468926552780e+02
6.498112994350281042e+02
6.494192090395479227e+02
6.488768361581919635e+02
6.482067796610168671e+02
6.473977401129943701e+02
6.464587570621467876e+02
6.455118644067796367e+02
6.446112994350281724e+02
6.437401129943502838e+02
6.428971751412429967e+02
6.421129943502825199e+02
6.413468926553672418e+02
6.406327683615818387e+02
6.399627118644067423e+02
6.393536723163841771e+02
6.388033898305084222e+02
6.383005649717514416e+02
6.378677966101695347e+02
6.374768361581920999e+02
6.371423728813559819e+02
6.368915254237288082e+02
6.366915254237287627e+02
6.365514124293786153e+02
6.364802259887005675e+02
6.364903954802259705e+02
6.365593220338982974e+02
6.367186440677966175e+02
6.369548022598869466e+02
6.372451977401128715e+02
6.376079096045198185e+02
6.380610169491525312e+02
6.385807909604519637e+02
6.391672316384181158e+02
6.398146892655365718e+02
6.405457627118644268e+02
6.413254237288135755e+02
6.421435028248588424e+02
6.430146892655367310e+02
6.439107344632768672e+02
6.446768361581920317e+02
6.453491525423728490e+02
6.458971751412429967e+02
6.463163841807909193e+02
6.466135593220338933e+02
6.468079096045197502e+02
6.468531073446326900e+02
6.467988700564972078e+02
6.466124293785310329e+02
6.463242937853108288e+02
6.458994350282486039e+02
6.453661016949151872e+02
6.446983050847456980e+02
6.439468926553671508e+02
6.430666666666666060e+02
6.420734463276836550e+02
6.411276836158192509e+02
6.402259887005650398e+02
6.393762711864405901e+02
6.385638418079095118e+02
6.378305084745763907e+02
6.371649717514123950e+02
6.365672316384179794e+02
6.360146892655367310e+02
6.355570621468925765e+02
6.351593220338983201e+02
6.348305084745762770e+02
6.345762711864406356e+02
6.344000000000000909e+02
6.342824858757062430e+02
6.342316384180790010e+02
6.342531073446327810e+02
6.343593220338982519e+02
6.345220338983051533e+02
6.347502824858756867e+02
6.350508474576271283e+02
6.353988700564971168e+02
6.358124293785310783e+02
6.362994350282485811e+02
6.368350282485876050e+02
6.374248587570621112e+02
6.380677966101694665e+02
6.387638418079095572e+02
6.394971751412429057e+02
6.402666666666666515e+02
6.410689265536723269e+02
6.419096045197740068e+02
6.427796610169491487e+02
6.436723163841807036e+02
6.444440677966101703e+02
6.450632768361581384e+02
6.455378531073445174e+02
6.458779661016949376e+02
6.460700564971750737e+02
6.461175141242937343e+02
6.460214689265536663e+02
6.457604519774010896e+02
6.453514124293785699e+02
6.447977401129943473e+02
6.441016949152542566e+02
6.432926553672316459e+02
6.424180790960451759e+02
6.415638418079095118e+02
6.407423728813558910e+02
6.399559322033899207e+02
6.391864406779661749e+02
6.384564971751412941e+02
6.377796610169491487e+02
6.371548022598869920e+02
6.365785310734463565e+02
6.360451977401130534e+02
6.355548022598870830e+02
6.351186440677965948e+02
6.347344632768362089e+02
6.344135593220339615e+02
6.341446327683615891e+02
6.339412429378531897e+02
6.338045197740113963e+02
6.337389830508475370e+02
6.337570621468926220e+02
6.338282485875706698e+02
6.339627118644068560e+02
6.341830508474575936e+02
6.344745762711863790e+02
6.348519774011299432e+02
6.352858757062147106e+02
6.357932203389830192e+02
6.363819209039547786e+02
6.370418079096044721e+02
6.377661016949152781e+02
6.385525423728813621e+02
6.393887005649717139e+02
6.402836158192089897e+02
6.412237288135593190e+02
6.421096045197739386e+02
6.428983050847457434e+02
6.435751412429378888e+02
6.441254237288135300e+02
6.445649717514124859e+02
6.448802259887005448e+02
6.450790960451977298e+02
6.451548022598869920e+02
6.451016949152542566e+02
6.449333333333333940e+02
6.446361581920904200e+02
6.442293785310735075e+02
6.437050847457627469e+02
6.430790960451977298e+02
6.423333333333332575e+02
6.414677966101695574e+02
6.404903954802259705e+02
6.395062146892655619e+02
6.385683615819209535e+02
6.376757062146892849e+02
6.368564971751412713e+02
6.361084745762711918e+02
6.354180790960451759e+02
6.347887005649718049e+02
6.342406779661016571e+02
6.337615819209039500e+02
6.333502824858758231e+02
6.330237288135593872e+02
6.327615819209040637e+02
6.325740112994350284e+02
6.324372881355932350e+02
6.323864406779661067e+02
6.324135593220339615e+02
6.325050847457628151e+02
6.326689265536723497e+02
6.329028248587570715e+02
6.331932203389831102e+02
6.335615819209040183e+02
6.339785310734463337e+02
6.344700564971751646e+02
6.350180790960451986e+02
6.356146892655367537e+02
6.362598870056497162e+02
6.369649717514124632e+02
6.377141242937852894e+02
6.384960451977401590e+02
6.393231638418079683e+02
6.401649717514126223e+02
6.410531073446328492e+02
6.419401129943503292e+02
6.426915254237289901e+02
6.432960451977402272e+02
6.437638418079095572e+02
6.440790960451977298e+02
6.442350282485876960e+02
6.442338983050847219e+02
6.440937853107345745e+02
6.437932203389830192e+02
6.433570621468926447e+02
6.427774011299435415e+02
6.420632768361582521e+02
6.412090395480225880e+02
6.402790960451977753e+02
6.393954802259887629e+02
6.384971751412430194e+02
6.376553672316383654e+02
6.368519774011299432e+02
6.360700564971750737e+02
6.353367231638418389e+02
6.346440677966102157e+02
6.339898305084745971e+02
6.334067796610170262e+02
6.328531073446328037e+02
6.323649717514124404e+02
6.319197740112995234e+02
6.315435028248588196e+02
6.312158192090396369e+02
6.309559322033899207e+02
6.307751412429379343e+02
6.306632768361582748e+02
6.306011299435028832e+02
6.306293785310734847e+02
6.307276836158193873e+02
6.309062146892656529e+02
6.311480225988700568e+02
6.314711864406780251e+02
6.318587570621468785e+02
6.323344632768362317e+02
6.328757062146892167e+02
6.334971751412429057e+02
6.341649717514123950e+02
6.348949152542372758e+02
6.356949152542372303e+02
6.365355932203390239e+02
6.374271186440678321e+02
6.382847457627119638e+02
6.390406779661018390e+02
6.396723163841808173e+02
6.401819209039548468e+02
6.405661016949152327e+02
6.408305084745762770e+02
6.409864406779661294e+02
6.410101694915254029e+02
6.409039548022599320e+02
6.406926553672317368e+02
6.403525423728813166e+02
6.398836158192090124e+02
6.392903954802259250e+02
6.385841807909605450e+02
6.377615819209040637e+02
6.368474576271187289e+02
6.358621468926553462e+02
6.349107344632768672e+02
6.340214689265537800e+02
6.331898305084746426e+02
6.324112994350282406e+02
6.316881355932204087e+02
6.310406779661017254e+02
6.304644067796610898e+02
6.299491525423729854e+02
6.294949152542374122e+02
6.291118644067797732e+02
6.288056497175141430e+02
6.285649717514124859e+02
6.283751412429380707e+02
6.282734463276837005e+02
6.282327683615819751e+02
6.282700564971752328e+02
6.283570621468927584e+02
6.285231638418079001e+02
6.287389830508475370e+02
6.290282485875707152e+02
6.293830508474577528e+02
6.298033898305084222e+02
6.302824858757062430e+02
6.308169491525424064e+02
6.314180790960452896e+02
6.320531073446328492e+02
6.327367231638419298e+02
6.334576271186441545e+02
6.342135593220339160e+02
6.350045197740114418e+02
6.358372881355933259e+02
6.366892655367232692e+02
6.375638418079097391e+02
6.383050847457627697e+02
6.389242937853107378e+02
6.393864406779662204e+02
6.396960451977402045e+02
6.398677966101695347e+02
6.398915254237290355e+02
6.397491525423729399e+02
6.394779661016950740e+02
6.390621468926555053e+02
6.384903954802260841e+02
6.377966101694916006e+02
6.369740112994350056e+02
6.361141242937853804e+02
6.352757062146893077e+02
6.344677966101695574e+02
6.336836158192090807e+02
6.329344632768362544e+02
6.322406779661017708e+02
6.315853107344632917e+02
6.309604519774011351e+02
6.303853107344632463e+02
6.298655367231638138e+02
6.293807909604520319e+02
6.289661016949153236e+02
6.285954802259886947e+02
6.282960451977401135e+02
6.280576271186441772e+02
6.278870056497175938e+02
6.277548022598870148e+02
6.277028248587571397e+02
6.277401129943502838e+02
6.278316384180791374e+02
6.279932203389830647e+02
6.282259887005650398e+02
6.285457627118644268e+02
6.289254237288135982e+02
6.293807909604520319e+02
6.299084745762712600e+02
6.304960451977401590e+02
6.311581920903954597e+02
6.318790960451977980e+02
6.326564971751413395e+02
6.334892655367232237e+02
6.343638418079096937e+02
6.352621468926554371e+02
6.360474576271187743e+02
6.367367231638418161e+02
6.373062146892655164e+02
6.377672316384181386e+02
6.380971751412430422e+02
6.383254237288135755e+02
6.384305084745762997e+02
6.384293785310735529e+02
6.383073446327684906e+02
6.380621468926553916e+02
6.376937853107345973e+02
6.372158192090396369e+02
6.366418079096046085e+02
6.359525423728814530e+02
6.351570621468927129e+02
6.342497175141243133e+02
6.333039548022597955e+02
6.323853107344632463e+02
6.315254237288136210e+02
6.307129943502825427e+02
6.299627118644068560e+02
6.292779661016950286e+02
6.286632768361582748e+02
6.281152542372881271e+02
6.276531073446327582e+02
6.272519774011299205e+02
6.269254237288134846e+02
6.266610169491525539e+02
6.264598870056497617e+02
6.263288135593220431e+02
6.262644067796609306e+02
6.262632768361581839e+02
6.263491525423728490e+02
6.264983050847457662e+02
6.267129943502825427e+02
6.269977401129942791e+02
6.273435028248587741e+02
6.277468926553672190e+02
6.282225988700564585e+02
6.287446327683614982e+02
6.293310734463276503e+02
6.299548022598869466e+02
6.306395480225988877e+02
6.313796610169490577e+02
6.321412429378531215e+02
6.329514124293784789e+02
6.338022598870056754e+02
6.346790960451977526e+02
6.355299435028248354e+02
6.362361581920904428e+02
6.368203389830508740e+02
6.372564971751412486e+02
6.375581920903954369e+02
6.377050847457627469e+02
6.377152542372881499e+02
6.375706214689265607e+02
6.372824858757062430e+02
6.368700564971751419e+02
6.363084745762712373e+02
6.356158192090395005e+02
6.347977401129944610e+02
6.338610169491524857e+02
6.329389830508474688e+02
6.320531073446327355e+02
6.311943502824858570e+02
6.303570621468927584e+02
6.295796610169492169e+02
6.288214689265537345e+02
6.281050847457627242e+02
6.274485875706213847e+02
6.268248587570622021e+02
6.262621468926554371e+02
6.257502824858756867e+02
6.252847457627118501e+02
6.248666666666666742e+02
6.245129943502824972e+02
6.242259887005649261e+02
6.239909604519773438e+02
6.238293785310734165e+02
6.237378531073445629e+02
6.237129943502825427e+02
6.237559322033897615e+02
6.238700564971751419e+02
6.240564971751413168e+02
6.243220338983051079e+02
6.246689265536723497e+02
6.250983050847457889e+02
6.255796610169491032e+02
6.261231638418079228e+02
6.267457627118644723e+02
6.274112994350282406e+02
6.281468926553673100e+02
6.289378531073446084e+02
6.297717514124294667e+02
6.306372881355932805e+02
6.314282485875706925e+02
6.320994350282485357e+02
6.326553672316383654e+02
6.331028248587570033e+02
6.334463276836158911e+02
6.336553672316383654e+02
6.337468926553672190e+02
6.337288135593220204e+02
6.335875706214690126e+02
6.333367231638417252e+02
6.329661016949153236e+02
6.324689265536724179e+02
6.318587570621468785e+02
6.311480225988700568e+02
6.303186440677966402e+02
6.293807909604520319e+02
6.284824858757061747e+02
6.276271186440678775e+02
6.268248587570622021e+02
6.260757062146892622e+02
6.253774011299435642e+02
6.247457627118644723e+02
6.241841807909604540e+02
6.236847457627118274e+02
6.232485875706214529e+02
6.228802259887006585e+02
6.225751412429378888e+02
6.223378531073446993e+02
6.221774011299435188e+02
6.220802259887004766e+02
6.220237288135592735e+02
6.220610169491525312e+02
6.221491525423728035e+02
6.222903954802259250e+02
6.224949152542371849e+02
6.227638418079095572e+02
6.230937853107344608e+02
6.234937853107344381e+02
6.239401129943502156e+02
6.244531073446328264e+02
6.250271186440677411e+02
6.256384180790960272e+02
6.262824858757061293e+02
6.269751412429377524e+02
6.276971751412429512e+02
6.284598870056496480e+02
6.292440677966101248e+02
6.300519774011299887e+02
6.308689265536722814e+02
6.316677966101694892e+02
6.323028248587570488e+02
6.328079096045197502e+02
6.331774011299435188e+02
6.333875706214689671e+02
6.334553672316384336e+02
6.333717514124293757e+02
6.331694915254237230e+02
6.327875706214689444e+02
6.322949152542372531e+02
6.316802259887006130e+02
6.309129943502824744e+02
6.301005649717515098e+02
6.293107344632768445e+02
6.285604519774010441e+02
6.278214689265537345e+02
6.271322033898304653e+02
6.264790960451977071e+02
6.258576271186440181e+02
6.252847457627118501e+02
6.247627118644068105e+02
6.242870056497174573e+02
6.238723163841807491e+02
6.235005649717513734e+02
6.231841807909604540e+02
6.229344632768362544e+02
6.227344632768362089e+02
6.225796610169491032e+02
6.224881355932204769e+02
6.224723163841808855e+02
6.225175141242939389e+02
6.226576271186440863e+02
6.228485875706214756e+02
6.231152542372881271e+02
6.234542372881356869e+02
6.238711864406780023e+02
6.243468926553673555e+02
6.248994350282487176e+02
6.255141242937853576e+02
6.262011299435029059e+02
6.269525423728814530e+02
6.277525423728814076e+02
6.286146892655367537e+02
6.295186440677966857e+02
6.304813559322034280e+02
6.313288135593220431e+02
6.320870056497175256e+02
6.327197740112994779e+02
6.332350282485876960e+02
6.336497175141244043e+02
6.339593220338983883e+02
6.341344632768361862e+02
6.342056497175142340e+02
6.341604519774011806e+02
6.339966101694916460e+02
6.337175141242939844e+02
6.333265536723165496e+02
6.328158192090397733e+02
6.322033898305086268e+02
6.314689265536724179e+02
6.306316384180792056e+02
6.296813559322034735e+02
6.287096045197740750e+02
6.277909604519775257e+02
6.269220338983051306e+02
6.261141242937853804e+02
6.253706214689266289e+02
6.246926553672317368e+02
6.240802259887007040e+02
6.235288135593220886e+02
6.230689265536724406e+02
6.226576271186442000e+02
6.223389830508476734e+02
6.220689265536724406e+02
6.218723163841808628e+02
6.217367231638419298e+02
6.216757062146893986e+02
6.216870056497175483e+02
6.217661016949153918e+02
6.219050847457627924e+02
6.221220338983052898e+02
6.224000000000000909e+02
6.227344632768363226e+02
6.231435028248588424e+02
6.236056497175143249e+02
6.241107344632769127e+02
6.246847457627120548e+02
6.253175141242938935e+02
6.259932203389831784e+02
6.266960451977402045e+02
6.274372881355933487e+02
6.282316384180792284e+02
6.290451977401130534e+02
6.298768361581921909e+02
6.306101694915255393e+02
6.312067796610169808e+02
6.316790960451978663e+02
6.320090395480226562e+02
6.321853107344634282e+02
6.322180790960453578e+02
6.321062146892655846e+02
6.318508474576271965e+02
6.314598870056497617e+02
6.309344632768362544e+02
6.302700564971753465e+02
6.294757062146893531e+02
6.285762711864407493e+02
6.277050847457628606e+02
6.268564971751413850e+02
6.260338983050849038e+02
6.252350282485876960e+02
6.244711864406780251e+02
6.237548022598871285e+02
6.230666666666667197e+02
6.224214689265537572e+02
6.218316384180792511e+02
6.212858757062147106e+02
6.207966101694917143e+02
6.203581920903957325e+02
6.199570621468928948e+02
6.196225988700566631e+02
6.193423728813561411e+02
6.191152542372883545e+02
6.189694915254237912e+02
6.188745762711865837e+02
6.188531073446329174e+02
6.188847457627118729e+02
6.190203389830510332e+02
6.192045197740114872e+02
6.194542372881358006e+02
6.197909604519775257e+02
6.201954802259888311e+02
6.206768361581922591e+02
6.211954802259888311e+02
6.218033898305086495e+02
6.224395480225989559e+02
6.231288135593222250e+02
6.238768361581923045e+02
6.246768361581922591e+02
6.254847457627120093e+02
6.261706214689268108e+02
6.267683615819209990e+02
6.272440677966103522e+02
6.275943502824860616e+02
6.278361581920905792e+02
6.279762711864408402e+02
6.279807909604521683e+02
6.278802259887007722e+02
6.276790960451978663e+02
6.273502824858758231e+02
6.269050847457629061e+02
6.263344632768363454e+02
6.256519774011301251e+02
6.248508474576273102e+02
6.239548022598871739e+02
6.230451977401132808e+02
6.221875706214691490e+02
6.213694915254238822e+02
6.206225988700566631e+02
6.199152542372883090e+02
6.192689265536724861e+02
6.186757062146893986e+02
6.181559322033899662e+02
6.176892655367232692e+02
6.172903954802261524e+02
6.169785310734464474e+02
6.167152542372882635e+02
6.165220338983052670e+02
6.163875706214690808e+02
6.163254237288136892e+02
6.163265536723165496e+02
6.163898305084746880e+02
6.165073446327685360e+02
6.166994350282486721e+02
6.169615819209041092e+02
6.172689265536724861e+02
6.176406779661018618e+02
6.180779661016949831e+02
6.185548022598870830e+02
6.190926553672318278e+02
6.196768361581922591e+02
6.202949152542374804e+02
6.209728813559323726e+02
6.216779661016951195e+02
6.224180790960454033e+02
6.232067796610170944e+02
6.240079096045199094e+02
6.248372881355933259e+02
6.256824858757063339e+02
6.264621468926554826e+02
6.270790960451979572e+02
6.275807909604520773e+02
6.279367231638419753e+02
6.281446327683617028e+02
6.282090395480227016e+02
6.281333333333334394e+02
6.279096045197741205e+02
6.275389830508474915e+02
6.270361581920906247e+02
6.264056497175142795e+02
6.256485875706216575e+02
6.248146892655369129e+02
6.239898305084747108e+02
6.232180790960453578e+02
6.224497175141243588e+02
6.217242937853109197e+02
6.210474576271187743e+02
6.203988700564973442e+02
6.197920903954803862e+02
6.192361581920905564e+02
6.187265536723166406e+02
6.182508474576272874e+02
6.178259887005651763e+02
6.174598870056497617e+02
6.171491525423730309e+02
6.169039548022599320e+02
6.167152542372882635e+02
6.165830508474577982e+02
6.165242937853108742e+02
6.165310734463278095e+02
6.166056497175143249e+02
6.167502824858759141e+02
6.169570621468927811e+02
6.172372881355934169e+02
6.176056497175143249e+02
6.180327683615820433e+02
6.185254237288137347e+02
6.190994350282487630e+02
6.197367231638420435e+02
6.204248587570622249e+02
6.211649717514126223e+02
6.219762711864408402e+02
6.228395480225990468e+02
6.237412429378532579e+02
6.246429378531074690e+02
6.254259887005650853e+02
6.261028248587572307e+02
6.266644067796611353e+02
6.271209039548024293e+02
6.274508474576273329e+02
6.276892655367233829e+02
6.278045197740113963e+02
6.278067796610171172e+02
6.276881355932205224e+02
6.274632768361582293e+02
6.271231638418080365e+02
6.266723163841809310e+02
6.261107344632769127e+02
6.254259887005650853e+02
6.246429378531074690e+02
6.237525423728815213e+02
6.228158192090397733e+02
6.219265536723165724e+02
6.210802259887007040e+02
6.202937853107346200e+02
6.195638418079097391e+02
6.189028248587571852e+02
6.182971751412430876e+02
6.177581920903955961e+02
6.172915254237288991e+02
6.168915254237290355e+02
6.165559322033900571e+02
6.162802259887007494e+02
6.160858757062148925e+02
6.159502824858758459e+02
6.158892655367233147e+02
6.158858757062148470e+02
6.159548022598871739e+02
6.160677966101695802e+02
6.162824858757063566e+02
6.165468926553674009e+02
6.168790960451979117e+02
6.172745762711865609e+02
6.177242937853108060e+02
6.182305084745764816e+02
6.187932203389832466e+02
6.194033898305086723e+02
6.200519774011299887e+02
6.207638418079097846e+02
6.215005649717514871e+02
6.222790960451977753e+02
6.230700564971753010e+02
6.239107344632769809e+02
6.247016949152543930e+02
6.253514124293785699e+02
6.258937853107345290e+02
6.262711864406780933e+02
6.265096045197741432e+02
6.265977401129944155e+02
6.265627118644069924e+02
6.263604519774012260e+02
6.260305084745764361e+02
6.255706214689266744e+02
6.249638418079096027e+02
6.242621468926554371e+02
6.234101694915254939e+02
6.225446327683616801e+02
6.217163841807910103e+02
6.209039548022599320e+02
6.201276836158192509e+02
6.193830508474576391e+02
6.186824858757062202e+02
6.180271186440677411e+02
6.174271186440678321e+02
6.168587570621468785e+02
6.163242937853108288e+02
6.158463276836159821e+02
6.154214689265536435e+02
6.150508474576272420e+02
6.147322033898306017e+02
6.144621468926553689e+02
6.142689265536723724e+02
6.141378531073446538e+02
6.140824858757061975e+02
6.140847457627119184e+02
6.141548022598871057e+02
6.143050847457627697e+02
6.145209039548024066e+02
6.148090395480227244e+02
6.151638418079096482e+02
6.155954802259886947e+02
6.160937853107345745e+02
6.166621468926554144e+02
6.172847457627119638e+02
6.179807909604519409e+02
6.187299435028248809e+02
6.195299435028249491e+02
6.203559322033898979e+02
6.212316384180792284e+02
6.220146892655368447e+02
6.226768361581921454e+02
6.232271186440679003e+02
6.236666666666667425e+02
6.239785310734464474e+02
6.241853107344633145e+02
6.242723163841808400e+02
6.242316384180792284e+02
6.240655367231638593e+02
6.237988700564972078e+02
6.234135593220339615e+02
6.228960451977402499e+02
6.222711864406780933e+02
6.215299435028248354e+02
6.206621468926554144e+02
6.197163841807910103e+02
6.187909604519774120e+02
6.179152542372880816e+02
6.171005649717512824e+02
6.163322033898305108e+02
6.156305084745763452e+02
6.149830508474576618e+02
6.144011299435028377e+02
6.138847457627118729e+02
6.134361581920904882e+02
6.130576271186440636e+02
6.127480225988701932e+02
6.125062146892655619e+02
6.123378531073445856e+02
6.122248587570620657e+02
6.121887005649716684e+02
6.122169491525423837e+02
6.123141242937853121e+02
6.124587570621467876e+02
6.127005649717514189e+02
6.129887005649717366e+02
6.133299435028247899e+02
6.137378531073446766e+02
6.142169491525423837e+02
6.147581920903954824e+02
6.153378531073446993e+02
6.159796610169491942e+02
6.166564971751413395e+02
6.173740112994350966e+02
6.181322033898304653e+02
6.189367231638418616e+02
6.197559322033898752e+02
6.206067796610169580e+02
6.214983050847457662e+02
6.223005649717514416e+02
6.229661016949153236e+02
6.234745762711863790e+02
6.238485875706214756e+02
6.240892655367231328e+02
6.241717514124293302e+02
6.241073446327684451e+02
6.238870056497175938e+02
6.235446327683616801e+02
6.230485875706215211e+02
6.224305084745762997e+02
6.216677966101694892e+02
6.207932203389830192e+02
6.199141242937853349e+02
6.190768361581921226e+02
6.182463276836158457e+02
6.174632768361582293e+02
6.167118644067796822e+02
6.160033898305084676e+02
6.153423728813559137e+02
6.147220338983050851e+02
6.141378531073446538e+02
6.136056497175140976e+02
6.131299435028248581e+02
6.127118644067796822e+02
6.123570621468926447e+02
6.120598870056496708e+02
6.118135593220338251e+02
6.116214689265536890e+02
6.115084745762711691e+02
6.114451977401129170e+02
6.114655367231637229e+02
6.115514124293785017e+02
6.117231638418079456e+02
6.119502824858756185e+02
6.122564971751412486e+02
6.126271186440677639e+02
6.130892655367231328e+02
6.135988700564971623e+02
6.141920903954801361e+02
6.148440677966101475e+02
6.155468926553671736e+02
6.163062146892655164e+02
6.171197740112994552e+02
6.179887005649717366e+02
6.188949152542372758e+02
6.197254237288134391e+02
6.204327683615817932e+02
6.210463276836158002e+02
6.215435028248587059e+02
6.219197740112994097e+02
6.221853107344633145e+02
6.223333333333333712e+02
6.223638418079096937e+02
6.222790960451977753e+02
6.220677966101695802e+02
6.217604519774010896e+02
6.213073446327683769e+02
6.207694915254237458e+02
6.201129943502824062e+02
6.193288135593220431e+02
6.184531073446328264e+02
6.175084745762711691e+02
6.166079096045198185e+02
6.157514124293785471e+02
6.149559322033898070e+02
6.142124293785310556e+02
6.135220338983051533e+02
6.129152542372881953e+02
6.123740112994350966e+02
6.118824858757062657e+02
6.114610169491525085e+02
6.111333333333334394e+02
6.108463276836158684e+02
6.106282485875706243e+02
6.104802259887005675e+02
6.104033898305085586e+02
6.103966101694916233e+02
6.104406779661017026e+02
6.105717514124294212e+02
6.107525423728814076e+02
6.109977401129942791e+02
6.113141242937851985e+02
6.117028248587570260e+02
6.121412429378531215e+02
6.126485875706214301e+02
6.131920903954802498e+02
6.137966101694914869e+02
6.144474576271186379e+02
6.151435028248587287e+02
6.158723163841808628e+02
6.166474576271186834e+02
6.174508474576271055e+02
6.182779661016949149e+02
6.191344632768361862e+02
6.198564971751412713e+02
6.204497175141243588e+02
6.209005649717514643e+02
6.212305084745762542e+02
6.214135593220339615e+02
6.214429378531074235e+02
6.213378531073446993e+02
6.211016949152542566e+02
6.207220338983049714e+02
6.202101694915254484e+02
6.195683615819208399e+02
6.188011299435027013e+02
6.179231638418078774e+02
6.170632768361581384e+02
6.162192090395479909e+02
6.154305084745762997e+02
6.146440677966102157e+02
6.139039548022599320e+02
6.131943502824858570e+02
6.125265536723163677e+02
6.119197740112995234e+02
6.113457627118643813e+02
6.108192090395480136e+02
6.103446327683616346e+02
6.099310734463276731e+02
6.095751412429378888e+02
6.092632768361581839e+02
6.090214689265536663e+02
6.088553672316384109e+02
6.087401129943502838e+02
6.086949152542372303e+02
6.087084745762711009e+02
6.088045197740112826e+02
6.089694915254237912e+02
6.092214689265535981e+02
6.095355932203390239e+02
6.099242937853107378e+02
6.103819209039547786e+02
6.108937853107345290e+02
6.114824858757061747e+02
6.121322033898304653e+02
6.128542372881355504e+02
6.136225988700564358e+02
6.144531073446328264e+02
6.153107344632767308e+02
6.161536723163842453e+02
6.169107344632768672e+02
6.175412429378530987e+02
6.180666666666666060e+02
6.184926553672316913e+02
6.187943502824857660e+02
6.189853107344631553e+02
6.190519774011299887e+02
6.189966101694915324e+02
6.188316384180790237e+02
6.185604519774010441e+02
6.181683615819208626e+02
6.176632768361580474e+02
6.170372881355931440e+02
6.162903954802259250e+02
6.154350282485875141e+02
6.144745762711863790e+02
6.135457627118644268e+02
6.126564971751412259e+02
6.118271186440676956e+02
6.110564971751412031e+02
6.103457627118643813e+02
6.096971751412429512e+02
6.090949152542373213e+02
6.085819209039548241e+02
6.081355932203389330e+02
6.077615819209039500e+02
6.074237288135593644e+02
6.071774011299435188e+02
6.069954802259887856e+02
6.068644067796610670e+02
6.068011299435028150e+02
6.068067796610168898e+02
6.068824858757061520e+02
6.070316384180790692e+02
6.072237288135593190e+02
6.074983050847457662e+02
6.078372881355932122e+02
6.082418079096046313e+02
6.087005649717514189e+02
6.092011299435027922e+02
6.097627118644068105e+02
6.103717514124293757e+02
6.110327683615819296e+02
6.117389830508475370e+02
6.124802259887005675e+02
6.132429378531073780e+02
6.140350282485876505e+02
6.148666666666667879e+02
6.157152542372882635e+02
6.164915254237289446e+02
6.171231638418080365e+02
6.176124293785310329e+02
6.179694915254237912e+02
6.181649717514125086e+02
6.182305084745762542e+02
6.181401129943503747e+02
6.179163841807910558e+02
6.175457627118644268e+02
6.170451977401130534e+02
6.164067796610170262e+02
6.156508474576271510e+02
6.147796610169491487e+02
6.139220338983052443e+02
6.130949152542373213e+02
6.122903954802260387e+02
6.115288135593220886e+02
6.108000000000000682e+02
6.100949152542373213e+02
6.094576271186440408e+02
6.088406779661017936e+02
6.082779661016950286e+02
6.077593220338983429e+02
6.073073446327683769e+02
6.068971751412429967e+02
6.065593220338982974e+02
6.062700564971752328e+02
6.060338983050847901e+02
6.058745762711864700e+02
6.057774011299436552e+02
6.057514124293786608e+02
6.057864406779661977e+02
6.058937853107345290e+02
6.060847457627120320e+02
6.063401129943504202e+02
6.066632768361582748e+02
6.070677966101695802e+02
6.075514124293786153e+02
6.080937853107345745e+02
6.086994350282486721e+02
6.093774011299435642e+02
6.100983050847457889e+02
6.108677966101695347e+02
6.117028248587571397e+02
6.125762711864407493e+02
6.134542372881355732e+02
6.142101694915254484e+02
6.148666666666666742e+02
6.153954802259886492e+02
6.158293785310734165e+02
6.161480225988700568e+02
6.163502824858758231e+02
6.164327683615819069e+02
6.164169491525424291e+02
6.162711864406779796e+02
6.160214689265537800e+02
6.156361581920905337e+02
6.151581920903954597e+02
6.145502824858757549e+02
6.138316384180791374e+02
6.130101694915254029e+02
6.120598870056496708e+02
6.111401129943503747e+02
6.102858757062147106e+02
6.094700564971751646e+02
6.087197740112994779e+02
6.080203389830509195e+02
6.073943502824859024e+02
6.068214689265537345e+02
6.063231638418079683e+02
6.058903954802260614e+02
6.055209039548022929e+02
6.052045197740113736e+02
6.049740112994350056e+02
6.048045197740112826e+02
6.046870056497175483e+02
6.046519774011298978e+02
6.046802259887006130e+02
6.047706214689264925e+02
6.049186440677966630e+02
6.051502824858757776e+02
6.054293785310735529e+02
6.057661016949152781e+02
6.061683615819209763e+02
6.066146892655367537e+02
6.071197740112994552e+02
6.076858757062146879e+02
6.082836158192089897e+02
6.089389830508474688e+02
6.096350282485875596e+02
6.103728813559321225e+02
6.111378531073446538e+02
6.119242937853107378e+02
6.127457627118644723e+02
6.135209039548024066e+02
6.141830508474577073e+02
6.147016949152543930e+02
6.150689265536724406e+02
6.152960451977402272e+02
6.153898305084746880e+02
6.153355932203389784e+02
6.151288135593221114e+02
6.147887005649718049e+02
6.143197740112995007e+02
6.137310734463278550e+02
6.130158192090395914e+02
6.121796610169492396e+02
6.113118644067797050e+02
6.104779661016949603e+02
6.096564971751413395e+02
6.088644067796610670e+02
6.081084745762713055e+02
6.073887005649717139e+02
6.067107344632768218e+02
6.060757062146892622e+02
6.054802259887005675e+02
6.049186440677966630e+02
6.044079096045197730e+02
6.039627118644068560e+02
6.035525423728813621e+02
6.032101694915254484e+02
6.029242937853107378e+02
6.026983050847458117e+02
6.025344632768362771e+02
6.024316384180791601e+02
6.024067796610170262e+02
6.024519774011299660e+02
6.025694915254237003e+02
6.027604519774010896e+02
6.030225988700565267e+02
6.033480225988701022e+02
6.037638418079095572e+02
6.042248587570620657e+02
6.047468926553672190e+02
6.053627118644067195e+02
6.060033898305084676e+02
6.067118644067796822e+02
6.074949152542372985e+02
6.082915254237287854e+02
6.091514124293785244e+02
6.099672316384180704e+02
6.106734463276836777e+02
6.112700564971751191e+02
6.117627118644068105e+02
6.121457627118643359e+02
6.124101694915254939e+02
6.125514124293786153e+02
6.125875706214688989e+02
6.125197740112994325e+02
6.123209039548022474e+02
6.120203389830508058e+02
6.116000000000000227e+02
6.110779661016949831e+02
6.104259887005649716e+02
6.096632768361580474e+02
6.087830508474576163e+02
6.078757062146892167e+02
6.070259887005648807e+02
6.061932203389829965e+02
6.054293785310733256e+02
6.047310734463276276e+02
6.040892655367231328e+02
6.034937853107344381e+02
6.029683615819208171e+02
6.025096045197740295e+02
6.021062146892654710e+02
6.017785310734462882e+02
6.014994350282486266e+02
6.013016949152543020e+02
6.011525423728812711e+02
6.010813559322032233e+02
6.010655367231637456e+02
6.011175141242937343e+02
6.012497175141241996e+02
6.014305084745761860e+02
6.016892655367230418e+02
6.019999999999998863e+02
6.023807909604518045e+02
6.028022598870056754e+02
6.032824858757061293e+02
6.038225988700564812e+02
6.044090395480225197e+02
6.050564971751412031e+02
6.057322033898304880e+02
6.064395480225987285e+02
6.071774011299435188e+02
6.079502824858757322e+02
6.087581920903954824e+02
6.095977401129941882e+02
6.103898305084744607e+02
6.110508474576270146e+02
6.115830508474575709e+02
6.119864406779660158e+02
6.122519774011298068e+02
6.123717514124293757e+02
6.123570621468925310e+02
6.122112994350280815e+02
6.119152542372880816e+02
6.114903954802259705e+02
6.109367231638418616e+02
6.102711864406778659e+02
6.094994350282486266e+02
6.086474576271185697e+02
6.078248587570620884e+02
6.070361581920902836e+02
6.062677966101693983e+02
6.055333333333333030e+02
6.048384180790960727e+02
6.041717514124293302e+02
6.035661016949152327e+02
6.029943502824858115e+02
6.024723163841807718e+02
6.020146892655366173e+02
6.015932203389829738e+02
6.012440677966101248e+02
6.009423728813558228e+02
6.006858757062145742e+02
6.005073446327683087e+02
6.003966101694913959e+02
6.003525423728813166e+02
6.003615819209039728e+02
6.004497175141242451e+02
6.006090395480225652e+02
6.008305084745761633e+02
6.011355932203389330e+02
6.014971751412429057e+02
6.019389830508473551e+02
6.024361581920903745e+02
6.030135593220338706e+02
6.036429378531072416e+02
6.043389830508474461e+02
6.050926553672316004e+02
6.058813559322034052e+02
6.067163841807908966e+02
6.075898305084745061e+02
6.083672316384180476e+02
6.090418079096044721e+02
6.096180790960452214e+02
6.100949152542373213e+02
6.104508474576271055e+02
6.107039548022598865e+02
6.108474576271187289e+02
6.108757062146892167e+02
6.108033898305084222e+02
6.106045197740112371e+02
6.102971751412429740e+02
6.098926553672315549e+02
6.093751412429378433e+02
6.087536723163841543e+02
6.080158192090395914e+02
6.071932203389831102e+02
6.062779661016949149e+02
6.054090395480226334e+02
6.045954802259886947e+02
6.038305084745761633e+02
6.031175141242938480e+02
6.024587570621470149e+02
6.018677966101695347e+02
6.013333333333333712e+02
6.008531073446326900e+02
6.004463276836157775e+02
6.000870056497174119e+02
5.997954802259887401e+02
5.995683615819209535e+02
5.993977401129943701e+02
5.992892655367231782e+02
5.992576271186439953e+02
5.992870056497174573e+02
5.993751412429378433e+02
5.995378531073447448e+02
5.997559322033898752e+02
6.000192090395480591e+02
6.003502824858758231e+02
6.007401129943502838e+02
6.011920903954802498e+02
6.016813559322034735e+02
6.022305084745762542e+02
6.028282485875706698e+02
6.034519774011299660e+02
6.041423728813559819e+02
6.048463276836157547e+02
6.055717514124294212e+02
6.063288135593220431e+02
6.071242937853107833e+02
6.077853107344633372e+02
6.083209039548023611e+02
6.087175141242938707e+02
6.089807909604520546e+02
6.091152542372882408e+02
6.090937853107345745e+02
6.089299435028249263e+02
6.086248587570621567e+02
6.081887005649718958e+02
6.076305084745763452e+02
6.069457627118645178e+02
6.061468926553673100e+02
6.053220338983051079e+02
6.045096045197740295e+02
6.037355932203390694e+02
6.029875706214689899e+02
6.022757062146893077e+02
6.015932203389832011e+02
6.009548022598870602e+02
6.003581920903956188e+02
5.997887005649718049e+02
5.992711864406780933e+02
5.988067796610171172e+02
5.983785310734464247e+02
5.979988700564972532e+02
5.976734463276836777e+02
5.974180790960452896e+02
5.972101694915254484e+02
5.970757062146893759e+02
5.969977401129942791e+02
5.969875706214689899e+02
5.970361581920903973e+02
5.971706214689265835e+02
5.973706214689266289e+02
5.976451977401129625e+02
5.979954802259887856e+02
5.984056497175141658e+02
5.988802259887006585e+02
5.994214689265537572e+02
6.000282485875707152e+02
6.006836158192090807e+02
6.014011299435028377e+02
6.021796610169492396e+02
6.029909604519775712e+02
6.038587570621469922e+02
6.046903954802260159e+02
6.054079096045197730e+02
6.060225988700565267e+02
6.065435028248589333e+02
6.069468926553672645e+02
6.072316384180792284e+02
6.074056497175142795e+02
6.074677966101696711e+02
6.074124293785311011e+02
6.072293785310735075e+02
6.069288135593221796e+02
6.065197740112994325e+02
6.059898305084745971e+02
6.053457627118643813e+02
6.046033898305086041e+02
6.037378531073447903e+02
6.028067796610171172e+02
6.019163841807909421e+02
6.010836158192091716e+02
6.002949152542373668e+02
5.995559322033898297e+02
5.988847457627118729e+02
5.982666666666666515e+02
5.977197740112994779e+02
5.972372881355933032e+02
5.968135593220340525e+02
5.964451977401131444e+02
5.961423728813559819e+02
5.958994350282486039e+02
5.957288135593221341e+02
5.956158192090395005e+02
5.955627118644067650e+02
5.955683615819209535e+02
5.956519774011298978e+02
5.957774011299435415e+02
5.959694915254237912e+02
5.962350282485875823e+02
5.965627118644067650e+02
5.969242937853107378e+02
5.973581920903955051e+02
5.978350282485876050e+02
5.983593220338982519e+02
5.989333333333333940e+02
5.995468926553671736e+02
6.002011299435027922e+02
6.008870056497174801e+02
6.015932203389830875e+02
6.023468926553672418e+02
6.031073446327683314e+02
6.039062146892654255e+02
6.046451977401129625e+02
6.052418079096045176e+02
6.056915254237287627e+02
6.060203389830508058e+02
6.062112994350281951e+02
6.062519774011299205e+02
6.061638418079096482e+02
6.059446327683615436e+02
6.055864406779660385e+02
6.051084745762711918e+02
6.044994350282486266e+02
6.037830508474576163e+02
6.029796610169491942e+02
6.022022598870056527e+02
6.014463276836156638e+02
6.007129943502823153e+02
6.000225988700565267e+02
5.993638418079095800e+02
5.987344632768360952e+02
5.981412429378531215e+02
5.976169491525423609e+02
5.971152542372881271e+02
5.966621468926554144e+02
5.962711864406778659e+02
5.959288135593219522e+02
5.956214689265536890e+02
5.953807909604520319e+02
5.951932203389831102e+02
5.950779661016949831e+02
5.950259887005649944e+02
5.950259887005649944e+02
5.951016949152542566e+02
5.952429378531072643e+02
5.954576271186440408e+02
5.957401129943502838e+02
5.960802259887004766e+02
5.964949152542371849e+02
5.969706214689265380e+02
5.975141242937852439e+02
5.981163841807909876e+02
5.987796610169491487e+02
5.994926553672316913e+02
6.002553672316383881e+02
6.010587570621469240e+02
6.018949152542372758e+02
6.026203389830509423e+02
6.032429378531073780e+02
6.037796610169491487e+02
6.042146892655366628e+02
6.045344632768361635e+02
6.047412429378530305e+02
6.048497175141243360e+02
6.048519774011299432e+02
6.047401129943502838e+02
6.045288135593220886e+02
6.042045197740112599e+02
6.037570621468926220e+02
6.032271186440677866e+02
6.025853107344632917e+02
6.018316384180791374e+02
6.009943502824858115e+02
6.001299435028248581e+02
5.993141242937853121e+02
5.985502824858756412e+02
5.978474576271185015e+02
5.971785310734462655e+02
5.965864406779660385e+02
5.960474576271185470e+02
5.955649717514124859e+02
5.951355932203389330e+02
5.947683615819208853e+02
5.944870056497175028e+02
5.942621468926554371e+02
5.941062146892655846e+02
5.940192090395480591e+02
5.939875706214689899e+02
5.940271186440678548e+02
5.941254237288135300e+02
5.942870056497174573e+02
5.945084745762712828e+02
5.948011299435029287e+02
5.951480225988700568e+02
5.955446327683615664e+02
5.959887005649718503e+02
5.965197740112994325e+02
5.970847457627119184e+02
5.976802259887006130e+02
5.983299435028249036e+02
5.990045197740112144e+02
5.997367231638418161e+02
6.005062146892655619e+02
6.013016949152543020e+02
6.021197740112994552e+02
6.028632768361580929e+02
6.034790960451977071e+02
6.039672316384180704e+02
6.043039548022597955e+02
6.045299435028248354e+02
6.046090395480225652e+02
6.045717514124293075e+02
6.043841807909604995e+02
6.040677966101694665e+02
6.036271186440677639e+02
6.030451977401130534e+02
6.023593220338983656e+02
6.015457627118644268e+02
6.006723163841808173e+02
5.998022598870056754e+02
5.989570621468926674e+02
5.981446327683615891e+02
5.973762711864407038e+02
5.966384180790960272e+02
5.959231638418079910e+02
5.952666666666667652e+02
5.946497175141244043e+02
5.940711864406780478e+02
5.935468926553672873e+02
5.930711864406780478e+02
5.926519774011300115e+02
5.922836158192091034e+02
5.919559322033899207e+02
5.917096045197740750e+02
5.915288135593220886e+02
5.913943502824859024e+02
5.913514124293785699e+02
5.913683615819209081e+02
5.914519774011300797e+02
5.916067796610170717e+02
5.918497175141243360e+02
5.921491525423729172e+02
5.925141242937853576e+02
5.929468926553672645e+02
5.934553672316385473e+02
5.940146892655368447e+02
5.946451977401129625e+02
5.953344632768362317e+02
5.960723163841807946e+02
5.968587570621468785e+02
5.976847457627118274e+02
5.985152542372882181e+02
5.992440677966101248e+02
5.998598870056496253e+02
6.003898305084745743e+02
6.008056497175141430e+02
6.011039548022599774e+02
6.012983050847458344e+02
6.013830508474576391e+02
6.013457627118643813e+02
6.011977401129943246e+02
6.009423728813559364e+02
6.005627118644067650e+02
6.000723163841807946e+02
5.994689265536724179e+02
5.987480225988701932e+02
5.979118644067797277e+02
5.970090395480226562e+02
5.961423728813558682e+02
5.953197740112995007e+02
5.945457627118644268e+02
5.938237288135593417e+02
5.931548022598869920e+02
5.925548022598870830e+02
5.920045197740114418e+02
5.915288135593220886e+02
5.911016949152542566e+02
5.907389830508475370e+02
5.904406779661017026e+02
5.901943502824858570e+02
5.900338983050847901e+02
5.899141242937853349e+02
5.898598870056497390e+02
5.898723163841808628e+02
5.899446327683615436e+02
5.900802259887005903e+02
5.902677966101695120e+02
5.905175141242938253e+02
5.908203389830509877e+02
5.911887005649717821e+02
5.916090395480225652e+02
5.920711864406780478e+02
5.925864406779660385e+02
5.931491525423729172e+02
5.937683615819209990e+02
5.944135593220339615e+02
5.950926553672316004e+02
5.957977401129943473e+02
5.965423728813559592e+02
5.972983050847458344e+02
5.980711864406780478e+02
5.988056497175141430e+02
5.994079096045197730e+02
5.998824858757061520e+02
6.002192090395479909e+02
6.004293785310734393e+02
6.004870056497175028e+02
6.004112994350282406e+02
6.001943502824858570e+02
5.998451977401130080e+02
5.993683615819209081e+02
5.987830508474575026e+02
5.980666666666666060e+02
5.972621468926553234e+02
5.964892655367231100e+02
5.957581920903953687e+02
5.950519774011298750e+02
5.943796610169490577e+02
5.937581920903954824e+02
5.931559322033898525e+02
5.925966101694914414e+02
5.920757062146892622e+02
5.915920903954802270e+02
5.911638418079096482e+02
5.907774011299434278e+02
5.904745762711863790e+02
5.902101694915253347e+02
5.899977401129943928e+02
5.898451977401130080e+02
5.897378531073445629e+02
5.897129943502824290e+02
5.897751412429378206e+02
5.898711864406780023e+02
5.900485875706215211e+02
5.902926553672315322e+02
5.906022598870056299e+02
5.909920903954800906e+02
5.914497175141242451e+02
5.919898305084745971e+02
5.925593220338982974e+02
5.932169491525422700e+02
5.939186440677965493e+02
5.946858757062145742e+02
5.955039548022598410e+02
5.963525423728813166e+02
5.972463276836158457e+02
5.980847457627118047e+02
5.988124293785309646e+02
5.994451977401129170e+02
5.999559322033898070e+02
6.003672316384180476e+02
6.006745762711864245e+02
6.008632768361582066e+02
6.009288135593220659e+02
6.009005649717514643e+02
6.007570621468926220e+02
6.004858757062145287e+02
6.001175141242937343e+02
5.996384180790960272e+02
5.990350282485874231e+02
5.983401129943501928e+02
5.975242937853106469e+02
5.966180790960452214e+02
5.957276836158191600e+02
5.948768361581920772e+02
5.940937853107344608e+02
5.933638418079095800e+02
5.926915254237287627e+02
5.920881355932203860e+02
5.915480225988700340e+02
5.910598870056496708e+02
5.906395480225987740e+02
5.902847457627118501e+02
5.899932203389830647e+02
5.897593220338983429e+02
5.895853107344631781e+02
5.894790960451977071e+02
5.894485875706213847e+02
5.894802259887005675e+02
5.895706214689264471e+02
5.897435028248587514e+02
5.899728813559322589e+02
5.902429378531072643e+02
5.905954802259885810e+02
5.909875706214688762e+02
5.914463276836156638e+02
5.919661016949150962e+02
5.925435028248587059e+02
5.931401129943502610e+02
5.937875706214688307e+02
5.945016949152541201e+02
5.952406779661016571e+02
5.960124293785310101e+02
5.968305084745761633e+02
5.976418079096044949e+02
5.983401129943501928e+02
5.989062146892654255e+02
5.993288135593220431e+02
5.996237288135591825e+02
5.997740112994349602e+02
5.998056497175139157e+02
5.996881355932202950e+02
5.994440677966100566e+02
5.990779661016948694e+02
5.985796610169491032e+02
5.979468926553671508e+02
5.971966101694913505e+02
5.963310734463275367e+02
5.954384180790959817e+02
5.945785310734462428e+02
5.937435028248587514e+02
5.929276836158192054e+02
5.921570621468925992e+02
5.914316384180790465e+02
5.907197740112993642e+02
5.900711864406779341e+02
5.894564971751411804e+02
5.888903954802259477e+02
5.883694915254236548e+02
5.879141242937852212e+02
5.874983050847456525e+02
5.871401129943502610e+02
5.868542372881355504e+02
5.866282485875705106e+02
5.864519774011298523e+02
5.863570621468925310e+02
5.863288135593219295e+02
5.863604519774009987e+02
5.864655367231637229e+02
5.866395480225987740e+02
5.868983050847456298e+02
5.872158192090394095e+02
5.875796610169491032e+02
5.880327683615818160e+02
5.885446327683614527e+02
5.891141242937851530e+02
5.897457627118643586e+02
5.904271186440677184e+02
5.911559322033897388e+02
5.919367231638416342e+02
5.927514124293784334e+02
5.934858757062145287e+02
5.941107344632766853e+02
5.946485875706214301e+02
5.950564971751412031e+02
5.953548022598870375e+02
5.955435028248587059e+02
5.956045197740112371e+02
5.955649717514123722e+02
5.954124293785309874e+02
5.951559322033897388e+02
5.947864406779660840e+02
5.942960451977401135e+02
5.936858757062145742e+02
5.929615819209038818e+02
5.921344632768360725e+02
5.912225988700564585e+02
5.903378531073445856e+02
5.895220338983050397e+02
5.887389830508473096e+02
5.880180790960450850e+02
5.873299435028247899e+02
5.867152542372880362e+02
5.861468926553670826e+02
5.856429378531072416e+02
5.851920903954801361e+02
5.848101694915253574e+02
5.844881355932202496e+02
5.842305084745762542e+02
5.840327683615818160e+02
5.839197740112992960e+02
5.838564971751411576e+02
5.838519774011299432e+02
5.839096045197738931e+02
5.840338983050846764e+02
5.842237288135592053e+02
5.844587570621467876e+02
5.847683615819207716e+02
5.851163841807908739e+02
5.855355932203387965e+02
5.859966101694915324e+02
5.865129943502824972e+02
5.870757062146892622e+02
5.876915254237287627e+02
5.883322033898305108e+02
5.890169491525423382e+02
5.897288135593219067e+02
5.904768361581919862e+02
5.912429378531073780e+02
5.920305084745762088e+02
5.928045197740112826e+02
5.934542372881355732e+02
5.939796610169490805e+02
5.943593220338982519e+02
5.945999999999999091e+02
5.947062146892654937e+02
5.946700564971750964e+02
5.945005649717513734e+02
5.941920903954801361e+02
5.937638418079095572e+02
5.931932203389829965e+02
5.925299435028248354e+02
5.917401129943501701e+02
5.909389830508473551e+02
5.901615819209039273e+02
5.894158192090394550e+02
5.887118644067795685e+02
5.880305084745762088e+02
5.873830508474575254e+02
5.867694915254236321e+02
5.861966101694914641e+02
5.856790960451976389e+02
5.851943502824858570e+02
5.847548022598869011e+02
5.843864406779659930e+02
5.840723163841806809e+02
5.838011299435027013e+02
5.835819209039547104e+02
5.834395480225987285e+02
5.833627118644067195e+02
5.833344632768361180e+02
5.833841807909604995e+02
5.835084745762711691e+02
5.836983050847456980e+02
5.839751412429378661e+02
5.843186440677966402e+02
5.847118644067795685e+02
5.851785310734462655e+02
5.857163841807910103e+02
5.863129943502824517e+02
5.869581920903954142e+02
5.876723163841808173e+02
5.884406779661017026e+02
5.892576271186439953e+02
5.901129943502825199e+02
5.910011299435028604e+02
5.918011299435028150e+02
5.925062146892655619e+02
5.930847457627119184e+02
5.935807909604519637e+02
5.939672316384180704e+02
5.942508474576270601e+02
5.943999999999998636e+02
5.944463276836158911e+02
5.943932203389831557e+02
5.942271186440677866e+02
5.939378531073446084e+02
5.935423728813559592e+02
5.930361581920903973e+02
5.924271186440678321e+02
5.916915254237287627e+02
5.908485875706214756e+02
5.899627118644068560e+02
5.891016949152542566e+02
5.883084745762712373e+02
5.875615819209040183e+02
5.868621468926553462e+02
5.862192090395481046e+02
5.856485875706214301e+02
5.851220338983050624e+02
5.846723163841807036e+02
5.842836158192089897e+02
5.839412429378530760e+02
5.836768361581920317e+02
5.834711864406779114e+02
5.833367231638417252e+02
5.832610169491524630e+02
5.832451977401129852e+02
5.833028248587570488e+02
5.834225988700563903e+02
5.836056497175140976e+02
5.838497175141242224e+02
5.841288135593219977e+02
5.845028248587569806e+02
5.849118644067796140e+02
5.853875706214688535e+02
5.859084745762711464e+02
5.864881355932202496e+02
5.871028248587570033e+02
5.877502824858756867e+02
5.884553672316383199e+02
5.891853107344633145e+02
5.899796610169491942e+02
5.907694915254237458e+02
5.916011299435028832e+02
5.923073446327682632e+02
5.928813559322032916e+02
5.933197740112993870e+02
5.936158192090395005e+02
5.937819209039548696e+02
5.938067796610168898e+02
5.937039548022598865e+02
5.934576271186440408e+02
5.930836158192090579e+02
5.925785310734462428e+02
5.919717514124292848e+02
5.912305084745762542e+02
5.903785310734463110e+02
5.895231638418079001e+02
5.886858757062146879e+02
5.878802259887006585e+02
5.871062146892655846e+02
5.863378531073445856e+02
5.856440677966102157e+02
5.849649717514123495e+02
5.843186440677966402e+02
5.837186440677965038e+02
5.831830508474575936e+02
5.826960451977400908e+02
5.822621468926554371e+02
5.818768361581920772e+02
5.815457627118644268e+02
5.812745762711864472e+02
5.810564971751412031e+02
5.809141242937853349e+02
5.808598870056496253e+02
5.808610169491524857e+02
5.809412429378530760e+02
5.810745762711865154e+02
5.813016949152541883e+02
5.815898305084745061e+02
5.819502824858757322e+02
5.823796610169491714e+02
5.828644067796610670e+02
5.834237288135593644e+02
5.840180790960451986e+02
5.846870056497175483e+02
5.854214689265536435e+02
5.861853107344633145e+02
5.869841807909604086e+02
5.878406779661017936e+02
5.885932203389829738e+02
5.892338983050847219e+02
5.897672316384180249e+02
5.902011299435027922e+02
5.905242937853106469e+02
5.907389830508474233e+02
5.908485875706214756e+02
5.908327683615818842e+02
5.907096045197740750e+02
5.904666666666666970e+02
5.901152542372881271e+02
5.896497175141242906e+02
5.890598870056496708e+02
5.883570621468926447e+02
5.875581920903954369e+02
5.866519774011298978e+02
5.857796610169491487e+02
5.849672316384180704e+02
5.842079096045197275e+02
5.835039548022598410e+02
5.828361581920903518e+02
5.822338983050847219e+02
5.816881355932202950e+02
5.811988700564971850e+02
5.807649717514124177e+02
5.803988700564971168e+02
5.800960451977400680e+02
5.798361581920903518e+02
5.796553672316383654e+02
5.795367231638417707e+02
5.794723163841807718e+02
5.794757062146892395e+02
5.795389830508474915e+02
5.796531073446327582e+02
5.798440677966101475e+02
5.800870056497174119e+02
5.803751412429378433e+02
5.807355932203389557e+02
5.811525423728812711e+02
5.816282485875706243e+02
5.821265536723162768e+02
5.826711864406779569e+02
5.832711864406778659e+02
5.839096045197740068e+02
5.845694915254237003e+02
5.852768361581920544e+02
5.860079096045197957e+02
5.867627118644068105e+02
5.875491525423727808e+02
5.882203389830508513e+02
5.887627118644066968e+02
5.891728813559320770e+02
5.894293785310733256e+02
5.895751412429378888e+02
5.895762711864406356e+02
5.894316384180790465e+02
5.891615819209039273e+02
5.887536723163841543e+02
5.882350282485874686e+02
5.876045197740113508e+02
5.868531073446326900e+02
5.860372881355931440e+02
5.852474576271185924e+02
5.844644067796609761e+02
5.837265536723162995e+02
5.830146892655367310e+02
5.823322033898305108e+02
5.816779661016948921e+02
5.810824858757061975e+02
5.805265536723163677e+02
5.800101694915254029e+02
5.795412429378532124e+02
5.791333333333334394e+02
5.787638418079096709e+02
5.784564971751412941e+02
5.782090395480227016e+02
5.780237288135592735e+02
5.778824858757061520e+02
5.778214689265537345e+02
5.778338983050846309e+02
5.778949152542372758e+02
5.780350282485875368e+02
5.782519774011300342e+02
5.785310734463276958e+02
5.788858757062147333e+02
5.793039548022599092e+02
5.797943502824859934e+02
5.803446327683616346e+02
5.809536723163841998e+02
5.816305084745763452e+02
5.823468926553673555e+02
5.831005649717515098e+02
5.839016949152542111e+02
5.847423728813560047e+02
5.855480225988701477e+02
5.862474576271185924e+02
5.868531073446328037e+02
5.873502824858758231e+02
5.877446327683614982e+02
5.880237288135593872e+02
5.882033898305085131e+02
5.882598870056497162e+02
5.882146892655366628e+02
5.880655367231638593e+02
5.878146892655367992e+02
5.874248587570621112e+02
5.869423728813559364e+02
5.863446327683616346e+02
5.856531073446328719e+02
5.848418079096045403e+02
5.839412429378530760e+02
5.830870056497174119e+02
5.822689265536723724e+02
5.815050847457627015e+02
5.807943502824857660e+02
5.801276836158191372e+02
5.795231638418079001e+02
5.789807909604519409e+02
5.784915254237288309e+02
5.780610169491525312e+02
5.777016949152541656e+02
5.773807909604520319e+02
5.771401129943503747e+02
5.769457627118644041e+02
5.768146892655367992e+02
5.767627118644068105e+02
5.767514124293786608e+02
5.768067796610170035e+02
5.769355932203391149e+02
5.771175141242938480e+02
5.773672316384181613e+02
5.776734463276836777e+02
5.780293785310734620e+02
5.784451977401131444e+02
5.789129943502825881e+02
5.794214689265537572e+02
5.799762711864407265e+02
5.805841807909605450e+02
5.812248587570621794e+02
5.818937853107345290e+02
5.825988700564971623e+02
5.833378531073446993e+02
5.841028248587571170e+02
5.848338983050848583e+02
5.854146892655367083e+02
5.858915254237288082e+02
5.862372881355931895e+02
5.864463276836157775e+02
5.865209039548021792e+02
5.864677966101694437e+02
5.862915254237288991e+02
5.859853107344632690e+02
5.855638418079096255e+02
5.850101694915254029e+02
5.843581920903955051e+02
5.835807909604520773e+02
5.827502824858756867e+02
5.819209039548023839e+02
5.811536723163842453e+02
5.803954802259887629e+02
5.796553672316383654e+02
5.789491525423729854e+02
5.782858757062147106e+02
5.776497175141244043e+02
5.770587570621469240e+02
5.765288135593220886e+02
5.760271186440677411e+02
5.755728813559321679e+02
5.751728813559321907e+02
5.748372881355933259e+02
5.745491525423728945e+02
5.743310734463276503e+02
5.741762711864406583e+02
5.740881355932202723e+02
5.740463276836158002e+02
5.740790960451977298e+02
5.741785310734462655e+02
5.743593220338982519e+02
5.745875706214688989e+02
5.748960451977400226e+02
5.752644067796609306e+02
5.757028248587571397e+02
5.761853107344632008e+02
5.767288135593220204e+02
5.773367231638417252e+02
5.780090395480226562e+02
5.787220338983050851e+02
5.794734463276836323e+02
5.802576271186441090e+02
5.810531073446327355e+02
5.817389830508474233e+02
5.823355932203389784e+02
5.828429378531074008e+02
5.832225988700565722e+02
5.835039548022598410e+02
5.836677966101694892e+02
5.837220338983050851e+02
5.836757062146891712e+02
5.835231638418079001e+02
5.832440677966102385e+02
5.828711864406780023e+02
5.823796610169491714e+02
5.817841807909604768e+02
5.810836158192089442e+02
5.802689265536722587e+02
5.794067796610169125e+02
5.785999999999999091e+02
5.778418079096044266e+02
5.771310734463276049e+02
5.764790960451978208e+02
5.758847457627118729e+02
5.753265536723163223e+02
5.748327683615818842e+02
5.743977401129943701e+02
5.740158192090395914e+02
5.736881355932202950e+02
5.734293785310734393e+02
5.732146892655367765e+02
5.730655367231638593e+02
5.729819209039549150e+02
5.729570621468926674e+02
5.729966101694915324e+02
5.730949152542373213e+02
5.732485875706214529e+02
5.734519774011299660e+02
5.737276836158191600e+02
5.740587570621469240e+02
5.744361581920903745e+02
5.748779661016949376e+02
5.753570621468926447e+02
5.758779661016949376e+02
5.764418079096045631e+02
5.770553672316384564e+02
5.777005649717514189e+02
5.783661016949153009e+02
5.790542372881357096e+02
5.797830508474576163e+02
5.805220338983051533e+02
5.812485875706214529e+02
5.818542372881355504e+02
5.823344632768362317e+02
5.826745762711864245e+02
5.828926553672316686e+02
5.829830508474576618e+02
5.829355932203390012e+02
5.827717514124294667e+02
5.824666666666666970e+02
5.820440677966100793e+02
5.815220338983051533e+02
5.808757062146892167e+02
5.801242937853107833e+02
5.793774011299434505e+02
5.786485875706214301e+02
5.779412429378530760e+02
5.772723163841808400e+02
5.766361581920903063e+02
5.760259887005649944e+02
5.754655367231638365e+02
5.749514124293784789e+02
5.744610169491525085e+02
5.740225988700565267e+02
5.736429378531072416e+02
5.733084745762712373e+02
5.730237288135592735e+02
5.727875706214689444e+02
5.726158192090395005e+02
5.724870056497175028e+02
5.724361581920903745e+02
5.724576271186440408e+02
5.725322033898304426e+02
5.726757062146891712e+02
5.728926553672315549e+02
5.731785310734462655e+02
5.735254237288136210e+02
5.739367231638417479e+02
5.743999999999999773e+02
5.749446327683615436e+02
5.755536723163842225e+02
5.762067796610169808e+02
5.769242937853107378e+02
5.776870056497175483e+02
5.784971751412429057e+02
5.793401129943503065e+02
5.801344632768361862e+02
5.808451977401130080e+02
5.814350282485875141e+02
5.819254237288135982e+02
5.823096045197739841e+02
5.825977401129943019e+02
5.827694915254237458e+02
5.828361581920903518e+02
5.828045197740112826e+02
5.826497175141242906e+02
5.823841807909604995e+02
5.820056497175141885e+02
5.815310734463275821e+02
5.809480225988700113e+02
5.802485875706215666e+02
5.794519774011298523e+02
5.785446327683615664e+02
5.776757062146892849e+02
5.768564971751411576e+02
5.760847457627119184e+02
5.753502824858755957e+02
5.746790960451976389e+02
5.740655367231638593e+02
5.735005649717513734e+02
5.729898305084745971e+02
5.725649717514123722e+02
5.721728813559320770e+02
5.718338983050846309e+02
5.715740112994350284e+02
5.713796610169491714e+02
5.712180790960451304e+02
5.711457627118643359e+02
5.711265536723162768e+02
5.711706214689264698e+02
5.712768361581920544e+02
5.714395480225988422e+02
5.716542372881355050e+02
5.719197740112995234e+02
5.722463276836158457e+02
5.726338983050848128e+02
5.730621468926553916e+02
5.735412429378529851e+02
5.740768361581920090e+02
5.746316384180790919e+02
5.752350282485875823e+02
5.758757062146892167e+02
5.765502824858757549e+02
5.772429378531073780e+02
5.779774011299434733e+02
5.787028248587570260e+02
5.792802259887005221e+02
5.797310734463277413e+02
5.800497175141242678e+02
5.802542372881355277e+02
5.803016949152543020e+02
5.802406779661016571e+02
5.800361581920903973e+02
5.796937853107344836e+02
5.792361581920904428e+02
5.786723163841808173e+02
5.779875706214688762e+02
5.772011299435027922e+02
5.763807909604520319e+02
5.755920903954802270e+02
5.748282485875706698e+02
5.740847457627119184e+02
5.733672316384181613e+02
5.726847457627119411e+02
5.720418079096045858e+02
5.714225988700566177e+02
5.708361581920903518e+02
5.703062146892656301e+02
5.698203389830508740e+02
5.693638418079096937e+02
5.689751412429379798e+02
5.686327683615819524e+02
5.683389830508474461e+02
5.681129943502826336e+02
5.679378531073446084e+02
5.678406779661016799e+02
5.677977401129944610e+02
5.678169491525425201e+02
5.679197740112995234e+02
5.680666666666667197e+02
5.682949152542373668e+02
5.685966101694916688e+02
5.689559322033899207e+02
5.693593220338983656e+02
5.698305084745763907e+02
5.703661016949153009e+02
5.709536723163841998e+02
5.715864406779661522e+02
5.722711864406780933e+02
5.729932203389830647e+02
5.737548022598870148e+02
5.745276836158192282e+02
5.752067796610169808e+02
5.757762711864406810e+02
5.762531073446328946e+02
5.766056497175140976e+02
5.768700564971752556e+02
5.770271186440678548e+02
5.770734463276837687e+02
5.769988700564972532e+02
5.768203389830508740e+02
5.765299435028248354e+02
5.761322033898304653e+02
5.756214689265536890e+02
5.750180790960453123e+02
5.743028248587571625e+02
5.734915254237288309e+02
5.726960451977402045e+02
5.719401129943503292e+02
5.712463276836158457e+02
5.706011299435028832e+02
5.700056497175141885e+02
5.694542372881355732e+02
5.689548022598869466e+02
5.685163841807909648e+02
5.681333333333333258e+02
5.678192090395480136e+02
5.675559322033898297e+02
5.673491525423729627e+02
5.672033898305085131e+02
5.671129943502825199e+02
5.670903954802261069e+02
5.671129943502825199e+02
5.671920903954802498e+02
5.673435028248586605e+02
5.675593220338982974e+02
5.678079096045198639e+02
5.681322033898304653e+02
5.685050847457628151e+02
5.689389830508475825e+02
5.694225988700566177e+02
5.699378531073446084e+02
5.705141242937853576e+02
5.711186440677965948e+02
5.717706214689264925e+02
5.724610169491525085e+02
5.731694915254237230e+02
5.738915254237288082e+02
5.746587570621469467e+02
5.754576271186440408e+02
5.761728813559321907e+02
5.767728813559322134e+02
5.772497175141243133e+02
5.775920903954802270e+02
5.778033898305084222e+02
5.778926553672316686e+02
5.778598870056497390e+02
5.777084745762712146e+02
5.774282485875706925e+02
5.770282485875707152e+02
5.765197740112994325e+02
5.758779661016949376e+02
5.751480225988700568e+02
5.743355932203389784e+02
5.735559322033898297e+02
5.727988700564972078e+02
5.720700564971750737e+02
5.713785310734463110e+02
5.707209039548022247e+02
5.701062146892654710e+02
5.695378531073445174e+02
5.690146892655366173e+02
5.685412429378530987e+02
5.680971751412429285e+02
5.677141242937852894e+02
5.673943502824859024e+02
5.671231638418079228e+02
5.669152542372880816e+02
5.667480225988700795e+02
5.666666666666666288e+02
5.666451977401129625e+02
5.666960451977400908e+02
5.668146892655366855e+02
5.669977401129942791e+02
5.672542372881355277e+02
5.675796610169491032e+02
5.679514124293784789e+02
5.684056497175140521e+02
5.689197740112994097e+02
5.694836158192090352e+02
5.701186440677965948e+02
5.707853107344632235e+02
5.715242937853106469e+02
5.722960451977401135e+02
5.731220338983050624e+02
5.739299435028246990e+02
5.746745762711864245e+02
5.753152542372880589e+02
5.758485875706214756e+02
5.762949152542372531e+02
5.766259887005649034e+02
5.768542372881355504e+02
5.769751412429378661e+02
5.770011299435027468e+02
5.769118644067796140e+02
5.767265536723164132e+02
5.764305084745762997e+02
5.760248587570621339e+02
5.755220338983050397e+02
5.749265536723163450e+02
5.742135593220339160e+02
5.733909604519774348e+02
5.725163841807909648e+02
5.716802259887006130e+02
5.708983050847457434e+02
5.701593220338983201e+02
5.694757062146892395e+02
5.688429378531072871e+02
5.682576271186439953e+02
5.677480225988700795e+02
5.672892655367231782e+02
5.668813559322034052e+02
5.665378531073446311e+02
5.662463276836158457e+02
5.660124293785311238e+02
5.658305084745762770e+02
5.657310734463277413e+02
5.656824858757062202e+02
5.656960451977400908e+02
5.657661016949152781e+02
5.658937853107345290e+02
5.660655367231638593e+02
5.663084745762712373e+02
5.666135593220340070e+02
5.669638418079096027e+02
5.673615819209039728e+02
5.678079096045198639e+02
5.682949152542373668e+02
5.688282485875706698e+02
5.694158192090395687e+02
5.700293785310734620e+02
5.706892655367231555e+02
5.713740112994350966e+02
5.720870056497175256e+02
5.727954802259887401e+02
5.733694915254237685e+02
5.738271186440679230e+02
5.741661016949153691e+02
5.743706214689266289e+02
5.744429378531074235e+02
5.743887005649718276e+02
5.742000000000000455e+02
5.738903954802260614e+02
5.734576271186441545e+02
5.729062146892656529e+02
5.722463276836158457e+02
5.714824858757061747e+02
5.706768361581920317e+02
5.698949152542372758e+02
5.691310734463277186e+02
5.683887005649717139e+02
5.676802259887006130e+02
5.669898305084745971e+02
5.663514124293784562e+02
5.657502824858756867e+02
5.651830508474575936e+02
5.646711864406779569e+02
5.641853107344632008e+02
5.637548022598870148e+02
5.633762711864405901e+02
5.630564971751412031e+02
5.627638418079095572e+02
5.625401129943502383e+02
5.623875706214689671e+02
5.622903954802259250e+02
5.622587570621468558e+02
5.623005649717513279e+02
5.624135593220338478e+02
5.625943502824859479e+02
5.628463276836157547e+02
5.631480225988700568e+02
5.635344632768360498e+02
5.639593220338983883e+02
5.644576271186440408e+02
5.650101694915254029e+02
5.656327683615819524e+02
5.662983050847458344e+02
5.669966101694915324e+02
5.677446327683616119e+02
5.685412429378530987e+02
5.693355932203389784e+02
5.700282485875707152e+02
5.705999999999999091e+02
5.710757062146892622e+02
5.714451977401130307e+02
5.716994350282486721e+02
5.718395480225988194e+02
5.718790960451976844e+02
5.718045197740111689e+02
5.716259887005649034e+02
5.713231638418078546e+02
5.709016949152542111e+02
5.703593220338983656e+02
5.697096045197740750e+02
5.689525423728814530e+02
5.680881355932203860e+02
5.672711864406779796e+02
5.664824858757062884e+02
5.657220338983050851e+02
5.650248587570622476e+02
5.643796610169491714e+02
5.637875706214689444e+02
5.632508474576270601e+02
5.627638418079095572e+02
5.623288135593220431e+02
5.619514124293785926e+02
5.616418079096044949e+02
5.613920903954801815e+02
5.612011299435027922e+02
5.610677966101695802e+02
5.609909604519773438e+02
5.609853107344632690e+02
5.610429378531073326e+02
5.611615819209039273e+02
5.613480225988701022e+02
5.615706214689264471e+02
5.618711864406780023e+02
5.622259887005649261e+02
5.626293785310733711e+02
5.630768361581920090e+02
5.635864406779661522e+02
5.641401129943501473e+02
5.647435028248587514e+02
5.653864406779659930e+02
5.660508474576271283e+02
5.667502824858756867e+02
5.674983050847456525e+02
5.682564971751412486e+02
5.690474576271185470e+02
5.698677966101694210e+02
5.705638418079095118e+02
5.711423728813558682e+02
5.715841807909604313e+02
5.718836158192090124e+02
5.720666666666666060e+02
5.721016949152542566e+02
5.720192090395480591e+02
5.718146892655367992e+02
5.714768361581920999e+02
5.710192090395480591e+02
5.704598870056497617e+02
5.697728813559322134e+02
5.689943502824858115e+02
5.681898305084745289e+02
5.674101694915254939e+02
5.666677966101694892e+02
5.659491525423728717e+02
5.652598870056497162e+02
5.646079096045198185e+02
5.640271186440678548e+02
5.634632768361582293e+02
5.629604519774011351e+02
5.624926553672316913e+02
5.620802259887005903e+02
5.617129943502825427e+02
5.614237288135593644e+02
5.611875706214689217e+02
5.610124293785311238e+02
5.608915254237288082e+02
5.608350282485876050e+02
5.608519774011299432e+02
5.609197740112995234e+02
5.610790960451977298e+02
5.612994350282485811e+02
5.615864406779660385e+02
5.619378531073446084e+02
5.623672316384181613e+02
5.628474576271187289e+02
5.633841807909604995e+02
5.639785310734463337e+02
5.646259887005649034e+02
5.653299435028247899e+02
5.660745762711865154e+02
5.668632768361582066e+02
5.676870056497175483e+02
5.684689265536723042e+02
5.691559322033897388e+02
5.697389830508475370e+02
5.702316384180791147e+02
5.706271186440678775e+02
5.708847457627118729e+02
5.710655367231638593e+02
5.711242937853107833e+02
5.711005649717513961e+02
5.709468926553672645e+02
5.706915254237287627e+02
5.703322033898305108e+02
5.698621468926553462e+02
5.692994350282485811e+02
5.686214689265536890e+02
5.678519774011299432e+02
5.669785310734463337e+02
5.661649717514123950e+02
5.653887005649717139e+02
5.646564971751413395e+02
5.639762711864407265e+02
5.633559322033897843e+02
5.627853107344632235e+02
5.622790960451976616e+02
5.618282485875706698e+02
5.614282485875705788e+02
5.610903954802259932e+02
5.608180790960452669e+02
5.605909604519773666e+02
5.604361581920903745e+02
5.603412429378531669e+02
5.603050847457626560e+02
5.603446327683615209e+02
5.604451977401129170e+02
5.605943502824858342e+02
5.608022598870056754e+02
5.610734463276835413e+02
5.613988700564971168e+02
5.617774011299435415e+02
5.622169491525423837e+02
5.627039548022598865e+02
5.632316384180791147e+02
5.637966101694914869e+02
5.644146892655367083e+02
5.650655367231638593e+02
5.657604519774010896e+02
5.664813559322033143e+02
5.672338983050847219e+02
5.679932203389830647e+02
5.686338983050846991e+02
5.691389830508474006e+02
5.695197740112994325e+02
5.697604519774010896e+02
5.699039548022599320e+02
5.699050847457626787e+02
5.697920903954802725e+02
5.695570621468925765e+02
5.691875706214689217e+02
5.687118644067795685e+02
5.681118644067796595e+02
5.674079096045197730e+02
5.665909604519773666e+02
5.657536723163841543e+02
5.649355932203390012e+02
5.641548022598869920e+02
5.634022598870055845e+02
5.626802259887006130e+02
5.619807909604519409e+02
5.613299435028249036e+02
5.607118644067795685e+02
5.601435028248587287e+02
5.596022598870056299e+02
5.591276836158192509e+02
5.587016949152541656e+02
5.583163841807909193e+02
5.579887005649716230e+02
5.577163841807908966e+02
5.575209039548021792e+02
5.573740112994349829e+02
5.573005649717513279e+02
5.572971751412428603e+02
5.573559322033897843e+02
5.574847457627117819e+02
5.576847457627118274e+02
5.579468926553671508e+02
5.582779661016948012e+02
5.586677966101694892e+02
5.591254237288135300e+02
5.596429378531073553e+02
5.602237288135593190e+02
5.608689265536722814e+02
5.615525423728813621e+02
5.622915254237287854e+02
5.630655367231638593e+02
5.638779661016949376e+02
5.646327683615818387e+02
5.652949152542371394e+02
5.658418079096045403e+02
5.662903954802259250e+02
5.666350282485874459e+02
5.668813559322032916e+02
5.670124293785310101e+02
5.670350282485875368e+02
5.669468926553672645e+02
5.667548022598870148e+02
5.664463276836158911e+02
5.660225988700565267e+02
5.654870056497175028e+02
5.648497175141242224e+02
5.641050847457627242e+02
5.632553672316383881e+02
5.624022598870055845e+02
5.615977401129943019e+02
5.608384180790960727e+02
5.601344632768361862e+02
5.594723163841807718e+02
5.588508474576270828e+02
5.582836158192089897e+02
5.577966101694914869e+02
5.573502824858755957e+02
5.569570621468926674e+02
5.566338983050846991e+02
5.563728813559321225e+02
5.561638418079096482e+02
5.560124293785311238e+02
5.559209039548022702e+02
5.558892655367232010e+02
5.559197740112994097e+02
5.560033898305084676e+02
5.561581920903954597e+02
5.563717514124293757e+02
5.566372881355932805e+02
5.569525423728812257e+02
5.573186440677965265e+02
5.577525423728814076e+02
5.582248587570620657e+02
5.587412429378530305e+02
5.592994350282485811e+02
5.599062146892654255e+02
5.605299435028248354e+02
5.611909604519773893e+02
5.618971751412428830e+02
5.626361581920903063e+02
5.633920903954801815e+02
5.641209039548023156e+02
5.647288135593220204e+02
5.652112994350281951e+02
5.655570621468925765e+02
5.657887005649716912e+02
5.658790960451976844e+02
5.658429378531072871e+02
5.656960451977400908e+02
5.654124293785309874e+02
5.650045197740112144e+02
5.644915254237287172e+02
5.638531073446326900e+02
5.631084745762711918e+02
5.622949152542372531e+02
5.615209039548021792e+02
5.607728813559322134e+02
5.600564971751412031e+02
5.593694915254236548e+02
5.587265536723164132e+02
5.580994350282485357e+02
5.575480225988701477e+02
5.570203389830508058e+02
5.565322033898304426e+02
5.560858757062146651e+02
5.557073446327683541e+02
5.553570621468925310e+02
5.550903954802258795e+02
5.548790960451976844e+02
5.547141242937852894e+02
5.546237288135592962e+02
5.545841807909604313e+02
5.546259887005649034e+02
5.547288135593220204e+02
5.549129943502823608e+02
5.551649717514123950e+02
5.554757062146891258e+02
5.558576271186441318e+02
5.563152542372881726e+02
5.568305084745762770e+02
5.573954802259886492e+02
5.580214689265535526e+02
5.586960451977400908e+02
5.594305084745762997e+02
5.601966101694915778e+02
5.610056497175140748e+02
5.618689265536722814e+02
5.626644067796610216e+02
5.633593220338982519e+02
5.639627118644068560e+02
5.644531073446328264e+02
5.648542372881355504e+02
5.651265536723163905e+02
5.653062146892655164e+02
5.653819209039547786e+02
5.653401129943503065e+02
5.651954802259887174e+02
5.649344632768361407e+02
5.645638418079096255e+02
5.640892655367231328e+02
5.635129943502824972e+02
5.628214689265537345e+02
5.620316384180791829e+02
5.611774011299435188e+02
5.603536723163842908e+02
5.595740112994350284e+02
5.588440677966102612e+02
5.581785310734462655e+02
5.575480225988700340e+02
5.569672316384180704e+02
5.564463276836157775e+02
5.559864406779661294e+02
5.555728813559321679e+02
5.552305084745762542e+02
5.549514124293784789e+02
5.547152542372880362e+02
5.545355932203390239e+02
5.544225988700565040e+02
5.543638418079096937e+02
5.543581920903955051e+02
5.544282485875705788e+02
5.545491525423728945e+02
5.547288135593219067e+02
5.549604519774011351e+02
5.552598870056497162e+02
5.556101694915253120e+02
5.560033898305084676e+02
5.564406779661017026e+02
5.569322033898304198e+02
5.574677966101694437e+02
5.580384180790958908e+02
5.586418079096044949e+02
5.592983050847456070e+02
5.599853107344631553e+02
5.606903954802259022e+02
5.614158192090394550e+02
5.620192090395480591e+02
5.624971751412429057e+02
5.628463276836158684e+02
5.630700564971750737e+02
5.631717514124293302e+02
5.631548022598869920e+02
5.630011299435027468e+02
5.627457627118643586e+02
5.623649717514123267e+02
5.618564971751411576e+02
5.612485875706213392e+02
5.605378531073445174e+02
5.597412429378530305e+02
5.589525423728812257e+02
5.581966101694914641e+02
5.574689265536721905e+02
5.567525423728812939e+02
5.560858757062146651e+02
5.554418079096044494e+02
5.548474576271186152e+02
5.542915254237287854e+02
5.537615819209038364e+02
5.532847457627117365e+02
5.528440677966100338e+02
5.524621468926553689e+02
5.521276836158192509e+02
5.518463276836157547e+02
5.516372881355930531e+02
5.514824858757060611e+02
5.513853107344632463e+02
5.513604519774011123e+02
5.513977401129942564e+02
5.514971751412429057e+02
5.516621468926553007e+02
5.518983050847457434e+02
5.522056497175141203e+02
5.525717514124294212e+02
5.529864406779661294e+02
5.534723163841806581e+02
5.540225988700565267e+02
5.546101694915254257e+02
5.552632768361581839e+02
5.559491525423727580e+02
5.566892655367231555e+02
5.574587570621467876e+02
5.582237288135593190e+02
5.588858757062146196e+02
5.594734463276835186e+02
5.599446327683615436e+02
5.603209039548022474e+02
5.605920903954801133e+02
5.607661016949151644e+02
5.608259887005649489e+02
5.607751412429378206e+02
5.606237288135591825e+02
5.603638418079095800e+02
5.599898305084745971e+02
5.595118644067796367e+02
5.589276836158192054e+02
5.582361581920903291e+02
5.574372881355931213e+02
5.566192090395479681e+02
5.558192090395480136e+02
5.550711864406778204e+02
5.543683615819209081e+02
5.537231638418079456e+02
5.531118644067796595e+02
5.525570621468925765e+02
5.520610169491524175e+02
5.516146892655366401e+02
5.512090395480224743e+02
5.508655367231637001e+02
5.505807909604518500e+02
5.503457627118643813e+02
5.501774011299434051e+02
5.500610169491524175e+02
5.500169491525422245e+02
5.500237288135591598e+02
5.500937853107343471e+02
5.502067796610167534e+02
5.503864406779659930e+02
5.506293785310733711e+02
5.509254237288134846e+02
5.512723163841807263e+02
5.516689265536722360e+02
5.521242937853105559e+02
5.526169491525422472e+02
5.531491525423728035e+02
5.537209039548022247e+02
5.543412429378529396e+02
5.549943502824858115e+02
5.556700564971749827e+02
5.563661016949151872e+02
5.571084745762710781e+02
5.578598870056496253e+02
5.584903954802259705e+02
5.589909604519773438e+02
5.593740112994348692e+02
5.596237288135591825e+02
5.597604519774010896e+02
5.597672316384179112e+02
5.596531073446326445e+02
5.594192090395479227e+02
5.590824858757060838e+02
5.586259887005649034e+02
5.580723163841806809e+02
5.574033898305083312e+02
5.566338983050846991e+02
5.558813559322032916e+02
5.551378531073445401e+02
5.544158192090394550e+02
5.537254237288134391e+02
5.530666666666666060e+02
5.524508474576271055e+02
5.518564971751411576e+02
5.513141242937851985e+02
5.508180790960451532e+02
5.503661016949151872e+02
5.499570621468926674e+02
5.496067796610168443e+02
5.493141242937851985e+02
5.490576271186439499e+02
5.488485875706214756e+02
5.487220338983050851e+02
5.486632768361581611e+02
5.486587570621468331e+02
5.487242937853106923e+02
5.488350282485876050e+02
5.490350282485876505e+02
5.492824858757062430e+02
5.495909604519773666e+02
5.499751412429377524e+02
5.504045197740113053e+02
5.508971751412428830e+02
5.514395480225988422e+02
5.520316384180790692e+02
5.526858757062145742e+02
5.533864406779659930e+02
5.541175141242937343e+02
5.548903954802258340e+02
5.556564971751411122e+02
5.563209039548021337e+02
5.568779661016949376e+02
5.573649717514124404e+02
5.577502824858756867e+02
5.580395480225988649e+02
5.582271186440677866e+02
5.583073446327682632e+02
5.582903954802259250e+02
5.581423728813558682e+02
5.579096045197738931e+02
5.575728813559321679e+02
5.571231638418078091e+02
5.565638418079095118e+02
5.559163841807908284e+02
5.551672316384181158e+02
5.543491525423728490e+02
5.535740112994349147e+02
5.528372881355932122e+02
5.521468926553671963e+02
5.514915254237287172e+02
5.508926553672315549e+02
5.503514124293785699e+02
5.498474576271186152e+02
5.494056497175140521e+02
5.490169491525423382e+02
5.486915254237287627e+02
5.484169491525424291e+02
5.481999999999999318e+02
5.480327683615819296e+02
5.479220338983050169e+02
5.478723163841807491e+02
5.478790960451976844e+02
5.479355932203388875e+02
5.480621468926553916e+02
5.482384180790959363e+02
5.484576271186440408e+02
5.487480225988699658e+02
5.490824858757061975e+02
5.494621468926552552e+02
5.499005649717513506e+02
5.503807909604520319e+02
5.508971751412429967e+02
5.514644067796609761e+02
5.520497175141242678e+02
5.526723163841808173e+02
5.533175141242937798e+02
5.539954802259886719e+02
5.547039548022598865e+02
5.553717514124293757e+02
5.559073446327683996e+02
5.563163841807909193e+02
5.566146892655367537e+02
5.567740112994349602e+02
5.568033898305084222e+02
5.567310734463276276e+02
5.565389830508474915e+02
5.562169491525423837e+02
5.558011299435028150e+02
5.552610169491525767e+02
5.546045197740113508e+02
5.538519774011299432e+02
5.530926553672316004e+02
5.523581920903953915e+02
5.516440677966101021e+02
5.509593220338981610e+02
5.503039548022597955e+02
5.496802259887006130e+02
5.490949152542373213e+02
5.485333333333333030e+02
5.480079096045196820e+02
5.475412429378530987e+02
5.471039548022598638e+02
5.467231638418079456e+02
5.463932203389830420e+02
5.461186440677965948e+02
5.458915254237286945e+02
5.457163841807908966e+02
5.456237288135592962e+02
5.455977401129943019e+02
5.456225988700564358e+02
5.457220338983049714e+02
5.458870056497175938e+02
5.461220338983050624e+02
5.464135593220338478e+02
5.467819209039547559e+02
5.472000000000000455e+02
5.476824858757062202e+02
5.482214689265535981e+02
5.487932203389830192e+02
5.494451977401129170e+02
5.501310734463277186e+02
5.508463276836157547e+02
5.516203389830509423e+02
5.524259887005649716e+02
5.531581920903954597e+02
5.538056497175141430e+02
5.543412429378530533e+02
5.547841807909604768e+02
5.551220338983050624e+02
5.553536723163840634e+02
5.554836158192090352e+02
5.555028248587570943e+02
5.554305084745762997e+02
5.552384180790960500e+02
5.549220338983050169e+02
5.545163841807909648e+02
5.540056497175141885e+02
5.533841807909604995e+02
5.526519774011298978e+02
5.518350282485876050e+02
5.510305084745762088e+02
5.502576271186439953e+02
5.495412429378530987e+02
5.488666666666666742e+02
5.482338983050847219e+02
5.476497175141244043e+02
5.471378531073446538e+02
5.466621468926553007e+02
5.462485875706215666e+02
5.458983050847457434e+02
5.455785310734463565e+02
5.453435028248588878e+02
5.451468926553673100e+02
5.450101694915254029e+02
5.449389830508474688e+02
5.449186440677965493e+02
5.449525423728814530e+02
5.450497175141242678e+02
5.452214689265537118e+02
5.454519774011300797e+02
5.457118644067796822e+02
5.460429378531073326e+02
5.464146892655367083e+02
5.468384180790960727e+02
5.473096045197739841e+02
5.478203389830508740e+02
5.483807909604520319e+02
5.489774011299435870e+02
5.495943502824859479e+02
5.502655367231639048e+02
5.509593220338983883e+02
5.516734463276836777e+02
5.524067796610170262e+02
5.530316384180790692e+02
5.535299435028248354e+02
5.539163841807910558e+02
5.541841807909604540e+02
5.543152542372881726e+02
5.543367231638418389e+02
5.542327683615819751e+02
5.540180790960453123e+02
5.536757062146892849e+02
5.532429378531073780e+02
5.526983050847456980e+02
5.520372881355931440e+02
5.512768361581920544e+02
5.505209039548021792e+02
5.497706214689264925e+02
5.490451977401130534e+02
5.483514124293785699e+02
5.476870056497175483e+02
5.470666666666666060e+02
5.464790960451977071e+02
5.459344632768361407e+02
5.454259887005648579e+02
5.449649717514123495e+02
5.445559322033898297e+02
5.441864406779661749e+02
5.438734463276836095e+02
5.436135593220338933e+02
5.434158192090394550e+02
5.432632768361581839e+02
5.431841807909604540e+02
5.431751412429377979e+02
5.432248587570621794e+02
5.433468926553673555e+02
5.435378531073446311e+02
5.437875706214689444e+02
5.440971751412428148e+02
5.444621468926552552e+02
5.449096045197740068e+02
5.453999999999999773e+02
5.459378531073446084e+02
5.465412429378530987e+02
5.471898305084746426e+02
5.478768361581920772e+02
5.486079096045198185e+02
5.493694915254236548e+02
5.500903954802259932e+02
5.507062146892654937e+02
5.512214689265535981e+02
5.516497175141242906e+02
5.519830508474576618e+02
5.522180790960451304e+02
5.523536723163841771e+02
5.523864406779662204e+02
5.523288135593220431e+02
5.521525423728813848e+02
5.518824858757061520e+02
5.515322033898304426e+02
5.510531073446327355e+02
5.504768361581920999e+02
5.498169491525422927e+02
5.490384180790960045e+02
5.482451977401128715e+02
5.474802259887005675e+02
5.467604519774010896e+02
5.460881355932203860e+02
5.454497175141243588e+02
5.448824858757061520e+02
5.443559322033897843e+02
5.438779661016948239e+02
5.434474576271186379e+02
5.430677966101694665e+02
5.427581920903954824e+02
5.424937853107344381e+02
5.422926553672316459e+02
5.421367231638417934e+02
5.420384180790961182e+02
5.420056497175141885e+02
5.420214689265537800e+02
5.421016949152542566e+02
5.422203389830508513e+02
5.424169491525424291e+02
5.426474576271186834e+02
5.429491525423728717e+02
5.432813559322033825e+02
5.436700564971752101e+02
5.441163841807909876e+02
5.446000000000000227e+02
5.451288135593219977e+02
5.456983050847456980e+02
5.462926553672316459e+02
5.469322033898304198e+02
5.475943502824859479e+02
5.482847457627119638e+02
5.490022598870057209e+02
5.496180790960452214e+02
5.501073446327683314e+02
5.504677966101694437e+02
5.507084745762711009e+02
5.508271186440678093e+02
5.508406779661016799e+02
5.507197740112994779e+02
5.504983050847456525e+02
5.501525423728812711e+02
5.496903954802259022e+02
5.491141242937851530e+02
5.484305084745761860e+02
5.476440677966101021e+02
5.468734463276834958e+02
5.461299435028248581e+02
5.454214689265536435e+02
5.447378531073445629e+02
5.440723163841807946e+02
5.434440677966101703e+02
5.428553672316384109e+02
5.422926553672316459e+02
5.417751412429379343e+02
5.412960451977401135e+02
5.408621468926553462e+02
5.404813559322033143e+02
5.401423728813559819e+02
5.398531073446326900e+02
5.396237288135592962e+02
5.394542372881355732e+02
5.393367231638418389e+02
5.392926553672316459e+02
5.393084745762712373e+02
5.393785310734463110e+02
5.395209039548022929e+02
5.397186440677966175e+02
5.399774011299434733e+02
5.403062146892655164e+02
5.406960451977400908e+02
5.411378531073446538e+02
5.416485875706214301e+02
5.422022598870056527e+02
5.427977401129942336e+02
5.434632768361582293e+02
5.441502824858756640e+02
5.448994350282486039e+02
5.456734463276836777e+02
5.464418079096045631e+02
5.471288135593219977e+02
5.477073446327683541e+02
5.481966101694915778e+02
5.485751412429378888e+02
5.488666666666666742e+02
5.490338983050847901e+02
5.491073446327684451e+02
5.490598870056496708e+02
5.489175141242938025e+02
5.486757062146892849e+02
5.483084745762711236e+02
5.478338983050847446e+02
5.472644067796609306e+02
5.465909604519774803e+02
5.458158192090395460e+02
5.450237288135592735e+02
5.442779661016950286e+02
5.435581920903955506e+02
5.428892655367232010e+02
5.422711864406779796e+02
5.416971751412429512e+02
5.411774011299435188e+02
5.407288135593221341e+02
5.403129943502824517e+02
5.399423728813558228e+02
5.396519774011298978e+02
5.393864406779659930e+02
5.392135593220339160e+02
5.390689265536723269e+02
5.389943502824859252e+02
5.389638418079096027e+02
5.390158192090395914e+02
5.391084745762711918e+02
5.392508474576270601e+02
5.394542372881355732e+02
5.397005649717514189e+02
5.400158192090395914e+02
5.403943502824859024e+02
5.408022598870056754e+02
5.412497175141243133e+02
5.417638418079095572e+02
5.422983050847458344e+02
5.428587570621468785e+02
5.434564971751412941e+02
5.441028248587570033e+02
5.447468926553672190e+02
5.454395480225989559e+02
5.461649717514123950e+02
5.468700564971752556e+02
5.474451977401130307e+02
5.478971751412428830e+02
5.482293785310735075e+02
5.484440677966101703e+02
5.485468926553671736e+02
5.485242937853107605e+02
5.483774011299435642e+02
5.481107344632769127e+02
5.477401129943502838e+02
5.472610169491525767e+02
5.466711864406779569e+02
5.459830508474576618e+02
5.452508474576271738e+02
5.445355932203390239e+02
5.438497175141243360e+02
5.431841807909604540e+02
5.425661016949153463e+02
5.419819209039549150e+02
5.414395480225989559e+02
5.409152542372881953e+02
5.404395480225989559e+02
5.400158192090395914e+02
5.396338983050848128e+02
5.393016949152543020e+02
5.390316384180791829e+02
5.388271186440678093e+02
5.386531073446328719e+02
5.385446327683616801e+02
5.385005649717516008e+02
5.385107344632768900e+02
5.385853107344632917e+02
5.387367231638418161e+02
5.389548022598870602e+02
5.392338983050847219e+02
5.395661016949152327e+02
5.399706214689265380e+02
5.404316384180791601e+02
5.409536723163841998e+02
5.415141242937853576e+02
5.421367231638419071e+02
5.428101694915254711e+02
5.435118644067797504e+02
5.442598870056498299e+02
5.450293785310734620e+02
5.457661016949153918e+02
5.464101694915254939e+02
5.469706214689266517e+02
5.474372881355932350e+02
5.477909604519775257e+02
5.480542372881357096e+02
5.482214689265538254e+02
5.482745762711865609e+02
5.482248587570621794e+02
5.480644067796611125e+02
5.478124293785310783e+02
5.474553672316385473e+02
5.469909604519774575e+02
5.464158192090396824e+02
5.457593220338983429e+02
5.449887005649717366e+02
5.441627118644067878e+02
5.433875706214689671e+02
5.426418079096046085e+02
5.419401129943503292e+02
5.412813559322034962e+02
5.406824858757063339e+02
5.401254237288136437e+02
5.396429378531074690e+02
5.391887005649717821e+02
5.387988700564972078e+02
5.384553672316384336e+02
5.381796610169492396e+02
5.379333333333333940e+02
5.377683615819208853e+02
5.376745762711864245e+02
5.376293785310733711e+02
5.376361581920903063e+02
5.377152542372881499e+02
5.378361581920903518e+02
5.380146892655367310e+02
5.382598870056497162e+02
5.385536723163842225e+02
5.388994350282486039e+02
5.392983050847458344e+02
5.397502824858758004e+02
5.402463276836158457e+02
5.407830508474576163e+02
5.413672316384181613e+02
5.419966101694915324e+02
5.426474576271186834e+02
5.433299435028250173e+02
5.440632768361583658e+02
5.448011299435029287e+02
5.454293785310735529e+02
5.459468926553672645e+02
5.463389830508474461e+02
5.466056497175142113e+02
5.467514124293786608e+02
5.467717514124294667e+02
5.466632768361582748e+02
5.464395480225989559e+02
5.461005649717515098e+02
5.456338983050848128e+02
5.450655367231638593e+02
5.443717514124293757e+02
5.435909604519774803e+02
5.427717514124294667e+02
5.419706214689266517e+02
5.411785310734464929e+02
5.404293785310735529e+02
5.396892655367232692e+02
5.389875706214688762e+02
5.383322033898305108e+02
5.377107344632768218e+02
5.371276836158192509e+02
5.365694915254237003e+02
5.360655367231638593e+02
5.356101694915254257e+02
5.352022598870056527e+02
5.348406779661017936e+02
5.345344632768362771e+02
5.343016949152541883e+02
5.341197740112994552e+02
5.340056497175141885e+02
5.339559322033899207e+02
5.339627118644068560e+02
5.340327683615819296e+02
5.341830508474575936e+02
5.343898305084745743e+02
5.346610169491525539e+02
5.349898305084745971e+02
5.353785310734463110e+02
5.358305084745762770e+02
5.363220338983051079e+02
5.368723163841807491e+02
5.374779661016948467e+02
5.381197740112994552e+02
5.387954802259887401e+02
5.395333333333333030e+02
5.402824858757062430e+02
5.409943502824859252e+02
5.416067796610170717e+02
5.421242937853107833e+02
5.425378531073447448e+02
5.428531073446328037e+02
5.430598870056496708e+02
5.431480225988700568e+02
5.431378531073446538e+02
5.430203389830508058e+02
5.427966101694914869e+02
5.424632768361582293e+02
5.420158192090395914e+02
5.414553672316384336e+02
5.407943502824859934e+02
5.400214689265537800e+02
5.392282485875706470e+02
5.384802259887005675e+02
5.377570621468926220e+02
5.370983050847457889e+02
5.364757062146893531e+02
5.358983050847458571e+02
5.353762711864408175e+02
5.349175141242938025e+02
5.344926553672316913e+02
5.341175141242938480e+02
5.338090395480226107e+02
5.335559322033898297e+02
5.333548022598870375e+02
5.332056497175141203e+02
5.331209039548023156e+02
5.330915254237288536e+02
5.331242937853107833e+02
5.332056497175142340e+02
5.333401129943503065e+02
5.335491525423728945e+02
5.338000000000000682e+02
5.340983050847457889e+02
5.344553672316385473e+02
5.348677966101695347e+02
5.353322033898306245e+02
5.358214689265537345e+02
5.363694915254238822e+02
5.369446327683616573e+02
5.375593220338984111e+02
5.381988700564972987e+02
5.388655367231639275e+02
5.395672316384182068e+02
5.402813559322034962e+02
5.410271186440679685e+02
5.416429378531074690e+02
5.421355932203391603e+02
5.425107344632770037e+02
5.427683615819209990e+02
5.429175141242938025e+02
5.429344632768362544e+02
5.428361581920904655e+02
5.426327683615820661e+02
5.423175141242938935e+02
5.418949152542373895e+02
5.413593220338984793e+02
5.407231638418079456e+02
5.399796610169491942e+02
5.392316384180792284e+02
5.385118644067797504e+02
5.378090395480227244e+02
5.371355932203390466e+02
5.365062146892655619e+02
5.358960451977402499e+02
5.353468926553673555e+02
5.348327683615821115e+02
5.343672316384181613e+02
5.339401129943504429e+02
5.335559322033899434e+02
5.332372881355934169e+02
5.329706214689266517e+02
5.327468926553674464e+02
5.325887005649718731e+02
5.324858757062148698e+02
5.324621468926554826e+02
5.324994350282487403e+02
5.325898305084747335e+02
5.327683615819209990e+02
5.330067796610170490e+02
5.333062146892655164e+02
5.336847457627119411e+02
5.341050847457627242e+02
5.345898305084747335e+02
5.351254237288137574e+02
5.357118644067796822e+02
5.363728813559323498e+02
5.370542372881357096e+02
5.377954802259887401e+02
5.385706214689266744e+02
5.393988700564973442e+02
5.401593220338984338e+02
5.408429378531075145e+02
5.414112994350283543e+02
5.419005649717515780e+02
5.422903954802261524e+02
5.425887005649718731e+02
5.427853107344633372e+02
5.428723163841809765e+02
5.428610169491525994e+02
5.427559322033898752e+02
5.425310734463278095e+02
5.422011299435029059e+02
5.417762711864407947e+02
5.412361581920904428e+02
5.406011299435028832e+02
5.398531073446329174e+02
5.390203389830509195e+02
5.382112994350283088e+02
5.374531073446328264e+02
5.367514124293786608e+02
5.360790960451978435e+02
5.354508474576271055e+02
5.348903954802260614e+02
5.343661016949154146e+02
5.339028248587571852e+02
5.335107344632770037e+02
5.331514124293785244e+02
5.328440677966102612e+02
5.325966101694916688e+02
5.324248587570623386e+02
5.322926553672316459e+02
5.322225988700565722e+02
5.322101694915254484e+02
5.322644067796610443e+02
5.323694915254238822e+02
5.325209039548022929e+02
5.327367231638418161e+02
5.330033898305084676e+02
5.333276836158192964e+02
5.336983050847458117e+02
5.341333333333334394e+02
5.345875706214690126e+02
5.350824858757061975e+02
5.356293785310735984e+02
5.362101694915254484e+02
5.368135593220340525e+02
5.374531073446328264e+02
5.381299435028249718e+02
5.388214689265537345e+02
5.394350282485875141e+02
5.399265536723164587e+02
5.403005649717514416e+02
5.405423728813559592e+02
5.406892655367232692e+02
5.406983050847458117e+02
5.406011299435028832e+02
5.403740112994350966e+02
5.400418079096045858e+02
5.395932203389830875e+02
5.390271186440678548e+02
5.383638418079096937e+02
5.375920903954803407e+02
5.368237288135594554e+02
5.360666666666667197e+02
5.353322033898306245e+02
5.346124293785311465e+02
5.339491525423729854e+02
5.332949152542373668e+02
5.326847457627118274e+02
5.321084745762711918e+02
5.315627118644068787e+02
5.310790960451978435e+02
5.306338983050848128e+02
5.302384180790960500e+02
5.298847457627118729e+02
5.295954802259886947e+02
5.293457627118643813e+02
5.291615819209039273e+02
5.290350282485876505e+02
5.289706214689265380e+02
5.289864406779661294e+02
5.290576271186441772e+02
5.292033898305085131e+02
5.294158192090395687e+02
5.296757062146892849e+02
5.300101694915254029e+02
5.303954802259886492e+02
5.308508474576271965e+02
5.313548022598870375e+02
5.319073446327683996e+02
5.325073446327684223e+02
5.331548022598869920e+02
5.338497175141243360e+02
5.345796610169492169e+02
5.353457627118644950e+02
5.361016949152542566e+02
5.367581920903955961e+02
5.373220338983051079e+02
5.377638418079096709e+02
5.381050847457628379e+02
5.383423728813560274e+02
5.384847457627120093e+02
5.385039548022598410e+02
5.384158192090396824e+02
5.382372881355933032e+02
5.379276836158193191e+02
5.375107344632768900e+02
5.369954802259887856e+02
5.363548022598870375e+02
5.356180790960452214e+02
5.348000000000000682e+02
5.340203389830509195e+02
5.332802259887006358e+02
5.325853107344632917e+02
5.319288135593221796e+02
5.312994350282486948e+02
5.307355932203390694e+02
5.302259887005650398e+02
5.297694915254237458e+02
5.293423728813560274e+02
5.289819209039549150e+02
5.286768361581921454e+02
5.284282485875708062e+02
5.282372881355933032e+02
5.280903954802261069e+02
5.280056497175141885e+02
5.279751412429379798e+02
5.279954802259887856e+02
5.280745762711865154e+02
5.282079096045199549e+02
5.283887005649718276e+02
5.286293785310735984e+02
5.289231638418079910e+02
5.292813559322034962e+02
5.296745762711865382e+02
5.301209039548023156e+02
5.306135593220340070e+02
5.311242937853107833e+02
5.316700564971752101e+02
5.322666666666667652e+02
5.328903954802260614e+02
5.335468926553674009e+02
5.342338983050848356e+02
5.349322033898306472e+02
5.356203389830509423e+02
5.361920903954803634e+02
5.366553672316385928e+02
5.369819209039549150e+02
5.371909604519776167e+02
5.372813559322036099e+02
5.372542372881357551e+02
5.371118644067797732e+02
5.368519774011300569e+02
5.364870056497176165e+02
5.360067796610170490e+02
5.354214689265537572e+02
5.347333333333333485e+02
5.339853107344633827e+02
5.332711864406780933e+02
5.325909604519774803e+02
5.319333333333335077e+02
5.313016949152544157e+02
5.307197740112995916e+02
5.301548022598872194e+02
5.296429378531074690e+02
5.291661016949153691e+02
5.287209039548023384e+02
5.283220338983051079e+02
5.279920903954803180e+02
5.277016949152543930e+02
5.274553672316385473e+02
5.272700564971752328e+02
5.271502824858758913e+02
5.270824858757063112e+02
5.270734463276837687e+02
5.271276836158193646e+02
5.272485875706215666e+02
5.274418079096046768e+02
5.276926553672317368e+02
5.280011299435028604e+02
5.283830508474577528e+02
5.288090395480227244e+02
5.292870056497176847e+02
5.298327683615821115e+02
5.304135593220339615e+02
5.310531073446329628e+02
5.317344632768362089e+02
5.324463276836158911e+02
5.332112994350283088e+02
5.339864406779662431e+02
5.346666666666667425e+02
5.352451977401130989e+02
5.357468926553674464e+02
5.361581920903955734e+02
5.364644067796610898e+02
5.366757062146893986e+02
5.367853107344634509e+02
5.367932203389831329e+02
5.367050847457627469e+02
5.365129943502826109e+02
5.362214689265537118e+02
5.358271186440679230e+02
5.353288135593220431e+02
5.347322033898306017e+02
5.340259887005651080e+02
5.332305084745763679e+02
5.324497175141243588e+02
5.317118644067797959e+02
5.310248587570622476e+02
5.303762711864408175e+02
5.297807909604521228e+02
5.292158192090396369e+02
5.287028248587571397e+02
5.282406779661017708e+02
5.278395480225989331e+02
5.274689265536724179e+02
5.271762711864407720e+02
5.269412429378531897e+02
5.267604519774012033e+02
5.266282485875707380e+02
5.265491525423728945e+02
5.265288135593220886e+02
5.265615819209040183e+02
5.266598870056498072e+02
5.267954802259887401e+02
5.269943502824860389e+02
5.272474576271188198e+02
5.275649717514125996e+02
5.279220338983052443e+02
5.283299435028250173e+02
5.287853107344633372e+02
5.292700564971751191e+02
5.298067796610170035e+02
5.303615819209039728e+02
5.309627118644068560e+02
5.316033898305086041e+02
5.322745762711865609e+02
5.329728813559322589e+02
5.336316384180792056e+02
5.341830508474577073e+02
5.346101694915255393e+02
5.349333333333335077e+02
5.351141242937853804e+02
5.352033898305085131e+02
5.351796610169492396e+02
5.350384180790961182e+02
5.347841807909605905e+02
5.344361581920904882e+02
5.339548022598871739e+02
5.334022598870058118e+02
5.327389830508475370e+02
5.319740112994352330e+02
5.312101694915255621e+02
5.304621468926554826e+02
5.297355932203390694e+02
5.290440677966103067e+02
5.283740112994350966e+02
5.277333333333333485e+02
5.271197740112995689e+02
5.265502824858758686e+02
5.260248587570622476e+02
5.255412429378532124e+02
5.250983050847457889e+02
5.247005649717515325e+02
5.243661016949154146e+02
5.240689265536724406e+02
5.238463276836159821e+02
5.236644067796611353e+02
5.235615819209040183e+02
5.235163841807910785e+02
5.235209039548022929e+02
5.235954802259888083e+02
5.237344632768363226e+02
5.239355932203391149e+02
5.241954802259888311e+02
5.245209039548024066e+02
5.249028248587571852e+02
5.253355932203390921e+02
5.258293785310736439e+02
5.263661016949154146e+02
5.269423728813560501e+02
5.275627118644069924e+02
5.282214689265538254e+02
5.289254237288137119e+02
5.296610169491526676e+02
5.303197740112996144e+02
5.309005649717514643e+02
5.313796610169492851e+02
5.317717514124294667e+02
5.320542372881357096e+02
5.322451977401130989e+02
5.323446327683617483e+02
5.323254237288136892e+02
5.322090395480227016e+02
5.319898305084747108e+02
5.316734463276837914e+02
5.312395480225990241e+02
5.307050847457628606e+02
5.300847457627120320e+02
5.293694915254238822e+02
5.286112994350283998e+02
5.278903954802260614e+02
5.272079096045199549e+02
5.265615819209040183e+02
5.259785310734464474e+02
5.254271186440678321e+02
5.249322033898306472e+02
5.244790960451978208e+02
5.240644067796611125e+02
5.237152542372882635e+02
5.234146892655367083e+02
5.231627118644069014e+02
5.229615819209041092e+02
5.228090395480226107e+02
5.227084745762713283e+02
5.226677966101696029e+02
5.226768361581921454e+02
5.227412429378532579e+02
5.228666666666667879e+02
5.230406779661018390e+02
5.232677966101696256e+02
5.235423728813559592e+02
5.238610169491525994e+02
5.242169491525424974e+02
5.246338983050848128e+02
5.250757062146892622e+02
5.255807909604520773e+02
5.261096045197741660e+02
5.266836158192090807e+02
5.272700564971752328e+02
5.278870056497175938e+02
5.285344632768362771e+02
5.292045197740113736e+02
5.298553672316384109e+02
5.303853107344634736e+02
5.308192090395481273e+02
5.311288135593222250e+02
5.313355932203392058e+02
5.314135593220339615e+02
5.313841807909604995e+02
5.312474576271188198e+02
5.309954802259887856e+02
5.306293785310735984e+02
5.301559322033899662e+02
5.295932203389832011e+02
5.289129943502825881e+02
5.281932203389832239e+02
5.274983050847458799e+02
5.268305084745763907e+02
5.261841807909605677e+02
5.255683615819210672e+02
5.249841807909605222e+02
5.244350282485877415e+02
5.239028248587571852e+02
5.234282485875708062e+02
5.229909604519775712e+02
5.226101694915255393e+02
5.222576271186442227e+02
5.219559322033899207e+02
5.217073446327684678e+02
5.215129943502824972e+02
5.213875706214690808e+02
5.213254237288135755e+02
5.213175141242938935e+02
5.213672316384181613e+02
5.214813559322035417e+02
5.216700564971752101e+02
5.219129943502825881e+02
5.222271186440679003e+02
5.225954802259886947e+02
5.230169491525424519e+02
5.235073446327685360e+02
5.240372881355933714e+02
5.246158192090396142e+02
5.252485875706215666e+02
5.259231638418079910e+02
5.266440677966102157e+02
5.273943502824859024e+02
5.281830508474577073e+02
5.289005649717514643e+02
5.295367231638419980e+02
5.300836158192091716e+02
5.305254237288136210e+02
5.308813559322034052e+02
5.311344632768362999e+02
5.312858757062148243e+02
5.313344632768362317e+02
5.312971751412430876e+02
5.311423728813560956e+02
5.308949152542375032e+02
5.305423728813559592e+02
5.300779661016949831e+02
5.295231638418080138e+02
5.288598870056498527e+02
5.281039548022599774e+02
5.272994350282485811e+02
5.265367231638418843e+02
5.258135593220340525e+02
5.251310734463278322e+02
5.244983050847458799e+02
5.239073446327683996e+02
5.233604519774012260e+02
5.228508474576271965e+02
5.224056497175142795e+02
5.220192090395480591e+02
5.216836158192091943e+02
5.214079096045200004e+02
5.211672316384181158e+02
5.209875706214691036e+02
5.208700564971752556e+02
5.208101694915255848e+02
5.207977401129944610e+02
5.208327683615819979e+02
5.209231638418079910e+02
5.210790960451978435e+02
5.212779661016950286e+02
5.215355932203391376e+02
5.218406779661017936e+02
5.221932203389831102e+02
5.225785310734464701e+02
5.230000000000002274e+02
5.234757062146893531e+02
5.239864406779661294e+02
5.245299435028250628e+02
5.250858757062148925e+02
5.256836158192090807e+02
5.263231638418080820e+02
5.269796610169493079e+02
5.275344632768362771e+02
5.279898305084745971e+02
5.283265536723165496e+02
5.285322033898305563e+02
5.286418079096047222e+02
5.286361581920905337e+02
5.284937853107345518e+02
5.282644067796611580e+02
5.279265536723164587e+02
5.274734463276836323e+02
5.269163841807910558e+02
5.262508474576272874e+02
5.255299435028249491e+02
5.248169491525425201e+02
5.241141242937853804e+02
5.234429378531074235e+02
5.227943502824859934e+02
5.221649717514125086e+02
5.215514124293786153e+02
5.209717514124295121e+02
5.204610169491525085e+02
5.199661016949153236e+02
5.195163841807909648e+02
5.191073446327684451e+02
5.187423728813560047e+02
5.184192090395481500e+02
5.181491525423730309e+02
5.179344632768363681e+02
5.177909604519775257e+02
5.176768361581922591e+02
5.176338983050849265e+02
5.176564971751413395e+02
5.177491525423729399e+02
5.178983050847459708e+02
5.181062146892656983e+02
5.183604519774012260e+02
5.186824858757063339e+02
5.190655367231639730e+02
5.194711864406781388e+02
5.199502824858757322e+02
5.204655367231639502e+02
5.210316384180791829e+02
5.216384180790960272e+02
5.222915254237288991e+02
5.229717514124295121e+02
5.236836158192090807e+02
5.243355932203390921e+02
5.249016949152543248e+02
5.253785310734464247e+02
5.257525423728814076e+02
5.260474576271187743e+02
5.262259887005650398e+02
5.263175141242938935e+02
5.262971751412430876e+02
5.261887005649718958e+02
5.259570621468926674e+02
5.256259887005650171e+02
5.252033898305085131e+02
5.246847457627119411e+02
5.240598870056497844e+02
5.233457627118644950e+02
5.226553672316384791e+02
5.219807909604520546e+02
5.213333333333334849e+02
5.207389830508475370e+02
5.201785310734463792e+02
5.196734463276836777e+02
5.192112994350283088e+02
5.188067796610168898e+02
5.184440677966101703e+02
5.181220338983050624e+02
5.178463276836157547e+02
5.176293785310733711e+02
5.174644067796610898e+02
5.173548022598870375e+02
5.172937853107345063e+02
5.172632768361582976e+02
5.173028248587572762e+02
5.173920903954802952e+02
5.175412429378532124e+02
5.177468926553672190e+02
5.180135593220339842e+02
5.183197740112993870e+02
5.186677966101694892e+02
5.190644067796609988e+02
5.195152542372881044e+02
5.199954802259886719e+02
5.205197740112994325e+02
5.210666666666667197e+02
5.216497175141242906e+02
5.222711864406779796e+02
5.229231638418078774e+02
5.235954802259886947e+02
5.243096045197740978e+02
5.249627118644068560e+02
5.255163841807909648e+02
5.259514124293785926e+02
5.262802259887005221e+02
5.264858757062147561e+02
5.265830508474576845e+02
5.265774011299436097e+02
5.264564971751412941e+02
5.262259887005650398e+02
5.259084745762711464e+02
5.254824858757061747e+02
5.249525423728814530e+02
5.243129943502824517e+02
5.236056497175140976e+02
5.228779661016949376e+02
5.221694915254237230e+02
5.214949152542371849e+02
5.208372881355930986e+02
5.202237288135593190e+02
5.196282485875706243e+02
5.190813559322034507e+02
5.185615819209040183e+02
5.181005649717513961e+02
5.176824858757063339e+02
5.173107344632769582e+02
5.169807909604519409e+02
5.167050847457628606e+02
5.165005649717513734e+02
5.163502824858757094e+02
5.162485875706215666e+02
5.161977401129944383e+02
5.162316384180792284e+02
5.163288135593220431e+02
5.164757062146893531e+02
5.166983050847458117e+02
5.169920903954803180e+02
5.173310734463277640e+02
5.177288135593220204e+02
5.181807909604519864e+02
5.186983050847458117e+02
5.192519774011300342e+02
5.198564971751413850e+02
5.205039548022599547e+02
5.211875706214689217e+02
5.219265536723164587e+02
5.226949152542373440e+02
5.233864406779662204e+02
5.239864406779661294e+02
5.244949152542374122e+02
5.249197740112995234e+02
5.252598870056498299e+02
5.254836158192090352e+02
5.256192090395480818e+02
5.256508474576271510e+02
5.255932203389830875e+02
5.254214689265537572e+02
5.251536723163842453e+02
5.247887005649718049e+02
5.243175141242938935e+02
5.237502824858756867e+02
5.230768361581922363e+02
5.223141242937854258e+02
5.215209039548024066e+02
5.207819209039547559e+02
5.200677966101695802e+02
5.193853107344632463e+02
5.187615819209040637e+02
5.181887005649717821e+02
5.176576271186440863e+02
5.171672316384181158e+02
5.167276836158192737e+02
5.163412429378531669e+02
5.159932203389830647e+02
5.156971751412429512e+02
5.154700564971751646e+02
5.152677966101695120e+02
5.151423728813558682e+02
5.150700564971751874e+02
5.150519774011299887e+02
5.150960451977400680e+02
5.151774011299435188e+02
5.153322033898305108e+02
5.155265536723163677e+02
5.157875706214690581e+02
5.160655367231638593e+02
5.164169491525424291e+02
5.168000000000000682e+02
5.172327683615819751e+02
5.176949152542372303e+02
5.181841807909604540e+02
5.187355932203390694e+02
5.193129943502824517e+02
5.199129943502824744e+02
5.205581920903954369e+02
5.212203389830508513e+02
5.218090395480226107e+02
5.222757062146893077e+02
5.226451977401130762e+02
5.228949152542372758e+02
5.230248587570621339e+02
5.230440677966101930e+02
5.229389830508474688e+02
5.227276836158192737e+02
5.224090395480226334e+02
5.219807909604519409e+02
5.214237288135593644e+02
5.207909604519774120e+02
5.200508474576271283e+02
5.193254237288135755e+02
5.186384180790960272e+02
5.179796610169491942e+02
5.173310734463277640e+02
5.167005649717514189e+02
5.161231638418079228e+02
5.155683615819209535e+02
5.150542372881355959e+02
5.145717514124294212e+02
5.141333333333333258e+02
5.137265536723164132e+02
5.133740112994350966e+02
5.130587570621469240e+02
5.128124293785310783e+02
5.126237288135594099e+02
5.124971751412429057e+02
5.124022598870056981e+02
5.124022598870056981e+02
5.124440677966101703e+02
5.125423728813559592e+02
5.127084745762712146e+02
5.129367231638418616e+02
5.132135593220339160e+02
5.135570621468925765e+02
5.139638418079096027e+02
5.143988700564972305e+02
5.149050847457627924e+02
5.154531073446328264e+02
5.160542372881355959e+02
5.166903954802260159e+02
5.173638418079096937e+02
5.180892655367231328e+02
5.188259887005649489e+02
5.195627118644068787e+02
5.202011299435029059e+02
5.207333333333333485e+02
5.211830508474577073e+02
5.215276836158193419e+02
5.217694915254238595e+02
5.219107344632768672e+02
5.219728813559322589e+02
5.219039548022599320e+02
5.217152542372882635e+02
5.214474576271187516e+02
5.210824858757064248e+02
5.205932203389832011e+02
5.199954802259887856e+02
5.193209039548023611e+02
5.185570621468928039e+02
5.178214689265537345e+02
5.171355932203391603e+02
5.164971751412431331e+02
5.158892655367233147e+02
5.153299435028250173e+02
5.148259887005650626e+02
5.143581920903955051e+02
5.139457627118645178e+02
5.135864406779662659e+02
5.132621468926554371e+02
5.130112994350283770e+02
5.128011299435029287e+02
5.126610169491526676e+02
5.125649717514124859e+02
5.125265536723164814e+02
5.125615819209040183e+02
5.126440677966102157e+02
5.127740112994351875e+02
5.129559322033899207e+02
5.131920903954803634e+02
5.134915254237289446e+02
5.138384180790960727e+02
5.142271186440679003e+02
5.146587570621469467e+02
5.151457627118644496e+02
5.156587570621469467e+02
5.162180790960452441e+02
5.168056497175141430e+02
5.174361581920904882e+02
5.180903954802261069e+02
5.187672316384181386e+02
5.194870056497176165e+02
5.201751412429379116e+02
5.207446327683617255e+02
5.212033898305085131e+02
5.215593220338984111e+02
5.218011299435029287e+02
5.219299435028249263e+02
5.219355932203391149e+02
5.218214689265537345e+02
5.216090395480226789e+02
5.213016949152543020e+02
5.208881355932203405e+02
5.203728813559323498e+02
5.197649717514125314e+02
5.190474576271187743e+02
5.182915254237288991e+02
5.175548022598870830e+02
5.168531073446329174e+02
5.161627118644069014e+02
5.155152542372883318e+02
5.149107344632769809e+02
5.143288135593222705e+02
5.137841807909605905e+02
5.132847457627119638e+02
5.128316384180791374e+02
5.124180790960452896e+02
5.120576271186441772e+02
5.117435028248588651e+02
5.114983050847458799e+02
5.112915254237288991e+02
5.111627118644068446e+02
5.110994350282486494e+02
5.110813559322034507e+02
5.111435028248588424e+02
5.112700564971752328e+02
5.114553672316385473e+02
5.116836158192091943e+02
5.120022598870057209e+02
5.123514124293786836e+02
5.127649717514125314e+02
5.132451977401130989e+02
5.137717514124294667e+02
5.143514124293785699e+02
5.149728813559322589e+02
5.156338983050848128e+02
5.163435028248588878e+02
5.170870056497176392e+02
5.177864406779661977e+02
5.184079096045197730e+02
5.189435028248587969e+02
5.193887005649719413e+02
5.197559322033899889e+02
5.200067796610171627e+02
5.201706214689266972e+02
5.202203389830510787e+02
5.201830508474577073e+02
5.200542372881357096e+02
5.198248587570622021e+02
5.194847457627120093e+02
5.190485875706216348e+02
5.185163841807910785e+02
5.178937853107345290e+02
5.171480225988701704e+02
5.163548022598870375e+02
5.155898305084747335e+02
5.148813559322035189e+02
5.142045197740113736e+02
5.135548022598870830e+02
5.129548022598870602e+02
5.124135593220339615e+02
5.119050847457628493e+02
5.114644067796610898e+02
5.110598870056497844e+02
5.107107344632769355e+02
5.104101694915254939e+02
5.101604519774012942e+02
5.099627118644069128e+02
5.098293785310735302e+02
5.097536723163842680e+02
5.097197740112995916e+02
5.097525423728814644e+02
5.098350282485876619e+02
5.099683615819210445e+02
5.101468926553673668e+02
5.103932203389831557e+02
5.106711864406780705e+02
5.110056497175142454e+02
5.113796610169492851e+02
5.117943502824859365e+02
5.122418079096046313e+02
5.127265536723165269e+02
5.132474576271188198e+02
5.138045197740113963e+02
5.144000000000000909e+02
5.150067796610170490e+02
5.156531073446328719e+02
5.162508474576272874e+02
5.167163841807911240e+02
5.170824858757064248e+02
5.173344632768363454e+02
5.174576271186442682e+02
5.174847457627120093e+02
5.173898305084746880e+02
5.171796610169492396e+02
5.168598870056498527e+02
5.164553672316385473e+02
5.159378531073447220e+02
5.153028248587571625e+02
5.145819209039548241e+02
5.138542372881356641e+02
5.131423728813560956e+02
5.124576271186441545e+02
5.117920903954803293e+02
5.111536723163842453e+02
5.105491525423730081e+02
5.099672316384181840e+02
5.094225988700565608e+02
5.089073446327684564e+02
5.084429378531074235e+02
5.080112994350282634e+02
5.076180790960452782e+02
5.072790960451977753e+02
5.069988700564972532e+02
5.067683615819209990e+02
5.065853107344633486e+02
5.064779661016950172e+02
5.064248587570622249e+02
5.064259887005650853e+02
5.064881355932204769e+02
5.066033898305086041e+02
5.067966101694916006e+02
5.070564971751413168e+02
5.073751412429379570e+02
5.077457627118644723e+02
5.081649717514125086e+02
5.086338983050848128e+02
5.091615819209040410e+02
5.097242937853108060e+02
5.103265536723164360e+02
5.109785310734464474e+02
5.116677966101696029e+02
5.124045197740114190e+02
5.131717514124295576e+02
5.138677966101695347e+02
5.144915254237289446e+02
5.150056497175141885e+02
5.154316384180792738e+02
5.157401129943503975e+02
5.159581920903956416e+02
5.160553672316384564e+02
5.160700564971753010e+02
5.159638418079097164e+02
5.157514124293786608e+02
5.154451977401131444e+02
5.150271186440679685e+02
5.144926553672316913e+02
5.138644067796610670e+02
5.131401129943503747e+02
5.123898305084746880e+02
5.116485875706215438e+02
5.109672316384181840e+02
5.103355932203390921e+02
5.097310734463277981e+02
5.091841807909605677e+02
5.086881355932204087e+02
5.082305084745763679e+02
5.078180790960452669e+02
5.074700564971752783e+02
5.071615819209040410e+02
5.069073446327684564e+02
5.067039548022600002e+02
5.065728813559322816e+02
5.064790960451978208e+02
5.064474576271187516e+02
5.064621468926554826e+02
5.065344632768362771e+02
5.066677966101695461e+02
5.068576271186441318e+02
5.071096045197740523e+02
5.074011299435028945e+02
5.077299435028249377e+02
5.081062146892655846e+02
5.085299435028249491e+02
5.090000000000001137e+02
5.094983050847458799e+02
5.100395480225989786e+02
5.106135593220338933e+02
5.112350282485876392e+02
5.118836158192091261e+02
5.125559322033898297e+02
5.132632768361581839e+02
5.139898305084747108e+02
5.146158192090396142e+02
5.151231638418080365e+02
5.155197740112994325e+02
5.158011299435029287e+02
5.159706214689266517e+02
5.160203389830509195e+02
5.159683615819210445e+02
5.158090395480226107e+02
5.155355932203390239e+02
5.151807909604521001e+02
5.147163841807910103e+02
5.141468926553673100e+02
5.134632768361583430e+02
5.127186440677967312e+02
5.119954802259888424e+02
5.113005649717515553e+02
5.106271186440678775e+02
5.099853107344633827e+02
5.093977401129944269e+02
5.088305084745763907e+02
5.082994350282486948e+02
5.078146892655367992e+02
5.073875706214690240e+02
5.069785310734464474e+02
5.066372881355933373e+02
5.063615819209040865e+02
5.061446327683617028e+02
5.059694915254238481e+02
5.058700564971751987e+02
5.058305084745763907e+02
5.058542372881356641e+02
5.059491525423729854e+02
5.061005649717515098e+02
5.063129943502825654e+02
5.065932203389830875e+02
5.069288135593220659e+02
5.073141242937854258e+02
5.077694915254237458e+02
5.082734463276836436e+02
5.088203389830509309e+02
5.094225988700565608e+02
5.100666666666667197e+02
5.107491525423729399e+02
5.114644067796610898e+02
5.122293785310735075e+02
5.129276836158193191e+02
5.135401129943504657e+02
5.140745762711865154e+02
5.145163841807909648e+02
5.148406779661017936e+02
5.150790960451978435e+02
5.152237288135593190e+02
5.152689265536724861e+02
5.152293785310735075e+02
5.150689265536723269e+02
5.148135593220339388e+02
5.144418079096046768e+02
5.139830508474576618e+02
5.134112994350283543e+02
5.127717514124294667e+02
5.120248587570622476e+02
5.112598870056498299e+02
5.105197740112994893e+02
5.098045197740113963e+02
5.091423728813559819e+02
5.084983050847458799e+02
5.079186440677966630e+02
5.073819209039548923e+02
5.068813559322034621e+02
5.064418079096045631e+02
5.060440677966101930e+02
5.056949152542373440e+02
5.054000000000000909e+02
5.051548022598871057e+02
5.049751412429379229e+02
5.048350282485876050e+02
5.047559322033898752e+02
5.047276836158192737e+02
5.047581920903955393e+02
5.048395480225988763e+02
5.049672316384181840e+02
5.051559322033898525e+02
5.053977401129943701e+02
5.056892655367232692e+02
5.060180790960452555e+02
5.063977401129943701e+02
5.068146892655367992e+02
5.072677966101695688e+02
5.077593220338983429e+02
5.082858757062147106e+02
5.088711864406780023e+02
5.094598870056497617e+02
5.100892655367232464e+02
5.107322033898305449e+02
5.112474576271187061e+02
5.116497175141243474e+02
5.119559322033898070e+02
5.121401129943503747e+02
5.122225988700565722e+02
5.121819209039548468e+02
5.120305084745763224e+02
5.117661016949152781e+02
5.114090395480226334e+02
5.109310734463276731e+02
5.103627118644067764e+02
5.097005649717514189e+02
5.089435028248587969e+02
5.081988700564971850e+02
5.074802259887006244e+02
5.067909604519774689e+02
5.061141242937853804e+02
5.054757062146892963e+02
5.048610169491525994e+02
5.042824858757062430e+02
5.037344632768362089e+02
5.032305084745763111e+02
5.027468926553672759e+02
5.023310734463277640e+02
5.019649717514124632e+02
5.016135593220339501e+02
5.013389830508475598e+02
5.011378531073447107e+02
5.009581920903955279e+02
5.008451977401130080e+02
5.008011299435028718e+02
5.008146892655367992e+02
5.008949152542373895e+02
5.010384180790961182e+02
5.012361581920904428e+02
5.014802259887006812e+02
5.017966101694915437e+02
5.021604519774011806e+02
5.025661016949153463e+02
5.030338983050848469e+02
5.035468926553672873e+02
5.041039548022599774e+02
5.046983050847458117e+02
5.053378531073446993e+02
5.060033898305085245e+02
5.067186440677966175e+02
5.074214689265536435e+02
5.080169491525424519e+02
5.085412429378530987e+02
5.089627118644067423e+02
5.092858757062147106e+02
5.094949152542372985e+02
5.096316384180790919e+02
5.096564971751413395e+02
5.095683615819209535e+02
5.093875706214689671e+02
5.090994350282486494e+02
5.087073446327684110e+02
5.082112994350283088e+02
5.076305084745763452e+02
5.069288135593221227e+02
5.061932203389831102e+02
5.054937853107345518e+02
5.048305084745763338e+02
5.042033898305085131e+02
5.036225988700565495e+02
5.030881355932203860e+02
5.026000000000000227e+02
5.021491525423729172e+02
5.017412429378531442e+02
5.013898305084746312e+02
5.010813559322034507e+02
5.008203389830508740e+02
5.006169491525424178e+02
5.004519774011299660e+02
5.003423728813559705e+02
5.003028248587571056e+02
5.003050847457627128e+02
5.003638418079096368e+02
5.004836158192090352e+02
5.006564971751412259e+02
5.008757062146893304e+02
5.011423728813559819e+02
5.014474576271186947e+02
5.018101694915254711e+02
5.022146892655367196e+02
5.026564971751412259e+02
5.031412429378531215e+02
5.036485875706214870e+02
5.042112994350283088e+02
5.047977401129943473e+02
5.054282485875706357e+02
5.060836158192090579e+02
5.067615819209040069e+02
5.074655367231638934e+02
5.080824858757062543e+02
5.085898305084746198e+02
5.089920903954802043e+02
5.092813559322033825e+02
5.094655367231638365e+02
5.095389830508474915e+02
5.095152542372881612e+02
5.093943502824859024e+02
5.091649717514124518e+02
5.088418079096045403e+02
5.084090395480226334e+02
5.078734463276836664e+02
5.072372881355932464e+02
5.065209039548022929e+02
5.057841807909604768e+02
5.050802259887005903e+02
5.044090395480226334e+02
5.037581920903954824e+02
5.031548022598869920e+02
5.025706214689265607e+02
5.020237288135593872e+02
5.015118644067796936e+02
5.010418079096045290e+02
5.006158192090395573e+02
5.002372881355933032e+02
4.999299435028249263e+02
4.996485875706214870e+02
4.994497175141243019e+02
4.993050847457626560e+02
4.992180790960452441e+02
4.991774011299435188e+02
4.992079096045197844e+02
4.993039548022599092e+02
4.994508474576271055e+02
4.996610169491525539e+02
4.999322033898305335e+02
5.002621468926553803e+02
5.006429378531073553e+02
5.010689265536723269e+02
5.015333333333333030e+02
5.020757062146892622e+02
5.026497175141242906e+02
5.032847457627118501e+02
5.039435028248587400e+02
5.046350282485875596e+02
5.053706214689265153e+02
5.060485875706214642e+02
5.066327683615818955e+02
5.071435028248587287e+02
5.075502824858757549e+02
5.078711864406779455e+02
5.081141242937852667e+02
5.082519774011299205e+02
5.082949152542372531e+02
5.082463276836157320e+02
5.080926553672316004e+02
5.078429378531073439e+02
5.075084745762711691e+02
5.070621468926553348e+02
5.065276836158192282e+02
5.058757062146892167e+02
5.051480225988699999e+02
5.044124293785309874e+02
5.037254237288135528e+02
5.030813559322033370e+02
5.024802259887005675e+02
5.019220338983050738e+02
5.013943502824857887e+02
5.009186440677965493e+02
5.004858757062146424e+02
5.000971751412428716e+02
4.997581920903954824e+02
4.994711864406779114e+02
4.992372881355931895e+02
4.990519774011298750e+02
4.989322033898305335e+02
4.988553672316384109e+02
4.988225988700564812e+02
4.988553672316384109e+02
4.989288135593219522e+02
4.990418079096044721e+02
4.992338983050847219e+02
4.994598870056497049e+02
4.997367231638418161e+02
5.000350282485875368e+02
5.003864406779661067e+02
5.007774011299434846e+02
5.012124293785310556e+02
5.016700564971750964e+02
5.021548022598869920e+02
5.026847457627118843e+02
5.032531073446327241e+02
5.038305084745762201e+02
5.044327683615819069e+02
5.050011299435028604e+02
5.054474576271186379e+02
5.057898305084745516e+02
5.060440677966101362e+02
5.061751412429377979e+02
5.062022598870056527e+02
5.061141242937852667e+02
5.059265536723163450e+02
5.056327683615818387e+02
5.052418079096045176e+02
5.047480225988700795e+02
5.041661016949151986e+02
5.034903954802259705e+02
5.028158192090395460e+02
5.021570621468925992e+02
5.015141242937853008e+02
5.009062146892655392e+02
5.003152542372881157e+02
4.997661016949152213e+02
4.992384180790960500e+02
4.987322033898304880e+02
4.982723163841807832e+02
4.978519774011299432e+02
4.974644067796610329e+02
4.971265536723163905e+02
4.968429378531074008e+02
4.965887005649717594e+02
4.963988700564971737e+02
4.962553672316384450e+02
4.961796610169491260e+02
4.961457627118644496e+02
4.961864406779661181e+02
4.962892655367231214e+02
4.964429378531073098e+02
4.966655367231637683e+02
4.969344632768361407e+02
4.972610169491525198e+02
4.976418079096044949e+02
4.980745762711864018e+02
4.985468926553671736e+02
4.990734463276835982e+02
4.996350282485875596e+02
5.002451977401129852e+02
5.008994350282486039e+02
5.015706214689265607e+02
5.023005649717513279e+02
5.029977401129942791e+02
5.036112994350281724e+02
5.041220338983050624e+02
5.045570621468926333e+02
5.048847457627118729e+02
5.051220338983050624e+02
5.052632768361581839e+02
5.053175141242937798e+02
5.052644067796610443e+02
5.050983050847457321e+02
5.048338983050847446e+02
5.044677966101694437e+02
5.040045197740112144e+02
5.034350282485875709e+02
5.027762711864406810e+02
5.020158192090394778e+02
5.012723163841807263e+02
5.005740112994350284e+02
4.999288135593219522e+02
4.993129943502824517e+02
4.987242937853106355e+02
4.981864406779660612e+02
4.977107344632767649e+02
4.972564971751411917e+02
4.968711864406778886e+02
4.965242937853106469e+02
4.962214689265535981e+02
4.959751412429378661e+02
4.957774011299434278e+02
4.956180790960451077e+02
4.955197740112993756e+02
4.954779661016948467e+02
4.954847457627117819e+02
4.955514124293785017e+02
4.956598870056496935e+02
4.958169491525423496e+02
4.960282485875706016e+02
4.962802259887005221e+02
4.965762711864406924e+02
4.969175141242936888e+02
4.973028248587570488e+02
4.977062146892654937e+02
4.981717514124293302e+02
4.986677966101694324e+02
4.991864406779660612e+02
4.997435028248587514e+02
5.003265536723163791e+02
5.009344632768361407e+02
5.015762711864406356e+02
5.021819209039547331e+02
5.026836158192090238e+02
5.030790960451977298e+02
5.033593220338982519e+02
5.035468926553671736e+02
5.036112994350282293e+02
5.035819209039547673e+02
5.034553672316384336e+02
5.032045197740112599e+02
5.028632768361581498e+02
5.024248587570621112e+02
5.018892655367231441e+02
5.012542372881355277e+02
5.005649717514123722e+02
4.998847457627118729e+02
4.992248587570620657e+02
4.985920903954802270e+02
4.979932203389830647e+02
4.974079096045197161e+02
4.968497175141242792e+02
4.963344632768361180e+02
4.958621468926553462e+02
4.954271186440677752e+02
4.950316384180790692e+02
4.946858757062146879e+02
4.943887005649717139e+02
4.941322033898304653e+02
4.939514124293784789e+02
4.938169491525422927e+02
4.937435028248587514e+02
4.937276836158191600e+02
4.937683615819208853e+02
4.938734463276836095e+02
4.940305084745762088e+02
4.942440677966101248e+02
4.945175141242937116e+02
4.948474576271186152e+02
4.952271186440677866e+02
4.956508474576270942e+02
4.961389830508474006e+02
4.966610169491524971e+02
4.972259887005649261e+02
4.978316384180790237e+02
4.984802259887005675e+02
4.991683615819208626e+02
4.998587570621468785e+02
5.004644067796609761e+02
5.009819209039547445e+02
5.014214689265536435e+02
5.017649717514124177e+02
5.020395480225988081e+02
5.022079096045197275e+02
5.022824858757061293e+02
5.022576271186440522e+02
5.021242937853107264e+02
5.019016949152542111e+02
5.015966101694915551e+02
5.011841807909604540e+02
5.006836158192090807e+02
5.000903954802259932e+02
4.993966101694915096e+02
4.986870056497175483e+02
4.980079096045197957e+02
4.973762711864407038e+02
4.967909604519774120e+02
4.962259887005649830e+02
4.957073446327683541e+02
4.952395480225988535e+02
4.948248587570621453e+02
4.944474576271186379e+02
4.941096045197739954e+02
4.938418079096044835e+02
4.936112994350282293e+02
4.934259887005649716e+02
4.932813559322033825e+02
4.931932203389830534e+02
4.931536723163841884e+02
4.931751412429378547e+02
4.932485875706214529e+02
4.933672316384180476e+02
4.935378531073445743e+02
4.937570621468926220e+02
4.940271186440677411e+02
4.943355932203389784e+02
4.946926553672316231e+02
4.950926553672316572e+02
4.955299435028248354e+02
4.960067796610169353e+02
4.965276836158192282e+02
4.970621468926553916e+02
4.976406779661016913e+02
4.982372881355932464e+02
4.988971751412429398e+02
4.995548022598869693e+02
5.001288135593219977e+02
5.006033898305084335e+02
5.009762711864406128e+02
5.012497175141243133e+02
5.014056497175141089e+02
5.014632768361582293e+02
5.014079096045197730e+02
5.012418079096045176e+02
5.009661016949152668e+02
5.006056497175140976e+02
5.001514124293785244e+02
4.996022598870056299e+02
4.989570621468926674e+02
4.982395480225989104e+02
4.975355932203390239e+02
4.968824858757062088e+02
4.962248587570621794e+02
4.955988700564971623e+02
4.949988700564971396e+02
4.944350282485875141e+02
4.939039548022598183e+02
4.934192090395480363e+02
4.929728813559322020e+02
4.925559322033898297e+02
4.921875706214689217e+02
4.918632768361582066e+02
4.915853107344632917e+02
4.913728813559322361e+02
4.912112994350282520e+02
4.911016949152542566e+02
4.910418079096045290e+02
4.910463276836158002e+02
4.910960451977401249e+02
4.912225988700564585e+02
4.913966101694915096e+02
4.916259887005650171e+02
4.919265536723163450e+02
4.922768361581920544e+02
4.926745762711864245e+02
4.931096045197740523e+02
4.936033898305084904e+02
4.941435028248587855e+02
4.947107344632768218e+02
4.953254237288135755e+02
4.959819209039548014e+02
4.966757062146892849e+02
4.973807909604519750e+02
4.980485875706214642e+02
4.986169491525423609e+02
4.991073446327683882e+02
4.995028248587570943e+02
4.998237288135593417e+02
5.000418079096045290e+02
5.001604519774011806e+02
5.001898305084746426e+02
5.001062146892655278e+02
4.999299435028248695e+02
4.996440677966102157e+02
4.992542372881356414e+02
4.987796610169491487e+02
4.982000000000000455e+02
4.975310734463276958e+02
4.968079096045197502e+02
4.961412429378531215e+02
4.954870056497175028e+02
4.948723163841808628e+02
4.943050847457627128e+02
4.937717514124293530e+02
4.932790960451977753e+02
4.928282485875706129e+02
4.924463276836157775e+02
4.920892655367231328e+02
4.917807909604520091e+02
4.915231638418079569e+02
4.913107344632768445e+02
4.911502824858757208e+02
4.910519774011299319e+02
4.909966101694915324e+02
4.909909604519773438e+02
4.910395480225988649e+02
4.911389830508474574e+02
4.912836158192089897e+02
4.914779661016949603e+02
4.917152542372881499e+02
4.920079096045197957e+02
4.923333333333333712e+02
4.927073446327683541e+02
4.931141242937852667e+02
4.935672316384180931e+02
4.940519774011299319e+02
4.945740112994350284e+02
4.951276836158191941e+02
4.957050847457626901e+02
4.963175141242937798e+02
4.969525423728813394e+02
4.975502824858756981e+02
4.980271186440677411e+02
4.984158192090395687e+02
4.986926553672316231e+02
4.988621468926553462e+02
4.989209039548022702e+02
4.988926553672316686e+02
4.987468926553672190e+02
4.985039548022598410e+02
4.981683615819208626e+02
4.977231638418078319e+02
4.971875706214689217e+02
4.965649717514124291e+02
4.959016949152542111e+02
4.952429378531073780e+02
4.945966101694915551e+02
4.939728813559322020e+02
4.933841807909604427e+02
4.928248587570621453e+02
4.922870056497175142e+02
4.917920903954801588e+02
4.913401129943501928e+02
4.909299435028248126e+02
4.905604519774011010e+02
4.902395480225988535e+02
4.899548022598869466e+02
4.897288135593220204e+02
4.895627118644067650e+02
4.894350282485875141e+02
4.893807909604519750e+02
4.893807909604519750e+02
4.894316384180790465e+02
4.895593220338982974e+02
4.897401129943502838e+02
4.899819209039548014e+02
4.902734463276836436e+02
4.906225988700565495e+02
4.910225988700565267e+02
4.914768361581920999e+02
4.919898305084745971e+02
4.925288135593220886e+02
4.931129943502825199e+02
4.937502824858757435e+02
4.944327683615819069e+02
4.951480225988700568e+02
4.958847457627118729e+02
4.965536723163842225e+02
4.971107344632767990e+02
4.975706214689265607e+02
4.979502824858757322e+02
4.982418079096045176e+02
4.984384180790960386e+02
4.985322033898304994e+02
4.985299435028248354e+02
4.984237288135593644e+02
4.982135593220339160e+02
4.979220338983051306e+02
4.975197740112994325e+02
4.970135593220339274e+02
4.964146892655367083e+02
4.957118644067796254e+02
4.949423728813559364e+02
4.942259887005649261e+02
4.935288135593219749e+02
4.928757062146892167e+02
4.922553672316383881e+02
4.916734463276835640e+02
4.911423728813558682e+02
4.906745762711864245e+02
4.902237288135592621e+02
4.898259887005649489e+02
4.894903954802259705e+02
4.891807909604519864e+02
4.889322033898305335e+02
4.887355932203390125e+02
4.885954802259886947e+02
4.884949152542372985e+02
4.884485875706214983e+02
4.884711864406779682e+02
4.885367231638418275e+02
4.886406779661016913e+02
4.888158192090395460e+02
4.890440677966101930e+02
4.893197740112994438e+02
4.896338983050847560e+02
4.899751412429378661e+02
4.903502824858757094e+02
4.907751412429378206e+02
4.912587570621468558e+02
4.917548022598870148e+02
4.922903954802260387e+02
4.928531073446328037e+02
4.934610169491526221e+02
4.940824858757062543e+02
4.947197740112994779e+02
4.952395480225989104e+02
4.956610169491525539e+02
4.959615819209039955e+02
4.961570621468927129e+02
4.962508474576271738e+02
4.962169491525423837e+02
4.961005649717514530e+02
4.958564971751412713e+02
4.955096045197740295e+02
4.950802259887005903e+02
4.945423728813559592e+02
4.939050847457627356e+02
4.931830508474576504e+02
4.924983050847457662e+02
4.918225988700564812e+02
4.911672316384181158e+02
4.905344632768361635e+02
4.899367231638418048e+02
4.893638418079095800e+02
4.888225988700564812e+02
4.883163841807909762e+02
4.878418079096045403e+02
4.874169491525423723e+02
4.870485875706214642e+02
4.867129943502824858e+02
4.864282485875706357e+02
4.862033898305085131e+02
4.860259887005649944e+02
4.858983050847458003e+02
4.858395480225989331e+02
4.858361581920904655e+02
4.858836158192090693e+02
4.859932203389830647e+02
4.861751412429379116e+02
4.864101694915254370e+02
4.866960451977401476e+02
4.870293785310734620e+02
4.874079096045197730e+02
4.878474576271186720e+02
4.883423728813559705e+02
4.888734463276836095e+02
4.894440677966101703e+02
4.900508474576271283e+02
4.906971751412429512e+02
4.913920903954802384e+02
4.920983050847457889e+02
4.927853107344633372e+02
4.933875706214689671e+02
4.939175141242938025e+02
4.943412429378531669e+02
4.946847457627119411e+02
4.949288135593220659e+02
4.950677966101694665e+02
4.951073446327683314e+02
4.950587570621468672e+02
4.949050847457626787e+02
4.946531073446327582e+02
4.942960451977401135e+02
4.938485875706214756e+02
4.932824858757062430e+02
4.926372881355932805e+02
4.919175141242938025e+02
4.912316384180791147e+02
4.905853107344632917e+02
4.899774011299435301e+02
4.894067796610170262e+02
4.888677966101695347e+02
4.883999999999999773e+02
4.879536723163841998e+02
4.875706214689265607e+02
4.872305084745762542e+02
4.869276836158192054e+02
4.866790960451977526e+02
4.864644067796610898e+02
4.863220338983051079e+02
4.862293785310735075e+02
4.861830508474576504e+02
4.861898305084745857e+02
4.862553672316383881e+02
4.863604519774011123e+02
4.865310734463276958e+02
4.867299435028248809e+02
4.869864406779661294e+02
4.872813559322033825e+02
4.876271186440678207e+02
4.880237288135593303e+02
4.884508474576271624e+02
4.889265536723164018e+02
4.894237288135593644e+02
4.899649717514124632e+02
4.905333333333333030e+02
4.911276836158192509e+02
4.917491525423728831e+02
4.924180790960451759e+02
4.930666666666667197e+02
4.936090395480226221e+02
4.940429378531073326e+02
4.943898305084745743e+02
4.946384180790960272e+02
4.947785310734463451e+02
4.948033898305084222e+02
4.947412429378530874e+02
4.945728813559322248e+02
4.943073446327683769e+02
4.939446327683616005e+02
4.935005649717514302e+02
4.929604519774011351e+02
4.923288135593220431e+02
4.916237288135593531e+02
4.909389830508475256e+02
4.902655367231639048e+02
4.896180790960452214e+02
4.889966101694915324e+02
4.884225988700565040e+02
4.878790960451977980e+02
4.873615819209039728e+02
4.868903954802260046e+02
4.864610169491525653e+02
4.860926553672316572e+02
4.857661016949152781e+02
4.854937853107344949e+02
4.852813559322033825e+02
4.851276836158192509e+02
4.850395480225988649e+02
4.849954802259887288e+02
4.850293785310734620e+02
4.851141242937853235e+02
4.852508474576271738e+02
4.854644067796610329e+02
4.857378531073446766e+02
4.860553672316383995e+02
4.864440677966101703e+02
4.868723163841808059e+02
4.873627118644067764e+02
4.878881355932203405e+02
4.884723163841807718e+02
4.890802259887005903e+02
4.897401129943502838e+02
4.904463276836157775e+02
4.911649717514124518e+02
4.918372881355932122e+02
4.924327683615819069e+02
4.929344632768361407e+02
4.933514124293785699e+02
4.936915254237287627e+02
4.939367231638418048e+02
4.940824858757061975e+02
4.941288135593219977e+02
4.940858757062146651e+02
4.939525423728813394e+02
4.937073446327683541e+02
4.933706214689265153e+02
4.929299435028248126e+02
4.923887005649717707e+02
4.917593220338983429e+02
4.910282485875706016e+02
4.902723163841807832e+02
4.895570621468926902e+02
4.888700564971751419e+02
4.882361581920904428e+02
4.876406779661016913e+02
4.870723163841807946e+02
4.865401129943502383e+02
4.860677966101694665e+02
4.856406779661017481e+02
4.852519774011299205e+02
4.849175141242938025e+02
4.846237288135593531e+02
4.844011299435028377e+02
4.842316384180791147e+02
4.840903954802259932e+02
4.840079096045197957e+02
4.839785310734463337e+02
4.840033898305084676e+02
4.840892655367231328e+02
4.842135593220339160e+02
4.843988700564971168e+02
4.846169491525423609e+02
4.848949152542372758e+02
4.852112994350281951e+02
4.855672316384180931e+02
4.859627118644067423e+02
4.864056497175141658e+02
4.868926553672316686e+02
4.874011299435028377e+02
4.879525423728813394e+02
4.885367231638418275e+02
4.891491525423728035e+02
4.897785310734462882e+02
4.903830508474575822e+02
4.908779661016948808e+02
4.912576271186440522e+02
4.915220338983050965e+02
4.916813559322034166e+02
4.917276836158191600e+02
4.916655367231638252e+02
4.914937853107344949e+02
4.912192090395479909e+02
4.908395480225988763e+02
4.903593220338983087e+02
4.897898305084745516e+02
4.891062146892655846e+02
4.883672316384180476e+02
4.876610169491525539e+02
4.869638418079096027e+02
4.863016949152543020e+02
4.856587570621468899e+02
4.850429378531073326e+02
4.844564971751412941e+02
4.838847457627118729e+02
4.833728813559321793e+02
4.828994350282486039e+02
4.824745762711864359e+02
4.820847457627119184e+02
4.817468926553672759e+02
4.814689265536723042e+02
4.812372881355931895e+02
4.810587570621469240e+02
4.809355932203390012e+02
4.808734463276836095e+02
4.808632768361582066e+02
4.809220338983050169e+02
4.810316384180790692e+02
4.811999999999999886e+02
4.814395480225988990e+02
4.817118644067796822e+02
4.820587570621469240e+02
4.824440677966101703e+02
4.828689265536723951e+02
4.833457627118644382e+02
4.838632768361582634e+02
4.844146892655368219e+02
4.850045197740113281e+02
4.856406779661017481e+02
4.863039548022599092e+02
4.870090395480226562e+02
4.877197740112994779e+02
4.883299435028249036e+02
4.888598870056497390e+02
4.892870056497175142e+02
4.896271186440677639e+02
4.898711864406780023e+02
4.900090395480225993e+02
4.900429378531073326e+02
4.899604519774011351e+02
4.897785310734464019e+02
4.895163841807909648e+02
4.891389830508475143e+02
4.886610169491525539e+02
4.880779661016949262e+02
4.874090395480226334e+02
4.867163841807909535e+02
4.860610169491525312e+02
4.854372881355932350e+02
4.848531073446328037e+02
4.843118644067796481e+02
4.838112994350282747e+02
4.833480225988701022e+02
4.829197740112995234e+02
4.825344632768361635e+02
4.821920903954802498e+02
4.819039548022599320e+02
4.816779661016948921e+02
4.814813559322034280e+02
4.813389830508474461e+02
4.812519774011299774e+02
4.812271186440677866e+02
4.812372881355932464e+02
4.813028248587570488e+02
4.814158192090395687e+02
4.815627118644068219e+02
4.817740112994350739e+02
4.820350282485876505e+02
4.823412429378531669e+02
4.826802259887006130e+02
4.830734463276836550e+02
4.834926553672316913e+02
4.839491525423729286e+02
4.844451977401130307e+02
4.849853107344633258e+02
4.855423728813559592e+02
4.861322033898305222e+02
4.867389830508474802e+02
4.873920903954802384e+02
4.879920903954802611e+02
4.884971751412429626e+02
4.888960451977401362e+02
4.891920903954802498e+02
4.893977401129943701e+02
4.894836158192090352e+02
4.894745762711864927e+02
4.893740112994350397e+02
4.891570621468927129e+02
4.888508474576271396e+02
4.884576271186440977e+02
4.879649717514124632e+02
4.873841807909604995e+02
4.867107344632768218e+02
4.860180790960451986e+02
4.853604519774011692e+02
4.847333333333333485e+02
4.841175141242938480e+02
4.835401129943502951e+02
4.829920903954802611e+02
4.824768361581920999e+02
4.820067796610169353e+02
4.815672316384180931e+02
4.811887005649717821e+02
4.808406779661016799e+02
4.805525423728813621e+02
4.803096045197740409e+02
4.801355932203390466e+02
4.800124293785310670e+02
4.799367231638418048e+02
4.799310734463277299e+02
4.799740112994350625e+02
4.800813559322033939e+02
4.802485875706215097e+02
4.804745762711864927e+02
4.807299435028248809e+02
4.810598870056497844e+02
4.814361581920903745e+02
4.818644067796610670e+02
4.823457627118644382e+02
4.828677966101695347e+02
4.834293785310734393e+02
4.840463276836158570e+02
4.846892655367231555e+02
4.853536723163842339e+02
4.860497175141243247e+02
4.866858757062146879e+02
4.872350282485875823e+02
4.876915254237288764e+02
4.880757062146893190e+02
4.883672316384181045e+02
4.885649717514124291e+02
4.886689265536723497e+02
4.886903954802260159e+02
4.886022598870057436e+02
4.884327683615819069e+02
4.881548022598869920e+02
4.877649717514124745e+02
4.873186440677966402e+02
4.867581920903955393e+02
4.860994350282486494e+02
4.853706214689266289e+02
4.846542372881356755e+02
4.839627118644068560e+02
4.832949152542373668e+02
4.826824858757062202e+02
4.821107344632769127e+02
4.815615819209039614e+02
4.810632768361582521e+02
4.806090395480226221e+02
4.801943502824859138e+02
4.798440677966102612e+02
4.795468926553672873e+02
4.792757062146893077e+02
4.790632768361582521e+02
4.789028248587570715e+02
4.787740112994350739e+02
4.787197740112994779e+02
4.787220338983050851e+02
4.787548022598870148e+02
4.788689265536723951e+02
4.790112994350283202e+02
4.791988700564972419e+02
4.794338983050847673e+02
4.797197740112994779e+02
4.800395480225989786e+02
4.803932203389830420e+02
4.807954802259887401e+02
4.812372881355933032e+02
4.817163841807910103e+02
4.822237288135593758e+02
4.827661016949152781e+02
4.833367231638418389e+02
4.839604519774011351e+02
4.845423728813559592e+02
4.850169491525423382e+02
4.853999999999999773e+02
4.856768361581921454e+02
4.858519774011299432e+02
4.859186440677966061e+02
4.858802259887005448e+02
4.857412429378531442e+02
4.855005649717513734e+02
4.851661016949152554e+02
4.847299435028248809e+02
4.842203389830508513e+02
4.836112994350282861e+02
4.829186440677966630e+02
4.822237288135593190e+02
4.815344632768361635e+02
4.808632768361582066e+02
4.802135593220339160e+02
4.795909604519774234e+02
4.790067796610169921e+02
4.784406779661017026e+02
4.779152542372881385e+02
4.774225988700565040e+02
4.769683615819209308e+02
4.765536723163842225e+02
4.761932203389831102e+02
4.758757062146893304e+02
4.756124293785310897e+02
4.753932203389830420e+02
4.752316384180791147e+02
4.751242937853107833e+02
4.750655367231638593e+02
4.750768361581921226e+02
4.751378531073446538e+02
4.752564971751412486e+02
4.754225988700565040e+02
4.756418079096045517e+02
4.759209039548022702e+02
4.762553672316384450e+02
4.766429378531073553e+02
4.770644067796611125e+02
4.775310734463276958e+02
4.780316384180790692e+02
4.785728813559322248e+02
4.791412429378531215e+02
4.797683615819209422e+02
4.804203389830508968e+02
4.810971751412429285e+02
4.817322033898304880e+02
4.822700564971751191e+02
4.827186440677966175e+02
4.830960451977401249e+02
4.833672316384181045e+02
4.835412429378530987e+02
4.836192090395480818e+02
4.835977401129943587e+02
4.834711864406780251e+02
4.832463276836158457e+02
4.829310734463277299e+02
4.825073446327684223e+02
4.820022598870057209e+02
4.813887005649718276e+02
4.807220338983051420e+02
4.800881355932203860e+02
4.794937853107344949e+02
4.789310734463277299e+02
4.783943502824859024e+02
4.779096045197740068e+02
4.774587570621469581e+02
4.770497175141242678e+02
4.766836158192090807e+02
4.763548022598870375e+02
4.760745762711864586e+02
4.758395480225989331e+02
4.756451977401130193e+02
4.754892655367231669e+02
4.753954802259887629e+02
4.753446327683615777e+02
4.753480225988701022e+02
4.753909604519774348e+02
4.754836158192090352e+02
4.756248587570621567e+02
4.758293785310734165e+02
4.760644067796609988e+02
4.763491525423729058e+02
4.766587570621468899e+02
4.770135593220338706e+02
4.774011299435028377e+02
4.778124293785310783e+02
4.782779661016949149e+02
4.787683615819208853e+02
4.792836158192089897e+02
4.798508474576270828e+02
4.804271186440677752e+02
4.810384180790960045e+02
4.816711864406779569e+02
4.822372881355931895e+02
4.826903954802260159e+02
4.830531073446327355e+02
4.833039548022598524e+02
4.834531073446327696e+02
4.835186440677966289e+02
4.834779661016949603e+02
4.833423728813559705e+02
4.830983050847457889e+02
4.827740112994350170e+02
4.823378531073446425e+02
4.818112994350282747e+02
4.811943502824858570e+02
4.805242937853107605e+02
4.798802259887005448e+02
4.792689265536723155e+02
4.786689265536723497e+02
4.781084745762711918e+02
4.775740112994350284e+02
4.770723163841807946e+02
4.766033898305084904e+02
4.761853107344632576e+02
4.758169491525424064e+02
4.754824858757062316e+02
4.752033898305084563e+02
4.749661016949152668e+02
4.747977401129943473e+02
4.746836158192090238e+02
4.746259887005650171e+02
4.746146892655366969e+02
4.746677966101694892e+02
4.747887005649716912e+02
4.749446327683616005e+02
4.751830508474576504e+02
4.754598870056497617e+02
4.757887005649718049e+02
4.761661016949152554e+02
4.766022598870056299e+02
4.770960451977401249e+02
4.776237288135592962e+02
4.781932203389830534e+02
4.788022598870056754e+02
4.794542372881355732e+02
4.801446327683615891e+02
4.808553672316384109e+02
4.815152542372882181e+02
4.820937853107344608e+02
4.825943502824859479e+02
4.829988700564972532e+02
4.833197740112994438e+02
4.835491525423728945e+02
4.836870056497175483e+02
4.837265536723164132e+02
4.836858757062146879e+02
4.835412429378530987e+02
4.833141242937853121e+02
4.829853107344632690e+02
4.825536723163842225e+02
4.820259887005649944e+02
4.814169491525424291e+02
4.807107344632768786e+02
4.799943502824859252e+02
4.793175141242937798e+02
4.786621468926554144e+02
4.780395480225988649e+02
4.774700564971751646e+02
4.769242937853107378e+02
4.764259887005649716e+02
4.759627118644067991e+02
4.755457627118644268e+02
4.751785310734463224e+02
4.748598870056497390e+02
4.745943502824858911e+02
4.743694915254237685e+02
4.741988700564971850e+02
4.740711864406779910e+02
4.739966101694915324e+02
4.739593220338983315e+02
4.739875706214689330e+02
4.740587570621469240e+02
4.741830508474576504e+02
4.743502824858757094e+02
4.745649717514124859e+02
4.748237288135593417e+02
4.751276836158191941e+02
4.754689265536723042e+02
4.758305084745762770e+02
4.762384180790960500e+02
4.766881355932204087e+02
4.771774011299435188e+02
4.776949152542373440e+02
4.782451977401129852e+02
4.788090395480226107e+02
4.794158192090395687e+02
4.799231638418078774e+02
4.803254237288135755e+02
4.806112994350282861e+02
4.808169491525424064e+02
4.809220338983051306e+02
4.809186440677966061e+02
4.807977401129943473e+02
4.805853107344632917e+02
4.802790960451977753e+02
4.798779661016949376e+02
4.793898305084745743e+02
4.787999999999999545e+02
4.781355932203389330e+02
4.774632768361581725e+02
4.768011299435028150e+02
4.761604519774011237e+02
4.755344632768361635e+02
4.749378531073446084e+02
4.743661016949153009e+02
4.738293785310734734e+02
4.733254237288135755e+02
4.728519774011299432e+02
4.724293785310734393e+02
4.720316384180790692e+02
4.716824858757062202e+02
4.713887005649717139e+02
4.711457627118644496e+02
4.709344632768361976e+02
4.707796610169491487e+02
4.706903954802260159e+02
4.706338983050848128e+02
4.706519774011299546e+02
4.707152542372881499e+02
4.708395480225989331e+02
4.710158192090395914e+02
4.712418079096045176e+02
4.715220338983051533e+02
4.718395480225989331e+02
4.722022598870056527e+02
4.726079096045198185e+02
4.730576271186441204e+02
4.735593220338982974e+02
4.740802259887005334e+02
4.746395480225988877e+02
4.752293785310734506e+02
4.758632768361582066e+02
4.764994350282486266e+02
4.770655367231638593e+02
4.775310734463276958e+02
4.779197740112994666e+02
4.782146892655367765e+02
4.784248587570621680e+02
4.785480225988700340e+02
4.785728813559322248e+02
4.784960451977401590e+02
4.783265536723164360e+02
4.780644067796610557e+02
4.777163841807909535e+02
4.772644067796610443e+02
4.767344632768362089e+02
4.760881355932203860e+02
4.754463276836158343e+02
4.748463276836158684e+02
4.742700564971752328e+02
4.737276836158192737e+02
4.732169491525423837e+02
4.727525423728813507e+02
4.723175141242937798e+02
4.719344632768361976e+02
4.715920903954802270e+02
4.712949152542373668e+02
4.710418079096045858e+02
4.708316384180791374e+02
4.706666666666666856e+02
4.705559322033898297e+02
4.704870056497175028e+02
4.704621468926553689e+02
4.704903954802259705e+02
4.705672316384180931e+02
4.706983050847458117e+02
4.708677966101695347e+02
4.710881355932202723e+02
4.713604519774011123e+02
4.716395480225988877e+02
4.719988700564971964e+02
4.723841807909603858e+02
4.727966101694914869e+02
4.732587570621468558e+02
4.737525423728813507e+02
4.742768361581920544e+02
4.748271186440678093e+02
4.754158192090395687e+02
4.760305084745762656e+02
4.766711864406779569e+02
4.772519774011299205e+02
4.777627118644068105e+02
4.781514124293785244e+02
4.784237288135593644e+02
4.786158192090396142e+02
4.787152542372881499e+02
4.787028248587570829e+02
4.785932203389830875e+02
4.783932203389830420e+02
4.781050847457627242e+02
4.777073446327683541e+02
4.772146892655367196e+02
4.766587570621468899e+02
4.760056497175141317e+02
4.753220338983051079e+02
4.746553672316384223e+02
4.740101694915254598e+02
4.734056497175141658e+02
4.728225988700564812e+02
4.722598870056497162e+02
4.717446327683615550e+02
4.712610169491525198e+02
4.708101694915254143e+02
4.704045197740113053e+02
4.700395480225988649e+02
4.697322033898304880e+02
4.694790960451977639e+02
4.692790960451977753e+02
4.691401129943502610e+02
4.690418079096045858e+02
4.690135593220339274e+02
4.690237288135593303e+02
4.691175141242938480e+02
4.692485875706214529e+02
4.694463276836158343e+02
4.697028248587570829e+02
4.699988700564971964e+02
4.703480225988700454e+02
4.707401129943502838e+02
4.711954802259887174e+02
4.716926553672316231e+02
4.722497175141243133e+02
4.728418079096045403e+02
4.734632768361582293e+02
4.741254237288135300e+02
4.748158192090395460e+02
4.755141242937853008e+02
4.761378531073445970e+02
4.766768361581920885e+02
4.771457627118643927e+02
4.775129943502824972e+02
4.778045197740112826e+02
4.779977401129943360e+02
4.780926553672316572e+02
4.780971751412429285e+02
4.779966101694915324e+02
4.778192090395480705e+02
4.775367231638418275e+02
4.771593220338983201e+02
4.767039548022598865e+02
4.761389830508475143e+02
4.754813559322033711e+02
4.747548022598870148e+02
4.740644067796609988e+02
4.734033898305084449e+02
4.727819209039547559e+02
4.721830508474575936e+02
4.716316384180790919e+02
4.711254237288135869e+02
4.706361581920904200e+02
4.702011299435028491e+02
4.698158192090395460e+02
4.694847457627118388e+02
4.691807909604519864e+02
4.689389830508474688e+02
4.687389830508474233e+02
4.685943502824858342e+02
4.684858757062146424e+02
4.684384180790959817e+02
4.684474576271186379e+02
4.684870056497175028e+02
4.685887005649717594e+02
4.687299435028248809e+02
4.689242937853106810e+02
4.691389830508474006e+02
4.694090395480225766e+02
4.697209039548022247e+02
4.700587570621468672e+02
4.704497175141242451e+02
4.708632768361582066e+02
4.713175141242937798e+02
4.718259887005649489e+02
4.723389830508474461e+02
4.728700564971751419e+02
4.734350282485875141e+02
4.739909604519774007e+02
4.744350282485875709e+02
4.747853107344632235e+02
4.750259887005649944e+02
4.751740112994349943e+02
4.752192090395480477e+02
4.751604519774010669e+02
4.750124293785311238e+02
4.747525423728813507e+02
4.744101694915253802e+02
4.739774011299434733e+02
4.734497175141242451e+02
4.728338983050847446e+02
4.722045197740112599e+02
4.715977401129943019e+02
4.710056497175140748e+02
4.704338983050847673e+02
4.698813559322034052e+02
4.693570621468926447e+02
4.688666666666666742e+02
4.684192090395480363e+02
4.680000000000000000e+02
4.676112994350282861e+02
4.672621468926553803e+02
4.669661016949152668e+02
4.667186440677966175e+02
4.665152542372881612e+02
4.663627118644068332e+02
4.662700564971751191e+02
4.662305084745762542e+02
4.662440677966101816e+02
4.663231638418079683e+02
4.664451977401130307e+02
4.666135593220338933e+02
4.668474576271186152e+02
4.671163841807909876e+02
4.674576271186440408e+02
4.678327683615819410e+02
4.682429378531073780e+02
4.686994350282485584e+02
4.692282485875706470e+02
4.697728813559322134e+02
4.703548022598869807e+02
4.709751412429378661e+02
4.716203389830508854e+02
4.723016949152543020e+02
4.729649717514124632e+02
4.735423728813559592e+02
4.740395480225988649e+02
4.744576271186440408e+02
4.747807909604520091e+02
4.750158192090395346e+02
4.751525423728813848e+02
4.751909604519773893e+02
4.751254237288135300e+02
4.749694915254236776e+02
4.747028248587570260e+02
4.743423728813559137e+02
4.739016949152542111e+02
4.733593220338982519e+02
4.727197740112993642e+02
4.720384180790960045e+02
4.713774011299434505e+02
4.707615819209039500e+02
4.701751412429378547e+02
4.696237288135592962e+02
4.691220338983050624e+02
4.686553672316383654e+02
4.682271186440677866e+02
4.678463276836158684e+02
4.675039548022598410e+02
4.672169491525423837e+02
4.669570621468926674e+02
4.667559322033898752e+02
4.666067796610169580e+02
4.664983050847457662e+02
4.664418079096045631e+02
4.664327683615819069e+02
4.664802259887005675e+02
4.665728813559321679e+02
4.667062146892654937e+02
4.669005649717513506e+02
4.671412429378531215e+02
4.674293785310733824e+02
4.677367231638417593e+02
4.681050847457627242e+02
4.685152542372881044e+02
4.689604519774011351e+02
4.694305084745762997e+02
4.699389830508474120e+02
4.704847457627118388e+02
4.710621468926552780e+02
4.716711864406779569e+02
4.723084745762711236e+02
4.729412429378530760e+02
4.734621468926553689e+02
4.738915254237288082e+02
4.742225988700564585e+02
4.744429378531073667e+02
4.745830508474576277e+02
4.746067796610169580e+02
4.745299435028248354e+02
4.743627118644068332e+02
4.741028248587570602e+02
4.737480225988700795e+02
4.733039548022599092e+02
4.727751412429378206e+02
4.721514124293785244e+02
4.714395480225988422e+02
4.707604519774010896e+02
4.700983050847457889e+02
4.694485875706214983e+02
4.688338983050847446e+02
4.682519774011299205e+02
4.677039548022598865e+02
4.671785310734463224e+02
4.666903954802260159e+02
4.662429378531073780e+02
4.658689265536722814e+02
4.655254237288135073e+02
4.652350282485875823e+02
4.649898305084745402e+02
4.648045197740112826e+02
4.646655367231638820e+02
4.646000000000000227e+02
4.645627118644067650e+02
4.645966101694914983e+02
4.646937853107344836e+02
4.648564971751412713e+02
4.650598870056497276e+02
4.653220338983051079e+02
4.656429378531073553e+02
4.659920903954802043e+02
4.664101694915254370e+02
4.668677966101695347e+02
4.673920903954802952e+02
4.679378531073446652e+02
4.685333333333333599e+02
4.691627118644067878e+02
4.698327683615819979e+02
4.705028248587570943e+02
4.711062146892655846e+02
4.716214689265536890e+02
4.720451977401130534e+02
4.723988700564972305e+02
4.726621468926554144e+02
4.728259887005650057e+02
4.728994350282486039e+02
4.728824858757062657e+02
4.727672316384181386e+02
4.725581920903955506e+02
4.722384180790960500e+02
4.718372881355932122e+02
4.713389830508475598e+02
4.707446327683616119e+02
4.700689265536723838e+02
4.693706214689265721e+02
4.686847457627118274e+02
4.680440677966101930e+02
4.674418079096045631e+02
4.668677966101695347e+02
4.663288135593220431e+02
4.658293785310735302e+02
4.653819209039548355e+02
4.649661016949152668e+02
4.646000000000000227e+02
4.642779661016949717e+02
4.639954802259887856e+02
4.637683615819209422e+02
4.635853107344632917e+02
4.634644067796610898e+02
4.633807909604520319e+02
4.633446327683616346e+02
4.633649717514124973e+02
4.634350282485876278e+02
4.635548022598870830e+02
4.637039548022598865e+02
4.639141242937853349e+02
4.641570621468926561e+02
4.644338983050847673e+02
4.647694915254237458e+02
4.651514124293785244e+02
4.655446327683616232e+02
4.659819209039548014e+02
4.664542372881355732e+02
4.669604519774011351e+02
4.675039548022599547e+02
4.680723163841808514e+02
4.686745762711864813e+02
4.692587570621469126e+02
4.697502824858756867e+02
4.701457627118644496e+02
4.704384180790960954e+02
4.706237288135593531e+02
4.707084745762712146e+02
4.707107344632768786e+02
4.705932203389830875e+02
4.703875706214689671e+02
4.700836158192091148e+02
4.696892655367232123e+02
4.691909604519773893e+02
4.686237288135593531e+02
4.679468926553672645e+02
4.672655367231639048e+02
4.666214689265536890e+02
4.659954802259887856e+02
4.653988700564972305e+02
4.648225988700565949e+02
4.642723163841808400e+02
4.637559322033898752e+02
4.632723163841808400e+02
4.628519774011300001e+02
4.624474576271186947e+02
4.620847457627119184e+02
4.617694915254238026e+02
4.614937853107345518e+02
4.612926553672316459e+02
4.611333333333333826e+02
4.610225988700565267e+02
4.609785310734463337e+02
4.609807909604520546e+02
4.610338983050847901e+02
4.611638418079096482e+02
4.613333333333333712e+02
4.615672316384180931e+02
4.618395480225989331e+02
4.621661016949152554e+02
4.625378531073446311e+02
4.629581920903955279e+02
4.634237288135593644e+02
4.639299435028248695e+02
4.644757062146892395e+02
4.650553672316384564e+02
4.656824858757062202e+02
4.663288135593220431e+02
4.670067796610169921e+02
4.676937853107344836e+02
4.683186440677966402e+02
4.688531073446328037e+02
4.693050847457627697e+02
4.696745762711864813e+02
4.699355932203390012e+02
4.701016949152542566e+02
4.701706214689265266e+02
4.701581920903955165e+02
4.700451977401130534e+02
4.698214689265537345e+02
4.695016949152542907e+02
4.690881355932203860e+02
4.685841807909604313e+02
4.679762711864407265e+02
4.672903954802259818e+02
4.666418079096045517e+02
4.660203389830508627e+02
4.654418079096045631e+02
4.649039548022599320e+02
4.644067796610169694e+02
4.639322033898305335e+02
4.635197740112994325e+02
4.631231638418078660e+02
4.627830508474575595e+02
4.624813559322033143e+02
4.622406779661017140e+02
4.620440677966101930e+02
4.619062146892655392e+02
4.617977401129943473e+02
4.617401129943502838e+02
4.617514124293785471e+02
4.618067796610169466e+02
4.619073446327683996e+02
4.620587570621468103e+02
4.622587570621468558e+02
4.625005649717513734e+02
4.627762711864406810e+02
4.630915254237287400e+02
4.634531073446327127e+02
4.638576271186440181e+02
4.642892655367231214e+02
4.647751412429378206e+02
4.652745762711864472e+02
4.658214689265536208e+02
4.663977401129943701e+02
4.669977401129943928e+02
4.676440677966102157e+02
4.682418079096045176e+02
4.687423728813558910e+02
4.691457627118644496e+02
4.694463276836157775e+02
4.696497175141242906e+02
4.697661016949152213e+02
4.697819209039548127e+02
4.696926553672316231e+02
4.695050847457627015e+02
4.692225988700564585e+02
4.688553672316384109e+02
4.684045197740113053e+02
4.678519774011299432e+02
4.672112994350282520e+02
4.665028248587570943e+02
4.658248587570621453e+02
4.651661016949152554e+02
4.645254237288135073e+02
4.639141242937853349e+02
4.633209039548022474e+02
4.627807909604520091e+02
4.622768361581921113e+02
4.618011299435028150e+02
4.613853107344632463e+02
4.610192090395480022e+02
4.606971751412429512e+02
4.604237288135593644e+02
4.601932203389830534e+02
4.600180790960451986e+02
4.599028248587570147e+02
4.598485875706214756e+02
4.598598870056497390e+02
4.599220338983051306e+02
4.600372881355932577e+02
4.602225988700565722e+02
4.604485875706214983e+02
4.607355932203390125e+02
4.610655367231638593e+02
4.614463276836158911e+02
4.618768361581921340e+02
4.623593220338983656e+02
4.628768361581921340e+02
4.634372881355932350e+02
4.640429378531073894e+02
4.646824858757062202e+02
4.653627118644068332e+02
4.660293785310734620e+02
4.666079096045198185e+02
4.671118644067796595e+02
4.675152542372882181e+02
4.678542372881356641e+02
4.680813559322033939e+02
4.682192090395480477e+02
4.682824858757062430e+02
4.682259887005650398e+02
4.680870056497175256e+02
4.678282485875706698e+02
4.674949152542372985e+02
4.670429378531073894e+02
4.665016949152542907e+02
4.658711864406780023e+02
4.651559322033898525e+02
4.644384180790960954e+02
4.637581920903955961e+02
4.631107344632769127e+02
4.624858757062146992e+02
4.619062146892655960e+02
4.613627118644068332e+02
4.608406779661017367e+02
4.603694915254237685e+02
4.599378531073447220e+02
4.595570621468926902e+02
4.592146892655367765e+02
4.589242937853107378e+02
4.586858757062147447e+02
4.584937853107345518e+02
4.583367231638418957e+02
4.582305084745763679e+02
4.581728813559323044e+02
4.581661016949153691e+02
4.582056497175142340e+02
4.583096045197740978e+02
4.584463276836158911e+02
4.586305084745763452e+02
4.588451977401130648e+02
4.590960451977401817e+02
4.593988700564972305e+02
4.597378531073447334e+02
4.601175141242938480e+02
4.605367231638418843e+02
4.609785310734463906e+02
4.614463276836158911e+02
4.619446327683616573e+02
4.624723163841808855e+02
4.630384180790961182e+02
4.635401129943503520e+02
4.639355932203391149e+02
4.642327683615820320e+02
4.644271186440678321e+02
4.645175141242938253e+02
4.645084745762712259e+02
4.644112994350283543e+02
4.642192090395481046e+02
4.639344632768362544e+02
4.635581920903955506e+02
4.630813559322034507e+02
4.625005649717514871e+02
4.618621468926554599e+02
4.612271186440678434e+02
4.606101694915254825e+02
4.600067796610170490e+02
4.594316384180791601e+02
4.588790960451977980e+02
4.583514124293786267e+02
4.578757062146893304e+02
4.574169491525424291e+02
4.569966101694915892e+02
4.566180790960452214e+02
4.562689265536723724e+02
4.559570621468927243e+02
4.556994350282486721e+02
4.554915254237288877e+02
4.553310734463277640e+02
4.552225988700566290e+02
4.551807909604520432e+02
4.551943502824859706e+02
4.552463276836159594e+02
4.553502824858758231e+02
4.555084745762712828e+02
4.557242937853108060e+02
4.559864406779661863e+02
4.562983050847458344e+02
4.566474576271187402e+02
4.570610169491525880e+02
4.575016949152542907e+02
4.579966101694915892e+02
4.585242937853107605e+02
4.590915254237289105e+02
4.596802259887006130e+02
4.603016949152543020e+02
4.609559322033899207e+02
4.616508474576271510e+02
4.623028248587571625e+02
4.628542372881356641e+02
4.633197740112995007e+02
4.637096045197740750e+02
4.640045197740113849e+02
4.642056497175142340e+02
4.643197740112995007e+02
4.643197740112995007e+02
4.642361581920904428e+02
4.640474576271187175e+02
4.637717514124294667e+02
4.633954802259888197e+02
4.629310734463277868e+02
4.623774011299435642e+02
4.617310734463277413e+02
4.610757062146893759e+02
4.604564971751412941e+02
4.598903954802260614e+02
4.593355932203390921e+02
4.588350282485877187e+02
4.583717514124294894e+02
4.579570621468927243e+02
4.575774011299436097e+02
4.572282485875707607e+02
4.569209039548023839e+02
4.566610169491526108e+02
4.564587570621469581e+02
4.562983050847458344e+02
4.561785310734464360e+02
4.561107344632769127e+02
4.561039548022599774e+02
4.561333333333334394e+02
4.562090395480227016e+02
4.563310734463277640e+02
4.565016949152543475e+02
4.567175141242938707e+02
4.569559322033899207e+02
4.572587570621469695e+02
4.575875706214690126e+02
4.579661016949153236e+02
4.583898305084746880e+02
4.588327683615819979e+02
4.593276836158192395e+02
4.598531073446328037e+02
4.604067796610170262e+02
4.609864406779661294e+02
4.615988700564972760e+02
4.622384180790961068e+02
4.627954802259887401e+02
4.632587570621469695e+02
4.636463276836158798e+02
4.639310734463277299e+02
4.641050847457627242e+02
4.642101694915254484e+02
4.642192090395481046e+02
4.641389830508475143e+02
4.639672316384181272e+02
4.636994350282486721e+02
4.633367231638418389e+02
4.629107344632769241e+02
4.623875706214689671e+02
4.617954802259887401e+02
4.611333333333334394e+02
4.604824858757062884e+02
4.598316384180791374e+02
4.592293785310735075e+02
4.586338983050848128e+02
4.580711864406780478e+02
4.575570621468926902e+02
4.570745762711865154e+02
4.566372881355932805e+02
4.562361581920904428e+02
4.558870056497175938e+02
4.555819209039548241e+02
4.553242937853107719e+02
4.551242937853107833e+02
4.549853107344633258e+02
4.548847457627119297e+02
4.548440677966102612e+02
4.548531073446328037e+02
4.549378531073447220e+02
4.550666666666667197e+02
4.552440677966102385e+02
4.554757062146893531e+02
4.557491525423729399e+02
4.560836158192090579e+02
4.564598870056497617e+02
4.568937853107345290e+02
4.573638418079096368e+02
4.578734463276836664e+02
4.584237288135593644e+02
4.590000000000000568e+02
4.596135593220338933e+02
4.602553672316384450e+02
4.608406779661017367e+02
4.613581920903955051e+02
4.618056497175141430e+02
4.621615819209039842e+02
4.624451977401130307e+02
4.626169491525424178e+02
4.627129943502825427e+02
4.627220338983051420e+02
4.626418079096045517e+02
4.624711864406780251e+02
4.622045197740113736e+02
4.618451977401130080e+02
4.613977401129943701e+02
4.608598870056497390e+02
4.602395480225989104e+02
4.595627118644068219e+02
4.589163841807909421e+02
4.583039548022599092e+02
4.577197740112994779e+02
4.571649717514125086e+02
4.566293785310734847e+02
4.561536723163842453e+02
4.556937853107344836e+02
4.552870056497175142e+02
4.549107344632768672e+02
4.545706214689265607e+02
4.542779661016949149e+02
4.540214689265536663e+02
4.538214689265537345e+02
4.536802259887006130e+02
4.535853107344632917e+02
4.535096045197740295e+02
4.534926553672316913e+02
4.535265536723164246e+02
4.535920903954802270e+02
4.537118644067796822e+02
4.538723163841808059e+02
4.540734463276836550e+02
4.543096045197739841e+02
4.545932203389830875e+02
4.549163841807909421e+02
4.552610169491525767e+02
4.556519774011299546e+02
4.560802259887005903e+02
4.565333333333334167e+02
4.570079096045197957e+02
4.575152542372881612e+02
4.580598870056497844e+02
4.585796610169492169e+02
4.590033898305084676e+02
4.593389830508475029e+02
4.595683615819209535e+02
4.597050847457627469e+02
4.597344632768362089e+02
4.596757062146892849e+02
4.595220338983051533e+02
4.592745762711864472e+02
4.589333333333333371e+02
4.585073446327684223e+02
4.579875706214689899e+02
4.573706214689266289e+02
4.567389830508475370e+02
4.561118644067797732e+02
4.555039548022599547e+02
4.549175141242938594e+02
4.543559322033898979e+02
4.538169491525424064e+02
4.533096045197740978e+02
4.528101694915254711e+02
4.523638418079096937e+02
4.519435028248587969e+02
4.515728813559322816e+02
4.512451977401130989e+02
4.509694915254237912e+02
4.507423728813560047e+02
4.505559322033899434e+02
4.504237288135593644e+02
4.503480225988701022e+02
4.503107344632769014e+02
4.503367231638418389e+02
4.504248587570622249e+02
4.505615819209040183e+02
4.507502824858757435e+02
4.509875706214689330e+02
4.512700564971751760e+02
4.515977401129943587e+02
4.519875706214689899e+02
4.523988700564972305e+02
4.528655367231639275e+02
4.533581920903955051e+02
4.538971751412429967e+02
4.544644067796610898e+02
4.550711864406780478e+02
4.557073446327684110e+02
4.563887005649718276e+02
4.570474576271187175e+02
4.576180790960452214e+02
4.580983050847457889e+02
4.585050847457627583e+02
4.588067796610169466e+02
4.590271186440678548e+02
4.591457627118644496e+02
4.591796610169491828e+02
4.590926553672316572e+02
4.589163841807909989e+02
4.586497175141242906e+02
4.582723163841808400e+02
4.578101694915254711e+02
4.572542372881356414e+02
4.566135593220339501e+02
4.559683615819209308e+02
4.553525423728814303e+02
4.547819209039548696e+02
4.542384180790961068e+02
4.537322033898306017e+02
4.532655367231639048e+02
4.528451977401130648e+02
4.524463276836158911e+02
4.520960451977401817e+02
4.517830508474577300e+02
4.515096045197740864e+02
4.512790960451977753e+02
4.511107344632769127e+02
4.509762711864407265e+02
4.508858757062147333e+02
4.508305084745763338e+02
4.508395480225989331e+02
4.508768361581921909e+02
4.509672316384180704e+02
4.510960451977401817e+02
4.512734463276836436e+02
4.515039548022599547e+02
4.517593220338983429e+02
4.520723163841807946e+02
4.524158192090395687e+02
4.527841807909604768e+02
4.532000000000000455e+02
4.536474576271186834e+02
4.541175141242938480e+02
4.546350282485876164e+02
4.551853107344633145e+02
4.557435028248588083e+02
4.563254237288135755e+02
4.568824858757062657e+02
4.573412429378531669e+02
4.577028248587570829e+02
4.579672316384181272e+02
4.581378531073447107e+02
4.582293785310735075e+02
4.582158192090395801e+02
4.581220338983051761e+02
4.579435028248587969e+02
4.576644067796610216e+02
4.572983050847458344e+02
4.568406779661017367e+02
4.562983050847458344e+02
4.556768361581921454e+02
4.550372881355932577e+02
4.544135593220339615e+02
4.538101694915254711e+02
4.532248587570622362e+02
4.526790960451977526e+02
4.521559322033898525e+02
4.516677966101694892e+02
4.512214689265537118e+02
4.507977401129943473e+02
4.504056497175141658e+02
4.500711864406779910e+02
4.497943502824859365e+02
4.495570621468926902e+02
4.493740112994350966e+02
4.492395480225989104e+02
4.491536723163842453e+02
4.491355932203390466e+02
4.491548022598870489e+02
4.492214689265537118e+02
4.493491525423728490e+02
4.495276836158192282e+02
4.497661016949152781e+02
4.500361581920903973e+02
4.503468926553672418e+02
4.507209039548022815e+02
4.511378531073446538e+02
4.515977401129944155e+02
4.520858757062147220e+02
4.526146892655367537e+02
4.531830508474576504e+02
4.537819209039548127e+02
4.543999999999999773e+02
4.549875706214689330e+02
4.554949152542372985e+02
4.559197740112994666e+02
4.562836158192090465e+02
4.565491525423728945e+02
4.567322033898304880e+02
4.568271186440678093e+02
4.568338983050847446e+02
4.567559322033898184e+02
4.565785310734463565e+02
4.563209039548023043e+02
4.559649717514124632e+02
4.555299435028248354e+02
4.549853107344632690e+02
4.543909604519774348e+02
4.537502824858757435e+02
4.531299435028248581e+02
4.525581920903954369e+02
4.519977401129943928e+02
4.514757062146892963e+02
4.509966101694915324e+02
4.505435028248587628e+02
4.501141242937852667e+02
4.497367231638418161e+02
4.493898305084745743e+02
4.490960451977401249e+02
4.488395480225988763e+02
4.486305084745762315e+02
4.484587570621469013e+02
4.483502824858757094e+02
4.482768361581920544e+02
4.482531073446327810e+02
4.482779661016949149e+02
4.483389830508474461e+02
4.484451977401129739e+02
4.485988700564971623e+02
4.487841807909604768e+02
4.490079096045197957e+02
4.492892655367231782e+02
4.495920903954802270e+02
4.499412429378531328e+02
4.503163841807909762e+02
4.507299435028248809e+02
4.511807909604519864e+02
4.516531073446327582e+02
4.521593220338983201e+02
4.526937853107344836e+02
4.532508474576271169e+02
4.537480225988700795e+02
4.541491525423729172e+02
4.544700564971751646e+02
4.546903954802260159e+02
4.548124293785310783e+02
4.548451977401130080e+02
4.547943502824858797e+02
4.546429378531073553e+02
4.543932203389830420e+02
4.540474576271186606e+02
4.536271186440678775e+02
4.531209039548023156e+02
4.525288135593220318e+02
4.518779661016949376e+02
4.512418079096045176e+02
4.506451977401129625e+02
4.500485875706214642e+02
4.494768361581920999e+02
4.489446327683616005e+02
4.484485875706214983e+02
4.479774011299435301e+02
4.475389830508474915e+02
4.471570621468927129e+02
4.467954802259887401e+02
4.464813559322033711e+02
4.462101694915254484e+02
4.460045197740113281e+02
4.458271186440678093e+02
4.457028248587570829e+02
4.456293785310734279e+02
4.456090395480225652e+02
4.456361581920904200e+02
4.457333333333333485e+02
4.458858757062147333e+02
4.460621468926553916e+02
4.463084745762711805e+02
4.466011299435028263e+02
4.469367231638418616e+02
4.473107344632768445e+02
4.477265536723164132e+02
4.481898305084745857e+02
4.486779661016948921e+02
4.492135593220339160e+02
4.497954802259887401e+02
4.504045197740113053e+02
4.510361581920903973e+02
4.517005649717514189e+02
4.523401129943503065e+02
4.528994350282486039e+02
4.533841807909604995e+02
4.537683615819209422e+02
4.540734463276836550e+02
4.543028248587570488e+02
4.544158192090395687e+02
4.544361581920903745e+02
4.543762711864407038e+02
4.542248587570621794e+02
4.539785310734463337e+02
4.536293785310734847e+02
4.531853107344633145e+02
4.526519774011300115e+02
4.520338983050847901e+02
4.513751412429379002e+02
4.507423728813560047e+02
4.501367231638418502e+02
4.495548022598870830e+02
4.490180790960452555e+02
4.485050847457627015e+02
4.480305084745763224e+02
4.476000000000000227e+02
4.472124293785310556e+02
4.468610169491525994e+02
4.465502824858757549e+02
4.462858757062147106e+02
4.460711864406779341e+02
4.458892655367232010e+02
4.457570621468926220e+02
4.456768361581921454e+02
4.456519774011300115e+02
4.456723163841808173e+02
4.457401129943502838e+02
4.458440677966102044e+02
4.460022598870057209e+02
4.462033898305085131e+02
4.464406779661017595e+02
4.467129943502825427e+02
4.470293785310734620e+02
4.473796610169491714e+02
4.477649717514124177e+02
4.481785310734463792e+02
4.486214689265536890e+02
4.491039548022599774e+02
4.496135593220338933e+02
4.501604519774011806e+02
4.507299435028248809e+02
4.513039548022599092e+02
4.517841807909604768e+02
4.521762711864406583e+02
4.524700564971751646e+02
4.526779661016949490e+02
4.527864406779660840e+02
4.528079096045197502e+02
4.527559322033898752e+02
4.525920903954802270e+02
4.523276836158191827e+02
4.519728813559322020e+02
4.515559322033898297e+02
4.510327683615819296e+02
4.504429378531073667e+02
4.498124293785310783e+02
4.492316384180791147e+02
4.486474576271186834e+02
4.480892655367232464e+02
4.475627118644068219e+02
4.470858757062147788e+02
4.466237288135592962e+02
4.461920903954802498e+02
4.458180790960452100e+02
4.454734463276836323e+02
4.451706214689265835e+02
4.449220338983051306e+02
4.447118644067796822e+02
4.445570621468926902e+02
4.444519774011299660e+02
4.443954802259887629e+02
4.444011299435028377e+02
4.444621468926554257e+02
4.445740112994350852e+02
4.447322033898306017e+02
4.449491525423729286e+02
4.452180790960452441e+02
4.455322033898305563e+02
4.458836158192091261e+02
4.462824858757062998e+02
4.467435028248588651e+02
4.472372881355933032e+02
4.477627118644068105e+02
4.483344632768362317e+02
4.489378531073446652e+02
4.495683615819209535e+02
4.502418079096045744e+02
4.508587570621469922e+02
4.513853107344633599e+02
4.518406779661017936e+02
4.522067796610169808e+02
4.525062146892655619e+02
4.527073446327684110e+02
4.528293785310734734e+02
4.528316384180791943e+02
4.527435028248588083e+02
4.525785310734464133e+02
4.523276836158192964e+02
4.519728813559322589e+02
4.515242937853107605e+02
4.509853107344632690e+02
4.503672316384181613e+02
4.496723163841808173e+02
4.490158192090395914e+02
4.483909604519774348e+02
4.477740112994350739e+02
4.472135593220339160e+02
4.466915254237288764e+02
4.462022598870057095e+02
4.457627118644068105e+02
4.453525423728813735e+02
4.449807909604520546e+02
4.446632768361581611e+02
4.443920903954802952e+02
4.441457627118644496e+02
4.439762711864407265e+02
4.438440677966102612e+02
4.437819209039548696e+02
4.437536723163842680e+02
4.437762711864407379e+02
4.438429378531074008e+02
4.439615819209039955e+02
4.441333333333333826e+02
4.443367231638418957e+02
4.445943502824859479e+02
4.448847457627119297e+02
4.452248587570621794e+02
4.455864406779661522e+02
4.460011299435028604e+02
4.464440677966102271e+02
4.469276836158192623e+02
4.474361581920904314e+02
4.479819209039548014e+02
4.485525423728813621e+02
4.491491525423729172e+02
4.497242937853108060e+02
4.502112994350282520e+02
4.505954802259886947e+02
4.508847457627118729e+02
4.510734463276836550e+02
4.511570621468927129e+02
4.511649717514124518e+02
4.510734463276836550e+02
4.508847457627119297e+02
4.506135593220339501e+02
4.502361581920904428e+02
4.497785310734463451e+02
4.492293785310735075e+02
4.485977401129944155e+02
4.479186440677966630e+02
4.472644067796610443e+02
4.466305084745762883e+02
4.460203389830509195e+02
4.454350282485876278e+02
4.448870056497175369e+02
4.443661016949153009e+02
4.438655367231638706e+02
4.434090395480226334e+02
4.430045197740113281e+02
4.426192090395480818e+02
4.422757062146893077e+02
4.419966101694915892e+02
4.417638418079096709e+02
4.415875706214689558e+02
4.414632768361582293e+02
4.413954802259887629e+02
4.413604519774012260e+02
4.413943502824859024e+02
4.414723163841808855e+02
4.416101694915254257e+02
4.417887005649718049e+02
4.420203389830509195e+02
4.422994350282485811e+02
4.426169491525423609e+02
4.429966101694915892e+02
4.433943502824859024e+02
4.438632768361582634e+02
4.443333333333333712e+02
4.448621468926554599e+02
4.454248587570622249e+02
4.460135593220339842e+02
4.466350282485876164e+02
4.472870056497175710e+02
4.478542372881356641e+02
4.483446327683616346e+02
4.487581920903955393e+02
4.490813559322034507e+02
4.493254237288136324e+02
4.494666666666667538e+02
4.495197740112995461e+02
4.494757062146893531e+02
4.493536723163842908e+02
4.491231638418079228e+02
4.488090395480226675e+02
4.484056497175141658e+02
4.479141242937853349e+02
4.473265536723164360e+02
4.466937853107344836e+02
4.460768361581921226e+02
4.455129943502824972e+02
4.449683615819209308e+02
4.444531073446328264e+02
4.439638418079097164e+02
4.435197740112994893e+02
4.431197740112994552e+02
4.427401129943503406e+02
4.424225988700565608e+02
4.421333333333333826e+02
4.418768361581921340e+02
4.416677966101695461e+02
4.415152542372881612e+02
4.413864406779661067e+02
4.413220338983051647e+02
4.413005649717514416e+02
4.413355932203389784e+02
4.413841807909604995e+02
4.415062146892655619e+02
4.416689265536723497e+02
4.418587570621469922e+02
4.420994350282486494e+02
4.423966101694915665e+02
4.427141242937854031e+02
4.430655367231638593e+02
4.434723163841808855e+02
4.438824858757062657e+02
4.443468926553672986e+02
4.448418079096045403e+02
4.453751412429379002e+02
4.459175141242938025e+02
4.465062146892656187e+02
4.470384180790961182e+02
4.475028248587571511e+02
4.478598870056497958e+02
4.481254237288136437e+02
4.482983050847458344e+02
4.483785310734464247e+02
4.483728813559322361e+02
4.482655367231639048e+02
4.480858757062147788e+02
4.478112994350283316e+02
4.474632768361582293e+02
4.470316384180791829e+02
4.464926553672316913e+02
4.458757062146893304e+02
4.452022598870057095e+02
4.445615819209040183e+02
4.439378531073447220e+02
4.433355932203390353e+02
4.427604519774012033e+02
4.422112994350283088e+02
4.416937853107345404e+02
4.412124293785311124e+02
4.407706214689266062e+02
4.403683615819209649e+02
4.400101694915255166e+02
4.397028248587571397e+02
4.394508474576272192e+02
4.392406779661017708e+02
4.390937853107345745e+02
4.389943502824859252e+02
4.389412429378531897e+02
4.389502824858757890e+02
4.390022598870057209e+02
4.391299435028249718e+02
4.393050847457627697e+02
4.395288135593221455e+02
4.397988700564973215e+02
4.401242937853108401e+02
4.405050847457628151e+02
4.409062146892656529e+02
4.413604519774012260e+02
4.418587570621469922e+02
4.423954802259887629e+02
4.429728813559323726e+02
4.435909604519774803e+02
4.442418079096046313e+02
4.449276836158193191e+02
4.455502824858757549e+02
4.460790960451978435e+02
4.465401129943503520e+02
4.469073446327685133e+02
4.471954802259888311e+02
4.474022598870058118e+02
4.475152542372882181e+02
4.475276836158193419e+02
4.474372881355933487e+02
4.472700564971752328e+02
4.470022598870057209e+02
4.466384180790961409e+02
4.461920903954803066e+02
4.456485875706215438e+02
4.450203389830509195e+02
4.443333333333334281e+02
4.436677966101695461e+02
4.430564971751413736e+02
4.424655367231639502e+02
4.418960451977401931e+02
4.413819209039548923e+02
4.408971751412429967e+02
4.404429378531074235e+02
4.400361581920905110e+02
4.396655367231639389e+02
4.393480225988701022e+02
4.390621468926555053e+02
4.388248587570622021e+02
4.386418079096046654e+02
4.384994350282486835e+02
4.384000000000000909e+02
4.383581920903956188e+02
4.383694915254238254e+02
4.384203389830509536e+02
4.385050847457628151e+02
4.386429378531074690e+02
4.388271186440679230e+02
4.390564971751413168e+02
4.393152542372881726e+02
4.396146892655368106e+02
4.399581920903955279e+02
4.403197740112995007e+02
4.407355932203390694e+02
4.411751412429379116e+02
4.416644067796610784e+02
4.421898305084746426e+02
4.427186440677966743e+02
4.432790960451978322e+02
4.438576271186441318e+02
4.443355932203390353e+02
4.447378531073447334e+02
4.450293785310735757e+02
4.452192090395481046e+02
4.453107344632769582e+02
4.453254237288136892e+02
4.452248587570622362e+02
4.450689265536723838e+02
4.448067796610170035e+02
4.444463276836158911e+02
4.440033898305085813e+02
4.434485875706216120e+02
4.428079096045198639e+02
4.421649717514125086e+02
4.415491525423730081e+02
4.409446327683616573e+02
4.403559322033898979e+02
4.397988700564972078e+02
4.392779661016950286e+02
4.387807909604520660e+02
4.383276836158192964e+02
4.379096045197741205e+02
4.375367231638418843e+02
4.372135593220339160e+02
4.369389830508475256e+02
4.367016949152542793e+02
4.365096045197740864e+02
4.363966101694916233e+02
4.363231638418079683e+02
4.362960451977402272e+02
4.363209039548023611e+02
4.363898305084746880e+02
4.365322033898305563e+02
4.367084745762712714e+02
4.369378531073447220e+02
4.372192090395481046e+02
4.375491525423729513e+02
4.379039548022599320e+02
4.383129943502825654e+02
4.387525423728814076e+02
4.392338983050848356e+02
4.397672316384181386e+02
4.403322033898305676e+02
4.409220338983051874e+02
4.415446327683616801e+02
4.421932203389831102e+02
4.428723163841808628e+02
4.434508474576272192e+02
4.439423728813560501e+02
4.443638418079096937e+02
4.446949152542374009e+02
4.449378531073447220e+02
4.450734463276837118e+02
4.451299435028249718e+02
4.450892655367232464e+02
4.449514124293786494e+02
4.447141242937854031e+02
4.443830508474577528e+02
4.439683615819209876e+02
4.434723163841808855e+02
4.428858757062147902e+02
4.422463276836159594e+02
4.416418079096046085e+02
4.410587570621470377e+02
4.405096045197741432e+02
4.399819209039549150e+02
4.394824858757063453e+02
4.390282485875707152e+02
4.386090395480226789e+02
4.382372881355933032e+02
4.379016949152543248e+02
4.376124293785311465e+02
4.373570621468927584e+02
4.371615819209040410e+02
4.369977401129945065e+02
4.368847457627119866e+02
4.368158192090396597e+02
4.367909604519775257e+02
4.368079096045198639e+02
4.368790960451978549e+02
4.369898305084747108e+02
4.371514124293786381e+02
4.373401129943503634e+02
4.375830508474576845e+02
4.378824858757062657e+02
4.382000000000001023e+02
4.385638418079096823e+02
4.389548022598871171e+02
4.393932203389831557e+02
4.398553672316385246e+02
4.403604519774012260e+02
4.408926553672317823e+02
4.414587570621470149e+02
4.420474576271187743e+02
4.425694915254238140e+02
4.429920903954803180e+02
4.433378531073446993e+02
4.436011299435028832e+02
4.437581920903955961e+02
4.438192090395481273e+02
4.438079096045198639e+02
4.437118644067797959e+02
4.435175141242939389e+02
4.432429378531074917e+02
4.428881355932204542e+02
4.424418079096046199e+02
4.419062146892656529e+02
4.412994350282486948e+02
4.406644067796610784e+02
4.400384180790961182e+02
4.394361581920905451e+02
4.388564971751413850e+02
4.383005649717515553e+02
4.377728813559323271e+02
4.372666666666667652e+02
4.367954802259888538e+02
4.363875706214690808e+02
4.360101694915255734e+02
4.356734463276836777e+02
4.353920903954803521e+02
4.351581920903955734e+02
4.349548022598871171e+02
4.348214689265537345e+02
4.347468926553673327e+02
4.347276836158193873e+02
4.347559322033899889e+02
4.348350282485877187e+02
4.349785310734464474e+02
4.351774011299436324e+02
4.354158192090396255e+02
4.356994350282486721e+02
4.360372881355933146e+02
4.364169491525424860e+02
4.368338983050848583e+02
4.373005649717514984e+02
4.377909604519775257e+02
4.383355932203390921e+02
4.389152542372882522e+02
4.395322033898306699e+02
4.401480225988701704e+02
4.407141242937854031e+02
4.412067796610170944e+02
4.416203389830509423e+02
4.419435028248588537e+02
4.421841807909605677e+02
4.423389830508475598e+02
4.423977401129943701e+02
4.423819209039548923e+02
4.422655367231639048e+02
4.420553672316385132e+02
4.417661016949153918e+02
4.413875706214690240e+02
4.409163841807910558e+02
4.403570621468927584e+02
4.397175141242938707e+02
4.390372881355932577e+02
4.383774011299435642e+02
4.377401129943503975e+02
4.371536723163842453e+02
4.365830508474576845e+02
4.360655367231638593e+02
4.355581920903955506e+02
4.350994350282486494e+02
4.346655367231639389e+02
4.342892655367232351e+02
4.339367231638418616e+02
4.336316384180792056e+02
4.333728813559323498e+02
4.331661016949153691e+02
4.329954802259887856e+02
4.328745762711864700e+02
4.328169491525424633e+02
4.327988700564972078e+02
4.328180790960452669e+02
4.328757062146893304e+02
4.329954802259887856e+02
4.331446327683617028e+02
4.333412429378531669e+02
4.335604519774011578e+02
4.338305084745763907e+02
4.341412429378532352e+02
4.345016949152543475e+02
4.348870056497175938e+02
4.353254237288136892e+02
4.357887005649718049e+02
4.362677966101695688e+02
4.367785310734464019e+02
4.373254237288136892e+02
4.378983050847458571e+02
4.384000000000000909e+02
4.388180790960453237e+02
4.391355932203390466e+02
4.393728813559323498e+02
4.395039548022599547e+02
4.395468926553672873e+02
4.394983050847458799e+02
4.393514124293786267e+02
4.391299435028249150e+02
4.388327683615819979e+02
4.384361581920904882e+02
4.379446327683616573e+02
4.373785310734464247e+02
4.367378531073447334e+02
4.361175141242939048e+02
4.355062146892656756e+02
4.349254237288137119e+02
4.343559322033898979e+02
4.338192090395481273e+02
4.333016949152543020e+02
4.328192090395481273e+02
4.324011299435028377e+02
4.319875706214689899e+02
4.316372881355932805e+02
4.313084745762712373e+02
4.310271186440678548e+02
4.308079096045198639e+02
4.306169491525424746e+02
4.304949152542374122e+02
4.304158192090396255e+02
4.303853107344633599e+02
4.304124293785311579e+02
4.304937853107345518e+02
4.306237288135594099e+02
4.307887005649718049e+02
4.310056497175141885e+02
4.312700564971752328e+02
4.315819209039548809e+02
4.319310734463277868e+02
4.323209039548023611e+02
4.327468926553673327e+02
4.332101694915255621e+02
4.337220338983051988e+02
4.342610169491526335e+02
4.348214689265538482e+02
4.354237288135594213e+02
4.360316384180791829e+02
4.366644067796611353e+02
4.372237288135594326e+02
4.377073446327684678e+02
4.381050847457628379e+02
4.384225988700566177e+02
4.386542372881357323e+02
4.387841807909605905e+02
4.388237288135594554e+02
4.387694915254238595e+02
4.386327683615820092e+02
4.383932203389831557e+02
4.380779661016949831e+02
4.376734463276836777e+02
4.371706214689266403e+02
4.365909604519774803e+02
4.360350282485876505e+02
4.354915254237289446e+02
4.349683615819210445e+02
4.344790960451978208e+02
4.340248587570622476e+02
4.335954802259888083e+02
4.332011299435029059e+02
4.328587570621469922e+02
4.325355932203391376e+02
4.322564971751413623e+02
4.320192090395481159e+02
4.318169491525425201e+02
4.316621468926554144e+02
4.315581920903956075e+02
4.314858757062147561e+02
4.314576271186441545e+02
4.314700564971752215e+02
4.315457627118644837e+02
4.316429378531074121e+02
4.317751412429379343e+02
4.319604519774012488e+02
4.321728813559323044e+02
4.324327683615820206e+02
4.327254237288136665e+02
4.330485875706215779e+02
4.334192090395480932e+02
4.338067796610170035e+02
4.342361581920904428e+02
4.346949152542373440e+02
4.351694915254237799e+02
4.356768361581921454e+02
4.362101694915254484e+02
4.367468926553672759e+02
4.371909604519775030e+02
4.375457627118644268e+02
4.378079096045198071e+02
4.379966101694915324e+02
4.381129943502825199e+02
4.381355932203389898e+02
4.380734463276837118e+02
4.379231638418079910e+02
4.376802259887006130e+02
4.373649717514125541e+02
4.369672316384181840e+02
4.364836158192090920e+02
4.359242937853107946e+02
4.353062146892655733e+02
4.347141242937854031e+02
4.341502824858757776e+02
4.336067796610170717e+02
4.330802259887005903e+02
4.325875706214690126e+02
4.321242937853107833e+02
4.316971751412430081e+02
4.312949152542373668e+02
4.309389830508475825e+02
4.306271186440678775e+02
4.303480225988701022e+02
4.301389830508475143e+02
4.299638418079096027e+02
4.298361581920904086e+02
4.297706214689266062e+02
4.297581920903954824e+02
4.298090395480226675e+02
4.298937853107345290e+02
4.300327683615819865e+02
4.302158192090396369e+02
4.304440677966101703e+02
4.307197740112994779e+02
4.310463276836158002e+02
4.314305084745762997e+02
4.318451977401130080e+02
4.322870056497175710e+02
4.327875706214689444e+02
4.333141242937853121e+02
4.338802259887005448e+02
4.344937853107344949e+02
4.351322033898305790e+02
4.357367231638418161e+02
4.362655367231639048e+02
4.367220338983051420e+02
4.370971751412429853e+02
4.374045197740113053e+02
4.376203389830509423e+02
4.377536723163842680e+02
4.377920903954802725e+02
4.377435028248588651e+02
4.376067796610170149e+02
4.373807909604520319e+02
4.370666666666667197e+02
4.366666666666667425e+02
4.361740112994351080e+02
4.355966101694915551e+02
4.349344632768362544e+02
4.342655367231639048e+02
4.336225988700565495e+02
4.330225988700565267e+02
4.324338983050847673e+02
4.318790960451977980e+02
4.313491525423729627e+02
4.308677966101695347e+02
4.304067796610170262e+02
4.300022598870057209e+02
4.296146892655367537e+02
4.292836158192091034e+02
4.289751412429378661e+02
4.287197740112994779e+02
4.285152542372882181e+02
4.283514124293785699e+02
4.282350282485876392e+02
4.281593220338983770e+02
4.281175141242938480e+02
4.281231638418079797e+02
4.281830508474577073e+02
4.282790960451977753e+02
4.284146892655367651e+02
4.285943502824859479e+02
4.288079096045198639e+02
4.290564971751413168e+02
4.293322033898305676e+02
4.296610169491525539e+02
4.300214689265537231e+02
4.304146892655368219e+02
4.308451977401130648e+02
4.312960451977401135e+02
4.317751412429379343e+02
4.322847457627119638e+02
4.327242937853108060e+02
4.330644067796611125e+02
4.333141242937854258e+02
4.334790960451978208e+02
4.335627118644068219e+02
4.335412429378531556e+02
4.334316384180791601e+02
4.332485875706215097e+02
4.329706214689265948e+02
4.326022598870056299e+02
4.321604519774011806e+02
4.316372881355932805e+02
4.310316384180790692e+02
4.304395480225989559e+02
4.298700564971751419e+02
4.293209039548023043e+02
4.287785310734464019e+02
4.282531073446327810e+02
4.277581920903955393e+02
4.272971751412429740e+02
4.268542372881356073e+02
4.264429378531073667e+02
4.260745762711865154e+02
4.257310734463277413e+02
4.254474576271187516e+02
4.252079096045198412e+02
4.250045197740113849e+02
4.248451977401130080e+02
4.247389830508475370e+02
4.246779661016949490e+02
4.246621468926554144e+02
4.247107344632769355e+02
4.248067796610170035e+02
4.249401129943503292e+02
4.251175141242938480e+02
4.253423728813560274e+02
4.256192090395480818e+02
4.259265536723164587e+02
4.262757062146893077e+02
4.266644067796610784e+02
4.270937853107345177e+02
4.275423728813560160e+02
4.280542372881356528e+02
4.285853107344632917e+02
4.291401129943503747e+02
4.297423728813560047e+02
4.303525423728814303e+02
4.309163841807909989e+02
4.314180790960452327e+02
4.318564971751412713e+02
4.322056497175141772e+02
4.324587570621469013e+02
4.326305084745763452e+02
4.327039548022599433e+02
4.326926553672316800e+02
4.325932203389830875e+02
4.324124293785311579e+02
4.321446327683616460e+02
4.317830508474577300e+02
4.313435028248587741e+02
4.308011299435028718e+02
4.302214689265537118e+02
4.296802259887006130e+02
4.291446327683616460e+02
4.286655367231638820e+02
4.282090395480227016e+02
4.277796610169492624e+02
4.274011299435028945e+02
4.270440677966102498e+02
4.267254237288136665e+02
4.264508474576272192e+02
4.262067796610170376e+02
4.260022598870056640e+02
4.258451977401130080e+02
4.257446327683616119e+02
4.256745762711864245e+02
4.256474576271186834e+02
4.256711864406779569e+02
4.257401129943502838e+02
4.258395480225989331e+02
4.259864406779661294e+02
4.261819209039548468e+02
4.263954802259887060e+02
4.266610169491525539e+02
4.269581920903955279e+02
4.272881355932203178e+02
4.276598870056497503e+02
4.280677966101694665e+02
4.284994350282485698e+02
4.289672316384180704e+02
4.294677966101695006e+02
4.299954802259886719e+02
4.305525423728813621e+02
4.311084745762711918e+02
4.316666666666667425e+02
4.321367231638418502e+02
4.325163841807909648e+02
4.328180790960452669e+02
4.330406779661017254e+02
4.331683615819209194e+02
4.332079096045198412e+02
4.331830508474575936e+02
4.330598870056497844e+02
4.328610169491525426e+02
4.325830508474576845e+02
4.322259887005650398e+02
4.317864406779660840e+02
4.312711864406779796e+02
4.306632768361581611e+02
4.300508474576271283e+02
4.294587570621469013e+02
4.288915254237288082e+02
4.283457627118643813e+02
4.278203389830508740e+02
4.273265536723163791e+02
4.268870056497175369e+02
4.264632768361582293e+02
4.260779661016949262e+02
4.257480225988700795e+02
4.254497175141243019e+02
4.252158192090395801e+02
4.250225988700565267e+02
4.248768361581920772e+02
4.247740112994350170e+02
4.247502824858757435e+02
4.247480225988700795e+02
4.248192090395480136e+02
4.249367231638418616e+02
4.251096045197740523e+02
4.253152542372881726e+02
4.255785310734463565e+02
4.258824858757062657e+02
4.262395480225989104e+02
4.266384180790960272e+02
4.270723163841807946e+02
4.275559322033898297e+02
4.280655367231638593e+02
4.286237288135592962e+02
4.292079096045197844e+02
4.298237288135593417e+02
4.304395480225988422e+02
4.309785310734463337e+02
4.314587570621469013e+02
4.318564971751412713e+02
4.321717514124293871e+02
4.323977401129943701e+02
4.325435028248587628e+02
4.326022598870056299e+02
4.325717514124294212e+02
4.324451977401130307e+02
4.322327683615819183e+02
4.319344632768361407e+02
4.315604519774011578e+02
4.310813559322034507e+02
4.305457627118644268e+02
4.299107344632768672e+02
4.292451977401129852e+02
4.286090395480226221e+02
4.279932203389830647e+02
4.274101694915254939e+02
4.268497175141243360e+02
4.263378531073446993e+02
4.258553672316384677e+02
4.254033898305085017e+02
4.249988700564972532e+02
4.246259887005650171e+02
4.243084745762712373e+02
4.240135593220339842e+02
4.237785310734464019e+02
4.235717514124294212e+02
4.234338983050847673e+02
4.233310734463277072e+02
4.232587570621469126e+02
4.232553672316384450e+02
4.232745762711864472e+02
4.233480225988701022e+02
4.234497175141243019e+02
4.235966101694915551e+02
4.237785310734464019e+02
4.239966101694915892e+02
4.242576271186441090e+02
4.245559322033898866e+02
4.248881355932203405e+02
4.252508474576271738e+02
4.256440677966102157e+02
4.260757062146893190e+02
4.265175141242938253e+02
4.270000000000000568e+02
4.275039548022598410e+02
4.279954802259886719e+02
4.283909604519774348e+02
4.286960451977400908e+02
4.289152542372881385e+02
4.290463276836158002e+02
4.290960451977401249e+02
4.290497175141243247e+02
4.289039548022599320e+02
4.286847457627118843e+02
4.283853107344633031e+02
4.279977401129943928e+02
4.275163841807910217e+02
4.269468926553672645e+02
4.263694915254237685e+02
4.258033898305085359e+02
4.252542372881356414e+02
4.247118644067796822e+02
4.241988700564971850e+02
4.237062146892654937e+02
4.232463276836158457e+02
4.228045197740112826e+02
4.224000000000000341e+02
4.220338983050847901e+02
4.217175141242937570e+02
4.214293785310734393e+02
4.211785310734463792e+02
4.209977401129943928e+02
4.208519774011299432e+02
4.207661016949152781e+02
4.207197740112994779e+02
4.207175141242938139e+02
4.207694915254237458e+02
4.208723163841808059e+02
4.210271186440677980e+02
4.212350282485875823e+02
4.214813559322034280e+02
4.217807909604520091e+02
4.221242937853107833e+02
4.225039548022599547e+02
4.229096045197740636e+02
4.233480225988701022e+02
4.238338983050847446e+02
4.243627118644068332e+02
4.249299435028249263e+02
4.255129943502824972e+02
4.261220338983051192e+02
4.267649717514124177e+02
4.273717514124293757e+02
4.278723163841808059e+02
4.283175141242937798e+02
4.286610169491525539e+02
4.289299435028249263e+02
4.290949152542373213e+02
4.291796610169491828e+02
4.291661016949152554e+02
4.290508474576272420e+02
4.288474576271187289e+02
4.285491525423728945e+02
4.281604519774011806e+02
4.276836158192090807e+02
4.271254237288135869e+02
4.265152542372882181e+02
4.259355932203390012e+02
4.253807909604520319e+02
4.248564971751412713e+02
4.243649717514124404e+02
4.239141242937853349e+02
4.234903954802259705e+02
4.230983050847457889e+02
4.227593220338983429e+02
4.224542372881356869e+02
4.221841807909604540e+02
4.219423728813559364e+02
4.217548022598870716e+02
4.216079096045198753e+02
4.215062146892655619e+02
4.214429378531074235e+02
4.214406779661017595e+02
4.214689265536723610e+02
4.215536723163842225e+02
4.216745762711864245e+02
4.218429378531074008e+02
4.220598870056497844e+02
4.223073446327683769e+02
4.225954802259887515e+02
4.229118644067796708e+02
4.232757062146893077e+02
4.236723163841808173e+02
4.240824858757061975e+02
4.245468926553672873e+02
4.250305084745763224e+02
4.255288135593220886e+02
4.260745762711865154e+02
4.266406779661017481e+02
4.272090395480227016e+02
4.276870056497175483e+02
4.280802259887005903e+02
4.283887005649718276e+02
4.286056497175142113e+02
4.287265536723164132e+02
4.287706214689266062e+02
4.287163841807910103e+02
4.285796610169491601e+02
4.283548022598870375e+02
4.280666666666667197e+02
4.276745762711864245e+02
4.272090395480225880e+02
4.266451977401130762e+02
4.260124293785311238e+02
4.253559322033898979e+02
4.247220338983051988e+02
4.241062146892655846e+02
4.235186440677966857e+02
4.229446327683616573e+02
4.224011299435028945e+02
4.219073446327683996e+02
4.214327683615820206e+02
4.209966101694915324e+02
4.205954802259888083e+02
4.202564971751413623e+02
4.199536723163841998e+02
4.197084745762712714e+02
4.195016949152542338e+02
4.193514124293785699e+02
4.192508474576271169e+02
4.191954802259887174e+02
4.192079096045198412e+02
4.192723163841808400e+02
4.193740112994350966e+02
4.195333333333333599e+02
4.197401129943502838e+02
4.199920903954802043e+02
4.203028248587571056e+02
4.206361581920904200e+02
4.210180790960451986e+02
4.214508474576271624e+02
4.219141242937853349e+02
4.224067796610170262e+02
4.229514124293785926e+02
4.235310734463276958e+02
4.241355932203389898e+02
4.247265536723164132e+02
4.252542372881356414e+02
4.256881355932203519e+02
4.260406779661017254e+02
4.263265536723164360e+02
4.265186440677966857e+02
4.266271186440678207e+02
4.266463276836158229e+02
4.265728813559321679e+02
4.264237288135593644e+02
4.261864406779661181e+02
4.258677966101695347e+02
4.254485875706214983e+02
4.249536723163841998e+02
4.243706214689265721e+02
4.237389830508475370e+02
4.231186440677967084e+02
4.225435028248588196e+02
4.219841807909605222e+02
4.214644067796610898e+02
4.209751412429378661e+02
4.205209039548022929e+02
4.200971751412429853e+02
4.197197740112994779e+02
4.193830508474576391e+02
4.190711864406779910e+02
4.188158192090396028e+02
4.185762711864406924e+02
4.183954802259887060e+02
4.182564971751412486e+02
4.181502824858757208e+02
4.180937853107344608e+02
4.180983050847457889e+02
4.181276836158192509e+02
4.182079096045198412e+02
4.183096045197739841e+02
4.184666666666666970e+02
4.186655367231638820e+02
4.188903954802260614e+02
4.191593220338983201e+02
4.194587570621469013e+02
4.198056497175141430e+02
4.201627118644067878e+02
4.205728813559322248e+02
4.210158192090395346e+02
4.214847457627118956e+02
4.219774011299435301e+02
4.225005649717514871e+02
4.230101694915254029e+02
4.234395480225988990e+02
4.237898305084745516e+02
4.240485875706215211e+02
4.242124293785311124e+02
4.242994350282486380e+02
4.242994350282486380e+02
4.242158192090395801e+02
4.240474576271186606e+02
4.237774011299435415e+02
4.234361581920904314e+02
4.230293785310734620e+02
4.225175141242937684e+02
4.219288135593220659e+02
4.213389830508474461e+02
4.207570621468926220e+02
4.201954802259887174e+02
4.196463276836158229e+02
4.191446327683615891e+02
4.186508474576271510e+02
4.181920903954802498e+02
4.177785310734462882e+02
4.173932203389830420e+02
4.170406779661017254e+02
4.167435028248587514e+02
4.164903954802259705e+02
4.162768361581921113e+02
4.161254237288135300e+02
4.160192090395480591e+02
4.159559322033898638e+02
4.159412429378531897e+02
4.159830508474576618e+02
4.160576271186441204e+02
4.162056497175141203e+02
4.163875706214689671e+02
4.166214689265537459e+02
4.169141242937853917e+02
4.172474576271187061e+02
4.176282485875706811e+02
4.180350282485876505e+02
4.184881355932204201e+02
4.189864406779661294e+02
4.195186440677966289e+02
4.200677966101694665e+02
4.206485875706215438e+02
4.212858757062147106e+02
4.219468926553672645e+02
4.225932203389830875e+02
4.231638418079096482e+02
4.236542372881356187e+02
4.240677966101695233e+02
4.244056497175141658e+02
4.246429378531074121e+02
4.248022598870056754e+02
4.248666666666667311e+02
4.248305084745763338e+02
4.247242937853108060e+02
4.245186440677966857e+02
4.242135593220339160e+02
4.238259887005650057e+02
4.233570621468926447e+02
4.227898305084746085e+02
4.221615819209040410e+02
4.215514124293786153e+02
4.209785310734463906e+02
4.204305084745762997e+02
4.199005649717514643e+02
4.194022598870056981e+02
4.189468926553672645e+02
4.185276836158192850e+02
4.181468926553673100e+02
4.178033898305084790e+02
4.175039548022599547e+02
4.172463276836158457e+02
4.170395480225989786e+02
4.168689265536723951e+02
4.167401129943503406e+02
4.166644067796611353e+02
4.166214689265536890e+02
4.166384180790960841e+02
4.166960451977401476e+02
4.168090395480226107e+02
4.169401129943503292e+02
4.171163841807909876e+02
4.173457627118644382e+02
4.175909604519774234e+02
4.178926553672317254e+02
4.182225988700565154e+02
4.185898305084746198e+02
4.190011299435028604e+02
4.194463276836158911e+02
4.199175141242938594e+02
4.204248587570622249e+02
4.209502824858757890e+02
4.215073446327684223e+02
4.220621468926554485e+02
4.225389830508474915e+02
4.229096045197740636e+02
4.232033898305085131e+02
4.234124293785311011e+02
4.235265536723164246e+02
4.235468926553672873e+02
4.234960451977401590e+02
4.233446327683616346e+02
4.231096045197740523e+02
4.227954802259887401e+02
4.223875706214689671e+02
4.219084745762712600e+02
4.213265536723164360e+02
4.206847457627119411e+02
4.200621468926554485e+02
4.194429378531074235e+02
4.188587570621469922e+02
4.182983050847458344e+02
4.177548022598871285e+02
4.172485875706215666e+02
4.167853107344633372e+02
4.163491525423729627e+02
4.159615819209039955e+02
4.156225988700565495e+02
4.153096045197740978e+02
4.150632768361582521e+02
4.148474576271187289e+02
4.146915254237288764e+02
4.145830508474576845e+02
4.145209039548022929e+02
4.145220338983051533e+02
4.145751412429378888e+02
4.146779661016950058e+02
4.148338983050847446e+02
4.150146892655367310e+02
4.152655367231639048e+02
4.155615819209040183e+02
4.158960451977401362e+02
4.162790960451977753e+02
4.166994350282486721e+02
4.171480225988701136e+02
4.176282485875706811e+02
4.181525423728813848e+02
4.187084745762712146e+02
4.193186440677966402e+02
4.199423728813559364e+02
4.205254237288135641e+02
4.210259887005649944e+02
4.214508474576271055e+02
4.217954802259887401e+02
4.220384180790960613e+02
4.222045197740113167e+02
4.222802259887005789e+02
4.222519774011299774e+02
4.221389830508474574e+02
4.219401129943503292e+02
4.216384180790960841e+02
4.212474576271187061e+02
4.207774011299435415e+02
4.202259887005650398e+02
4.195841807909605450e+02
4.189389830508475256e+02
4.183299435028249036e+02
4.177502824858758004e+02
4.171932203389831102e+02
4.166497175141243474e+02
4.161604519774011806e+02
4.156892655367232123e+02
4.152632768361581839e+02
4.148553672316384109e+02
4.145039548022599547e+02
4.141898305084746426e+02
4.139254237288135982e+02
4.137107344632768786e+02
4.135186440677966857e+02
4.133706214689266289e+02
4.132802259887006358e+02
4.132237288135593190e+02
4.132169491525423837e+02
4.132406779661017140e+02
4.133084745762712373e+02
4.134214689265537004e+02
4.135649717514124859e+02
4.137536723163842112e+02
4.139751412429378661e+02
4.142485875706214529e+02
4.145446327683616232e+02
4.148881355932203405e+02
4.152564971751412486e+02
4.156632768361582180e+02
4.160881355932203860e+02
4.165491525423728945e+02
4.170293785310734620e+02
4.175389830508474915e+02
4.180372881355932577e+02
4.184542372881356300e+02
4.187774011299435415e+02
4.190259887005649944e+02
4.191841807909604540e+02
4.192576271186441090e+02
4.192440677966102385e+02
4.191310734463277186e+02
4.189435028248587969e+02
4.186745762711864245e+02
4.183050847457627128e+02
4.178677966101695347e+02
4.173344632768362317e+02
4.167412429378531442e+02
4.161672316384181158e+02
4.156056497175140976e+02
4.150666666666667197e+02
4.145514124293786153e+02
4.140587570621469240e+02
4.135909604519774234e+02
4.131468926553673100e+02
4.127446327683616119e+02
4.123740112994350966e+02
4.120305084745763224e+02
4.117333333333333485e+02
4.114711864406779682e+02
4.112531073446327810e+02
4.111050847457627242e+02
4.110011299435028604e+02
4.109401129943503292e+02
4.109333333333333940e+02
4.109661016949152099e+02
4.110519774011299887e+02
4.111717514124293871e+02
4.113604519774011123e+02
4.115683615819209535e+02
4.118271186440678093e+02
4.121367231638417934e+02
4.124892655367232237e+02
4.128779661016949376e+02
4.132847457627119070e+02
4.137491525423728831e+02
4.142429378531073780e+02
4.147661016949152781e+02
4.153242937853107151e+02
4.159152542372880816e+02
4.165231638418079001e+02
4.171152542372881271e+02
4.176406779661016344e+02
4.180903954802259932e+02
4.184519774011299091e+02
4.187502824858756867e+02
4.189457627118644041e+02
4.190723163841807946e+02
4.191050847457627242e+02
4.190474576271186606e+02
4.189107344632768672e+02
4.186870056497175483e+02
4.183694915254237117e+02
4.179853107344632690e+02
4.175276836158191713e+02
4.169672316384180704e+02
4.163954802259887060e+02
4.158429378531073439e+02
4.153163841807909193e+02
4.148124293785310783e+02
4.143435028248587741e+02
4.139084745762711464e+02
4.135028248587570943e+02
4.131480225988700568e+02
4.128112994350282179e+02
4.125333333333333030e+02
4.122802259887005789e+02
4.120677966101695233e+02
4.119062146892655392e+02
4.117717514124293530e+02
4.116790960451977526e+02
4.116338983050846991e+02
4.116327683615818955e+02
4.116768361581920885e+02
4.117480225988700795e+02
4.118700564971751419e+02
4.120282485875706016e+02
4.122225988700564585e+02
4.124666666666666970e+02
4.127389830508474233e+02
4.130440677966101362e+02
4.133932203389830420e+02
4.137785310734462882e+02
4.142011299435027922e+02
4.146474576271186834e+02
4.151276836158191941e+02
4.156338983050847560e+02
4.161774011299435188e+02
4.167039548022598865e+02
4.171435028248587855e+02
4.175129943502824972e+02
4.177853107344633372e+02
4.179740112994350625e+02
4.180757062146892622e+02
4.181118644067796595e+02
4.180587570621469240e+02
4.179412429378531897e+02
4.177288135593220204e+02
4.174406779661017026e+02
4.170813559322034507e+02
4.166350282485875596e+02
4.161141242937853235e+02
4.155062146892655619e+02
4.148824858757062088e+02
4.142621468926554371e+02
4.136666666666666856e+02
4.130915254237288536e+02
4.125536723163841657e+02
4.120372881355932009e+02
4.115615819209039614e+02
4.110994350282485925e+02
4.106813559322033598e+02
4.103096045197739841e+02
4.099796610169491373e+02
4.096802259887005562e+02
4.094271186440678321e+02
4.092079096045198412e+02
4.090531073446327355e+02
4.089548022598870602e+02
4.089062146892655392e+02
4.088960451977401362e+02
4.089457627118644041e+02
4.090418079096045290e+02
4.091807909604519864e+02
4.093593220338983087e+02
4.095830508474575709e+02
4.098610169491525426e+02
4.101819209039547900e+02
4.105333333333333599e+02
4.109276836158192054e+02
4.113570621468926447e+02
4.118214689265536208e+02
4.123197740112993870e+02
4.128576271186440181e+02
4.134124293785311011e+02
4.140000000000000000e+02
4.144994350282485698e+02
4.149322033898305335e+02
4.152824858757062430e+02
4.155570621468926333e+02
4.157389830508475370e+02
4.158508474576270828e+02
4.158677966101695347e+02
4.157909604519774120e+02
4.156451977401129625e+02
4.153943502824859024e+02
4.150632768361582521e+02
4.146485875706214301e+02
4.141446327683615891e+02
4.135615819209039046e+02
4.129457627118644041e+02
4.123581920903955051e+02
4.118146892655367424e+02
4.112790960451977753e+02
4.107661016949152781e+02
4.102892655367231782e+02
4.098474576271186720e+02
4.094259887005649716e+02
4.090418079096045290e+02
4.087039548022598865e+02
4.084022598870056413e+02
4.081152542372881271e+02
4.078734463276836095e+02
4.076892655367231555e+02
4.075435028248587628e+02
4.074259887005649716e+02
4.073615819209039728e+02
4.073242937853107719e+02
4.073401129943503065e+02
4.073988700564972305e+02
4.074824858757062316e+02
4.076158192090395573e+02
4.077683615819208853e+02
4.079717514124293984e+02
4.082067796610169808e+02
4.084824858757062316e+02
4.087966101694915437e+02
4.091435028248587287e+02
4.095141242937853576e+02
4.099220338983051306e+02
4.103468926553672418e+02
4.107966101694915437e+02
4.112858757062147106e+02
4.117898305084745516e+02
4.122203389830508513e+02
4.125728813559321679e+02
4.128531073446328037e+02
4.130316384180791260e+02
4.131299435028248581e+02
4.131525423728813848e+02
4.130949152542373213e+02
4.129333333333332803e+02
4.126949152542372872e+02
4.123853107344633031e+02
4.119864406779661294e+02
4.115107344632768331e+02
4.109559322033898070e+02
4.104045197740113053e+02
4.098813559322033484e+02
4.093683615819209081e+02
4.088937853107344154e+02
4.084237288135593644e+02
4.079841807909604654e+02
4.075762711864406924e+02
4.071966101694915778e+02
4.068531073446328037e+02
4.065581920903954938e+02
4.063039548022599092e+02
4.060937853107344608e+02
4.059254237288135414e+02
4.058101694915254143e+02
4.057288135593220204e+02
4.056971751412429512e+02
4.057333333333333485e+02
4.058192090395480136e+02
4.059389830508474120e+02
4.061062146892655278e+02
4.063152542372881157e+02
4.065830508474575709e+02
4.068836158192090124e+02
4.072327683615818614e+02
4.076056497175141544e+02
4.080214689265536663e+02
4.084790960451977071e+02
4.089683615819208171e+02
4.094971751412429057e+02
4.100564971751412600e+02
4.106350282485875596e+02
4.112666666666666515e+02
4.118915254237288082e+02
4.125242937853107605e+02
4.130847457627118047e+02
4.135728813559322248e+02
4.139796610169491373e+02
4.143073446327683769e+02
4.145423728813559023e+02
4.146892655367231555e+02
4.147548022598870148e+02
4.147197740112994779e+02
4.146135593220338933e+02
4.144090395480225766e+02
4.141276836158191941e+02
4.137401129943502838e+02
4.132949152542373099e+02
4.127570621468926220e+02
4.121638418079095914e+02
4.115807909604519637e+02
4.110248587570621339e+02
4.105141242937853008e+02
4.100248587570621339e+02
4.095615819209039046e+02
4.091446327683615891e+02
4.087491525423728831e+02
4.083954802259887060e+02
4.080779661016949262e+02
4.077966101694914869e+02
4.075762711864406356e+02
4.073751412429378433e+02
4.072237288135593190e+02
4.071028248587570602e+02
4.070271186440677980e+02
4.069977401129943928e+02
4.070056497175141885e+02
4.070587570621468672e+02
4.071355932203389330e+02
4.072734463276835868e+02
4.074214689265536435e+02
4.076225988700565495e+02
4.078485875706214756e+02
4.081276836158192509e+02
4.084327683615819069e+02
4.087841807909604768e+02
4.091491525423729172e+02
4.095514124293785585e+02
4.099740112994350056e+02
4.104293785310734393e+02
4.109209039548022702e+02
4.114350282485875709e+02
4.119005649717514643e+02
4.122779661016949149e+02
4.125751412429378320e+02
4.127966101694914869e+02
4.129389830508474120e+02
4.130090395480225425e+02
4.129943502824858115e+02
4.129039548022598183e+02
4.127265536723163564e+02
4.124734463276836323e+02
4.121514124293785244e+02
4.117661016949152781e+02
4.112971751412429740e+02
4.107514124293785471e+02
4.101694915254237230e+02
4.096090395480225652e+02
4.090576271186440636e+02
4.085355932203390239e+02
4.080350282485875937e+02
4.075446327683615664e+02
4.071062146892655846e+02
4.066858757062146879e+02
4.063028248587570488e+02
4.059627118644067423e+02
4.056711864406779569e+02
4.054248587570621112e+02
4.052067796610169808e+02
4.050451977401129398e+02
4.049186440677966061e+02
4.048531073446327468e+02
4.048293785310734165e+02
4.048474576271186152e+02
4.048994350282485470e+02
4.050101694915254029e+02
4.051887005649717821e+02
4.053932203389830420e+02
4.056429378531073553e+02
4.059310734463276731e+02
4.062519774011299205e+02
4.066203389830508286e+02
4.070180790960451986e+02
4.074700564971751646e+02
4.079446327683616005e+02
4.084282485875706357e+02
4.089627118644067991e+02
4.095096045197740295e+02
4.100022598870056640e+02
4.104101694915254939e+02
4.107525423728813507e+02
4.110225988700565267e+02
4.112282485875705902e+02
4.113333333333333144e+02
4.113638418079095800e+02
4.113197740112994438e+02
4.111887005649717821e+02
4.109717514124293984e+02
4.106768361581921454e+02
4.102903954802260387e+02
4.098090395480226107e+02
4.092677966101695120e+02
4.086757062146892849e+02
4.081141242937853804e+02
4.075751412429378888e+02
4.070497175141242678e+02
4.065480225988700909e+02
4.060836158192090579e+02
4.056463276836158229e+02
4.052327683615819183e+02
4.048519774011299432e+02
4.045050847457627015e+02
4.042011299435028491e+02
4.039242937853107378e+02
4.036915254237288764e+02
4.034971751412429626e+02
4.033491525423729627e+02
4.032169491525423837e+02
4.031446327683616460e+02
4.031175141242938480e+02
4.031141242937853804e+02
4.031593220338983770e+02
4.032497175141243133e+02
4.033864406779661635e+02
4.035310734463276958e+02
4.037254237288135528e+02
4.039457627118644041e+02
4.042033898305085131e+02
4.045163841807909648e+02
4.048429378531074008e+02
4.052180790960452441e+02
4.056180790960452214e+02
4.060395480225989218e+02
4.064949152542372985e+02
4.069774011299435870e+02
4.074983050847457662e+02
4.079920903954802611e+02
4.084056497175141658e+02
4.087401129943503406e+02
4.089796610169491942e+02
4.091514124293785812e+02
4.092418079096045744e+02
4.092237288135593758e+02
4.091333333333333258e+02
4.089548022598870034e+02
4.087129943502825427e+02
4.083841807909604995e+02
4.079717514124293984e+02
4.074836158192090920e+02
4.069005649717514643e+02
4.063107344632768445e+02
4.057333333333334053e+02
4.051762711864407720e+02
4.046429378531074121e+02
4.041163841807909876e+02
4.036282485875706243e+02
4.031615819209040410e+02
4.027310734463277413e+02
4.023367231638418389e+02
4.019796610169491942e+02
4.016723163841808173e+02
4.013898305084746880e+02
4.011638418079096482e+02
4.009977401129943928e+02
4.008734463276836664e+02
4.007932203389831329e+02
4.007525423728814076e+02
4.007683615819209990e+02
4.008316384180791374e+02
4.009322033898305335e+02
4.010847457627118615e+02
4.012903954802259818e+02
4.015378531073446311e+02
4.018180790960452669e+02
4.021355932203390466e+02
4.025016949152542907e+02
4.029016949152543248e+02
4.033389830508474461e+02
4.038169491525424064e+02
4.043175141242938366e+02
4.048463276836158684e+02
4.054011299435028377e+02
4.059954802259887856e+02
4.066067796610170149e+02
4.071830508474577073e+02
4.076847457627119411e+02
4.081050847457627810e+02
4.084497175141243588e+02
4.087220338983051420e+02
4.089084745762712600e+02
4.089932203389830647e+02
4.090101694915254598e+02
4.089265536723164587e+02
4.087604519774012033e+02
4.085096045197740295e+02
4.081593220338983201e+02
4.077378531073446766e+02
4.072384180790961068e+02
4.066881355932204087e+02
4.061265536723163905e+02
4.056124293785311465e+02
4.051220338983051192e+02
4.046644067796610216e+02
4.042158192090395801e+02
4.038135593220339388e+02
4.034497175141243588e+02
4.031118644067797163e+02
4.028271186440678662e+02
4.025457627118644837e+02
4.023220338983051647e+02
4.021401129943503179e+02
4.020101694915254598e+02
4.018870056497175938e+02
4.018293785310735302e+02
4.018090395480226675e+02
4.018259887005650626e+02
4.018926553672316686e+02
4.019807909604520546e+02
4.021129943502825199e+02
4.022824858757062430e+02
4.024802259887006244e+02
4.027186440677966743e+02
4.029966101694916460e+02
4.033062146892656301e+02
4.036576271186441431e+02
4.040418079096045858e+02
4.044542372881356869e+02
4.048937853107345290e+02
4.053581920903955051e+02
4.058463276836158684e+02
4.063683615819209081e+02
4.068768361581921340e+02
4.072903954802260387e+02
4.076327683615819524e+02
4.078858757062147333e+02
4.080553672316384564e+02
4.081401129943503179e+02
4.081480225988700568e+02
4.080813559322034507e+02
4.079265536723164587e+02
4.076994350282486153e+02
4.073774011299435642e+02
4.070045197740113281e+02
4.065322033898305563e+02
4.060056497175141885e+02
4.054135593220339615e+02
4.048587570621469354e+02
4.043254237288136324e+02
4.037977401129944610e+02
4.033096045197740978e+02
4.028361581920904655e+02
4.024000000000000909e+02
4.019954802259887856e+02
4.016316384180790919e+02
4.013084745762712373e+02
4.010350282485876505e+02
4.008056497175141430e+02
4.006056497175142113e+02
4.004598870056497617e+02
4.003559322033898979e+02
4.003073446327684337e+02
4.002983050847458344e+02
4.003389830508474461e+02
4.004418079096045631e+02
4.005785310734463565e+02
4.007638418079096709e+02
4.010033898305085245e+02
4.012836158192091034e+02
4.015864406779661522e+02
4.019367231638418616e+02
4.023276836158192395e+02
4.027593220338983429e+02
4.032237288135593758e+02
4.037231638418079456e+02
4.042406779661017140e+02
4.048090395480226675e+02
4.054011299435028945e+02
4.059514124293785926e+02
4.064406779661017595e+02
4.068497175141243360e+02
4.071864406779661749e+02
4.074429378531074235e+02
4.076248587570621567e+02
4.077254237288135528e+02
4.077389830508474802e+02
4.076768361581921454e+02
4.075084745762712259e+02
4.072666666666667084e+02
4.069333333333333940e+02
4.065096045197740864e+02
4.060033898305084676e+02
4.054282485875706925e+02
4.048079096045198639e+02
4.042158192090395801e+02
4.036406779661017481e+02
4.030937853107345177e+02
4.025627118644068219e+02
4.020745762711864586e+02
4.016158192090395573e+02
4.011909604519774462e+02
4.007898305084746085e+02
4.004237288135593644e+02
4.001062146892655846e+02
3.998350282485876050e+02
3.996067796610169580e+02
3.994135593220339615e+02
3.992576271186441090e+02
3.991333333333333258e+02
3.990632768361582521e+02
3.990316384180791829e+02
3.990259887005649944e+02
3.990677966101695233e+02
3.991570621468927129e+02
3.992711864406779796e+02
3.994418079096045631e+02
3.996542372881356187e+02
3.998836158192090693e+02
4.001581920903955165e+02
4.004723163841807718e+02
4.008180790960452669e+02
4.011943502824858570e+02
4.016067796610169580e+02
4.020576271186440636e+02
4.025265536723163677e+02
4.030259887005649944e+02
4.035107344632768900e+02
4.039005649717514643e+02
4.042079096045198412e+02
4.044440677966101703e+02
4.045807909604520205e+02
4.046316384180790919e+02
4.046067796610169580e+02
4.044949152542372985e+02
4.043005649717514416e+02
4.040192090395480591e+02
4.036677966101694892e+02
4.032384180790960500e+02
4.027209039548023384e+02
4.021276836158192509e+02
4.015299435028248354e+02
4.009581920903955279e+02
4.004011299435028377e+02
3.998666666666666742e+02
3.993389830508474461e+02
3.988587570621468785e+02
3.983875706214689671e+02
3.979661016949152668e+02
3.975570621468926902e+02
3.971932203389831102e+02
3.968632768361582066e+02
3.965785310734463565e+02
3.963570621468927584e+02
3.961751412429379116e+02
3.960338983050847901e+02
3.959446327683616573e+02
3.959186440677966630e+02
3.959265536723164587e+02
3.959751412429378661e+02
3.960768361581921226e+02
3.962124293785310556e+02
3.964033898305085017e+02
3.966384180790960841e+02
3.969118644067797277e+02
3.972384180790960500e+02
3.975920903954802270e+02
3.979853107344633258e+02
3.984124293785311011e+02
3.988836158192090693e+02
3.993774011299435642e+02
3.999050847457627924e+02
4.004587570621469013e+02
4.010440677966102498e+02
4.016485875706215438e+02
4.022056497175142340e+02
4.027186440677966743e+02
4.031220338983051192e+02
4.034610169491525653e+02
4.037220338983050851e+02
4.038994350282486039e+02
4.039807909604519978e+02
4.039819209039548014e+02
4.039016949152542679e+02
4.037412429378531442e+02
4.034881355932203633e+02
4.031310734463277186e+02
4.027096045197740182e+02
4.022169491525423837e+02
4.016508474576271510e+02
4.011084745762711918e+02
4.006011299435028263e+02
4.000847457627119184e+02
3.996180790960452214e+02
3.991864406779661181e+02
3.987796610169491487e+02
3.984067796610169694e+02
3.980745762711864018e+02
3.977751412429379343e+02
3.975073446327683655e+02
3.972870056497175710e+02
3.970858757062146651e+02
3.969435028248587969e+02
3.968508474576270828e+02
3.967932203389830192e+02
3.967706214689266062e+02
3.967740112994350739e+02
3.968372881355932122e+02
3.969209039548022133e+02
3.970587570621468672e+02
3.972440677966101248e+02
3.974485875706214983e+02
3.976994350282485584e+02
3.979830508474576618e+02
3.983050847457627128e+02
3.986576271186440863e+02
3.990350282485875368e+02
3.994576271186440408e+02
3.999073446327682859e+02
4.003796610169491146e+02
4.008779661016949376e+02
4.014101694915253802e+02
4.019367231638417479e+02
4.023864406779660499e+02
4.027604519774010896e+02
4.030519774011299319e+02
4.032644067796610443e+02
4.033920903954801815e+02
4.034350282485875141e+02
4.034146892655367083e+02
4.033107344632768445e+02
4.031197740112993984e+02
4.028531073446327468e+02
4.025118644067796367e+02
4.020949152542372644e+02
4.016022598870056299e+02
4.010248587570620771e+02
4.004463276836157775e+02
3.998870056497174801e+02
3.993378531073445856e+02
3.988271186440677525e+02
3.983344632768361180e+02
3.978881355932202837e+02
3.974610169491525085e+02
3.970666666666666060e+02
3.967209039548022247e+02
3.964124293785309874e+02
3.961604519774010669e+02
3.959367231638417479e+02
3.957740112994349602e+02
3.956508474576270942e+02
3.955649717514123722e+02
3.955231638418079001e+02
3.955378531073446311e+02
3.956124293785310329e+02
3.957299435028248809e+02
3.958949152542372758e+02
3.960971751412429285e+02
3.963367231638417252e+02
3.966384180790960272e+02
3.969717514124292848e+02
3.973457627118643245e+02
3.977435028248586946e+02
3.982011299435027922e+02
3.986926553672316231e+02
3.992112994350281951e+02
3.997548022598869011e+02
4.003389830508474461e+02
4.009570621468926106e+02
4.015265536723162541e+02
4.020316384180790692e+02
4.024576271186440408e+02
4.028146892655366287e+02
4.030870056497174687e+02
4.032779661016949149e+02
4.033774011299434505e+02
4.033887005649716571e+02
4.033175141242937229e+02
4.031649717514123950e+02
4.029276836158191486e+02
4.025920903954802270e+02
4.021728813559321907e+02
4.016790960451977526e+02
4.010949152542372644e+02
4.004757062146892395e+02
3.998802259887004880e+02
3.993186440677965265e+02
3.987785310734462882e+02
3.982610169491524630e+02
3.977706214689264925e+02
3.973175141242937229e+02
3.968892655367231441e+02
3.965016949152542338e+02
3.961276836158191941e+02
3.958237288135592848e+02
3.955457627118643700e+02
3.953084745762711236e+02
3.951028248587570033e+02
3.949480225988700113e+02
3.948293785310734165e+02
3.947480225988699658e+02
3.947129943502824290e+02
3.947197740112993642e+02
3.947638418079095572e+02
3.948451977401129511e+02
3.949785310734462200e+02
3.951299435028247444e+02
3.953322033898303971e+02
3.955717514124293075e+02
3.958485875706213619e+02
3.961694915254236662e+02
3.965084745762711123e+02
3.968745762711863563e+02
3.972745762711863335e+02
3.977016949152541656e+02
3.981581920903954028e+02
3.986440677966101021e+02
3.991468926553671395e+02
3.995807909604518500e+02
3.999209039548021565e+02
4.001853107344632008e+02
4.003728813559321225e+02
4.004790960451976503e+02
4.004847457627118388e+02
4.004248587570621112e+02
4.002666666666666515e+02
4.000237288135592735e+02
3.997005649717513620e+02
3.993152542372880589e+02
3.988192090395479568e+02
3.982632768361581270e+02
3.976711864406779569e+02
3.971050847457626674e+02
3.965502824858756412e+02
3.960045197740112144e+02
3.954949152542372417e+02
3.949999999999999432e+02
3.945480225988699772e+02
3.941344632768361294e+02
3.937265536723163564e+02
3.933864406779660499e+02
3.930723163841806809e+02
3.927988700564971509e+02
3.925774011299434392e+02
3.924011299435027809e+02
3.922723163841807263e+02
3.921819209039547331e+02
3.921435028248587287e+02
3.921627118644066741e+02
3.922192090395479909e+02
3.923288135593219295e+02
3.924813559322033143e+02
3.926757062146891712e+02
3.929073446327682859e+02
3.931875706214688648e+02
3.935118644067795799e+02
3.938711864406778886e+02
3.942621468926552666e+02
3.946881355932202950e+02
3.951615819209039273e+02
3.956463276836157092e+02
3.961807909604518727e+02
3.967310734463275708e+02
3.973265536723163223e+02
3.979242937853106810e+02
3.984406779661015889e+02
3.989073446327682859e+02
3.992700564971750055e+02
3.995672316384179794e+02
3.997774011299433710e+02
3.999062146892654255e+02
3.999288135593219522e+02
3.998598870056496253e+02
3.997062146892654937e+02
3.994711864406778545e+02
3.991649717514123381e+02
3.987615819209038364e+02
3.982881355932202041e+02
3.977344632768360384e+02
3.971638418079095345e+02
3.966169491525423041e+02
3.960949152542372076e+02
3.956033898305083767e+02
3.951242937853106696e+02
3.946926553672315094e+02
3.942915254237286717e+02
3.939005649717513506e+02
3.935672316384179794e+02
3.932745762711863335e+02
3.929954802259886151e+02
3.927615819209038932e+02
3.925581920903954369e+02
3.924225988700563903e+02
3.923186440677965265e+02
3.922451977401129852e+02
3.922056497175141203e+02
3.922192090395479340e+02
3.922553672316383313e+02
3.923435028248586605e+02
3.924576271186439840e+02
3.926124293785309760e+02
3.928214689265536208e+02
3.930429378531072189e+02
3.933005649717513279e+02
3.936101694915253120e+02
3.939457627118642904e+02
3.943141242937851985e+02
3.947186440677965038e+02
3.951446327683614754e+02
3.956079096045197048e+02
3.960881355932202723e+02
3.965830508474575140e+02
3.970271186440676843e+02
3.973966101694913959e+02
3.976768361581920317e+02
3.978926553672315549e+02
3.980192090395479454e+02
3.980734463276835413e+02
3.980485875706214074e+02
3.979333333333332234e+02
3.977468926553671054e+02
3.974802259887004539e+02
3.971310734463276049e+02
3.967062146892654937e+02
3.961988700564971282e+02
3.956327683615818387e+02
3.950519774011298750e+02
3.944802259887004539e+02
3.939333333333332803e+02
3.934045197740111917e+02
3.929107344632767536e+02
3.924372881355931781e+02
3.919943502824858115e+02
3.915830508474575709e+02
3.912090395480224743e+02
3.908802259887004311e+02
3.905796610169490464e+02
3.903254237288134618e+02
3.901231638418078091e+02
3.899559322033897502e+02
3.898259887005648920e+02
3.897774011299434278e+02
3.897468926553671054e+02
3.897683615819207716e+02
3.898485875706213619e+02
3.899627118644066854e+02
3.901209039548022020e+02
3.903175141242936661e+02
3.905604519774010441e+02
3.908384180790959590e+02
3.911604519774010100e+02
3.915096045197739159e+02
3.919265536723162313e+02
3.923468926553670713e+02
3.928192090395478999e+02
3.933265536723162086e+02
3.938542372881354368e+02
3.944271186440677184e+02
3.950124293785309533e+02
3.955197740112993188e+02
3.959548022598869466e+02
3.963310734463275367e+02
3.966180790960451077e+02
3.968350282485874345e+02
3.969559322033897502e+02
3.970146892655366173e+02
3.969785310734462200e+02
3.968677966101694210e+02
3.966576271186439726e+02
3.963717514124292620e+02
3.960248587570620202e+02
3.956022598870055162e+02
3.950655367231637456e+02
3.944677966101693301e+02
3.938926553672315549e+02
3.933276836158191827e+02
3.927932203389829624e+02
3.922802259887005221e+02
3.918033898305084222e+02
3.913525423728813166e+02
3.909401129943502156e+02
3.905525423728812484e+02
3.901920903954801361e+02
3.898711864406778886e+02
3.895920903954801133e+02
3.893581920903953915e+02
3.891446327683614754e+02
3.889807909604518841e+02
3.888542372881354368e+02
3.887683615819208285e+02
3.887186440677965038e+02
3.887107344632767081e+02
3.887514124293784334e+02
3.888158192090394323e+02
3.889220338983050169e+02
3.890768361581920090e+02
3.892531073446326673e+02
3.894723163841807150e+02
3.897355932203388988e+02
3.900350282485874800e+02
3.903581920903953915e+02
3.907096045197739613e+02
3.910926553672315436e+02
3.915096045197739159e+02
3.919480225988699544e+02
3.924101694915252665e+02
3.929084745762710327e+02
3.933706214689264584e+02
3.937627118644066400e+02
3.940836158192088874e+02
3.943152542372880021e+02
3.944655367231637229e+02
3.945322033898304426e+02
3.945378531073445743e+02
3.944463276836157206e+02
3.943039548022597955e+02
3.940621468926552780e+02
3.937525423728812939e+02
3.933627118644066627e+02
3.928937853107344154e+02
3.923593220338981951e+02
3.917977401129942336e+02
3.912598870056496025e+02
3.907412429378530305e+02
3.902418079096044039e+02
3.897807909604518954e+02
3.893254237288134618e+02
3.889016949152541542e+02
3.885242937853106469e+02
3.881898305084745289e+02
3.878847457627117592e+02
3.876293785310733711e+02
3.874045197740111917e+02
3.872248587570620657e+02
3.870847457627118047e+02
3.870033898305083540e+02
3.869604519774010214e+02
3.869672316384179567e+02
3.870146892655366173e+02
3.870937853107343471e+02
3.872271186440676729e+02
3.874033898305083881e+02
3.876327683615818387e+02
3.878960451977400226e+02
3.881966101694914641e+02
3.885412429378529851e+02
3.889141242937852212e+02
3.893209039548021337e+02
3.897627118644066968e+02
3.902531073446326673e+02
3.907638418079094436e+02
3.912983050847456070e+02
3.918632768361580929e+02
3.924655367231637229e+02
3.930305084745761519e+02
3.935344632768360498e+02
3.939649717514122926e+02
3.943084745762710099e+02
3.945819209039547104e+02
3.947706214689264357e+02
3.948757062146891599e+02
3.949096045197738931e+02
3.948666666666665606e+02
3.947299435028247672e+02
3.945141242937851871e+02
3.942203389830507376e+02
3.938451977401128943e+02
3.934033898305083312e+02
3.928745762711863563e+02
3.923231638418077978e+02
3.917932203389829056e+02
3.912994350282485243e+02
3.908146892655366287e+02
3.903615819209038591e+02
3.899525423728812825e+02
3.895728813559321111e+02
3.892112994350281951e+02
3.888836158192089556e+02
3.885977401129942450e+02
3.883548022598869238e+02
3.881423728813558682e+02
3.879887005649716230e+02
3.878519774011298296e+02
3.877638418079095004e+02
3.877084745762711009e+02
3.877016949152541656e+02
3.877129943502824290e+02
3.877796610169490350e+02
3.878802259887004311e+02
3.880214689265535526e+02
3.882056497175140066e+02
3.884112994350281269e+02
3.886677966101693755e+02
3.889446327683614868e+02
3.892485875706213960e+02
3.895932203389829738e+02
3.899796610169490805e+02
3.903932203389829851e+02
3.908316384180790237e+02
3.913016949152541883e+02
3.917898305084744948e+02
3.922485875706213960e+02
3.926248587570620998e+02
3.929209039548021565e+02
3.931435028248586718e+02
3.932870056497174573e+02
3.933536723163841202e+02
3.933401129943501928e+02
3.932655367231637911e+02
3.931028248587570033e+02
3.928610169491524289e+02
3.925288135593219749e+02
3.921559322033897388e+02
3.916915254237287627e+02
3.911615819209039273e+02
3.905853107344632349e+02
3.900418079096045290e+02
3.895062146892655051e+02
3.889932203389830647e+02
3.884949152542372985e+02
3.880237288135592735e+02
3.875988700564971623e+02
3.871819209039547900e+02
3.868192090395479568e+02
3.864768361581920431e+02
3.861920903954801361e+02
3.859344632768361407e+02
3.857209039548022247e+02
3.855502824858756412e+02
3.854305084745761860e+02
3.853604519774011123e+02
3.853367231638417252e+02
3.853536723163841202e+02
3.854158192090395687e+02
3.855209039548022361e+02
3.856745762711864245e+02
3.858644067796610102e+02
3.860994350282485357e+02
3.863672316384180476e+02
3.866757062146891712e+02
3.870237288135592735e+02
3.874067796610169125e+02
3.878271186440676956e+02
3.882847457627117933e+02
3.887717514124293530e+02
3.892836158192089897e+02
3.898225988700564812e+02
3.903875706214689103e+02
3.908903954802259477e+02
3.913039548022597955e+02
3.916587570621468331e+02
3.919276836158192054e+02
3.921265536723163336e+02
3.922372881355931895e+02
3.922644067796609875e+02
3.922079096045197275e+02
3.920700564971751305e+02
3.918361581920903518e+02
3.915141242937853008e+02
3.911231638418078660e+02
3.906429378531072985e+02
3.900745762711864018e+02
3.894937853107344381e+02
3.889209039548022702e+02
3.883751412429378433e+02
3.878429378531072871e+02
3.873525423728813166e+02
3.868779661016949376e+02
3.864259887005649148e+02
3.859864406779660726e+02
3.856022598870056299e+02
3.852282485875706470e+02
3.849050847457626787e+02
3.846067796610169012e+02
3.843514124293784562e+02
3.841401129943502610e+02
3.839514124293784789e+02
3.837977401129943473e+02
3.837073446327683541e+02
3.836271186440677639e+02
3.836022598870056299e+02
3.836056497175140976e+02
3.836497175141242337e+02
3.837231638418078319e+02
3.838180790960451532e+02
3.839728813559321452e+02
3.841638418079095345e+02
3.843819209039547786e+02
3.846384180790959704e+02
3.849378531073446084e+02
3.852531073446327241e+02
3.855988700564971623e+02
3.859853107344632690e+02
3.863977401129943701e+02
3.868316384180790806e+02
3.873050847457626560e+02
3.877661016949152213e+02
3.881615819209039273e+02
3.884779661016948467e+02
3.886937853107344267e+02
3.888610169491525426e+02
3.889412429378530760e+02
3.889344632768361407e+02
3.888598870056496253e+02
3.887141242937852894e+02
3.884745762711863790e+02
3.881615819209039273e+02
3.877694915254236889e+02
3.873129943502824517e+02
3.867796610169491487e+02
3.862519774011299205e+02
3.857299435028248240e+02
3.852203389830507376e+02
3.847344632768360952e+02
3.842700564971751191e+02
3.838418079096045403e+02
3.834259887005649716e+02
3.830610169491525312e+02
3.827175141242937570e+02
3.824146892655366514e+02
3.821514124293785244e+02
3.819265536723163450e+02
3.817446327683616119e+02
3.816135593220338933e+02
3.815242937853107037e+02
3.814824858757061747e+02
3.814768361581920431e+02
3.815141242937852439e+02
3.816045197740112371e+02
3.817231638418079456e+02
3.818926553672316686e+02
3.820836158192090011e+02
3.823344632768361180e+02
3.826180790960451645e+02
3.829322033898304767e+02
3.832757062146891940e+02
3.836655367231637683e+02
3.840734463276835413e+02
3.845378531073445743e+02
3.850192090395480022e+02
3.855152542372881044e+02
3.860350282485875368e+02
3.865864406779660385e+02
3.871231638418079228e+02
3.875774011299434392e+02
3.879774011299434733e+02
3.883039548022598524e+02
3.885480225988700340e+02
3.887322033898304312e+02
3.888214689265536208e+02
3.888282485875705561e+02
3.887638418079095572e+02
3.886169491525423609e+02
3.883875706214688535e+02
3.880757062146892622e+02
3.876915254237288195e+02
3.872372881355931895e+02
3.867468926553672190e+02
3.862723163841808400e+02
3.858124293785310783e+02
3.853954802259886492e+02
3.850045197740113281e+02
3.846384180790960272e+02
3.842847457627118501e+02
3.839694915254236776e+02
3.836903954802260159e+02
3.834305084745762997e+02
3.832271186440677866e+02
3.830451977401129966e+02
3.829039548022598751e+02
3.827875706214689444e+02
3.827107344632768218e+02
3.826858757062146879e+02
3.826994350282485584e+02
3.827525423728812939e+02
3.828203389830508740e+02
3.829333333333333371e+02
3.830881355932203292e+02
3.832790960451977185e+02
3.834949152542372985e+02
3.837559322033898184e+02
3.840553672316383995e+02
3.843807909604519750e+02
3.847435028248587514e+02
3.851322033898304653e+02
3.855536723163842225e+02
3.860033898305084676e+02
3.864779661016949603e+02
3.869796610169491373e+02
3.874779661016948467e+02
3.879028248587570715e+02
3.882327683615819183e+02
3.885242937853107605e+02
3.887265536723164132e+02
3.888553672316384677e+02
3.888994350282486039e+02
3.889016949152542111e+02
3.888259887005649489e+02
3.886666666666666288e+02
3.884158192090395687e+02
3.881152542372881271e+02
3.877355932203390125e+02
3.872881355932203178e+02
3.867683615819208853e+02
3.861807909604519864e+02
3.856033898305084904e+02
3.850327683615819296e+02
3.844960451977401021e+02
3.839706214689265380e+02
3.834723163841807718e+02
3.829954802259887288e+02
3.825683615819209535e+02
3.821649717514124518e+02
3.818112994350282747e+02
3.814881355932203633e+02
3.811977401129943246e+02
3.809706214689265380e+02
3.807762711864406810e+02
3.806327683615819524e+02
3.805175141242938253e+02
3.804542372881356300e+02
3.804406779661017026e+02
3.804576271186440408e+02
3.805355932203390239e+02
3.806440677966102157e+02
3.808056497175141430e+02
3.810079096045197957e+02
3.812451977401129852e+02
3.815129943502824972e+02
3.818406779661016799e+02
3.822022598870056527e+02
3.825977401129944155e+02
3.830101694915254029e+02
3.834666666666666970e+02
3.839615819209039955e+02
3.844813559322034280e+02
3.850338983050847901e+02
3.855615819209040183e+02
3.860146892655367310e+02
3.863864406779661067e+02
3.866892655367231555e+02
3.869254237288135982e+02
3.870587570621469240e+02
3.871310734463277186e+02
3.871378531073447107e+02
3.870474576271186606e+02
3.868689265536723383e+02
3.866090395480226789e+02
3.862723163841807832e+02
3.858576271186441318e+02
3.853525423728813735e+02
3.847841807909604768e+02
3.842169491525423837e+02
3.836734463276836777e+02
3.831401129943503747e+02
3.826384180790961409e+02
3.821502824858757776e+02
3.816858757062147447e+02
3.812440677966102385e+02
3.808418079096045972e+02
3.804610169491526221e+02
3.801197740112994552e+02
3.798192090395480136e+02
3.795457627118644268e+02
3.793141242937853121e+02
3.791118644067796595e+02
3.789502824858757322e+02
3.788271186440678093e+02
3.787401129943502838e+02
3.786824858757062202e+02
3.786824858757062202e+02
3.787096045197740182e+02
3.787638418079096709e+02
3.788576271186441318e+02
3.789841807909605222e+02
3.791389830508475143e+02
3.793310734463277640e+02
3.795468926553672873e+02
3.798022598870056754e+02
3.801050847457627810e+02
3.804271186440678321e+02
3.807751412429379343e+02
3.811570621468927129e+02
3.815683615819209535e+02
3.819864406779661294e+02
3.824203389830508399e+02
3.827819209039548127e+02
3.830644067796610557e+02
3.832655367231639048e+02
3.833819209039548923e+02
3.834327683615819637e+02
3.834033898305085586e+02
3.832790960451977753e+02
3.830847457627119184e+02
3.828045197740113963e+02
3.824621468926554257e+02
3.820372881355932577e+02
3.815333333333334167e+02
3.810225988700565267e+02
3.805480225988700909e+02
3.800677966101695802e+02
3.796033898305085472e+02
3.791694915254237799e+02
3.787649717514124745e+02
3.783807909604520319e+02
3.780271186440677980e+02
3.777152542372881499e+02
3.774282485875706925e+02
3.771785310734463792e+02
3.769570621468926674e+02
3.767887005649718049e+02
3.766531073446328151e+02
3.765683615819209535e+02
3.765310734463277527e+02
3.765299435028249491e+02
3.765785310734464133e+02
3.766666666666667425e+02
3.767830508474577300e+02
3.769593220338983315e+02
3.771762711864407720e+02
3.774305084745763565e+02
3.777163841807910103e+02
3.780519774011299887e+02
3.784180790960452327e+02
3.788192090395480705e+02
3.792564971751412486e+02
3.797231638418079456e+02
3.802327683615819751e+02
3.807638418079096141e+02
3.813096045197740409e+02
3.818903954802260046e+02
3.824847457627118956e+02
3.830621468926553916e+02
3.835706214689266176e+02
3.840158192090395914e+02
3.843683615819209081e+02
3.846497175141242906e+02
3.848395480225989331e+02
3.849638418079097164e+02
3.849977401129943928e+02
3.849514124293785926e+02
3.848000000000000682e+02
3.845728813559322816e+02
3.842745762711865609e+02
3.838768361581921909e+02
3.834079096045198867e+02
3.828723163841808628e+02
3.823265536723164360e+02
3.818282485875706698e+02
3.813333333333333712e+02
3.808576271186441318e+02
3.804180790960452896e+02
3.800067796610170490e+02
3.796225988700565495e+02
3.792723163841808400e+02
3.789864406779661294e+02
3.787163841807910103e+02
3.784937853107345518e+02
3.783118644067797050e+02
3.781615819209039842e+02
3.780519774011299887e+02
3.779954802259887856e+02
3.779627118644068560e+02
3.779615819209039955e+02
3.780067796610170490e+02
3.780858757062147788e+02
3.782101694915254484e+02
3.783672316384181613e+02
3.785536723163842225e+02
3.787830508474577300e+02
3.790406779661017254e+02
3.793310734463277640e+02
3.796485875706215438e+02
3.800090395480226562e+02
3.803954802259887629e+02
3.808124293785311352e+02
3.812870056497175142e+02
3.817604519774012033e+02
3.822677966101695120e+02
3.827581920903954824e+02
3.831661016949152554e+02
3.835129943502824972e+02
3.837706214689266062e+02
3.839762711864407265e+02
3.840915254237288536e+02
3.841254237288135869e+02
3.840915254237288536e+02
3.839932203389831216e+02
3.838033898305085359e+02
3.835367231638418275e+02
3.832056497175141772e+02
3.827988700564972078e+02
3.823084745762712373e+02
3.817627118644068105e+02
3.811853107344633145e+02
3.806056497175142113e+02
3.800587570621469808e+02
3.795457627118644837e+02
3.790531073446328492e+02
3.785830508474576845e+02
3.781536723163842453e+02
3.777412429378531442e+02
3.773604519774012260e+02
3.770282485875707152e+02
3.767333333333334053e+02
3.764915254237289446e+02
3.762892655367232351e+02
3.761186440677967084e+02
3.760146892655367878e+02
3.759435028248588537e+02
3.759231638418079910e+02
3.759355932203390580e+02
3.759954802259887856e+02
3.761050847457627810e+02
3.762406779661017708e+02
3.764271186440678321e+02
3.766689265536723497e+02
3.769333333333333940e+02
3.772418079096045176e+02
3.775785310734463565e+02
3.779412429378531897e+02
3.783581920903955051e+02
3.787954802259887401e+02
3.792655367231639048e+02
3.797683615819209990e+02
3.803129943502825654e+02
3.807966101694916006e+02
3.812045197740113736e+02
3.815378531073447448e+02
3.818101694915254711e+02
3.820124293785311238e+02
3.821288135593221114e+02
3.821830508474577073e+02
3.821333333333334394e+02
3.820158192090395914e+02
3.818203389830508740e+02
3.815457627118644837e+02
3.811943502824859138e+02
3.807570621468926788e+02
3.802542372881356414e+02
3.796700564971752101e+02
3.791062146892655846e+02
3.785570621468927470e+02
3.780316384180791829e+02
3.775333333333334167e+02
3.770519774011299887e+02
3.766158192090396142e+02
3.761875706214690354e+02
3.758000000000000682e+02
3.754395480225988990e+02
3.751084745762712487e+02
3.748067796610170035e+02
3.745502824858757549e+02
3.743254237288136324e+02
3.741446327683616460e+02
3.739909604519774575e+02
3.738745762711864700e+02
3.737920903954802725e+02
3.737615819209040637e+02
3.737717514124294667e+02
3.738090395480226107e+02
3.738700564971751987e+02
3.739875706214689330e+02
3.741378531073446538e+02
3.743231638418079683e+02
3.745322033898305563e+02
3.747807909604520660e+02
3.750655367231638593e+02
3.753728813559322930e+02
3.757050847457628038e+02
3.760734463276837118e+02
3.764858757062147561e+02
3.769084745762712600e+02
3.773706214689266289e+02
3.778429378531074008e+02
3.782440677966102385e+02
3.785548022598870830e+02
3.788180790960452669e+02
3.789887005649718503e+02
3.790790960451978435e+02
3.791028248587571170e+02
3.790463276836159139e+02
3.789118644067797277e+02
3.786903954802260159e+02
3.784101694915254939e+02
3.780372881355932577e+02
3.776146892655367537e+02
3.770971751412429853e+02
3.765378531073446311e+02
3.759785310734463337e+02
3.754485875706214983e+02
3.749480225988701250e+02
3.744564971751412941e+02
3.740000000000000000e+02
3.735694915254237003e+02
3.731514124293785244e+02
3.727774011299435415e+02
3.724440677966102271e+02
3.721548022598870489e+02
3.718983050847458571e+02
3.716960451977402045e+02
3.715310734463276958e+02
3.714045197740113053e+02
3.713276836158192964e+02
3.713084745762712373e+02
3.713254237288135755e+02
3.713819209039548355e+02
3.714836158192090920e+02
3.716406779661017481e+02
3.718248587570622021e+02
3.720610169491525312e+02
3.723389830508475029e+02
3.726508474576270942e+02
3.730124293785311238e+02
3.733875706214689671e+02
3.737966101694915437e+02
3.742497175141243133e+02
3.747355932203389557e+02
3.752463276836158457e+02
3.757932203389830761e+02
3.763638418079096368e+02
3.769548022598870602e+02
3.775141242937853576e+02
3.779830508474576618e+02
3.783841807909604427e+02
3.787062146892655505e+02
3.789514124293785358e+02
3.791186440677965948e+02
3.792022598870056527e+02
3.791977401129943246e+02
3.791050847457627242e+02
3.789457627118644041e+02
3.786983050847457548e+02
3.783638418079095800e+02
3.779401129943503292e+02
3.774485875706214983e+02
3.768858757062147333e+02
3.763525423728813735e+02
3.758372881355932122e+02
3.753446327683615209e+02
3.748779661016949376e+02
3.744497175141242451e+02
3.740418079096045290e+02
3.736824858757062202e+02
3.733378531073445856e+02
3.730350282485875368e+02
3.727593220338982860e+02
3.725401129943502383e+02
3.723378531073446425e+02
3.721988700564971850e+02
3.720870056497175256e+02
3.720203389830508058e+02
3.719706214689265380e+02
3.719796610169491942e+02
3.720237288135592735e+02
3.720937853107344608e+02
3.722033898305084563e+02
3.723480225988699885e+02
3.725355932203389102e+02
3.727457627118643586e+02
3.730192090395479454e+02
3.733107344632767877e+02
3.736361581920903063e+02
3.739920903954802043e+02
3.743751412429378433e+02
3.747943502824858797e+02
3.752395480225987967e+02
3.757107344632768218e+02
3.762248587570620657e+02
3.767062146892654937e+02
3.771231638418078660e+02
3.774576271186440408e+02
3.777265536723163564e+02
3.779062146892654823e+02
3.780169491525423382e+02
3.780485875706214642e+02
3.779943502824858683e+02
3.778802259887005448e+02
3.776892655367231555e+02
3.774090395480225197e+02
3.770598870056496708e+02
3.766327683615818387e+02
3.761344632768361862e+02
3.755661016949152327e+02
3.750022598870056640e+02
3.744519774011299660e+02
3.739141242937853349e+02
3.734101694915253802e+02
3.729265536723163450e+02
3.724836158192090352e+02
3.720610169491525312e+02
3.716813559322033598e+02
3.713367231638418389e+02
3.710180790960451986e+02
3.707525423728813507e+02
3.705310734463276958e+02
3.703514124293785699e+02
3.702361581920904428e+02
3.701548022598869920e+02
3.701231638418079228e+02
3.701242937853107264e+02
3.701864406779660612e+02
3.702870056497175142e+02
3.704225988700564471e+02
3.705977401129943019e+02
3.708203389830508740e+02
3.710734463276836550e+02
3.713807909604519750e+02
3.717175141242938139e+02
3.720881355932203860e+02
3.724994350282485129e+02
3.729502824858757322e+02
3.734225988700565040e+02
3.739197740112994097e+02
3.744621468926553689e+02
3.750101694915254029e+02
3.755570621468926902e+02
3.760045197740113281e+02
3.763954802259887060e+02
3.767016949152542793e+02
3.769367231638418616e+02
3.771016949152542566e+02
3.771762711864406583e+02
3.771480225988700568e+02
3.770666666666666629e+02
3.768881355932203405e+02
3.766338983050847560e+02
3.763005649717514416e+02
3.758892655367231441e+02
3.753887005649717707e+02
3.748180790960452100e+02
3.742666666666666515e+02
3.737242937853106923e+02
3.732045197740112599e+02
3.727073446327683541e+02
3.722372881355932464e+02
3.717864406779660840e+02
3.713649717514124404e+02
3.709830508474576618e+02
3.706158192090395573e+02
3.702881355932203178e+02
3.699988700564971964e+02
3.697435028248587514e+02
3.695378531073446311e+02
3.693548022598870375e+02
3.692248587570621794e+02
3.691197740112994552e+02
3.690440677966101930e+02
3.690248587570621339e+02
3.690327683615819296e+02
3.690813559322034507e+02
3.691593220338983201e+02
3.692677966101695120e+02
3.694180790960452327e+02
3.696079096045198185e+02
3.698361581920904086e+02
3.700915254237288536e+02
3.703830508474576391e+02
3.707129943502824858e+02
3.710564971751412600e+02
3.714338983050847673e+02
3.718451977401130080e+02
3.722745762711865041e+02
3.727265536723164132e+02
3.731468926553672532e+02
3.734881355932203633e+02
3.737649717514124745e+02
3.739514124293785926e+02
3.740711864406780478e+02
3.741152542372881271e+02
3.740734463276836550e+02
3.739627118644067991e+02
3.737717514124294098e+02
3.735062146892655619e+02
3.731762711864407152e+02
3.727548022598870148e+02
3.722903954802260387e+02
3.717423728813559478e+02
3.712011299435028491e+02
3.706870056497175483e+02
3.701819209039547900e+02
3.696937853107344267e+02
3.692429378531073780e+02
3.688090395480226107e+02
3.684214689265537004e+02
3.680395480225988649e+02
3.677028248587570260e+02
3.674259887005649716e+02
3.671819209039548468e+02
3.669581920903954710e+02
3.667954802259887401e+02
3.666689265536723497e+02
3.665853107344632917e+02
3.665468926553672304e+02
3.665446327683616232e+02
3.665920903954802270e+02
3.666983050847458117e+02
3.668395480225989331e+02
3.670067796610169921e+02
3.672248587570621794e+02
3.674802259887005675e+02
3.677762711864406810e+02
3.680949152542372644e+02
3.684587570621469013e+02
3.688564971751412713e+02
3.692960451977401135e+02
3.697514124293785471e+02
3.702564971751412486e+02
3.707807909604520091e+02
3.713322033898305108e+02
3.718983050847458003e+02
3.724282485875706925e+02
3.728790960451977412e+02
3.732644067796610443e+02
3.735706214689265607e+02
3.737988700564972078e+02
3.739638418079096027e+02
3.740429378531073894e+02
3.740508474576271283e+02
3.739740112994350625e+02
3.738101694915254711e+02
3.735740112994350852e+02
3.732587570621469695e+02
3.728553672316384109e+02
3.723966101694916233e+02
3.718734463276836095e+02
3.713107344632768445e+02
3.707920903954802156e+02
3.703062146892655733e+02
3.698384180790960727e+02
3.693875706214689671e+02
3.689661016949152099e+02
3.685875706214689558e+02
3.682248587570621794e+02
3.679096045197740636e+02
3.676305084745762315e+02
3.673875706214689671e+02
3.671706214689265266e+02
3.670045197740113281e+02
3.668598870056497390e+02
3.667649717514124177e+02
3.667028248587570829e+02
3.666768361581921454e+02
3.666881355932204087e+02
3.667355932203390125e+02
3.668237288135593417e+02
3.669344632768361407e+02
3.670813559322034507e+02
3.672508474576271738e+02
3.674779661016949603e+02
3.677344632768362089e+02
3.680146892655367310e+02
3.683254237288135755e+02
3.686790960451977526e+02
3.690610169491525880e+02
3.694576271186440977e+02
3.699016949152543248e+02
3.703728813559322361e+02
3.708621468926554030e+02
3.712881355932203746e+02
3.716463276836158798e+02
3.719412429378531328e+02
3.721514124293785812e+02
3.722971751412429740e+02
3.723502824858757094e+02
3.723457627118644950e+02
3.722677966101695120e+02
3.721220338983051192e+02
3.718926553672316686e+02
3.715966101694915551e+02
3.712372881355933032e+02
3.708033898305085359e+02
3.702892655367232351e+02
3.697310734463277413e+02
3.691932203389831102e+02
3.686689265536724065e+02
3.681570621468926561e+02
3.676519774011300115e+02
3.671977401129944383e+02
3.667762711864406810e+02
3.663638418079096368e+02
3.659932203389830647e+02
3.656723163841808741e+02
3.653627118644068332e+02
3.650937853107345745e+02
3.648689265536723951e+02
3.646870056497175483e+02
3.645570621468927470e+02
3.644621468926554826e+02
3.644011299435028377e+02
3.643966101694916233e+02
3.644406779661018163e+02
3.645175141242938821e+02
3.646282485875707380e+02
3.647796610169492055e+02
3.649728813559322589e+02
3.652045197740113736e+02
3.654768361581922136e+02
3.657887005649718049e+02
3.661367231638419071e+02
3.665050847457628151e+02
3.669152542372881953e+02
3.673525423728814872e+02
3.678169491525425201e+02
3.683084745762712373e+02
3.688282485875706698e+02
3.693231638418079683e+02
3.697288135593221341e+02
3.700768361581921226e+02
3.703446327683616346e+02
3.705299435028249491e+02
3.706429378531074690e+02
3.706926553672317368e+02
3.706474576271186834e+02
3.705129943502825540e+02
3.703096045197740978e+02
3.700067796610170490e+02
3.696531073446328151e+02
3.692090395480227016e+02
3.687129943502825427e+02
3.681887005649718390e+02
3.676813559322034735e+02
3.671898305084746426e+02
3.667152542372882635e+02
3.662757062146893645e+02
3.658553672316384677e+02
3.654587570621470149e+02
3.650779661016949831e+02
3.647457627118644723e+02
3.644327683615820206e+02
3.641435028248588424e+02
3.639129943502825881e+02
3.637084745762712714e+02
3.635288135593220886e+02
3.633740112994350966e+02
3.632711864406780933e+02
3.631864406779661749e+02
3.631401129943503747e+02
3.631276836158193078e+02
3.631480225988701704e+02
3.632033898305086268e+02
3.632971751412430876e+02
3.634237288135594781e+02
3.635785310734464701e+02
3.637638418079097278e+02
3.639785310734464474e+02
3.642316384180792284e+02
3.645163841807910785e+02
3.648214689265537345e+02
3.651536723163842453e+02
3.655276836158193419e+02
3.659299435028249263e+02
3.663468926553673555e+02
3.667898305084746653e+02
3.672135593220339729e+02
3.675627118644068787e+02
3.678192090395481273e+02
3.680192090395481728e+02
3.681604519774012942e+02
3.682079096045198980e+02
3.681717514124295008e+02
3.680847457627119752e+02
3.679197740112995234e+02
3.676632768361582748e+02
3.673480225988701591e+02
3.669604519774012488e+02
3.664847457627119525e+02
3.659977401129945065e+02
3.655163841807910785e+02
3.650497175141243815e+02
3.645898305084747335e+02
3.641604519774012374e+02
3.637548022598870716e+02
3.633785310734464247e+02
3.630225988700566404e+02
3.627039548022600002e+02
3.624350282485876278e+02
3.621819209039549037e+02
3.619728813559322589e+02
3.618135593220339388e+02
3.616779661016950058e+02
3.615909604519774803e+02
3.615570621468928039e+02
3.615604519774012147e+02
3.616011299435028832e+02
3.616949152542373440e+02
3.618305084745763907e+02
3.620045197740114418e+02
3.622146892655368333e+02
3.624689265536724179e+02
3.627581920903955961e+02
3.630937853107345745e+02
3.634576271186441545e+02
3.638372881355933259e+02
3.642779661016950286e+02
3.647344632768362658e+02
3.652259887005650398e+02
3.657401129943503975e+02
3.662937853107345632e+02
3.668485875706215893e+02
3.673853107344633599e+02
3.678632768361583203e+02
3.682655367231639616e+02
3.686079096045199321e+02
3.688790960451979117e+02
3.690621468926555053e+02
3.691661016949153691e+02
3.692045197740114304e+02
3.691593220338984338e+02
3.690418079096046426e+02
3.688225988700565949e+02
3.685344632768362771e+02
3.681864406779661749e+02
3.677525423728814644e+02
3.672632768361582976e+02
3.667197740112995348e+02
3.661988700564972987e+02
3.657028248587571397e+02
3.652305084745763679e+02
3.647751412429379343e+02
3.643559322033898979e+02
3.639774011299435870e+02
3.636045197740114077e+02
3.632768361581921681e+02
3.629740112994351193e+02
3.627107344632769355e+02
3.624802259887006812e+02
3.622971751412430308e+02
3.621423728813559819e+02
3.620135593220339842e+02
3.619242937853108515e+02
3.618790960451977980e+02
3.618677966101695347e+02
3.618892655367232010e+02
3.619593220338983883e+02
3.620463276836159139e+02
3.621683615819209763e+02
3.623242937853108288e+02
3.625344632768362771e+02
3.627581920903955961e+02
3.630237288135593872e+02
3.633197740112995007e+02
3.636395480225989445e+02
3.639988700564972532e+02
3.643875706214689671e+02
3.647954802259887401e+02
3.652384180790961636e+02
3.656632768361582748e+02
3.660248587570622476e+02
3.663096045197740978e+02
3.665152542372882181e+02
3.666384180790961409e+02
3.667016949152542793e+02
3.667141242937854031e+02
3.666598870056498072e+02
3.665084745762712828e+02
3.663050847457627697e+02
3.660169491525424519e+02
3.656700564971752101e+02
3.652553672316384450e+02
3.647627118644068105e+02
3.642192090395481046e+02
3.636915254237288764e+02
3.631570621468927129e+02
3.626542372881356755e+02
3.621672316384181158e+02
3.616949152542373440e+02
3.612576271186441090e+02
3.608361581920904655e+02
3.604610169491526221e+02
3.601016949152543134e+02
3.597853107344633372e+02
3.595107344632768900e+02
3.592598870056498299e+02
3.590542372881356528e+02
3.588960451977401931e+02
3.587819209039548696e+02
3.586915254237288764e+02
3.586531073446328719e+02
3.586564971751413395e+02
3.586994350282486721e+02
3.587728813559322703e+02
3.588949152542373895e+02
3.590564971751413168e+02
3.592666666666667652e+02
3.594813559322034280e+02
3.597480225988700795e+02
3.600451977401130534e+02
3.603796610169492851e+02
3.607344632768362089e+02
3.611344632768361862e+02
3.615559322033898866e+02
3.619966101694915892e+02
3.624531073446328264e+02
3.629457627118644609e+02
3.633807909604520319e+02
3.637548022598870148e+02
3.640610169491526449e+02
3.642903954802260387e+02
3.644463276836158911e+02
3.645310734463278095e+02
3.645242937853108742e+02
3.644451977401130307e+02
3.642892655367232351e+02
3.640587570621469808e+02
3.637468926553673327e+02
3.633581920903955620e+02
3.629016949152543248e+02
3.624248587570622249e+02
3.619412429378531897e+02
3.614870056497175597e+02
3.610655367231639730e+02
3.606429378531074690e+02
3.602474576271187061e+02
3.598870056497175938e+02
3.595435028248588196e+02
3.592384180790961636e+02
3.589581920903955279e+02
3.586903954802260159e+02
3.584644067796610898e+02
3.582757062146893077e+02
3.581141242937853804e+02
3.580000000000000568e+02
3.578994350282486039e+02
3.578384180790960727e+02
3.578090395480226675e+02
3.578237288135593417e+02
3.578723163841808628e+02
3.579446327683616573e+02
3.580542372881356528e+02
3.582000000000000455e+02
3.583627118644068901e+02
3.585661016949153463e+02
3.587864406779661977e+02
3.590564971751413168e+02
3.593593220338983656e+02
3.596870056497176620e+02
3.600406779661017822e+02
3.604158192090396255e+02
3.608259887005650626e+02
3.612666666666667084e+02
3.617209039548023384e+02
3.621728813559323044e+02
3.625355932203390239e+02
3.628542372881356641e+02
3.630881355932203860e+02
3.632542372881356982e+02
3.633457627118644950e+02
3.633649717514125541e+02
3.633141242937853690e+02
3.631977401129944383e+02
3.630180790960452555e+02
3.627378531073446766e+02
3.624045197740114190e+02
3.619909604519774575e+02
3.615197740112995461e+02
3.610079096045197957e+02
3.605096045197740295e+02
3.600056497175141885e+02
3.595288135593220886e+02
3.590892655367232464e+02
3.586711864406780705e+02
3.582768361581921681e+02
3.579175141242939162e+02
3.575841807909605450e+02
3.572949152542373668e+02
3.570305084745763224e+02
3.568225988700565949e+02
3.566485875706215438e+02
3.565220338983052102e+02
3.564316384180791601e+02
3.563751412429379570e+02
3.563819209039548923e+02
3.564338983050847673e+02
3.565107344632768900e+02
3.566327683615820661e+02
3.568079096045198639e+02
3.570011299435029173e+02
3.572519774011300342e+02
3.575344632768362771e+02
3.578655367231639275e+02
3.582124293785311124e+02
3.585785310734464133e+02
3.590011299435029173e+02
3.594655367231638934e+02
3.599412429378531897e+02
3.604485875706214983e+02
3.609774011299435870e+02
3.615333333333334167e+02
3.621141242937853804e+02
3.626282485875707380e+02
3.630790960451977867e+02
3.634655367231638934e+02
3.637887005649718049e+02
3.640293785310735188e+02
3.641954802259887742e+02
3.642994350282486380e+02
3.643175141242937798e+02
3.642576271186441090e+02
3.641242937853107833e+02
3.639084745762712600e+02
3.636135593220340070e+02
3.632553672316384450e+02
3.628282485875706698e+02
3.623367231638418389e+02
3.618090395480226107e+02
3.613129943502825654e+02
3.608519774011299432e+02
3.603954802259887629e+02
3.599740112994351193e+02
3.595819209039548241e+02
3.592101694915255052e+02
3.588711864406780023e+02
3.585762711864407493e+02
3.583016949152543020e+02
3.580542372881356528e+02
3.578531073446328037e+02
3.576960451977402045e+02
3.575672316384182068e+02
3.574621468926554257e+02
3.573909604519774348e+02
3.573717514124294325e+02
3.573649717514124404e+02
3.574056497175141658e+02
3.574779661016949603e+02
3.575785310734463565e+02
3.577129943502825427e+02
3.578926553672316686e+02
3.581005649717514530e+02
3.583220338983051079e+02
3.585898305084746198e+02
3.588971751412429967e+02
3.592293785310735075e+02
3.595920903954802839e+02
3.599740112994350625e+02
3.603932203389830988e+02
3.608146892655367992e+02
3.611977401129944383e+02
3.615175141242938253e+02
3.617672316384181386e+02
3.619446327683616573e+02
3.620666666666667197e+02
3.621220338983051761e+02
3.621028248587571170e+02
3.620101694915254598e+02
3.618553672316384109e+02
3.616271186440678775e+02
3.613118644067797050e+02
3.609480225988700681e+02
3.604983050847457662e+02
3.600011299435028604e+02
3.595050847457627583e+02
3.590146892655367878e+02
3.585457627118644268e+02
3.581039548022599774e+02
3.576677966101694892e+02
3.572553672316385018e+02
3.568937853107345290e+02
3.565468926553672873e+02
3.562316384180791147e+02
3.559672316384181272e+02
3.557265536723164132e+02
3.555401129943503520e+02
3.553887005649718276e+02
3.552711864406779796e+02
3.552000000000000455e+02
3.551807909604519864e+02
3.552000000000000455e+02
3.552542372881356414e+02
3.553548022598870375e+02
3.554903954802260273e+02
3.556644067796610216e+02
3.558768361581920772e+02
3.561288135593219977e+02
3.564090395480226334e+02
3.567276836158192737e+02
3.570779661016949831e+02
3.574632768361582293e+02
3.578937853107345290e+02
3.583322033898305108e+02
3.588146892655367992e+02
3.593084745762712373e+02
3.598361581920904655e+02
3.603118644067797050e+02
3.607163841807910103e+02
3.610440677966101930e+02
3.613073446327684337e+02
3.614915254237288309e+02
3.615875706214689558e+02
3.616135593220339501e+02
3.615570621468926902e+02
3.614112994350282406e+02
3.612033898305085131e+02
3.609096045197740068e+02
3.605457627118644268e+02
3.601028248587570602e+02
3.595796610169491601e+02
3.590361581920903973e+02
3.584813559322034280e+02
3.579604519774011919e+02
3.574610169491526221e+02
3.569887005649717935e+02
3.565435028248588196e+02
3.561231638418079228e+02
3.557197740112994779e+02
3.553491525423729058e+02
3.550214689265537231e+02
3.547062146892656074e+02
3.544451977401130307e+02
3.542056497175141772e+02
3.540011299435028604e+02
3.538282485875706698e+02
3.536824858757062202e+02
3.535932203389830875e+02
3.535310734463276958e+02
3.535005649717514871e+02
3.535107344632768900e+02
3.535491525423728945e+02
3.536101694915254257e+02
3.537050847457627469e+02
3.538531073446328037e+02
3.540214689265536663e+02
3.542327683615819183e+02
3.544632768361582293e+02
3.547265536723164132e+02
3.550259887005649944e+02
3.553581920903955051e+02
3.557050847457627469e+02
3.560779661016949262e+02
3.565062146892655619e+02
3.569344632768361976e+02
3.573898305084745743e+02
3.578033898305085359e+02
3.581401129943503179e+02
3.584056497175141658e+02
3.585909604519774803e+02
3.587028248587571397e+02
3.587536723163842112e+02
3.587163841807910103e+02
3.586033898305084904e+02
3.584045197740113622e+02
3.581423728813559819e+02
3.578033898305085359e+02
3.573954802259887629e+02
3.569107344632768672e+02
3.563762711864407038e+02
3.558576271186441318e+02
3.553672316384181045e+02
3.548858757062147333e+02
3.544248587570621680e+02
3.539920903954803180e+02
3.535796610169492169e+02
3.532000000000000455e+02
3.528587570621469354e+02
3.525367231638418843e+02
3.522666666666667084e+02
3.520463276836158570e+02
3.518519774011300001e+02
3.517050847457627469e+02
3.515932203389830875e+02
3.515333333333333599e+02
3.514790960451977639e+02
3.515062146892655619e+02
3.515559322033898297e+02
3.516406779661017481e+02
3.517864406779661977e+02
3.519548022598870034e+02
3.521638418079096482e+02
3.524045197740113053e+02
3.526892655367232123e+02
3.530011299435028604e+02
3.533480225988701022e+02
3.537209039548023384e+02
3.541322033898305790e+02
3.545796610169492169e+02
3.550384180790961182e+02
3.555344632768361635e+02
3.560734463276836550e+02
3.566079096045198185e+02
3.571209039548023156e+02
3.575909604519774803e+02
3.579875706214689899e+02
3.582915254237288991e+02
3.585322033898305563e+02
3.587107344632768786e+02
3.588045197740113963e+02
3.588350282485876619e+02
3.587841807909604768e+02
3.586474576271186834e+02
3.584440677966102271e+02
3.581525423728813848e+02
3.578011299435028718e+02
3.574022598870056981e+02
3.569141242937853349e+02
3.564124293785311011e+02
3.559502824858757322e+02
3.555129943502824972e+02
3.551005649717513961e+02
3.547129943502824858e+02
3.543740112994350397e+02
3.540350282485875937e+02
3.537107344632768218e+02
3.534531073446328264e+02
3.532271186440678434e+02
3.530225988700565836e+02
3.528610169491525994e+02
3.527355932203390694e+02
3.526463276836158229e+02
3.525898305084746198e+02
3.525604519774011578e+02
3.525694915254237003e+02
3.526079096045198185e+02
3.526870056497175483e+02
3.528011299435028150e+02
3.529412429378531328e+02
3.531254237288135869e+02
3.533412429378531101e+02
3.535841807909605450e+02
3.538621468926554599e+02
3.541706214689265835e+02
3.545118644067797504e+02
3.548870056497175938e+02
3.552802259887006358e+02
3.556960451977402045e+02
3.561446327683615891e+02
3.566079096045198185e+02
3.570146892655367878e+02
3.573570621468927015e+02
3.576259887005650171e+02
3.578406779661017367e+02
3.579819209039548014e+02
3.580508474576271851e+02
3.580542372881356528e+02
3.579988700564972532e+02
3.578644067796610670e+02
3.576508474576271510e+02
3.573875706214689671e+02
3.570451977401130534e+02
3.566440677966102157e+02
3.561717514124294439e+02
3.556384180790960841e+02
3.551028248587571170e+02
3.545966101694915551e+02
3.540937853107344608e+02
3.536022598870056868e+02
3.531536723163842453e+02
3.527299435028248809e+02
3.523310734463277640e+02
3.519615819209039955e+02
3.516372881355932805e+02
3.513536723163841771e+02
3.511028248587571170e+02
3.508824858757062657e+02
3.507175141242938707e+02
3.506022598870057436e+02
3.505231638418079569e+02
3.504813559322034280e+02
3.504813559322034280e+02
3.505141242937853576e+02
3.505932203389830875e+02
3.507062146892656074e+02
3.508768361581921340e+02
3.510745762711865154e+02
3.513107344632769014e+02
3.515819209039548809e+02
3.518858757062147333e+02
3.522214689265537118e+02
3.525898305084746198e+02
3.529966101694915892e+02
3.534338983050848242e+02
3.539084745762712600e+02
3.543887005649718276e+02
3.548937853107345290e+02
3.553988700564972305e+02
3.558531073446328605e+02
3.562350282485876392e+02
3.565514124293786153e+02
3.567898305084746653e+02
3.569581920903955279e+02
3.570305084745763224e+02
3.570372881355932577e+02
3.569638418079096596e+02
3.568101694915254711e+02
3.565717514124294212e+02
3.562689265536723724e+02
3.558700564971752556e+02
3.554135593220339615e+02
3.548836158192091261e+02
3.543548022598870944e+02
3.538384180790960727e+02
3.533514124293785699e+02
3.528824858757062657e+02
3.524282485875706925e+02
3.519966101694915892e+02
3.515909604519774803e+02
3.512180790960452441e+02
3.508734463276836095e+02
3.505570621468926902e+02
3.502700564971751760e+02
3.500192090395480591e+02
3.498101694915254711e+02
3.496225988700565495e+02
3.494632768361582293e+02
3.493457627118644950e+02
3.492689265536723724e+02
3.492350282485875823e+02
3.492180790960453010e+02
3.492395480225989104e+02
3.493016949152543020e+02
3.494000000000000909e+02
3.495231638418080138e+02
3.496757062146892849e+02
3.498610169491525994e+02
3.500790960451978435e+02
3.503355932203390353e+02
3.506225988700565495e+02
3.509231638418079910e+02
3.512621468926554371e+02
3.516372881355932805e+02
3.520497175141243815e+02
3.524711864406780819e+02
3.529175141242938025e+02
3.532949152542373099e+02
3.535887005649718162e+02
3.538033898305085359e+02
3.539548022598870602e+02
3.540293785310735757e+02
3.540271186440678548e+02
3.539491525423729854e+02
3.537920903954803862e+02
3.535649717514124859e+02
3.532700564971752328e+02
3.528903954802260614e+02
3.524463276836158911e+02
3.519118644067797277e+02
3.514045197740114190e+02
3.509005649717514643e+02
3.504203389830508968e+02
3.499480225988701250e+02
3.495005649717514871e+02
3.490768361581921226e+02
3.486971751412430081e+02
3.483401129943503634e+02
3.480135593220339274e+02
3.477344632768362089e+02
3.474644067796610898e+02
3.472508474576271738e+02
3.470779661016949831e+02
3.469480225988701250e+02
3.468598870056497958e+02
3.468271186440679230e+02
3.468180790960452669e+02
3.468576271186441318e+02
3.469310734463277868e+02
3.470598870056497844e+02
3.472214689265537118e+02
3.474225988700565608e+02
3.476542372881356755e+02
3.479401129943503292e+02
3.482576271186441090e+02
3.485988700564972760e+02
3.489875706214689899e+02
3.493841807909604995e+02
3.498429378531074008e+02
3.503152542372881726e+02
3.508169491525424064e+02
3.513423728813559705e+02
3.519039548022599320e+02
3.524768361581920999e+02
3.529966101694915892e+02
3.534474576271186947e+02
3.538237288135593417e+02
3.541242937853107833e+02
3.543446327683616346e+02
3.544903954802260841e+02
3.545435028248588196e+02
3.545209039548023497e+02
3.544248587570622249e+02
3.542689265536723724e+02
3.540079096045198526e+02
3.536813559322034735e+02
3.532926553672317027e+02
3.528192090395481273e+02
3.522870056497175710e+02
3.517728813559322703e+02
3.512983050847458344e+02
3.508248587570622021e+02
3.503627118644068332e+02
3.499435028248587969e+02
3.495627118644068787e+02
3.492000000000000455e+02
3.488655367231639275e+02
3.485559322033898866e+02
3.482971751412429740e+02
3.480610169491525880e+02
3.478711864406780023e+02
3.477084745762712146e+02
3.475977401129944155e+02
3.475073446327684223e+02
3.474519774011299660e+02
3.474576271186440977e+02
3.474689265536723042e+02
3.475401129943502383e+02
3.476282485875706243e+02
3.477638418079095572e+02
3.479073446327683428e+02
3.480836158192090579e+02
3.483118644067796481e+02
3.485751412429378888e+02
3.488598870056497390e+02
3.491717514124293302e+02
3.495141242937853576e+02
3.498915254237288082e+02
3.502971751412429171e+02
3.507175141242937570e+02
3.511774011299434619e+02
3.515875706214688989e+02
3.519152542372880816e+02
3.521796610169491260e+02
3.523819209039547786e+02
3.525073446327683655e+02
3.525661016949152327e+02
3.525548022598869693e+02
3.524779661016949035e+02
3.523457627118643813e+02
3.521310734463276617e+02
3.518485875706214756e+02
3.514971751412429057e+02
3.510734463276836550e+02
3.505977401129943587e+02
3.500711864406779341e+02
3.495593220338982974e+02
3.490711864406779341e+02
3.485785310734463565e+02
3.481299435028248581e+02
3.477039548022598865e+02
3.473073446327683769e+02
3.469401129943503292e+02
3.465943502824858911e+02
3.463005649717514416e+02
3.460282485875706016e+02
3.458045197740112826e+02
3.456124293785310329e+02
3.454813559322034280e+02
3.453875706214689671e+02
3.453367231638418389e+02
3.453209039548022474e+02
3.453457627118643813e+02
3.454158192090395687e+02
3.455163841807909648e+02
3.456553672316384223e+02
3.458327683615819410e+02
3.460508474576271283e+02
3.463129943502824517e+02
3.465909604519774234e+02
3.469186440677966061e+02
3.472711864406779796e+02
3.476542372881356187e+02
3.480610169491525880e+02
3.485005649717514302e+02
3.489875706214689330e+02
3.494711864406780251e+02
3.499807909604519409e+02
3.504429378531074235e+02
3.508101694915254711e+02
3.511265536723163905e+02
3.513728813559321793e+02
3.515548022598869693e+02
3.516576271186440863e+02
3.516723163841808173e+02
3.516395480225988877e+02
3.515175141242938253e+02
3.512937853107345063e+02
3.510192090395480591e+02
3.506790960451977526e+02
3.502508474576271169e+02
3.497649717514124177e+02
3.492463276836158457e+02
3.487412429378531442e+02
3.482632768361581839e+02
3.477954802259887401e+02
3.473423728813559137e+02
3.469107344632768104e+02
3.465152542372881612e+02
3.461502824858756640e+02
3.457966101694915437e+02
3.454892655367231669e+02
3.452180790960452441e+02
3.449785310734463337e+02
3.447570621468926788e+02
3.445819209039548241e+02
3.444440677966101703e+02
3.443186440677966402e+02
3.442429378531073780e+02
3.441875706214689217e+02
3.441853107344633145e+02
3.442067796610169808e+02
3.442666666666666515e+02
3.443536723163841771e+02
3.444768361581920999e+02
3.446316384180790919e+02
3.448090395480226107e+02
3.450237288135593303e+02
3.452813559322033825e+02
3.455536723163842225e+02
3.458711864406780023e+02
3.462271186440677866e+02
3.466000000000000227e+02
3.470079096045197957e+02
3.474203389830508968e+02
3.478711864406780023e+02
3.482881355932203746e+02
3.486338983050847560e+02
3.489028248587570715e+02
3.491016949152542566e+02
3.492542372881356414e+02
3.493254237288135755e+02
3.493254237288135755e+02
3.492553672316385018e+02
3.491197740112995120e+02
3.489073446327683996e+02
3.486180790960452214e+02
3.482655367231639048e+02
3.478519774011299432e+02
3.473672316384181045e+02
3.468497175141243360e+02
3.463548022598870375e+02
3.458700564971751419e+02
3.454022598870056413e+02
3.449593220338983883e+02
3.445423728813559592e+02
3.441355932203389898e+02
3.437864406779660840e+02
3.434700564971751646e+02
3.431864406779661749e+02
3.429209039548022702e+02
3.427129943502825427e+02
3.425389830508474915e+02
3.424011299435028377e+02
3.423118644067797050e+02
3.422598870056497731e+02
3.422214689265537118e+02
3.422372881355932464e+02
3.422926553672316459e+02
3.423853107344633031e+02
3.425118644067796367e+02
3.426655367231638820e+02
3.428666666666666742e+02
3.431005649717514530e+02
3.433717514124293757e+02
3.436689265536723497e+02
3.440022598870057209e+02
3.443672316384181045e+02
3.447683615819208853e+02
3.451954802259887174e+02
3.456395480225988877e+02
3.461073446327683882e+02
3.466022598870056868e+02
3.471107344632769127e+02
3.475401129943503520e+02
3.479050847457627356e+02
3.482056497175141203e+02
3.484372881355932350e+02
3.485853107344632917e+02
3.486519774011300115e+02
3.486700564971752101e+02
3.486011299435028832e+02
3.484474576271186379e+02
3.482406779661017140e+02
3.479649717514124632e+02
3.476158192090396142e+02
3.472079096045197844e+02
3.467310734463277413e+02
3.462790960451977753e+02
3.458429378531074008e+02
3.454237288135593644e+02
3.450214689265536663e+02
3.446564971751412259e+02
3.443039548022599092e+02
3.439785310734463337e+02
3.436949152542373440e+02
3.434293785310734393e+02
3.431932203389831102e+02
3.429740112994350625e+02
3.428079096045197502e+02
3.426644067796610216e+02
3.425468926553672873e+02
3.424677966101695574e+02
3.424248587570621680e+02
3.424135593220339615e+02
3.424327683615819069e+02
3.424813559322034280e+02
3.425683615819209535e+02
3.426802259887005562e+02
3.428203389830508740e+02
3.430011299435028604e+02
3.432203389830508513e+02
3.434587570621469013e+02
3.437322033898305449e+02
3.440338983050847901e+02
3.443627118644068332e+02
3.447367231638418161e+02
3.451141242937853235e+02
3.455310734463276958e+02
3.459468926553672645e+02
3.463389830508475029e+02
3.466655367231638820e+02
3.469355932203390012e+02
3.471389830508475143e+02
3.472779661016949149e+02
3.473412429378531669e+02
3.473288135593220431e+02
3.472553672316384450e+02
3.471175141242937912e+02
3.469096045197740636e+02
3.466169491525424178e+02
3.462542372881356414e+02
3.458327683615819979e+02
3.453480225988701022e+02
3.448553672316384677e+02
3.443604519774011692e+02
3.439016949152542679e+02
3.434531073446328264e+02
3.430282485875707152e+02
3.426350282485876164e+02
3.422621468926554371e+02
3.419096045197740068e+02
3.416011299435028263e+02
3.413209039548022474e+02
3.410870056497175256e+02
3.408836158192090693e+02
3.407288135593220204e+02
3.405920903954802270e+02
3.405186440677966289e+02
3.404937853107345518e+02
3.404768361581920999e+02
3.405186440677966289e+02
3.405932203389830875e+02
3.407062146892656074e+02
3.408542372881356641e+02
3.410406779661017254e+02
3.412677966101695120e+02
3.415197740112994325e+02
3.417954802259887401e+02
3.421141242937853804e+02
3.424745762711864927e+02
3.428610169491525994e+02
3.432666666666666515e+02
3.437129943502825427e+02
3.441751412429379116e+02
3.446655367231638820e+02
3.451751412429379116e+02
3.456587570621469467e+02
3.460745762711865154e+02
3.464361581920904314e+02
3.467242937853107492e+02
3.469378531073446084e+02
3.470824858757061975e+02
3.471435028248588424e+02
3.471378531073446538e+02
3.470406779661017254e+02
3.468757062146893304e+02
3.466338983050848128e+02
3.463310734463277640e+02
3.459423728813559933e+02
3.454994350282486266e+02
3.449909604519774575e+02
3.444949152542373554e+02
3.440146892655367310e+02
3.435548022598870261e+02
3.431163841807909876e+02
3.426824858757062771e+02
3.422813559322034394e+02
3.419050847457627356e+02
3.415468926553672873e+02
3.412169491525424405e+02
3.409096045197740636e+02
3.406497175141243474e+02
3.404203389830508968e+02
3.402146892655367765e+02
3.400316384180791829e+02
3.398915254237288650e+02
3.397887005649718049e+02
3.397005649717514757e+02
3.396519774011300115e+02
3.396463276836158229e+02
3.396610169491525539e+02
3.397084745762712146e+02
3.397740112994350739e+02
3.398779661016949376e+02
3.400192090395480591e+02
3.401830508474577073e+02
3.403853107344633031e+02
3.406101694915254257e+02
3.408666666666666742e+02
3.411615819209040410e+02
3.414700564971751646e+02
3.417943502824859365e+02
3.421615819209040410e+02
3.425322033898305563e+02
3.429231638418079910e+02
3.432271186440678434e+02
3.434768361581920999e+02
3.436587570621469467e+02
3.437875706214689444e+02
3.438327683615819979e+02
3.438112994350282747e+02
3.437378531073446766e+02
3.435841807909604313e+02
3.433819209039548355e+02
3.430926553672317141e+02
3.427480225988700795e+02
3.423378531073446425e+02
3.418666666666666742e+02
3.414011299435028377e+02
3.409615819209039955e+02
3.405175141242938253e+02
3.401016949152542566e+02
3.397062146892656074e+02
3.393220338983051079e+02
3.389875706214689330e+02
3.386824858757062202e+02
3.383932203389830420e+02
3.381299435028248581e+02
3.379197740112994666e+02
3.377412429378531442e+02
3.375898305084746198e+02
3.374983050847458230e+02
3.374361581920904314e+02
3.373977401129943701e+02
3.374180790960452327e+02
3.374689265536723042e+02
3.375604519774011578e+02
3.376768361581920885e+02
3.378180790960452669e+02
3.380180790960451986e+02
3.382497175141243133e+02
3.385152542372882181e+02
3.387887005649718049e+02
3.391050847457627242e+02
3.394576271186441545e+02
3.398305084745762770e+02
3.402542372881356414e+02
3.406847457627119411e+02
3.411401129943503179e+02
3.416248587570621567e+02
3.421220338983051192e+02
3.425638418079096255e+02
3.429389830508474688e+02
3.432598870056497162e+02
3.435084745762712259e+02
3.437005649717514189e+02
3.438067796610170035e+02
3.438576271186441318e+02
3.438395480225988763e+02
3.437367231638418161e+02
3.435683615819209535e+02
3.433186440677966402e+02
3.430192090395480591e+02
3.426587570621468899e+02
3.422214689265536549e+02
3.417435028248588083e+02
3.412994350282486380e+02
3.408621468926554030e+02
3.404576271186440408e+02
3.400531073446327355e+02
3.396915254237288195e+02
3.393536723163841771e+02
3.390259887005649375e+02
3.387389830508474233e+02
3.384858757062146992e+02
3.382632768361581839e+02
3.380700564971751874e+02
3.379050847457626787e+02
3.377751412429378206e+02
3.376745762711864245e+02
3.376124293785310329e+02
3.375762711864406924e+02
3.375807909604519637e+02
3.376259887005650171e+02
3.376836158192090807e+02
3.377762711864406810e+02
3.379039548022599320e+02
3.380847457627118615e+02
3.382711864406779796e+02
3.384858757062146992e+02
3.387536723163841543e+02
3.390508474576271283e+02
3.393740112994350397e+02
3.397231638418078887e+02
3.401062146892655846e+02
3.405254237288135641e+02
3.409525423728813394e+02
3.413480225988700454e+02
3.417118644067796822e+02
3.419966101694915324e+02
3.422090395480225880e+02
3.423728813559322361e+02
3.424677966101695006e+02
3.424983050847457662e+02
3.424666666666666970e+02
3.423740112994349829e+02
3.422079096045197275e+02
3.419796610169491942e+02
3.416903954802260159e+02
3.413344632768361180e+02
3.409107344632768672e+02
3.404192090395480363e+02
3.398824858757062088e+02
3.393638418079096368e+02
3.388677966101695347e+02
3.383841807909604995e+02
3.379209039548022702e+02
3.374779661016949603e+02
3.370666666666667197e+02
3.366926553672316800e+02
3.363355932203389784e+02
3.360282485875706016e+02
3.357559322033898752e+02
3.355141242937853576e+02
3.353129943502824517e+02
3.351378531073446538e+02
3.350192090395480022e+02
3.349468926553672645e+02
3.349050847457626787e+02
3.349050847457626787e+02
3.349389830508474688e+02
3.350135593220339274e+02
3.351299435028248581e+02
3.352757062146893077e+02
3.354632768361582293e+02
3.356824858757062202e+02
3.359344632768361407e+02
3.362203389830508513e+02
3.365401129943502383e+02
3.368824858757062088e+02
3.372644067796610443e+02
3.376858757062146879e+02
3.381186440677965948e+02
3.385909604519773666e+02
3.390745762711864586e+02
3.395593220338982974e+02
3.399751412429378661e+02
3.403322033898305108e+02
3.406192090395480250e+02
3.408316384180791374e+02
3.409819209039548014e+02
3.410395480225989218e+02
3.410259887005649944e+02
3.409548022598870034e+02
3.407932203389830192e+02
3.405559322033898297e+02
3.402508474576270601e+02
3.398644067796610670e+02
3.394192090395480363e+02
3.389163841807909421e+02
3.384361581920903745e+02
3.379796610169491373e+02
3.375175141242938253e+02
3.370745762711864586e+02
3.366587570621469467e+02
3.362757062146893077e+02
3.359175141242938025e+02
3.355683615819208967e+02
3.352485875706214529e+02
3.349548022598869466e+02
3.346881355932202950e+02
3.344757062146892395e+02
3.342723163841807832e+02
3.341039548022598638e+02
3.339694915254236776e+02
3.338632768361582066e+02
3.337954802259887401e+02
3.337435028248587514e+02
3.337344632768362089e+02
3.337593220338982860e+02
3.338112994350282179e+02
3.338903954802260046e+02
3.339954802259886719e+02
3.341491525423729172e+02
3.343242937853107719e+02
3.345107344632768900e+02
3.347322033898304880e+02
3.349875706214689899e+02
3.352700564971751191e+02
3.355909604519773666e+02
3.359378531073447220e+02
3.362915254237288423e+02
3.366632768361582180e+02
3.370734463276836550e+02
3.374655367231638365e+02
3.377706214689266062e+02
3.380203389830508627e+02
3.381943502824858570e+02
3.383039548022599092e+02
3.383401129943503065e+02
3.383129943502825085e+02
3.382135593220339160e+02
3.380406779661017254e+02
3.378022598870056754e+02
3.375050847457627015e+02
3.371367231638418502e+02
3.366971751412429512e+02
3.362474576271187061e+02
3.358248587570622021e+02
3.354259887005649716e+02
3.350203389830509195e+02
3.346610169491525539e+02
3.343129943502825654e+02
3.339898305084745971e+02
3.337039548022598865e+02
3.334621468926553689e+02
3.332485875706215097e+02
3.330644067796610557e+02
3.329310734463277299e+02
3.328124293785310783e+02
3.327435028248587514e+02
3.327141242937853463e+02
3.327220338983051420e+02
3.327627118644068105e+02
3.328418079096045403e+02
3.329661016949152668e+02
3.331141242937853235e+02
3.333096045197740409e+02
3.335299435028248922e+02
3.337909604519774120e+02
3.340779661016949831e+02
3.343864406779661067e+02
3.347310734463277413e+02
3.351005649717513961e+02
3.355152542372881612e+02
3.359514124293785926e+02
3.364293785310734393e+02
3.369039548022599320e+02
3.374146892655367651e+02
3.379276836158192054e+02
3.384022598870056981e+02
3.388237288135593417e+02
3.391604519774011806e+02
3.394225988700565040e+02
3.396316384180791488e+02
3.397615819209039500e+02
3.398090395480226107e+02
3.398000000000000682e+02
3.397163841807910103e+02
3.395401129943503520e+02
3.393028248587571056e+02
3.390011299435028604e+02
3.386338983050848128e+02
3.381875706214689785e+02
3.377005649717514189e+02
3.372225988700565722e+02
3.367694915254238026e+02
3.363276836158192964e+02
3.359186440677966630e+02
3.355254237288136210e+02
3.351717514124294439e+02
3.348338983050848014e+02
3.345299435028249491e+02
3.342689265536723724e+02
3.340338983050847901e+02
3.338214689265537345e+02
3.336519774011300115e+02
3.335005649717514871e+02
3.333898305084746312e+02
3.333186440677966402e+02
3.332824858757062430e+02
3.332700564971752328e+02
3.332971751412429740e+02
3.333559322033898411e+02
3.334451977401130307e+02
3.335875706214689558e+02
3.337457627118644155e+02
3.339435028248587969e+02
3.341717514124294439e+02
3.344282485875706357e+02
3.347231638418079456e+02
3.350440677966101930e+02
3.353966101694915096e+02
3.357728813559322134e+02
3.361717514124293871e+02
3.366033898305084904e+02
3.370045197740113281e+02
3.373581920903955051e+02
3.376406779661016913e+02
3.378508474576270828e+02
3.380090395480225993e+02
3.380960451977401249e+02
3.381084745762711918e+02
3.380644067796609988e+02
3.379536723163841998e+02
3.377694915254237458e+02
3.375152542372882181e+02
3.371909604519774462e+02
3.368011299435028150e+02
3.363661016949153009e+02
3.358564971751412713e+02
3.353062146892655164e+02
3.347694915254237458e+02
3.342531073446327810e+02
3.337627118644068105e+02
3.332779661016949717e+02
3.328248587570622021e+02
3.323977401129943701e+02
3.320090395480226562e+02
3.316440677966102157e+02
3.313118644067797050e+02
3.310214689265536663e+02
3.307661016949152781e+02
3.305446327683615664e+02
3.303570621468926447e+02
3.302237288135593190e+02
3.301254237288136437e+02
3.300734463276836550e+02
3.300598870056497844e+02
3.300881355932203292e+02
3.301525423728813848e+02
3.302531073446328378e+02
3.303796610169491714e+02
3.305446327683615664e+02
3.307581920903954824e+02
3.310011299435028604e+02
3.312655367231638479e+02
3.315728813559321679e+02
3.319073446327683428e+02
3.322813559322033825e+02
3.326768361581920317e+02
3.331028248587570602e+02
3.335412429378530987e+02
3.340067796610169353e+02
3.344700564971751646e+02
3.348689265536722814e+02
3.351977401129943246e+02
3.354734463276835754e+02
3.356734463276835640e+02
3.357853107344632804e+02
3.358316384180790806e+02
3.358112994350282179e+02
3.357062146892655505e+02
3.355378531073446879e+02
3.352926553672316459e+02
3.349683615819209308e+02
3.345807909604520205e+02
3.341175141242938480e+02
3.336372881355932805e+02
3.331502824858757776e+02
3.326983050847457548e+02
3.322440677966101816e+02
3.318225988700564812e+02
3.314214689265537004e+02
3.310282485875706016e+02
3.306757062146892849e+02
3.303627118644068332e+02
3.300564971751412600e+02
3.297762711864407379e+02
3.295378531073446311e+02
3.293209039548022474e+02
3.291344632768361862e+02
3.289875706214689330e+02
3.288689265536722814e+02
3.287898305084745516e+02
3.287231638418079456e+02
3.286926553672316231e+02
3.287005649717514189e+02
3.287514124293785471e+02
3.288169491525424064e+02
3.289141242937853349e+02
3.290598870056497276e+02
3.292067796610169239e+02
3.293943502824859024e+02
3.296180790960452214e+02
3.298632768361582066e+02
3.301344632768361862e+02
3.304418079096045631e+02
3.307638418079096141e+02
3.311242937853107264e+02
3.314960451977401021e+02
3.318858757062147333e+02
3.323028248587570488e+02
3.326983050847457548e+02
3.330090395480225993e+02
3.332474576271186493e+02
3.334361581920903745e+02
3.335480225988700340e+02
3.335841807909604313e+02
3.335502824858757549e+02
3.334790960451977639e+02
3.333016949152542452e+02
3.330542372881355959e+02
3.327638418079096141e+02
3.323977401129943701e+02
3.319570621468926674e+02
3.314971751412429057e+02
3.310372881355932577e+02
3.306011299435028832e+02
3.301785310734463792e+02
3.297706214689266062e+02
3.293898305084745743e+02
3.290418079096045290e+02
3.287118644067796822e+02
3.284225988700565040e+02
3.281627118644067878e+02
3.279435028248586832e+02
3.277638418079095572e+02
3.276327683615819524e+02
3.275288135593220318e+02
3.274621468926553689e+02
3.274429378531073098e+02
3.274700564971751646e+02
3.275265536723164246e+02
3.276225988700564926e+02
3.277570621468926788e+02
3.279299435028248695e+02
3.281378531073446538e+02
3.283762711864407038e+02
3.286564971751412259e+02
3.289672316384180704e+02
3.293242937853107151e+02
3.296903954802260159e+02
3.301005649717513961e+02
3.305536723163842225e+02
3.310135593220338706e+02
3.315129943502824972e+02
3.320271186440678548e+02
3.325604519774011578e+02
3.331141242937853235e+02
3.336237288135593531e+02
3.340587570621469240e+02
3.344361581920903745e+02
3.347378531073446766e+02
3.349774011299435301e+02
3.351367231638417934e+02
3.352282485875706470e+02
3.352429378531073780e+02
3.351796610169491260e+02
3.350531073446327923e+02
3.348463276836158116e+02
3.345807909604519637e+02
3.342463276836158457e+02
3.338350282485876050e+02
3.333672316384181613e+02
3.328847457627118729e+02
3.324158192090395687e+02
3.319649717514124632e+02
3.315401129943503520e+02
3.311401129943503747e+02
3.307593220338983429e+02
3.304158192090395687e+02
3.300960451977401249e+02
3.298101694915254711e+02
3.295502824858757549e+02
3.293209039548023043e+02
3.291401129943503179e+02
3.289864406779661294e+02
3.288519774011300001e+02
3.287502824858757435e+02
3.286983050847458117e+02
3.286881355932203519e+02
3.286971751412429512e+02
3.287389830508475370e+02
3.288067796610170035e+02
3.289152542372881953e+02
3.290587570621469240e+02
3.292305084745763111e+02
3.294440677966102271e+02
3.296847457627118843e+02
3.299649717514124632e+02
3.302655367231639048e+02
3.306033898305084904e+02
3.309548022598870602e+02
3.313581920903955051e+02
3.317717514124294098e+02
3.322192090395481046e+02
3.326045197740113508e+02
3.329231638418079342e+02
3.331841807909604540e+02
3.333819209039548923e+02
3.335220338983051533e+02
3.335853107344632917e+02
3.335853107344632917e+02
3.335118644067797504e+02
3.333706214689266289e+02
3.331728813559321907e+02
3.329096045197740636e+02
3.325717514124294212e+02
3.321683615819209763e+02
3.317084745762712146e+02
3.311988700564972419e+02
3.306892655367232123e+02
3.301966101694915778e+02
3.297107344632768786e+02
3.292745762711864472e+02
3.288531073446328037e+02
3.284587570621469013e+02
3.280813559322033939e+02
3.277559322033898752e+02
3.274576271186440977e+02
3.271909604519774462e+02
3.269604519774011351e+02
3.267751412429378775e+02
3.266305084745763452e+02
3.265242937853107605e+02
3.264531073446328264e+02
3.264192090395480363e+02
3.264361581920904314e+02
3.264723163841807718e+02
3.265514124293785017e+02
3.266745762711864245e+02
3.268361581920904655e+02
3.270361581920903973e+02
3.272632768361581839e+02
3.275254237288135641e+02
3.278146892655366855e+02
3.281367231638417934e+02
3.285096045197740295e+02
3.288994350282486039e+02
3.293028248587570488e+02
3.297423728813559478e+02
3.302033898305085131e+02
3.306903954802260159e+02
3.311175141242937912e+02
3.314734463276836323e+02
3.317672316384181386e+02
3.319954802259887288e+02
3.321435028248587855e+02
3.322338983050847787e+02
3.322271186440677866e+02
3.321525423728813848e+02
3.320090395480225993e+02
3.318000000000000114e+02
3.315175141242938253e+02
3.311468926553671963e+02
3.307152542372881499e+02
3.302112994350282520e+02
3.297062146892656074e+02
3.292090395480226448e+02
3.287502824858757435e+02
3.283084745762711805e+02
3.278644067796610670e+02
3.274463276836158343e+02
3.270542372881355959e+02
3.266903954802260159e+02
3.263435028248587741e+02
3.260192090395480591e+02
3.257265536723164132e+02
3.254779661016949603e+02
3.252497175141243133e+02
3.250531073446328492e+02
3.248779661016949376e+02
3.247412429378531442e+02
3.246327683615819524e+02
3.245615819209039046e+02
3.245175141242938253e+02
3.245073446327684223e+02
3.245231638418079001e+02
3.245627118644068219e+02
3.246372881355932805e+02
3.247367231638418161e+02
3.248723163841808059e+02
3.250451977401129966e+02
3.252542372881356414e+02
3.254790960451977071e+02
3.257412429378531442e+02
3.260135593220339274e+02
3.263355932203389784e+02
3.266610169491525539e+02
3.270124293785311238e+02
3.273875706214689103e+02
3.277807909604519523e+02
3.281186440677966516e+02
3.283785310734463110e+02
3.285819209039548241e+02
3.287220338983050851e+02
3.287853107344632804e+02
3.287830508474576732e+02
3.287084745762712146e+02
3.285672316384180931e+02
3.283593220338983087e+02
3.280836158192090579e+02
3.277389830508474802e+02
3.273265536723164360e+02
3.268564971751412713e+02
3.263853107344633031e+02
3.259491525423729286e+02
3.255254237288135641e+02
3.250937853107344608e+02
3.246926553672316231e+02
3.243220338983051079e+02
3.239751412429378661e+02
3.236508474576271510e+02
3.233887005649717707e+02
3.231457627118644496e+02
3.229254237288135982e+02
3.227581920903954824e+02
3.226350282485875596e+02
3.225276836158192282e+02
3.224711864406779682e+02
3.224553672316384336e+02
3.224711864406780251e+02
3.225446327683615664e+02
3.226316384180790919e+02
3.227412429378531442e+02
3.229050847457627356e+02
3.230960451977401249e+02
3.233333333333333712e+02
3.235920903954802270e+02
3.238903954802260046e+02
3.242203389830508513e+02
3.245751412429378320e+02
3.249502824858757322e+02
3.253604519774011123e+02
3.257954802259886833e+02
3.262587570621469126e+02
3.267355932203389557e+02
3.272305084745762542e+02
3.277209039548022247e+02
3.281491525423729172e+02
3.285152542372881044e+02
3.288192090395480136e+02
3.290553672316383995e+02
3.292124293785310556e+02
3.293039548022599092e+02
3.293355932203389784e+02
3.292926553672316459e+02
3.291548022598869920e+02
3.289774011299434733e+02
3.287118644067796822e+02
3.283977401129943701e+02
3.280033898305084676e+02
3.275502824858757549e+02
3.270858757062146651e+02
3.266361581920904200e+02
3.261966101694915210e+02
3.257830508474576163e+02
3.253977401129943701e+02
3.250338983050847901e+02
3.246858757062146879e+02
3.243807909604519750e+02
3.240960451977400680e+02
3.238338983050847446e+02
3.236056497175140976e+02
3.234282485875706357e+02
3.232723163841808400e+02
3.231480225988700568e+02
3.230542372881355959e+02
3.229887005649717935e+02
3.229525423728813394e+02
3.229401129943503292e+02
3.229649717514124632e+02
3.230440677966101930e+02
3.231502824858757776e+02
3.232870056497175710e+02
3.234474576271186379e+02
3.236248587570621567e+02
3.238531073446328037e+02
3.241163841807909876e+02
3.243887005649717707e+02
3.247084745762712146e+02
3.250429378531073894e+02
3.254146892655367083e+02
3.258192090395480136e+02
3.262384180790960500e+02
3.266395480225988877e+02
3.270011299435028604e+02
3.272892655367231782e+02
3.275129943502824972e+02
3.276824858757062202e+02
3.277988700564972078e+02
3.278497175141243360e+02
3.278305084745762770e+02
3.277593220338983429e+02
3.276079096045197616e+02
3.273988700564971737e+02
3.271242937853107833e+02
3.267898305084746085e+02
3.263909604519774348e+02
3.259333333333333371e+02
3.254225988700565040e+02
3.249175141242938025e+02
3.244395480225988990e+02
3.239548022598870602e+02
3.235050847457627015e+02
3.230847457627118615e+02
3.226983050847458117e+02
3.223435028248587741e+02
3.220158192090395914e+02
3.217288135593220204e+02
3.214734463276836323e+02
3.212384180790960500e+02
3.210519774011299887e+02
3.209062146892655392e+02
3.207830508474576732e+02
3.207050847457627469e+02
3.206723163841808173e+02
3.206745762711864813e+02
3.207005649717514189e+02
3.207706214689266062e+02
3.208666666666666742e+02
3.209954802259887856e+02
3.211717514124294439e+02
3.213694915254237685e+02
3.216056497175141544e+02
3.218745762711864700e+02
3.221672316384181158e+02
3.224858757062146992e+02
3.228338983050847446e+02
3.232214689265536549e+02
3.236214689265536322e+02
3.240418079096045290e+02
3.244983050847457662e+02
3.249276836158192054e+02
3.253016949152542452e+02
3.256045197740113508e+02
3.258418079096045403e+02
3.260146892655367310e+02
3.261152542372881840e+02
3.261536723163842453e+02
3.261084745762711918e+02
3.259988700564971964e+02
3.258203389830508740e+02
3.255717514124294212e+02
3.252531073446327810e+02
3.248790960451977980e+02
3.244508474576271055e+02
3.239887005649717366e+02
3.235457627118644268e+02
3.231367231638417934e+02
3.227310734463277413e+02
3.223457627118643813e+02
3.219717514124293984e+02
3.216293785310734847e+02
3.213231638418079115e+02
3.210271186440677980e+02
3.207559322033898752e+02
3.205220338983051533e+02
3.203141242937853121e+02
3.201186440677966516e+02
3.199728813559322589e+02
3.198508474576271965e+02
3.197446327683616119e+02
3.196666666666667425e+02
3.196395480225988877e+02
3.196293785310734847e+02
3.196395480225988877e+02
3.196892655367232123e+02
3.197694915254237458e+02
3.198802259887006016e+02
3.200248587570621339e+02
3.201785310734463792e+02
3.203683615819209081e+02
3.205864406779660953e+02
3.208372881355932122e+02
3.211141242937853235e+02
3.214112994350282406e+02
3.217378531073446766e+02
3.220790960451977298e+02
3.224395480225988422e+02
3.228079096045197502e+02
3.231254237288135300e+02
3.233638418079095800e+02
3.235502824858756981e+02
3.236632768361581611e+02
3.237152542372881499e+02
3.237096045197740750e+02
3.236293785310734847e+02
3.234836158192090352e+02
3.232711864406779796e+02
3.230022598870056072e+02
3.226519774011299546e+02
3.222316384180791147e+02
3.217920903954802156e+02
3.213785310734463110e+02
3.209762711864406697e+02
3.205706214689265607e+02
3.201954802259887174e+02
3.198440677966101475e+02
3.195073446327683655e+02
3.191988700564971850e+02
3.189163841807909421e+02
3.186723163841807605e+02
3.184621468926553689e+02
3.182734463276835868e+02
3.181288135593219977e+02
3.180259887005649375e+02
3.179559322033898070e+02
3.179265536723163450e+02
3.179186440677965493e+02
3.179570621468926106e+02
3.180282485875706016e+02
3.181423728813559251e+02
3.182915254237287854e+02
3.184700564971750509e+02
3.186802259887004993e+02
3.189209039548022702e+02
3.191819209039547331e+02
3.194813559322033711e+02
3.198248587570622021e+02
3.201853107344633145e+02
3.205672316384180931e+02
3.209887005649717366e+02
3.214485875706214983e+02
3.219129943502824744e+02
3.224101694915254370e+02
3.229310734463276731e+02
3.234101694915254370e+02
3.238418079096045403e+02
3.241841807909604540e+02
3.244836158192090920e+02
3.246926553672316231e+02
3.248372881355932122e+02
3.249062146892655392e+02
3.249242937853107378e+02
3.248497175141242224e+02
3.247107344632768218e+02
3.245028248587570374e+02
3.242350282485875823e+02
3.238937853107344154e+02
3.234994350282485698e+02
3.230305084745762088e+02
3.225129943502824972e+02
3.220327683615819296e+02
3.215615819209039614e+02
3.211186440677965948e+02
3.206949152542372872e+02
3.202960451977401135e+02
3.199096045197740068e+02
3.195615819209039046e+02
3.192429378531073212e+02
3.189570621468926674e+02
3.186960451977400908e+02
3.184666666666666401e+02
3.182508474576270601e+02
3.180779661016948694e+02
3.179333333333333371e+02
3.178214689265536776e+02
3.177412429378530874e+02
3.176824858757062202e+02
3.176598870056497503e+02
3.176757062146892849e+02
3.177152542372881499e+02
3.177909604519774120e+02
3.179016949152542679e+02
3.180384180790961182e+02
3.182056497175141203e+02
3.184079096045197730e+02
3.186519774011300115e+02
3.189039548022599320e+02
3.191966101694915778e+02
3.195107344632768331e+02
3.198463276836158684e+02
3.202124293785310556e+02
3.205864406779661522e+02
3.208915254237288082e+02
3.211559322033898525e+02
3.213536723163841771e+02
3.214971751412429626e+02
3.215796610169492169e+02
3.216135593220338933e+02
3.215581920903954938e+02
3.214677966101695574e+02
3.213152542372881726e+02
3.210892655367232464e+02
3.208079096045197502e+02
3.204632768361582293e+02
3.200372881355932577e+02
3.195796610169492169e+02
3.191175141242938480e+02
3.186779661016950058e+02
3.182598870056497162e+02
3.178553672316384109e+02
3.174610169491526221e+02
3.171016949152542566e+02
3.167649717514124745e+02
3.164587570621469013e+02
3.161898305084746426e+02
3.159502824858757322e+02
3.157378531073446766e+02
3.155649717514124291e+02
3.154293785310734393e+02
3.153186440677966402e+02
3.152395480225989104e+02
3.152214689265537118e+02
3.152248587570621794e+02
3.152621468926554371e+02
3.153423728813559705e+02
3.154316384180791601e+02
3.155875706214690126e+02
3.157514124293786040e+02
3.159435028248587969e+02
3.161638418079096482e+02
3.164248587570621680e+02
3.167050847457627469e+02
3.170237288135593872e+02
3.173570621468927015e+02
3.177107344632768218e+02
3.180960451977401817e+02
3.185039548022599547e+02
3.189209039548022702e+02
3.193514124293785699e+02
3.197367231638418161e+02
3.200440677966101930e+02
3.203084745762712373e+02
3.204983050847457662e+02
3.206214689265536890e+02
3.206903954802260159e+02
3.206790960451978094e+02
3.205898305084746198e+02
3.204429378531074235e+02
3.202305084745763111e+02
3.199514124293785358e+02
3.195977401129943019e+02
3.192067796610169808e+02
3.187932203389830761e+02
3.183999999999999773e+02
3.180192090395480591e+02
3.176406779661017481e+02
3.172949152542373099e+02
3.169457627118644041e+02
3.166327683615819524e+02
3.163514124293785699e+02
3.160768361581921226e+02
3.158384180790960727e+02
3.156225988700565495e+02
3.154316384180791033e+02
3.152666666666666515e+02
3.151367231638417934e+02
3.150361581920903973e+02
3.149525423728813394e+02
3.148994350282486039e+02
3.148677966101695347e+02
3.148734463276836095e+02
3.149050847457627924e+02
3.149514124293785926e+02
3.150485875706214642e+02
3.151502824858757208e+02
3.153028248587571056e+02
3.154644067796610329e+02
3.156542372881356187e+02
3.158689265536723951e+02
3.161209039548023156e+02
3.164079096045197730e+02
3.167141242937853463e+02
3.170463276836158002e+02
3.173954802259887629e+02
3.177672316384181386e+02
3.181559322033898525e+02
3.185593220338983542e+02
3.188926553672316686e+02
3.191796610169492396e+02
3.193841807909604995e+02
3.195638418079096255e+02
3.196564971751412827e+02
3.196983050847458117e+02
3.196757062146892849e+02
3.195785310734463565e+02
3.194327683615819637e+02
3.192158192090395801e+02
3.189412429378531897e+02
3.186146892655367537e+02
3.182180790960452441e+02
3.177581920903954824e+02
3.173050847457627697e+02
3.168689265536723951e+02
3.164429378531074235e+02
3.160282485875706584e+02
3.156531073446328719e+02
3.153107344632769014e+02
3.149807909604519978e+02
3.146745762711864245e+02
3.144327683615819637e+02
3.142135593220339160e+02
3.140271186440678548e+02
3.138677966101695347e+02
3.137468926553672190e+02
3.136564971751412259e+02
3.136033898305084904e+02
3.135841807909604313e+02
3.136067796610169580e+02
3.136836158192090807e+02
3.137774011299435415e+02
3.139062146892655392e+02
3.140757062146892622e+02
3.142790960451977753e+02
3.145039548022598410e+02
3.147661016949152781e+02
3.150531073446327355e+02
3.153728813559322361e+02
3.157186440677966175e+02
3.161050847457627242e+02
3.165050847457627015e+02
3.169276836158192054e+02
3.173887005649717707e+02
3.178576271186440749e+02
3.183333333333333712e+02
3.187299435028248240e+02
3.190768361581920658e+02
3.193649717514124404e+02
3.195807909604519637e+02
3.197491525423728831e+02
3.198327683615819410e+02
3.198463276836158116e+02
3.197909604519774120e+02
3.196700564971750964e+02
3.194870056497175028e+02
3.192225988700565154e+02
3.189039548022599320e+02
3.185367231638417707e+02
3.180983050847457889e+02
3.176406779661017481e+02
3.172022598870056527e+02
3.167762711864406810e+02
3.163694915254237685e+02
3.159898305084745971e+02
3.156282485875706243e+02
3.152949152542373099e+02
3.149796610169491942e+02
3.146983050847458117e+02
3.144395480225988422e+02
3.142158192090395232e+02
3.140169491525423382e+02
3.138372881355932122e+02
3.136881355932202950e+02
3.135717514124293643e+02
3.134847457627118956e+02
3.134214689265536435e+02
3.133954802259886492e+02
3.133943502824859024e+02
3.134282485875705788e+02
3.135016949152542338e+02
3.135909604519774234e+02
3.137186440677966175e+02
3.138576271186440181e+02
3.140497175141242678e+02
3.142598870056496594e+02
3.144937853107344381e+02
3.147649717514124177e+02
3.150587570621468672e+02
3.153706214689265153e+02
3.157175141242937570e+02
3.160745762711864018e+02
3.164406779661016458e+02
3.167661016949152781e+02
3.170135593220338706e+02
3.171920903954801929e+02
3.173265536723163223e+02
3.173864406779661067e+02
3.173785310734463110e+02
3.173107344632768445e+02
3.171943502824858570e+02
3.170011299435028036e+02
3.167468926553672190e+02
3.164327683615819069e+02
3.160485875706214074e+02
3.155954802259886378e+02
3.151457627118643927e+02
3.146926553672316231e+02
3.142610169491525198e+02
3.138384180790960158e+02
3.134508474576271055e+02
3.130745762711864018e+02
3.127231638418078319e+02
3.124079096045197730e+02
3.121073446327683314e+02
3.118542372881355504e+02
3.116169491525423609e+02
3.114192090395479795e+02
3.112587570621468558e+02
3.111378531073445970e+02
3.110497175141242678e+02
3.109977401129942791e+02
3.109807909604519409e+02
3.109909604519774007e+02
3.110440677966101362e+02
3.111333333333333258e+02
3.112451977401129852e+02
3.113887005649717139e+02
3.115683615819208399e+02
3.117604519774010896e+02
3.120079096045196820e+02
3.122858757062146537e+02
3.125887005649717594e+02
3.129141242937852212e+02
3.132666666666665947e+02
3.136553672316383654e+02
3.140644067796609988e+02
3.144892655367231100e+02
3.149401129943502156e+02
3.154090395480225197e+02
3.158293785310734165e+02
3.161830508474575936e+02
3.164768361581920431e+02
3.166960451977400908e+02
3.168327683615818842e+02
3.169118644067796140e+02
3.169220338983050738e+02
3.168553672316383540e+02
3.167039548022598296e+02
3.164915254237287172e+02
3.162022598870055958e+02
3.158463276836157547e+02
3.154327683615818501e+02
3.149898305084744834e+02
3.145491525423728376e+02
3.141344632768361294e+02
3.137276836158191600e+02
3.133423728813559137e+02
3.129762711864406128e+02
3.126316384180790351e+02
3.123028248587570488e+02
3.120079096045197957e+02
3.117412429378530874e+02
3.114937853107344381e+02
3.112824858757062430e+02
3.111096045197739954e+02
3.109649717514124632e+02
3.108282485875706129e+02
3.107242937853106923e+02
3.106451977401129625e+02
3.106056497175140976e+02
3.106101694915254257e+02
3.106372881355931668e+02
3.106870056497174915e+02
3.107525423728813507e+02
3.108734463276836095e+02
3.110067796610169353e+02
3.111593220338983201e+02
3.113604519774011123e+02
3.115762711864406356e+02
3.118146892655366855e+02
3.120824858757061975e+02
3.123966101694915096e+02
3.127209039548022247e+02
3.130666666666666060e+02
3.134384180790959817e+02
3.138451977401129511e+02
3.142497175141243133e+02
3.145898305084745630e+02
3.148655367231638138e+02
3.150847457627118047e+02
3.152418079096045176e+02
3.153378531073445856e+02
3.153615819209039159e+02
3.153401129943502497e+02
3.152429378531073212e+02
3.150824858757061975e+02
3.148621468926553462e+02
3.145706214689265039e+02
3.142180790960451873e+02
3.138124293785310783e+02
3.133525423728813166e+02
3.128881355932203405e+02
3.124598870056497049e+02
3.120350282485875368e+02
3.116271186440677639e+02
3.112384180790959931e+02
3.108971751412429398e+02
3.105649717514123722e+02
3.102768361581920544e+02
3.100135593220338706e+02
3.097774011299434846e+02
3.095932203389830306e+02
3.094406779661017026e+02
3.093073446327683769e+02
3.092225988700564585e+02
3.091807909604519295e+02
3.091627118644067309e+02
3.091909604519773893e+02
3.092508474576270601e+02
3.093344632768361180e+02
3.094598870056497049e+02
3.096293785310734279e+02
3.098259887005649489e+02
3.100497175141242678e+02
3.103141242937853121e+02
3.106056497175140976e+02
3.109288135593220090e+02
3.112757062146892508e+02
3.116768361581920317e+02
3.120926553672316004e+02
3.125344632768361066e+02
3.129796610169490805e+02
3.134666666666665833e+02
3.139468926553671508e+02
3.143604519774011123e+02
3.147186440677966175e+02
3.150045197740112144e+02
3.152361581920903291e+02
3.154146892655366514e+02
3.155209039548021792e+02
3.155446327683615095e+02
3.155062146892655051e+02
3.154146892655366514e+02
3.152440677966101248e+02
3.150169491525423382e+02
3.147288135593220204e+02
3.143762711864405901e+02
3.139638418079095459e+02
3.135096045197740295e+02
3.130463276836158002e+02
3.125999999999999659e+02
3.121864406779660612e+02
3.117774011299434278e+02
3.113909604519773779e+02
3.110350282485875368e+02
3.107073446327683541e+02
3.103988700564971168e+02
3.101209039548022020e+02
3.098881355932203405e+02
3.096802259887004993e+02
3.094949152542372985e+02
3.093514124293785130e+02
3.092282485875705902e+02
3.091186440677965948e+02
3.090666666666666060e+02
3.090451977401129966e+02
3.090418079096044721e+02
3.090768361581920658e+02
3.091322033898304653e+02
3.092214689265536549e+02
3.093322033898305108e+02
3.095118644067796367e+02
3.097050847457627469e+02
3.099152542372880816e+02
3.101536723163841316e+02
3.104248587570621680e+02
3.107141242937852894e+02
3.110384180790960613e+02
3.113977401129943701e+02
3.117717514124294098e+02
3.121220338983050624e+02
3.124361581920903745e+02
3.126892655367231555e+02
3.128960451977401362e+02
3.130248587570621339e+02
3.131050847457627242e+02
3.131242937853107264e+02
3.130790960451977298e+02
3.129593220338982746e+02
3.127954802259886833e+02
3.125717514124293643e+02
3.122711864406779796e+02
3.119220338983050738e+02
3.115050847457627015e+02
3.110316384180790692e+02
3.105457627118644268e+02
3.100870056497175256e+02
3.096406779661016344e+02
3.092022598870056527e+02
3.087966101694914869e+02
3.084146892655367083e+02
3.080485875706214074e+02
3.077107344632768218e+02
3.074056497175141089e+02
3.071559322033898525e+02
3.069163841807909421e+02
3.067175141242938139e+02
3.065401129943502951e+02
3.064192090395480363e+02
3.063333333333333144e+02
3.062802259887005789e+02
3.062644067796609875e+02
3.062847457627118501e+02
3.063378531073446425e+02
3.064169491525423155e+02
3.065344632768361635e+02
3.066723163841807605e+02
3.068610169491524857e+02
3.070689265536723269e+02
3.073084745762711236e+02
3.075909604519773666e+02
3.079152542372880816e+02
3.082451977401129852e+02
3.086101694915254257e+02
3.089988700564971396e+02
3.094214689265536435e+02
3.098576271186440181e+02
3.103129943502824517e+02
3.107480225988700795e+02
3.111288135593219977e+02
3.114429378531073098e+02
3.116858757062146879e+02
3.118813559322034052e+02
3.120079096045197389e+02
3.120463276836158002e+02
3.120090395480225425e+02
3.118994350282485470e+02
3.117152542372881499e+02
3.114745762711863790e+02
3.111536723163841316e+02
3.107649717514124177e+02
3.103129943502824517e+02
3.098677966101694210e+02
3.094282485875705788e+02
3.089966101694915324e+02
3.085841807909604313e+02
3.081999999999999318e+02
3.078282485875705561e+02
3.074734463276836323e+02
3.071548022598869920e+02
3.068474576271186152e+02
3.065661016949152327e+02
3.063107344632767877e+02
3.060711864406779341e+02
3.058757062146892167e+02
3.057005649717514189e+02
3.055638418079096255e+02
3.054553672316384336e+02
3.053672316384180476e+02
3.053152542372881157e+02
3.052937853107343926e+02
3.052960451977401135e+02
3.053186440677966402e+02
3.053841807909604427e+02
3.054768361581920431e+02
3.056067796610169580e+02
3.057435028248587514e+02
3.059254237288135414e+02
3.061367231638417934e+02
3.063672316384180476e+02
3.066395480225988877e+02
3.069220338983051306e+02
3.072463276836158457e+02
3.075785310734463565e+02
3.079333333333333371e+02
3.083231638418078546e+02
3.087242937853107492e+02
3.091096045197739954e+02
3.094282485875705788e+02
3.096802259887004993e+02
3.098677966101694210e+02
3.099932203389830647e+02
3.100519774011299319e+02
3.100271186440677411e+02
3.099536723163841430e+02
3.097898305084745516e+02
3.095796610169491032e+02
3.093073446327683769e+02
3.089502824858757322e+02
3.085412429378530987e+02
3.081005649717513961e+02
3.076666666666666288e+02
3.072316384180791147e+02
3.068169491525423496e+02
3.064350282485875141e+02
3.060723163841807946e+02
3.057446327683615550e+02
3.054350282485876278e+02
3.051581920903954597e+02
3.049073446327683428e+02
3.047005649717514189e+02
3.045254237288135641e+02
3.043830508474576391e+02
3.042689265536722587e+02
3.041943502824858570e+02
3.041649717514123950e+02
3.041694915254237230e+02
3.042022598870056527e+02
3.042655367231637911e+02
3.043819209039547786e+02
3.045310734463276958e+02
3.047050847457626901e+02
3.049152542372880816e+02
3.051480225988700568e+02
3.054192090395480363e+02
3.057333333333333485e+02
3.060621468926553916e+02
3.064214689265536435e+02
3.068033898305084790e+02
3.072124293785310556e+02
3.076497175141242906e+02
3.081163841807909307e+02
3.085898305084745061e+02
3.090734463276835982e+02
3.095163841807909648e+02
3.098790960451976844e+02
3.101830508474575936e+02
3.104203389830507831e+02
3.105841807909604313e+02
3.106960451977400908e+02
3.107310734463276276e+02
3.106768361581920317e+02
3.105853107344632349e+02
3.104146892655367083e+02
3.101954802259886605e+02
3.098824858757061520e+02
3.095254237288135073e+02
3.091016949152541429e+02
3.086451977401129625e+02
3.082022598870055958e+02
3.077706214689265494e+02
3.073740112994349829e+02
3.069909604519773438e+02
3.066192090395479681e+02
3.062892655367231214e+02
3.059751412429378661e+02
3.056892655367231555e+02
3.054225988700565040e+02
3.051909604519773893e+02
3.049932203389830647e+02
3.048101694915254143e+02
3.046655367231638252e+02
3.045457627118644268e+02
3.044587570621469013e+02
3.043999999999999773e+02
3.043830508474576391e+02
3.043785310734463110e+02
3.044158192090395119e+02
3.044824858757061747e+02
3.045683615819208967e+02
3.046847457627118274e+02
3.048248587570621453e+02
3.050124293785310670e+02
3.052395480225989104e+02
3.054768361581920999e+02
3.057367231638418161e+02
3.060316384180790692e+02
3.063615819209039728e+02
3.067209039548022815e+02
3.070892655367231328e+02
3.074169491525424291e+02
3.076892655367232123e+02
3.079039548022598751e+02
3.080564971751412600e+02
3.081649717514123950e+02
3.082158192090395232e+02
3.081898305084745857e+02
3.081062146892655278e+02
3.079774011299434733e+02
3.077796610169491487e+02
3.075163841807909648e+02
3.071954802259887174e+02
3.068090395480226107e+02
3.063853107344632463e+02
3.059016949152542111e+02
3.054406779661017026e+02
3.050000000000000000e+02
3.045570621468926902e+02
3.041333333333333258e+02
3.037367231638418161e+02
3.033615819209039728e+02
3.030158192090395346e+02
3.027016949152542225e+02
3.024282485875705788e+02
3.021683615819208626e+02
3.019423728813559364e+02
3.017581920903954824e+02
3.016146892655367537e+02
3.014994350282486266e+02
3.014248587570621680e+02
3.013785310734463110e+02
3.013796610169491714e+02
3.014124293785311011e+02
3.014790960451977071e+02
3.015774011299434960e+02
3.016949152542373440e+02
3.018508474576271965e+02
3.020316384180790692e+02
3.022542372881355845e+02
3.025028248587570943e+02
3.027774011299434846e+02
3.030960451977400680e+02
3.034327683615819069e+02
3.037977401129943473e+02
3.041751412429377979e+02
3.045932203389830875e+02
3.050293785310734620e+02
3.054745762711864927e+02
3.058621468926554030e+02
3.061807909604519864e+02
3.064372881355932350e+02
3.066372881355932236e+02
3.067807909604520091e+02
3.068248587570621453e+02
3.068214689265536776e+02
3.067604519774010896e+02
3.066079096045198185e+02
3.064079096045197730e+02
3.061344632768361862e+02
3.057875706214689444e+02
3.053762711864407038e+02
3.049468926553672645e+02
3.045209039548022929e+02
3.041028248587571170e+02
3.036847457627119411e+02
3.032734463276836436e+02
3.029050847457627356e+02
3.025548022598870261e+02
3.022169491525423837e+02
3.018994350282486039e+02
3.016022598870056299e+02
3.013480225988701022e+02
3.011016949152542566e+02
3.008892655367232010e+02
3.007005649717514189e+02
3.005502824858757549e+02
3.004169491525424291e+02
3.003163841807909762e+02
3.002338983050847787e+02
3.001841807909604540e+02
3.001548022598869920e+02
3.001661016949152554e+02
3.002056497175141203e+02
3.002757062146893077e+02
3.003864406779661067e+02
3.005062146892655619e+02
3.006598870056497503e+02
3.008338983050848014e+02
3.010282485875706584e+02
3.012666666666666515e+02
3.015254237288135641e+02
3.018000000000000114e+02
3.021265536723163905e+02
3.024587570621469013e+02
3.028124293785310783e+02
3.031887005649717821e+02
3.035412429378530987e+02
3.038384180790960727e+02
3.040757062146893190e+02
3.042576271186441090e+02
3.043638418079096368e+02
3.044192090395480363e+02
3.044101694915254370e+02
3.043254237288135755e+02
3.041898305084745857e+02
3.040000000000000000e+02
3.037367231638418161e+02
3.034135593220339047e+02
3.030180790960451986e+02
3.025796610169491601e+02
3.021502824858757208e+02
3.017389830508474802e+02
3.013502824858757094e+02
3.009785310734463337e+02
3.006180790960452214e+02
3.002757062146893077e+02
2.999661016949152668e+02
2.996734463276836209e+02
2.994214689265536435e+02
2.992135593220339160e+02
2.990203389830508627e+02
2.988519774011299432e+02
2.987435028248587514e+02
2.986655367231638820e+02
2.986192090395480250e+02
2.986067796610169580e+02
2.986237288135593531e+02
2.986666666666666856e+02
2.987502824858757435e+02
2.988485875706214756e+02
2.989920903954802043e+02
2.991841807909604540e+02
2.993909604519774348e+02
2.996316384180791488e+02
2.999107344632768672e+02
3.002033898305085131e+02
3.005276836158192282e+02
3.008813559322034052e+02
3.012474576271186493e+02
3.016451977401130193e+02
3.020610169491525312e+02
3.024971751412429626e+02
3.029502824858757322e+02
3.034180790960451759e+02
3.038282485875706129e+02
3.041830508474575936e+02
3.044824858757061747e+02
3.047107344632768218e+02
3.048824858757062088e+02
3.049740112994350056e+02
3.049920903954802043e+02
3.049502824858757322e+02
3.048508474576271396e+02
3.046858757062146879e+02
3.044644067796609761e+02
3.041807909604519864e+02
3.038327683615818842e+02
3.034418079096045062e+02
3.030158192090395346e+02
3.025898305084745630e+02
3.022022598870056527e+02
3.018305084745762770e+02
3.014644067796610329e+02
3.011355932203389898e+02
3.008305084745762770e+02
3.005355932203390239e+02
3.002689265536723724e+02
3.000248587570621339e+02
2.998192090395480136e+02
2.996463276836158229e+02
2.994926553672316913e+02
2.993604519774011692e+02
2.992700564971751760e+02
2.992090395480226448e+02
2.991661016949153122e+02
2.991457627118644496e+02
2.991683615819209194e+02
2.992056497175141203e+02
2.992757062146893077e+02
2.993762711864407038e+02
2.994881355932203633e+02
2.996429378531073553e+02
2.998327683615819410e+02
3.000542372881355959e+02
3.002915254237288423e+02
3.005581920903955506e+02
3.008587570621469354e+02
3.011649717514125086e+02
3.014960451977401590e+02
3.018474576271186152e+02
3.021751412429379116e+02
3.024542372881355732e+02
3.026598870056496935e+02
3.028169491525424064e+02
3.029209039548022702e+02
3.029661016949152668e+02
3.029491525423728717e+02
3.028700564971751419e+02
3.027367231638418161e+02
3.025491525423728945e+02
3.023096045197740409e+02
3.019977401129943928e+02
3.016451977401130193e+02
3.012090395480225880e+02
3.007706214689265494e+02
3.003548022598870375e+02
2.999649717514124632e+02
2.995694915254237571e+02
2.992067796610169808e+02
2.988632768361582066e+02
2.985514124293785585e+02
2.982689265536723724e+02
2.980045197740113281e+02
2.977751412429378775e+02
2.975943502824858911e+02
2.974395480225988990e+02
2.973039548022599092e+02
2.972011299435028491e+02
2.971536723163842453e+02
2.971220338983051761e+02
2.971412429378531215e+02
2.971807909604519864e+02
2.972677966101695120e+02
2.973807909604520319e+02
2.975322033898305563e+02
2.977344632768362089e+02
2.979389830508474688e+02
2.981807909604519864e+02
2.984497175141243588e+02
2.987536723163841543e+02
2.990915254237288536e+02
2.994451977401130307e+02
2.998305084745762770e+02
3.002237288135593190e+02
3.006757062146892849e+02
3.011209039548022588e+02
3.015525423728813621e+02
3.019197740112994097e+02
3.022338983050847219e+02
3.024960451977401590e+02
3.026802259887005562e+02
3.027864406779660840e+02
3.028395480225988763e+02
3.028203389830508740e+02
3.027525423728813507e+02
3.026067796610169580e+02
3.023864406779661067e+02
3.021084745762711918e+02
3.017615819209039500e+02
3.013649717514124404e+02
3.009073446327683996e+02
3.004497175141243019e+02
3.000192090395480591e+02
2.995954802259886947e+02
2.991864406779661749e+02
2.987920903954802725e+02
2.984259887005649716e+02
2.980621468926553916e+02
2.977344632768362089e+02
2.974316384180791601e+02
2.971604519774011806e+02
2.969129943502824744e+02
2.966802259887006130e+02
2.964802259887005675e+02
2.963175141242937798e+02
2.961581920903954597e+02
2.960282485875706016e+02
2.959423728813559364e+02
2.958711864406779455e+02
2.958203389830508740e+02
2.958011299435028150e+02
2.958045197740113395e+02
2.958531073446328037e+02
2.959028248587570715e+02
2.959954802259887288e+02
2.961265536723163905e+02
2.962700564971751760e+02
2.964361581920904882e+02
2.966497175141243474e+02
2.968836158192091261e+02
2.971344632768361862e+02
2.974203389830508968e+02
2.977062146892656074e+02
2.980203389830509195e+02
2.983593220338983656e+02
2.986960451977402045e+02
2.989751412429378661e+02
2.991920903954802498e+02
2.993412429378531669e+02
2.994237288135593644e+02
2.994700564971751646e+02
2.994610169491526221e+02
2.993830508474576391e+02
2.992485875706215097e+02
2.990587570621469240e+02
2.988011299435028718e+02
2.984768361581920999e+02
2.981141242937853804e+02
2.977039548022599433e+02
2.973028248587570488e+02
2.969073446327683996e+02
2.965423728813559592e+02
2.962045197740113167e+02
2.958790960451977980e+02
2.955706214689265607e+02
2.952824858757062430e+02
2.950372881355932577e+02
2.948124293785311352e+02
2.946158192090395573e+02
2.944542372881356300e+02
2.943163841807910330e+02
2.942192090395480477e+02
2.941536723163841884e+02
2.941163841807909876e+02
2.941175141242938480e+02
2.941502824858757776e+02
2.942056497175141772e+02
2.942892655367231782e+02
2.944033898305085586e+02
2.945491525423728945e+02
2.947378531073446766e+02
2.949175141242938025e+02
2.951491525423729172e+02
2.953864406779661635e+02
2.956768361581921454e+02
2.959774011299435870e+02
2.963084745762712373e+02
2.966655367231638820e+02
2.970361581920903973e+02
2.974418079096045631e+02
2.978576271186441318e+02
2.982847457627119070e+02
2.986757062146892849e+02
2.989830508474576618e+02
2.992395480225989104e+02
2.994361581920904314e+02
2.995694915254238140e+02
2.996293785310734847e+02
2.996395480225988877e+02
2.996022598870057436e+02
2.994847457627118956e+02
2.993039548022599092e+02
2.990723163841809082e+02
2.987740112994350739e+02
2.984124293785311011e+02
2.980225988700565267e+02
2.976519774011300115e+02
2.972723163841808400e+02
2.969186440677966630e+02
2.965887005649718162e+02
2.962610169491526335e+02
2.959661016949153236e+02
2.956779661016950058e+02
2.954169491525424291e+02
2.951864406779661749e+02
2.949796610169491942e+02
2.947932203389831329e+02
2.946361581920904200e+02
2.945084745762712828e+02
2.944180790960452896e+02
2.943435028248587741e+02
2.943005649717514984e+02
2.942779661016949717e+02
2.942858757062147674e+02
2.943209039548023611e+02
2.943841807909606132e+02
2.944824858757063453e+02
2.946101694915255393e+02
2.947604519774012601e+02
2.949480225988701250e+02
2.951604519774012374e+02
2.953966101694916233e+02
2.956632768361582748e+02
2.959604519774012488e+02
2.962802259887006358e+02
2.966282485875707380e+02
2.970056497175141885e+02
2.973920903954802952e+02
2.977480225988701363e+02
2.980384180790961182e+02
2.982892655367232919e+02
2.984858757062148129e+02
2.986146892655368674e+02
2.987163841807910671e+02
2.987457627118644723e+02
2.987163841807910671e+02
2.986316384180792056e+02
2.984903954802260841e+02
2.982892655367232919e+02
2.980451977401131103e+02
2.977322033898306017e+02
2.973581920903956188e+02
2.969299435028249263e+02
2.964644067796610898e+02
2.960045197740114418e+02
2.955717514124295349e+02
2.951435028248588424e+02
2.947457627118645291e+02
2.943830508474576959e+02
2.940350282485876505e+02
2.937118644067797959e+02
2.934192090395481500e+02
2.931638418079097050e+02
2.929446327683616573e+02
2.927694915254238595e+02
2.926090395480226789e+02
2.924779661016950172e+02
2.923864406779662204e+02
2.923423728813560274e+02
2.923276836158192964e+02
2.923389830508475598e+02
2.923875706214690240e+02
2.924497175141243588e+02
2.925536723163842794e+02
2.926892655367232692e+02
2.928564971751413282e+02
2.930338983050848469e+02
2.932632768361582976e+02
2.935141242937853576e+02
2.937830508474577300e+02
2.940926553672317141e+02
2.944237288135593644e+02
2.947728813559323271e+02
2.951401129943503747e+02
2.955333333333334167e+02
2.959355932203390580e+02
2.963615819209040865e+02
2.967468926553673327e+02
2.970734463276836550e+02
2.973401129943503634e+02
2.975446327683616801e+02
2.976858757062148015e+02
2.977446327683616687e+02
2.977559322033898752e+02
2.976937853107344836e+02
2.975570621468926902e+02
2.973740112994350966e+02
2.971028248587571170e+02
2.967740112994350739e+02
2.963943502824859024e+02
2.959988700564972532e+02
2.956090395480226789e+02
2.952418079096046313e+02
2.948802259887006585e+02
2.945209039548022929e+02
2.941977401129944383e+02
2.938790960451977980e+02
2.935954802259887515e+02
2.933265536723164360e+02
2.930926553672317141e+02
2.928666666666667879e+02
2.926666666666667425e+02
2.925005649717514871e+02
2.923423728813560274e+02
2.922225988700565722e+02
2.921276836158192509e+02
2.920451977401130534e+02
2.919819209039548582e+02
2.919604519774011919e+02
2.919638418079096596e+02
2.920135593220339274e+02
2.920677966101695802e+02
2.921536723163842453e+02
2.922666666666667652e+02
2.923966101694915665e+02
2.925717514124294212e+02
2.927536723163842680e+02
2.929774011299435870e+02
2.932112994350283088e+02
2.934734463276837459e+02
2.937751412429379343e+02
2.940666666666667197e+02
2.943898305084746880e+02
2.947355932203390694e+02
2.950463276836159139e+02
2.953050847457627697e+02
2.955152542372882181e+02
2.956711864406780705e+02
2.957502824858758004e+02
2.957887005649718049e+02
2.957604519774012033e+02
2.956734463276836777e+02
2.955197740112994893e+02
2.953288135593221000e+02
2.950440677966102498e+02
2.947163841807910103e+02
2.943344632768362317e+02
2.939333333333333940e+02
2.935457627118644268e+02
2.931762711864407152e+02
2.928146892655367424e+02
2.924790960451977071e+02
2.921627118644067878e+02
2.918836158192090124e+02
2.916067796610169580e+02
2.913649717514124404e+02
2.911593220338983201e+02
2.909864406779661294e+02
2.908214689265537345e+02
2.907152542372881499e+02
2.906384180790960272e+02
2.905887005649717594e+02
2.905830508474576277e+02
2.906045197740113508e+02
2.906632768361582180e+02
2.907525423728814076e+02
2.908813559322034052e+02
2.910350282485876505e+02
2.912045197740113167e+02
2.914203389830508968e+02
2.916700564971751533e+02
2.919367231638418616e+02
2.922440677966102385e+02
2.925740112994350284e+02
2.929242937853107378e+02
2.933016949152543020e+02
2.936983050847458117e+02
2.941209039548023156e+02
2.945649717514124291e+02
2.950463276836158570e+02
2.954734463276836323e+02
2.958553672316384109e+02
2.961728813559321907e+02
2.964271186440678321e+02
2.966124293785310329e+02
2.967389830508474802e+02
2.967988700564972078e+02
2.967875706214689444e+02
2.967220338983050851e+02
2.965909604519774234e+02
2.963898305084746312e+02
2.961378531073446538e+02
2.958056497175141999e+02
2.954180790960452896e+02
2.949807909604520546e+02
2.945435028248588196e+02
2.940994350282486494e+02
2.936858757062147447e+02
2.932971751412429740e+02
2.929084745762712600e+02
2.925536723163842225e+02
2.922305084745763111e+02
2.919254237288135982e+02
2.916542372881356187e+02
2.914033898305085017e+02
2.911717514124293871e+02
2.909717514124293984e+02
2.908135593220339388e+02
2.906881355932202950e+02
2.905706214689265607e+02
2.904858757062146992e+02
2.904372881355932350e+02
2.904079096045197730e+02
2.904090395480226334e+02
2.904418079096045631e+02
2.905016949152542338e+02
2.905853107344632917e+02
2.907084745762712146e+02
2.908655367231638138e+02
2.910372881355932577e+02
2.912474576271187061e+02
2.914790960451977639e+02
2.917536723163842680e+02
2.920384180790960613e+02
2.923672316384181045e+02
2.926983050847458117e+02
2.930677966101695233e+02
2.934079096045197730e+02
2.937039548022598865e+02
2.939423728813559364e+02
2.941242937853107833e+02
2.942440677966101816e+02
2.943220338983051079e+02
2.943468926553672418e+02
2.942858757062147106e+02
2.941796610169491828e+02
2.940090395480226562e+02
2.937819209039548127e+02
2.935016949152542338e+02
2.931559322033898525e+02
2.927367231638418161e+02
2.922858757062146537e+02
2.918259887005650057e+02
2.913841807909604995e+02
2.909536723163841998e+02
2.905175141242938253e+02
2.901107344632767990e+02
2.897299435028248809e+02
2.893875706214689671e+02
2.890655367231638593e+02
2.887740112994350170e+02
2.885254237288135073e+02
2.882892655367231782e+02
2.881039548022598638e+02
2.879502824858757322e+02
2.878271186440678093e+02
2.877322033898305449e+02
2.876870056497175483e+02
2.876655367231638252e+02
2.876779661016948921e+02
2.877209039548022247e+02
2.877887005649718049e+02
2.878892655367232010e+02
2.880305084745762656e+02
2.882022598870056527e+02
2.883943502824858456e+02
2.886112994350282861e+02
2.888847457627118729e+02
2.891627118644067878e+02
2.894621468926553689e+02
2.897887005649717480e+02
2.901412429378530646e+02
2.905220338983050965e+02
2.909299435028248695e+02
2.913423728813559137e+02
2.917661016949152781e+02
2.921514124293785244e+02
2.924553672316384336e+02
2.927028248587570260e+02
2.928949152542372758e+02
2.930327683615819296e+02
2.930870056497175256e+02
2.930666666666666629e+02
2.929864406779661294e+02
2.928553672316384109e+02
2.926632768361581611e+02
2.923864406779661067e+02
2.920531073446327923e+02
2.916711864406780137e+02
2.912644067796610443e+02
2.908677966101695347e+02
2.905039548022598979e+02
2.901423728813559819e+02
2.898056497175141430e+02
2.895016949152542338e+02
2.892011299435028491e+02
2.889242937853107378e+02
2.886644067796610216e+02
2.884451977401130307e+02
2.882237288135593190e+02
2.880418079096045290e+02
2.878790960451977980e+02
2.877378531073446766e+02
2.876248587570621567e+02
2.875389830508474915e+02
2.874824858757062316e+02
2.874598870056497617e+02
2.874474576271186379e+02
2.874542372881356300e+02
2.874949152542372985e+02
2.875604519774011578e+02
2.876621468926554144e+02
2.877774011299435415e+02
2.879265536723164018e+02
2.881107344632768559e+02
2.883062146892655733e+02
2.885423728813559592e+02
2.887853107344633372e+02
2.890655367231638593e+02
2.893638418079096368e+02
2.896858757062146879e+02
2.900259887005649944e+02
2.903853107344633031e+02
2.907536723163842112e+02
2.910723163841807946e+02
2.913514124293785699e+02
2.915762711864407493e+02
2.917401129943502838e+02
2.918519774011299432e+02
2.919062146892655392e+02
2.919039548022599320e+02
2.918418079096045403e+02
2.917084745762712146e+02
2.915107344632768900e+02
2.912564971751412486e+02
2.909593220338983315e+02
2.905943502824859479e+02
2.901819209039548468e+02
2.897864406779661408e+02
2.893932203389830420e+02
2.890158192090395914e+02
2.886621468926554144e+02
2.883265536723163791e+02
2.880158192090395914e+02
2.877435028248587514e+02
2.875016949152542338e+02
2.872723163841808400e+02
2.870870056497175256e+02
2.869333333333333940e+02
2.868305084745762770e+02
2.867525423728814076e+02
2.867209039548022815e+02
2.867107344632768786e+02
2.867310734463276845e+02
2.867943502824858797e+02
2.868881355932203405e+02
2.870146892655367310e+02
2.871751412429379116e+02
2.873435028248587741e+02
2.875615819209039614e+02
2.878045197740112826e+02
2.880779661016949831e+02
2.883774011299435074e+02
2.887141242937852894e+02
2.890790960451977298e+02
2.894587570621469013e+02
2.898881355932203405e+02
2.903050847457627697e+02
2.907694915254238026e+02
2.912463276836158457e+02
2.916779661016949490e+02
2.920406779661017254e+02
2.923468926553672418e+02
2.926146892655367537e+02
2.928033898305085359e+02
2.929231638418079910e+02
2.929875706214689330e+02
2.929920903954802043e+02
2.929276836158192054e+02
2.927909604519774120e+02
2.926033898305084904e+02
2.923446327683616346e+02
2.920406779661017254e+02
2.916689265536723497e+02
2.912440677966102385e+02
2.908090395480226107e+02
2.903728813559322361e+02
2.899672316384180704e+02
2.895841807909604313e+02
2.892169491525423837e+02
2.888564971751412713e+02
2.885514124293785017e+02
2.882361581920903859e+02
2.879468926553672645e+02
2.876937853107344836e+02
2.874734463276836323e+02
2.872666666666666515e+02
2.870960451977401249e+02
2.869581920903954710e+02
2.868508474576270828e+02
2.867604519774010896e+02
2.866949152542372303e+02
2.866610169491524971e+02
2.866542372881355050e+02
2.866926553672316231e+02
2.867593220338982860e+02
2.868531073446327468e+02
2.869638418079096027e+02
2.871016949152542566e+02
2.872779661016949149e+02
2.874949152542372985e+02
2.877265536723163564e+02
2.880056497175141317e+02
2.882813559322033825e+02
2.886011299435028263e+02
2.889468926553672645e+02
2.893028248587570488e+02
2.896248587570621567e+02
2.898892655367231441e+02
2.900994350282485925e+02
2.902587570621469126e+02
2.903661016949153009e+02
2.904056497175141658e+02
2.903841807909604427e+02
2.903084745762712373e+02
2.901672316384181158e+02
2.899740112994350056e+02
2.897039548022598865e+02
2.893999999999999773e+02
2.890180790960451986e+02
2.885920903954802270e+02
2.881073446327683314e+02
2.876293785310734279e+02
2.871785310734462655e+02
2.867322033898304880e+02
2.863028248587570488e+02
2.858892655367231441e+02
2.855231638418079001e+02
2.851706214689265835e+02
2.848508474576271396e+02
2.845604519774011010e+02
2.843152542372881157e+02
2.840971751412429285e+02
2.839129943502824744e+02
2.837672316384180249e+02
2.836463276836157661e+02
2.835638418079095686e+02
2.835039548022598410e+02
2.834937853107344381e+02
2.835028248587570374e+02
2.835559322033898297e+02
2.836406779661016344e+02
2.837423728813559478e+02
2.838802259887005448e+02
2.840621468926553348e+02
2.842666666666666515e+02
2.844915254237287741e+02
2.847559322033898184e+02
2.850576271186440067e+02
2.853728813559321225e+02
2.857367231638418161e+02
2.860915254237287968e+02
2.864757062146892395e+02
2.868847457627118729e+02
2.873096045197739841e+02
2.877220338983050851e+02
2.880836158192090579e+02
2.883898305084745743e+02
2.886214689265536322e+02
2.887932203389830192e+02
2.888858757062146765e+02
2.889118644067796140e+02
2.888677966101694778e+02
2.887672316384180817e+02
2.885887005649717594e+02
2.883446327683616346e+02
2.880451977401129398e+02
2.876779661016949490e+02
2.872700564971751191e+02
2.868610169491524857e+02
2.864632768361582293e+02
2.860655367231638593e+02
2.856983050847457548e+02
2.853468926553672418e+02
2.850045197740113281e+02
2.846836158192090807e+02
2.843853107344632463e+02
2.841163841807909876e+02
2.838666666666666742e+02
2.836474576271186265e+02
2.834350282485875141e+02
2.832576271186441090e+02
2.831016949152542566e+02
2.829785310734462769e+02
2.828734463276836095e+02
2.827966101694914869e+02
2.827378531073445629e+02
2.827129943502824290e+02
2.827209039548022815e+02
2.827468926553672190e+02
2.828090395480226107e+02
2.828983050847457434e+02
2.829988700564971396e+02
2.831367231638417934e+02
2.832836158192090465e+02
2.834677966101695574e+02
2.836858757062146879e+02
2.839129943502824744e+02
2.841785310734463792e+02
2.844497175141243019e+02
2.847661016949152781e+02
2.850847457627118615e+02
2.854237288135593076e+02
2.857525423728814076e+02
2.860418079096045290e+02
2.862644067796610443e+02
2.864361581920904314e+02
2.865502824858757549e+02
2.866033898305084904e+02
2.866000000000000227e+02
2.865344632768361635e+02
2.864022598870056981e+02
2.862158192090395232e+02
2.859751412429378661e+02
2.856610169491525539e+02
2.853152542372881726e+02
2.849175141242938025e+02
2.845559322033898297e+02
2.841920903954802498e+02
2.838519774011299432e+02
2.835265536723164246e+02
2.832225988700565722e+02
2.829412429378531897e+02
2.826949152542373440e+02
2.824700564971751646e+02
2.822836158192091034e+02
2.821265536723163905e+02
2.819864406779661294e+02
2.818870056497175938e+02
2.818214689265537345e+02
2.817932203389830761e+02
2.817954802259887401e+02
2.818259887005650057e+02
2.818858757062147333e+02
2.819819209039548582e+02
2.821107344632769127e+02
2.822677966101695120e+02
2.824440677966102271e+02
2.826644067796610216e+02
2.829118644067797277e+02
2.831717514124294439e+02
2.834779661016949603e+02
2.837966101694916006e+02
2.841423728813559819e+02
2.845231638418079569e+02
2.849242937853107378e+02
2.853412429378531669e+02
2.857909604519774120e+02
2.862350282485875823e+02
2.866858757062146879e+02
2.870971751412430422e+02
2.874361581920904882e+02
2.877288135593220773e+02
2.879581920903955279e+02
2.881254237288135869e+02
2.882463276836158457e+02
2.883039548022599092e+02
2.882870056497175710e+02
2.882124293785311124e+02
2.880983050847457889e+02
2.879129943502824744e+02
2.876621468926554144e+02
2.873694915254237685e+02
2.870214689265536663e+02
2.866282485875706811e+02
2.862022598870056527e+02
2.857830508474577300e+02
2.853706214689266289e+02
2.849853107344633258e+02
2.846135593220339501e+02
2.842790960451977753e+02
2.839593220338983315e+02
2.836723163841808173e+02
2.834045197740113053e+02
2.831581920903954597e+02
2.829333333333333371e+02
2.827367231638418161e+02
2.825785310734463565e+02
2.824406779661017026e+02
2.823322033898305108e+02
2.822418079096045176e+02
2.821785310734463224e+02
2.821389830508474574e+02
2.821401129943502610e+02
2.821627118644067878e+02
2.822124293785310556e+02
2.822903954802259818e+02
2.823954802259887060e+02
2.825423728813559592e+02
2.827220338983050851e+02
2.829118644067796140e+02
2.831344632768361862e+02
2.833864406779661067e+02
2.836677966101694892e+02
2.839751412429378661e+02
2.843028248587570488e+02
2.846384180790960272e+02
2.849163841807909989e+02
2.851502824858757208e+02
2.853536723163841771e+02
2.854926553672316345e+02
2.855706214689265607e+02
2.856067796610169580e+02
2.855932203389830306e+02
2.855197740112994325e+02
2.853785310734463110e+02
2.851853107344633145e+02
2.849502824858757322e+02
2.846508474576271510e+02
2.843028248587570488e+02
2.839050847457627356e+02
2.834564971751412372e+02
2.830079096045197957e+02
2.825887005649717594e+02
2.821796610169491260e+02
2.817988700564972078e+02
2.814282485875705788e+02
2.810858757062146651e+02
2.807649717514124177e+02
2.804689265536723042e+02
2.801999999999999886e+02
2.799740112994350056e+02
2.797615819209039500e+02
2.796045197740112940e+02
2.794610169491525653e+02
2.793593220338982519e+02
2.792813559322033825e+02
2.792214689265537118e+02
2.792112994350281951e+02
2.792248587570621225e+02
2.792768361581920544e+02
2.793378531073445856e+02
2.794316384180791033e+02
2.795649717514124291e+02
2.797197740112994779e+02
2.799152542372881953e+02
2.801265536723163905e+02
2.803728813559322361e+02
2.806384180790960841e+02
2.809310734463277299e+02
2.812497175141243133e+02
2.815875706214690126e+02
2.819322033898305335e+02
2.823096045197740409e+02
2.826971751412429512e+02
2.830259887005649944e+02
2.832870056497175710e+02
2.834960451977401590e+02
2.836474576271186834e+02
2.837333333333333485e+02
2.837649717514125314e+02
2.837197740112994779e+02
2.836237288135592962e+02
2.834610169491526221e+02
2.832327683615819183e+02
2.829548022598870602e+02
2.826146892655367537e+02
2.822225988700565154e+02
2.818497175141243360e+02
2.814757062146893531e+02
2.811186440677966516e+02
2.807830508474576732e+02
2.804677966101695574e+02
2.801649717514125086e+02
2.798745762711864700e+02
2.795988700564972760e+02
2.793355932203390353e+02
2.790994350282486494e+02
2.788949152542373895e+02
2.786937853107345404e+02
2.785344632768362203e+02
2.783875706214689671e+02
2.782587570621469695e+02
2.781717514124294439e+02
2.780960451977401249e+02
2.780564971751413168e+02
2.780214689265536663e+02
2.780158192090395914e+02
2.780384180790961182e+02
2.780824858757063112e+02
2.781502824858757776e+02
2.782418079096045176e+02
2.783694915254237685e+02
2.784983050847458230e+02
2.786621468926554144e+02
2.788632768361582634e+02
2.790870056497175256e+02
2.793141242937853690e+02
2.795717514124294212e+02
2.798451977401130648e+02
2.801480225988701704e+02
2.804553672316384905e+02
2.807694915254238026e+02
2.810870056497175824e+02
2.813536723163842339e+02
2.815593220338984111e+02
2.817107344632769355e+02
2.818192090395480705e+02
2.818474576271187289e+02
2.818225988700565949e+02
2.817423728813560047e+02
2.816033898305085472e+02
2.814146892655368219e+02
2.811570621468927129e+02
2.808361581920904655e+02
2.804677966101695574e+02
2.801073446327684451e+02
2.797480225988701363e+02
2.793977401129943701e+02
2.790745762711865154e+02
2.787627118644068105e+02
2.784858757062147561e+02
2.782248587570622362e+02
2.779988700564972532e+02
2.778022598870056754e+02
2.776519774011300115e+02
2.775062146892655619e+02
2.773920903954802952e+02
2.773118644067797050e+02
2.772553672316385018e+02
2.772440677966102385e+02
2.772531073446327810e+02
2.773107344632769014e+02
2.773898305084746312e+02
2.774824858757062884e+02
2.776225988700565495e+02
2.777774011299435415e+02
2.779694915254237912e+02
2.782022598870057095e+02
2.784474576271187516e+02
2.787344632768362089e+02
2.790293785310735188e+02
2.793548022598870375e+02
2.797050847457627469e+02
2.800768361581921226e+02
2.804598870056497617e+02
2.808779661016949944e+02
2.812994350282486380e+02
2.817548022598870716e+02
2.821661016949153691e+02
2.825163841807910217e+02
2.828237288135593985e+02
2.830632768361582521e+02
2.832361581920904428e+02
2.833468926553672986e+02
2.834101694915254939e+02
2.834033898305085586e+02
2.833412429378531669e+02
2.832180790960452441e+02
2.830214689265537231e+02
2.827796610169492624e+02
2.824847457627118956e+02
2.821310734463277186e+02
2.817084745762712146e+02
2.812994350282486380e+02
2.808971751412429967e+02
2.805186440677966857e+02
2.801480225988701136e+02
2.798022598870057323e+02
2.794632768361582862e+02
2.791525423728814417e+02
2.788768361581921909e+02
2.786259887005650171e+02
2.783751412429379002e+02
2.781593220338983770e+02
2.779717514124293984e+02
2.778158192090396597e+02
2.776757062146892849e+02
2.775694915254237571e+02
2.774700564971751646e+02
2.774090395480226334e+02
2.773717514124294325e+02
2.773717514124294325e+02
2.773785310734463678e+02
2.774225988700565040e+02
2.775096045197740295e+02
2.776079096045198185e+02
2.777322033898304880e+02
2.778983050847458003e+02
2.780926553672316572e+02
2.783028248587570488e+02
2.785435028248588196e+02
2.788192090395480705e+02
2.791073446327683882e+02
2.794011299435028377e+02
2.797242937853107492e+02
2.800124293785311238e+02
2.802327683615819751e+02
2.804192090395480363e+02
2.805570621468926902e+02
2.806316384180791488e+02
2.806497175141242906e+02
2.806327683615819524e+02
2.805570621468926902e+02
2.804158192090395687e+02
2.802350282485875823e+02
2.799977401129943928e+02
2.797152542372881499e+02
2.793841807909604995e+02
2.789988700564972532e+02
2.785887005649718162e+02
2.781785310734463792e+02
2.777694915254237458e+02
2.773751412429378433e+02
2.770045197740113281e+02
2.766621468926554144e+02
2.763344632768362317e+02
2.760327683615819296e+02
2.757694915254237458e+02
2.755378531073446879e+02
2.753084745762712373e+02
2.751276836158192509e+02
2.749672316384181272e+02
2.748519774011299432e+02
2.747502824858758004e+02
2.746802259887006130e+02
2.746395480225988877e+02
2.746485875706214870e+02
2.746847457627119411e+02
2.747344632768362089e+02
2.748180790960452669e+02
2.749231638418079342e+02
2.750621468926553916e+02
2.752225988700565722e+02
2.754384180790960954e+02
2.756474576271186834e+02
2.758836158192090693e+02
2.761570621468927129e+02
2.764406779661017026e+02
2.767389830508474802e+02
2.770632768361581952e+02
2.774169491525423723e+02
2.777751412429378206e+02
2.781310734463277186e+02
2.784406779661017026e+02
2.786949152542372872e+02
2.788779661016949376e+02
2.790045197740113281e+02
2.790768361581921226e+02
2.790824858757061975e+02
2.790372881355932577e+02
2.789231638418079342e+02
2.787593220338983429e+02
2.785231638418079001e+02
2.782327683615819751e+02
2.779016949152542679e+02
2.775378531073446311e+02
2.772056497175141772e+02
2.768790960451977980e+02
2.765638418079096823e+02
2.762711864406779796e+02
2.759943502824859252e+02
2.757401129943503406e+02
2.754926553672316913e+02
2.752610169491525767e+02
2.750327683615819296e+02
2.748610169491525426e+02
2.746937853107344836e+02
2.745570621468926902e+02
2.744316384180791601e+02
2.743367231638418389e+02
2.742644067796610443e+02
2.741988700564972419e+02
2.741661016949153122e+02
2.741491525423729172e+02
2.741661016949153122e+02
2.742124293785311693e+02
2.742711864406780364e+02
2.743661016949153009e+02
2.744779661016949603e+02
2.746146892655368106e+02
2.747841807909605336e+02
2.749774011299435870e+02
2.752011299435029059e+02
2.754214689265537572e+02
2.756836158192090807e+02
2.759661016949153236e+02
2.762655367231639048e+02
2.765853107344633486e+02
2.769322033898305335e+02
2.772790960451978322e+02
2.775661016949153463e+02
2.778248587570622021e+02
2.780305084745763224e+02
2.781672316384181158e+02
2.782598870056498299e+02
2.782971751412429740e+02
2.782802259887006358e+02
2.782225988700565722e+02
2.781005649717515098e+02
2.779197740112995234e+02
2.776836158192090807e+02
2.774056497175141658e+02
2.770531073446328492e+02
2.766655367231638820e+02
2.762576271186441090e+02
2.758677966101695347e+02
2.754926553672316913e+02
2.751367231638419071e+02
2.748112994350283316e+02
2.745016949152543475e+02
2.742101694915255052e+02
2.739423728813559933e+02
2.737254237288136665e+02
2.735186440677966857e+02
2.733480225988701022e+02
2.732011299435029059e+02
2.730960451977401817e+02
2.730259887005650512e+02
2.729774011299435870e+02
2.729548022598870602e+02
2.729683615819209308e+02
2.730067796610169921e+02
2.730757062146893190e+02
2.731909604519774462e+02
2.733096045197740978e+02
2.734711864406780251e+02
2.736723163841808173e+02
2.738836158192091261e+02
2.741220338983051761e+02
2.743841807909604995e+02
2.746824858757062771e+02
2.749920903954803180e+02
2.753276836158192395e+02
2.756858757062147447e+02
2.760644067796611125e+02
2.764666666666666970e+02
2.768836158192090693e+02
2.772971751412429740e+02
2.776745762711865382e+02
2.779751412429378661e+02
2.782237288135594326e+02
2.784135593220339615e+02
2.785514124293785585e+02
2.786305084745763452e+02
2.786531073446328719e+02
2.785909604519774803e+02
2.784779661016949603e+02
2.783062146892655733e+02
2.780779661016949831e+02
2.777943502824859365e+02
2.774632768361582293e+02
2.770858757062147220e+02
2.766836158192090807e+02
2.762949152542373668e+02
2.759175141242938594e+02
2.755593220338983542e+02
2.752203389830508513e+02
2.748858757062147333e+02
2.745751412429378888e+02
2.742915254237287854e+02
2.740305084745762656e+02
2.737864406779661408e+02
2.735593220338983542e+02
2.733740112994350966e+02
2.731988700564971850e+02
2.730508474576271283e+02
2.729367231638418616e+02
2.728418079096045403e+02
2.727570621468926788e+02
2.727163841807909535e+02
2.727028248587570829e+02
2.726994350282486153e+02
2.727344632768362089e+02
2.728045197740112826e+02
2.728836158192090693e+02
2.730045197740113281e+02
2.731435028248587287e+02
2.733107344632768445e+02
2.735028248587570943e+02
2.737141242937852894e+02
2.739389830508474688e+02
2.742237288135593190e+02
2.745141242937853576e+02
2.748237288135593417e+02
2.751129943502825199e+02
2.753536723163841771e+02
2.755231638418079001e+02
2.756576271186440863e+02
2.757435028248587514e+02
2.757581920903954824e+02
2.757310734463276845e+02
2.756440677966102157e+02
2.755039548022598979e+02
2.752915254237287854e+02
2.750508474576271283e+02
2.747435028248587514e+02
2.743819209039547786e+02
2.739966101694915324e+02
2.736124293785310897e+02
2.732418079096045176e+02
2.729016949152542111e+02
2.725740112994350284e+02
2.722519774011299205e+02
2.719480225988700113e+02
2.716576271186440295e+02
2.714101694915253802e+02
2.711819209039547331e+02
2.709841807909604086e+02
2.708146892655367424e+02
2.706689265536722928e+02
2.705581920903954369e+02
2.704858757062146992e+02
2.704553672316384336e+02
2.704203389830508399e+02
2.704259887005649716e+02
2.704824858757062316e+02
2.705638418079096255e+02
2.706519774011299546e+02
2.708011299435028718e+02
2.709683615819209308e+02
2.711615819209040410e+02
2.713672316384181613e+02
2.716079096045198185e+02
2.718790960451977980e+02
2.721604519774011806e+02
2.724621468926553689e+02
2.728067796610170035e+02
2.731514124293785812e+02
2.735423728813559592e+02
2.739423728813559364e+02
2.743638418079096368e+02
2.747344632768362089e+02
2.750655367231638593e+02
2.753435028248587741e+02
2.755615819209040183e+02
2.757005649717514189e+02
2.757898305084746085e+02
2.758112994350282179e+02
2.757706214689266062e+02
2.756802259887006130e+02
2.755175141242938253e+02
2.752949152542373099e+02
2.750350282485876505e+02
2.746949152542373440e+02
2.743005649717514416e+02
2.739118644067797277e+02
2.735423728813559592e+02
2.731740112994350511e+02
2.728192090395480136e+02
2.724779661016949603e+02
2.721627118644067878e+02
2.718610169491525426e+02
2.715819209039548241e+02
2.713276836158191827e+02
2.711039548022598638e+02
2.709016949152542111e+02
2.707152542372881499e+02
2.705581920903954938e+02
2.704259887005649716e+02
2.703265536723164360e+02
2.702531073446327810e+02
2.701954802259887174e+02
2.701615819209039273e+02
2.701491525423729172e+02
2.701661016949152554e+02
2.702214689265537118e+02
2.702949152542373099e+02
2.704011299435028377e+02
2.705310734463276958e+02
2.706711864406779569e+02
2.708497175141243360e+02
2.710508474576271283e+02
2.712734463276835868e+02
2.715197740112994325e+02
2.717988700564972078e+02
2.720790960451977298e+02
2.724067796610169694e+02
2.727435028248587514e+02
2.730813559322034507e+02
2.733909604519774348e+02
2.736655367231638820e+02
2.738779661016949376e+02
2.740248587570621339e+02
2.741367231638417934e+02
2.741841807909604540e+02
2.741717514124293871e+02
2.741129943502825199e+02
2.739898305084745971e+02
2.738180790960452100e+02
2.735887005649717594e+02
2.733141242937853121e+02
2.729638418079096027e+02
2.725581920903955506e+02
2.721423728813559819e+02
2.717457627118644723e+02
2.713514124293785699e+02
2.709830508474576618e+02
2.706293785310734847e+02
2.703028248587570488e+02
2.700079096045197957e+02
2.697242937853107492e+02
2.694779661016949603e+02
2.692644067796610443e+02
2.690790960451977298e+02
2.689333333333333371e+02
2.688146892655367424e+02
2.687152542372881499e+02
2.686598870056497503e+02
2.686158192090395573e+02
2.686203389830508286e+02
2.686508474576271510e+02
2.687141242937852894e+02
2.688090395480226107e+02
2.689242937853107378e+02
2.690790960451977298e+02
2.692497175141243133e+02
2.694418079096045062e+02
2.696598870056496935e+02
2.699265536723163450e+02
2.702045197740112599e+02
2.705141242937853008e+02
2.708497175141242224e+02
2.711943502824858570e+02
2.715627118644067650e+02
2.719536723163841998e+02
2.723491525423728490e+02
2.727107344632768218e+02
2.730169491525423950e+02
2.732734463276835868e+02
2.734836158192090352e+02
2.736361581920904200e+02
2.737209039548022247e+02
2.737378531073446197e+02
2.736881355932202950e+02
2.735909604519773666e+02
2.734248587570621680e+02
2.732158192090395232e+02
2.729389830508474688e+02
2.726101694915254257e+02
2.722361581920903859e+02
2.718474576271186720e+02
2.714576271186440408e+02
2.710926553672316004e+02
2.707468926553672190e+02
2.704067796610169694e+02
2.700971751412429285e+02
2.698033898305085359e+02
2.695197740112994325e+02
2.692576271186440522e+02
2.690248587570621339e+02
2.688158192090395460e+02
2.685977401129943019e+02
2.684293785310734393e+02
2.682903954802259818e+02
2.681581920903954597e+02
2.680531073446327355e+02
2.679864406779660726e+02
2.679333333333332803e+02
2.679084745762711464e+02
2.679152542372880816e+02
2.679288135593220659e+02
2.679751412429378661e+02
2.680700564971751305e+02
2.681683615819208626e+02
2.682937853107344495e+02
2.684519774011299091e+02
2.686406779661016344e+02
2.688531073446327468e+02
2.690836158192090579e+02
2.693265536723163223e+02
2.696180790960451645e+02
2.699299435028248126e+02
2.702542372881355845e+02
2.705548022598869693e+02
2.708180790960451532e+02
2.710169491525423382e+02
2.711683615819208626e+02
2.712689265536723155e+02
2.713096045197739841e+02
2.713028248587570488e+02
2.712248587570621225e+02
2.710971751412429285e+02
2.709163841807909421e+02
2.706847457627118274e+02
2.704079096045197161e+02
2.700700564971750737e+02
2.696802259887004993e+02
2.692542372881355845e+02
2.688282485875706129e+02
2.684293785310734393e+02
2.680384180790960045e+02
2.676677966101694324e+02
2.673276836158191827e+02
2.670079096045197389e+02
2.667186440677965606e+02
2.664474576271186379e+02
2.662237288135593190e+02
2.660067796610169353e+02
2.658225988700564812e+02
2.656790960451976957e+02
2.655581920903954369e+02
2.654768361581920431e+02
2.654192090395479795e+02
2.653999999999999773e+02
2.654124293785310442e+02
2.654553672316383768e+02
2.655299435028248354e+02
2.656248587570621567e+02
2.657627118644067536e+02
2.659141242937852780e+02
2.660892655367231328e+02
2.663050847457626560e+02
2.665367231638417707e+02
2.667932203389830192e+02
2.670734463276835413e+02
2.673728813559321793e+02
2.677129943502824290e+02
2.680711864406779341e+02
2.684429378531073098e+02
2.688203389830508172e+02
2.692124293785310556e+02
2.696271186440677639e+02
2.699887005649717366e+02
2.702892655367231782e+02
2.705412429378530987e+02
2.707299435028248240e+02
2.708553672316384109e+02
2.709265536723163450e+02
2.709152542372881385e+02
2.708508474576271396e+02
2.707276836158191600e+02
2.705378531073446311e+02
2.703005649717514416e+02
2.699932203389830079e+02
2.696225988700565495e+02
2.692271186440677866e+02
2.688508474576270828e+02
2.684892655367231100e+02
2.681435028248587287e+02
2.678203389830508172e+02
2.675028248587570943e+02
2.672169491525423837e+02
2.669525423728813394e+02
2.667062146892654937e+02
2.664779661016949035e+02
2.662734463276835868e+02
2.661005649717513961e+02
2.659310734463276731e+02
2.657909604519774120e+02
2.656836158192090238e+02
2.655807909604519637e+02
2.655220338983050965e+02
2.654802259887005675e+02
2.654598870056497617e+02
2.654711864406779682e+02
2.655118644067796367e+02
2.655807909604519637e+02
2.656711864406779569e+02
2.657988700564972078e+02
2.659389830508474688e+02
2.661107344632768559e+02
2.663062146892655164e+02
2.665265536723163677e+02
2.667683615819208853e+02
2.670327683615819296e+02
2.673197740112993870e+02
2.676395480225988877e+02
2.679706214689265380e+02
2.683186440677965834e+02
2.686429378531073553e+02
2.689209039548022702e+02
2.691355932203389898e+02
2.693062146892655164e+02
2.694124293785311011e+02
2.694881355932203633e+02
2.694757062146892395e+02
2.694305084745762997e+02
2.693367231638418389e+02
2.691706214689265266e+02
2.689435028248587969e+02
2.686723163841808173e+02
2.683435028248587741e+02
2.679604519774011351e+02
2.675694915254237003e+02
2.671887005649717821e+02
2.668327683615818842e+02
2.665073446327683655e+02
2.662000000000000455e+02
2.658971751412429967e+02
2.656214689265536890e+02
2.653830508474576391e+02
2.651751412429378547e+02
2.650033898305084676e+02
2.648542372881356073e+02
2.647468926553672190e+02
2.646644067796610216e+02
2.646090395480225652e+02
2.645932203389830875e+02
2.646067796610169580e+02
2.646259887005650171e+02
2.646994350282485584e+02
2.647920903954802725e+02
2.649242937853107378e+02
2.650870056497175256e+02
2.652723163841808400e+02
2.654711864406780251e+02
2.657016949152542793e+02
2.659740112994351193e+02
2.662598870056497731e+02
2.665898305084746198e+02
2.669209039548022702e+02
2.672983050847457775e+02
2.676790960451977526e+02
2.680802259887005903e+02
2.684960451977401590e+02
2.689175141242938025e+02
2.692971751412429740e+02
2.695932203389830875e+02
2.698497175141243360e+02
2.700610169491525312e+02
2.702033898305085131e+02
2.702734463276836436e+02
2.702960451977401704e+02
2.702406779661017708e+02
2.701333333333333826e+02
2.699570621468926674e+02
2.697412429378531442e+02
2.694587570621469013e+02
2.691242937853107833e+02
2.687491525423729399e+02
2.683209039548022474e+02
2.679039548022599320e+02
2.674949152542372985e+02
2.671197740112994552e+02
2.667355932203389557e+02
2.663728813559322361e+02
2.660338983050847901e+02
2.657050847457627469e+02
2.654112994350282406e+02
2.651254237288135869e+02
2.648666666666666742e+02
2.646225988700565495e+02
2.644112994350282406e+02
2.642259887005650398e+02
2.640587570621469240e+02
2.639299435028248695e+02
2.638225988700564812e+02
2.637265536723164132e+02
2.636564971751412259e+02
2.636203389830508286e+02
2.636022598870056299e+02
2.636101694915254257e+02
2.636610169491525539e+02
2.637265536723164132e+02
2.638338983050847446e+02
2.639502824858757322e+02
2.640983050847457889e+02
2.642632768361581839e+02
2.644644067796610329e+02
2.646949152542372872e+02
2.649333333333333371e+02
2.651966101694915210e+02
2.654745762711864927e+02
2.657073446327683541e+02
2.658971751412429398e+02
2.660372881355932009e+02
2.661242937853107264e+02
2.661536723163841316e+02
2.661299435028248581e+02
2.660610169491525312e+02
2.659333333333332803e+02
2.657514124293785471e+02
2.655265536723163677e+02
2.652372881355931895e+02
2.649005649717514075e+02
2.645197740112994325e+02
2.641333333333333258e+02
2.637536723163841543e+02
2.633830508474576391e+02
2.630259887005649944e+02
2.626937853107344836e+02
2.623638418079096368e+02
2.620440677966101930e+02
2.617638418079096709e+02
2.614971751412429626e+02
2.612564971751412486e+02
2.610519774011299887e+02
2.608802259887005448e+02
2.607525423728814076e+02
2.606406779661017481e+02
2.605570621468926902e+02
2.605016949152542338e+02
2.604757062146892395e+02
2.604757062146892395e+02
2.605084745762711691e+02
2.605751412429378888e+02
2.606700564971751533e+02
2.607898305084746085e+02
2.609355932203390012e+02
2.611096045197740523e+02
2.613118644067797050e+02
2.615435028248588196e+02
2.618022598870056754e+02
2.620711864406779910e+02
2.623762711864407038e+02
2.627016949152542793e+02
2.630463276836158570e+02
2.634124293785311011e+02
2.637977401129944042e+02
2.641864406779661749e+02
2.645807909604519637e+02
2.649028248587570715e+02
2.651977401129943814e+02
2.654214689265537004e+02
2.655717514124294212e+02
2.656621468926554144e+02
2.656960451977401476e+02
2.656711864406780137e+02
2.655853107344632917e+02
2.654474576271186379e+02
2.652474576271187061e+02
2.649932203389830647e+02
2.646790960451977526e+02
2.643118644067797050e+02
2.639231638418079910e+02
2.635480225988700909e+02
2.631932203389831102e+02
2.628463276836158684e+02
2.625175141242938253e+02
2.621920903954802498e+02
2.618971751412429967e+02
2.616259887005650171e+02
2.613604519774011123e+02
2.611220338983050624e+02
2.609118644067796708e+02
2.607231638418079456e+02
2.605593220338982974e+02
2.604124293785311011e+02
2.602757062146893077e+02
2.601751412429378547e+02
2.600971751412429853e+02
2.600395480225989218e+02
2.600146892655367310e+02
2.600282485875706584e+02
2.600338983050847901e+02
2.600813559322034507e+02
2.601570621468926561e+02
2.602553672316384450e+02
2.603740112994350966e+02
2.605152542372881612e+02
2.606892655367231555e+02
2.609096045197740068e+02
2.611333333333333258e+02
2.613728813559322361e+02
2.616451977401129625e+02
2.619378531073446084e+02
2.622519774011299205e+02
2.625785310734463565e+02
2.629163841807909421e+02
2.632485875706214529e+02
2.635446327683615664e+02
2.637977401129944042e+02
2.639920903954803180e+02
2.641446327683615891e+02
2.642338983050847787e+02
2.642768361581921113e+02
2.642519774011299774e+02
2.641774011299435188e+02
2.640576271186441204e+02
2.638903954802260046e+02
2.636451977401130762e+02
2.633706214689266289e+02
2.630474576271186606e+02
2.626768361581921454e+02
2.623209039548023043e+02
2.619593220338983883e+02
2.616248587570621567e+02
2.613084745762712373e+02
2.610192090395480591e+02
2.607514124293786040e+02
2.605175141242938253e+02
2.603152542372881726e+02
2.601401129943503747e+02
2.599887005649717366e+02
2.598677966101695347e+02
2.597898305084746085e+02
2.597276836158192737e+02
2.596892655367232123e+02
2.596824858757062202e+02
2.597096045197740750e+02
2.597604519774012033e+02
2.598361581920904655e+02
2.599355932203390012e+02
2.600700564971751874e+02
2.602305084745762542e+02
2.604067796610169694e+02
2.606180790960452214e+02
2.608531073446328037e+02
2.611152542372881840e+02
2.614067796610169694e+02
2.617084745762712146e+02
2.620338983050847901e+02
2.623830508474576391e+02
2.627468926553672190e+02
2.631084745762712487e+02
2.634949152542372985e+02
2.638429378531074008e+02
2.641231638418079228e+02
2.643638418079096368e+02
2.645333333333334167e+02
2.646598870056498072e+02
2.647242937853108060e+02
2.647333333333333485e+02
2.646689265536723497e+02
2.645751412429378888e+02
2.644146892655367083e+02
2.642169491525423837e+02
2.639525423728813394e+02
2.636497175141242906e+02
2.632960451977401135e+02
2.629435028248587969e+02
2.626112994350282861e+02
2.622813559322033825e+02
2.619751412429378661e+02
2.616779661016948921e+02
2.613943502824859024e+02
2.611389830508474574e+02
2.609039548022599320e+02
2.606768361581921454e+02
2.604745762711864927e+02
2.603028248587570488e+02
2.601378531073446538e+02
2.600079096045197957e+02
2.598949152542373326e+02
2.598033898305085359e+02
2.597412429378531442e+02
2.597016949152542793e+02
2.596858757062146879e+02
2.596847457627119411e+02
2.597129943502825427e+02
2.597807909604520091e+02
2.598508474576271396e+02
2.599548022598870602e+02
2.600768361581921226e+02
2.602169491525424405e+02
2.604045197740113053e+02
2.606067796610169580e+02
2.608293785310734734e+02
2.610824858757062543e+02
2.613559322033898979e+02
2.616406779661017481e+02
2.619265536723164587e+02
2.621661016949153122e+02
2.623661016949153009e+02
2.625005649717514871e+02
2.625887005649717594e+02
2.626282485875706811e+02
2.626327683615819524e+02
2.625932203389830875e+02
2.624847457627118956e+02
2.623322033898305676e+02
2.621288135593221114e+02
2.618610169491525426e+02
2.615570621468926902e+02
2.611864406779661749e+02
2.607807909604520091e+02
2.603841807909604995e+02
2.599932203389830647e+02
2.596112994350282861e+02
2.592576271186441090e+02
2.589197740112995234e+02
2.586033898305084904e+02
2.583016949152543020e+02
2.580180790960452555e+02
2.577672316384181386e+02
2.575548022598870830e+02
2.573581920903955620e+02
2.571943502824859138e+02
2.570677966101695802e+02
2.569661016949153236e+02
2.568858757062147333e+02
2.568463276836158684e+02
2.568361581920904655e+02
2.568519774011300001e+02
2.568971751412429967e+02
2.569774011299435870e+02
2.570768361581921226e+02
2.571988700564971850e+02
2.573491525423729058e+02
2.575265536723164246e+02
2.577242937853108060e+02
2.579389830508475825e+02
2.582090395480226448e+02
2.584813559322034280e+02
2.587875706214690013e+02
2.591096045197740523e+02
2.594372881355932350e+02
2.597841807909604768e+02
2.601672316384181158e+02
2.605559322033898866e+02
2.609016949152543248e+02
2.611864406779661749e+02
2.614259887005649716e+02
2.616011299435028832e+02
2.617129943502825427e+02
2.617457627118644723e+02
2.617276836158192737e+02
2.616474576271186834e+02
2.615039548022599547e+02
2.613016949152543020e+02
2.610587570621469240e+02
2.607661016949152781e+02
2.604000000000000909e+02
2.600429378531074462e+02
2.596734463276836777e+02
2.593310734463277640e+02
2.589909604519774575e+02
2.586734463276836777e+02
2.583853107344633599e+02
2.580836158192090579e+02
2.578158192090395460e+02
2.575649717514124859e+02
2.573209039548023043e+02
2.571062146892655846e+02
2.569084745762712600e+02
2.567401129943502838e+02
2.565909604519774803e+02
2.564587570621469013e+02
2.563401129943503065e+02
2.562531073446327810e+02
2.561807909604519864e+02
2.561401129943503179e+02
2.561118644067797163e+02
2.561186440677966516e+02
2.561570621468927129e+02
2.561841807909605109e+02
2.562689265536723724e+02
2.563706214689266289e+02
2.564971751412430194e+02
2.566418079096046085e+02
2.568124293785311352e+02
2.569875706214689899e+02
2.572056497175141203e+02
2.574508474576271624e+02
2.576971751412429512e+02
2.579649717514124632e+02
2.582508474576271738e+02
2.585672316384181499e+02
2.588440677966102044e+02
2.590677966101695233e+02
2.592474576271187061e+02
2.593683615819209081e+02
2.594474576271186947e+02
2.594655367231638934e+02
2.594350282485876278e+02
2.593401129943503065e+02
2.591988700564971850e+02
2.590225988700565267e+02
2.587932203389831329e+02
2.584892655367232237e+02
2.581468926553672532e+02
2.577966101694915437e+02
2.574474576271186379e+02
2.571265536723163905e+02
2.568225988700565381e+02
2.565457627118644268e+02
2.562711864406779796e+02
2.560225988700565267e+02
2.558090395480226391e+02
2.556079096045198185e+02
2.554474576271186663e+02
2.553141242937853406e+02
2.551977401129943814e+02
2.551050847457627810e+02
2.550451977401130534e+02
2.550192090395480591e+02
2.549954802259887288e+02
2.550282485875706584e+02
2.550757062146893190e+02
2.551559322033898525e+02
2.552621468926554371e+02
2.554067796610170262e+02
2.555570621468927186e+02
2.557254237288136096e+02
2.559344632768361976e+02
2.561593220338983201e+02
2.564146892655367651e+02
2.566937853107344836e+02
2.570056497175141885e+02
2.573016949152543020e+02
2.576440677966102157e+02
2.579830508474576618e+02
2.583333333333333712e+02
2.586892655367232123e+02
2.590598870056497844e+02
2.593807909604520319e+02
2.596576271186440863e+02
2.598655367231639275e+02
2.600440677966101930e+02
2.601412429378531783e+02
2.601977401129944383e+02
2.601977401129944383e+02
2.601299435028249150e+02
2.600203389830509195e+02
2.598598870056497390e+02
2.596519774011299546e+02
2.593853107344633031e+02
2.590666666666667197e+02
2.587333333333333485e+02
2.584112994350283543e+02
2.580836158192091148e+02
2.577830508474576732e+02
2.574903954802260841e+02
2.572237288135593758e+02
2.569672316384181840e+02
2.567265536723164132e+02
2.565005649717514871e+02
2.563096045197740978e+02
2.561129943502825768e+02
2.559412429378531897e+02
2.558056497175141715e+02
2.556802259887006414e+02
2.555706214689266176e+02
2.554836158192090920e+02
2.554271186440678889e+02
2.553954802259887629e+02
2.553807909604520319e+02
2.554022598870056981e+02
2.554338983050847958e+02
2.554903954802260273e+02
2.555909604519774803e+02
2.556960451977401476e+02
2.558316384180791374e+02
2.559988700564972532e+02
2.561864406779661749e+02
2.563887005649718276e+02
2.566124293785311465e+02
2.568768361581921340e+02
2.571627118644068446e+02
2.574429378531074235e+02
2.577163841807910103e+02
2.579378531073447220e+02
2.581197740112994552e+02
2.582451977401130421e+02
2.583333333333333712e+02
2.583638418079096937e+02
2.583502824858757094e+02
2.583175141242938935e+02
2.582169491525424405e+02
2.580757062146893190e+02
2.578790960451977980e+02
2.576372881355932805e+02
2.573344632768362317e+02
2.570033898305085813e+02
2.566305084745763452e+02
2.562248587570621794e+02
2.558485875706215324e+02
2.554723163841808855e+02
2.551016949152543134e+02
2.547593220338983997e+02
2.544372881355932918e+02
2.541265536723164473e+02
2.538418079096045972e+02
2.535909604519774803e+02
2.533694915254237969e+02
2.531638418079096766e+02
2.529988700564972532e+02
2.528542372881356641e+02
2.527480225988701363e+02
2.526632768361582748e+02
2.526135593220339501e+02
2.525909604519774803e+02
2.525932203389831159e+02
2.526293785310735132e+02
2.526734463276836777e+02
2.527649717514124745e+02
2.528632768361582634e+02
2.529988700564972532e+02
2.531559322033898809e+02
2.533480225988701022e+02
2.535570621468926902e+02
2.537909604519774689e+02
2.540463276836158570e+02
2.543186440677966687e+02
2.546225988700565495e+02
2.549423728813559933e+02
2.552564971751413054e+02
2.556124293785311181e+02
2.559581920903955279e+02
2.562903954802260387e+02
2.565694915254238140e+02
2.567875706214689444e+02
2.569536723163841998e+02
2.570655367231638593e+02
2.571163841807910444e+02
2.571118644067797163e+02
2.570587570621469240e+02
2.569209039548023270e+02
2.567367231638418161e+02
2.564971751412430194e+02
2.562135593220340297e+02
2.558644067796610955e+02
2.554892655367232237e+02
2.551536723163842453e+02
2.548214689265537345e+02
2.545028248587571227e+02
2.541932203389831102e+02
2.538983050847458003e+02
2.536124293785311465e+02
2.533559322033898979e+02
2.531197740112995120e+02
2.528779661016949944e+02
2.526711864406780137e+02
2.524824858757062884e+02
2.523209039548023043e+02
2.521762711864407720e+02
2.520531073446328492e+02
2.519525423728813962e+02
2.518723163841808628e+02
2.518112994350283032e+02
2.517683615819209422e+02
2.517502824858757435e+02
2.517570621468927072e+02
2.517819209039548412e+02
2.518429378531073723e+02
2.519254237288135982e+02
2.520305084745762940e+02
2.521333333333333826e+02
2.522610169491525767e+02
2.524214689265537004e+02
2.526158192090395858e+02
2.528384180790960727e+02
2.530576271186440920e+02
2.533028248587571056e+02
2.535740112994350852e+02
2.538497175141243360e+02
2.541310734463277186e+02
2.543887005649717707e+02
2.545988700564972191e+02
2.547717514124294098e+02
2.548960451977401362e+02
2.549683615819209592e+02
2.550011299435028604e+02
2.549706214689265948e+02
2.548858757062147333e+02
2.547548022598870716e+02
2.545683615819209535e+02
2.543254237288135755e+02
2.540429378531073894e+02
2.537107344632768786e+02
2.533807909604520319e+02
2.530621468926553916e+02
2.527796610169492055e+02
2.525028248587570943e+02
2.522384180790961068e+02
2.519943502824859252e+02
2.517819209039548127e+02
2.515830508474576561e+02
2.514248587570621680e+02
2.512937853107344779e+02
2.511762711864406867e+02
2.510903954802260500e+02
2.510429378531073894e+02
2.510203389830508627e+02
2.510305084745763224e+02
2.510734463276836550e+02
2.511141242937853519e+02
2.512056497175141772e+02
2.513220338983051079e+02
2.514677966101695006e+02
2.516406779661017197e+02
2.518508474576271396e+02
2.520677966101695233e+02
2.523163841807910046e+02
2.525966101694915551e+02
2.528915254237288650e+02
2.532067796610169808e+02
2.535570621468926902e+02
2.539344632768361976e+02
2.543039548022599377e+02
2.547152542372881783e+02
2.551141242937853519e+02
2.555186440677966573e+02
2.558632768361582066e+02
2.561649717514124518e+02
2.564124293785311011e+02
2.566033898305084904e+02
2.567491525423729399e+02
2.568203389830508740e+02
2.568418079096045403e+02
2.568056497175141430e+02
2.567118644067796822e+02
2.565423728813559592e+02
2.563446327683616346e+02
2.560870056497175256e+02
2.557819209039548696e+02
2.554225988700565324e+02
2.550293785310734904e+02
2.546960451977401476e+02
2.543412429378531669e+02
2.540112994350283202e+02
2.536915254237288480e+02
2.534056497175141658e+02
2.531175141242938196e+02
2.528576271186441033e+02
2.526101694915254825e+02
2.523954802259887344e+02
2.522135593220339160e+02
2.520327683615819581e+02
2.518937853107345006e+02
2.517672316384181102e+02
2.516621468926554144e+02
2.515728813559322248e+02
2.515186440677966289e+02
2.514836158192090920e+02
2.514700564971751646e+02
2.515016949152542622e+02
2.515423728813559592e+02
2.516067796610169864e+02
2.516971751412429512e+02
2.518259887005650057e+02
2.519627118644067991e+02
2.521231638418079228e+02
2.523118644067797050e+02
2.525265536723164246e+02
2.527672316384181102e+02
2.530327683615819296e+02
2.533073446327683769e+02
2.536033898305084904e+02
2.539209039548022702e+02
2.542011299435028491e+02
2.544293785310734677e+02
2.546203389830508570e+02
2.547581920903955393e+02
2.548576271186441033e+02
2.548994350282486039e+02
2.548677966101695347e+02
2.548214689265536776e+02
2.547050847457627469e+02
2.545378531073446595e+02
2.543186440677966687e+02
2.540418079096045290e+02
2.537276836158192168e+02
2.533514124293785699e+02
2.529355932203390012e+02
2.525220338983051249e+02
2.521254237288136153e+02
2.517525423728814076e+02
2.513875706214689671e+02
2.510350282485875937e+02
2.507005649717514473e+02
2.504022598870056697e+02
2.501220338983051192e+02
2.498757062146893020e+02
2.496677966101695461e+02
2.494813559322033996e+02
2.493220338983051079e+02
2.492022598870056527e+02
2.490881355932203292e+02
2.490248587570621623e+02
2.489909604519774007e+02
2.489627118644067991e+02
2.489841807909604654e+02
2.490350282485875937e+02
2.491039548022599206e+02
2.492033898305085131e+02
2.493310734463277072e+02
2.494881355932203633e+02
2.496700564971751533e+02
2.498836158192090693e+02
2.501175141242938196e+02
2.503807909604520034e+02
2.506587570621468899e+02
2.509536723163841998e+02
2.512723163841808116e+02
2.516112994350282577e+02
2.519661016949152668e+02
2.523299435028248752e+02
2.526858757062146879e+02
2.529807909604519978e+02
2.532316384180791147e+02
2.534135593220339047e+02
2.535367231638418275e+02
2.536135593220339217e+02
2.536271186440678207e+02
2.535887005649717878e+02
2.534892655367231669e+02
2.533288135593220431e+02
2.531141242937853235e+02
2.528395480225988763e+02
2.525220338983050965e+02
2.521774011299435188e+02
2.518429378531073439e+02
2.515299435028248354e+02
2.512316384180790863e+02
2.509435028248587685e+02
2.506587570621468899e+02
2.503988700564971737e+02
2.501615819209039557e+02
2.499355932203390012e+02
2.497344632768361805e+02
2.495468926553672304e+02
2.493785310734463678e+02
2.492418079096045176e+02
2.491175141242937912e+02
2.490079096045197957e+02
2.489220338983050738e+02
2.488700564971751703e+02
2.488248587570621453e+02
2.488146892655367424e+02
2.488248587570621737e+02
2.488734463276836379e+02
2.489231638418079342e+02
2.490033898305085245e+02
2.491062146892655562e+02
2.492259887005649830e+02
2.493740112994350397e+02
2.495559322033898297e+02
2.497514124293785471e+02
2.499762711864406981e+02
2.502169491525423837e+02
2.504824858757062316e+02
2.507740112994350454e+02
2.510689265536723269e+02
2.513920903954802384e+02
2.516926553672316516e+02
2.519468926553672361e+02
2.521435028248587571e+02
2.522960451977401135e+02
2.523966101694915096e+02
2.524474576271186379e+02
2.524497175141243019e+02
2.524101694915254370e+02
2.523175141242937798e+02
2.521661016949152554e+02
2.519774011299434733e+02
2.517548022598869863e+02
2.514576271186440408e+02
2.511141242937852951e+02
2.507593220338982860e+02
2.503977401129943701e+02
2.500429378531073610e+02
2.497118644067796822e+02
2.494101694915254370e+02
2.491333333333333258e+02
2.488655367231638706e+02
2.486350282485875880e+02
2.484203389830508399e+02
2.482542372881355845e+02
2.481107344632768559e+02
2.479898305084745971e+02
2.479107344632768104e+02
2.478485875706214756e+02
2.478271186440678093e+02
2.478372881355932407e+02
2.478644067796610102e+02
2.479197740112994666e+02
2.480214689265536947e+02
2.481502824858757208e+02
2.482847457627118501e+02
2.484542372881356016e+02
2.486497175141242906e+02
2.488655367231638706e+02
2.491141242937853235e+02
2.493932203389830420e+02
2.497050847457627185e+02
2.500372881355932009e+02
2.503694915254237401e+02
2.507412429378530874e+02
2.511096045197740239e+02
2.515005649717514302e+02
2.519107344632768104e+02
2.523175141242937798e+02
2.526768361581920885e+02
2.529751412429378661e+02
2.532169491525423837e+02
2.534169491525423723e+02
2.535468926553672588e+02
2.536259887005649603e+02
2.536497175141242906e+02
2.536158192090395573e+02
2.535163841807909648e+02
2.533468926553672418e+02
2.531344632768361294e+02
2.528655367231638422e+02
2.525468926553672304e+02
2.521672316384180874e+02
2.517762711864406810e+02
2.513785310734463394e+02
2.510135593220339274e+02
2.506542372881356187e+02
2.503096045197740409e+02
2.499887005649717651e+02
2.496881355932203519e+02
2.493988700564971737e+02
2.491322033898305222e+02
2.488802259887005448e+02
2.486587570621468899e+02
2.484553672316384052e+02
2.482768361581920828e+02
2.481276836158191941e+02
2.479841807909604370e+02
2.478610169491525426e+02
2.477762711864406810e+02
2.477209039548022815e+02
2.476926553672316231e+02
2.476666666666666572e+02
2.476824858757061918e+02
2.477299435028248240e+02
2.477864406779660840e+02
2.478745762711864131e+02
2.479909604519773723e+02
2.481299435028248581e+02
2.483028248587570488e+02
2.484949152542372417e+02
2.487062146892654937e+02
2.489389830508474120e+02
2.491932203389830249e+02
2.494700564971751078e+02
2.497740112994349886e+02
2.500564971751412031e+02
2.502915254237287854e+02
2.504700564971751078e+02
2.505966101694914983e+02
2.506813559322033598e+02
2.507163841807909535e+02
2.506892655367231271e+02
2.506090395480225652e+02
2.504824858757061747e+02
2.503084745762711805e+02
2.500757062146892622e+02
2.497875706214688876e+02
2.494598870056497049e+02
2.490700564971751305e+02
2.486847457627118274e+02
2.483220338983050510e+02
2.479604519774011067e+02
2.476011299435028263e+02
2.472836158192090181e+02
2.469807909604519409e+02
2.467016949152541940e+02
2.464451977401129739e+02
2.462067796610169239e+02
2.459977401129943075e+02
2.458305084745762485e+02
2.456836158192090238e+02
2.455627118644067650e+02
2.454790960451977071e+02
2.454214689265536435e+02
2.453954802259886492e+02
2.453864406779660499e+02
2.454056497175141089e+02
2.454497175141242735e+02
2.455299435028248354e+02
2.456361581920903632e+02
2.457717514124293530e+02
2.459310734463276731e+02
2.461028248587570602e+02
2.463254237288135187e+02
2.465480225988700340e+02
2.468056497175141146e+02
2.470881355932203292e+02
2.473841807909604427e+02
2.477152542372881214e+02
2.480485875706214642e+02
2.484011299435027809e+02
2.487717514124293530e+02
2.491525423728813280e+02
2.495028248587570374e+02
2.497988700564971509e+02
2.500350282485875368e+02
2.502067796610169239e+02
2.503355932203389500e+02
2.503977401129943416e+02
2.504146892655367083e+02
2.503514124293785130e+02
2.502451977401129852e+02
2.500564971751412315e+02
2.498282485875706129e+02
2.495401129943502667e+02
2.492056497175141203e+02
2.488429378531073439e+02
2.484960451977401021e+02
2.481525423728813280e+02
2.478361581920903802e+02
2.475299435028248354e+02
2.472327683615819183e+02
2.469604519774011067e+02
2.466926553672316231e+02
2.464587570621468728e+02
2.462474576271186493e+02
2.460474576271186322e+02
2.458677966101694778e+02
2.457005649717513904e+02
2.455570621468926333e+02
2.454361581920904030e+02
2.453322033898305108e+02
2.452463276836157888e+02
2.451909604519773893e+02
2.451627118644067878e+02
2.451446327683615323e+02
2.451627118644067593e+02
2.452203389830508513e+02
2.452881355932203178e+02
2.453627118644067764e+02
2.454813559322033711e+02
2.456271186440677639e+02
2.457875706214688876e+02
2.459762711864406697e+02
2.461853107344632576e+02
2.464271186440677752e+02
2.466621468926553575e+02
2.469355932203389727e+02
2.472169491525423553e+02
2.475028248587570374e+02
2.478067796610169466e+02
2.480836158192090295e+02
2.482983050847457775e+02
2.484644067796610045e+02
2.485853107344632633e+02
2.486734463276835925e+02
2.486892655367231555e+02
2.486745762711864245e+02
2.485853107344632349e+02
2.484779661016949035e+02
2.483163841807909193e+02
2.481129943502824631e+02
2.478485875706214756e+02
2.475457627118643984e+02
2.472011299435028207e+02
2.468576271186440749e+02
2.465468926553672304e+02
2.462508474576271169e+02
2.459694915254237344e+02
2.457141242937853178e+02
2.454870056497175028e+02
2.452847457627118501e+02
2.451039548022598638e+02
2.449457627118644041e+02
2.448146892655367424e+02
2.447254237288135528e+02
2.446610169491525539e+02
2.446327683615818955e+02
2.446203389830508570e+02
2.446361581920903916e+02
2.446926553672316231e+02
2.447819209039548127e+02
2.448847457627118729e+02
2.450192090395480591e+02
2.451785310734463508e+02
2.453604519774011692e+02
2.455593220338982974e+02
2.457977401129943473e+02
2.460542372881355959e+02
2.463288135593220431e+02
2.466305084745762883e+02
2.469570621468926674e+02
2.472870056497175142e+02
2.476485875706214870e+02
2.480327683615819296e+02
2.484124293785311011e+02
2.487627118644068105e+02
2.490723163841807946e+02
2.493265536723163791e+02
2.495242937853107037e+02
2.496790960451977526e+02
2.497887005649717480e+02
2.498463276836158400e+02
2.498418079096045403e+02
2.497909604519774120e+02
2.496813559322033882e+02
2.495209039548022645e+02
2.492971751412429455e+02
2.490225988700565267e+02
2.487175141242938139e+02
2.483548022598870375e+02
2.479717514124293984e+02
2.476033898305084904e+02
2.472542372881355845e+02
2.469016949152542679e+02
2.465615819209039614e+02
2.462485875706214813e+02
2.459661016949152668e+02
2.456824858757062202e+02
2.454214689265536435e+02
2.451785310734463224e+02
2.449548022598870034e+02
2.447536723163841543e+02
2.445740112994350284e+02
2.444192090395480363e+02
2.442745762711864472e+02
2.441649717514124518e+02
2.440587570621468956e+02
2.439887005649717366e+02
2.439355932203390012e+02
2.439084745762712032e+02
2.439265536723164018e+02
2.439502824858757322e+02
2.440000000000000284e+02
2.440779661016949262e+02
2.441920903954802498e+02
2.443265536723164075e+02
2.444824858757062316e+02
2.446745762711864529e+02
2.448813559322034052e+02
2.451141242937853235e+02
2.453627118644067764e+02
2.456327683615819240e+02
2.459073446327683428e+02
2.461694915254237230e+02
2.464000000000000057e+02
2.465785310734463280e+02
2.467028248587570545e+02
2.467864406779660840e+02
2.468305084745762770e+02
2.468203389830508456e+02
2.467740112994350170e+02
2.466576271186440863e+02
2.465050847457627299e+02
2.463107344632768445e+02
2.460610169491525312e+02
2.457525423728813507e+02
2.454135593220339047e+02
2.450451977401129966e+02
2.446497175141242906e+02
2.442553672316384450e+02
2.438689265536723383e+02
2.435050847457627015e+02
2.431661016949152554e+02
2.428531073446327753e+02
2.425502824858756981e+02
2.422734463276836436e+02
2.420259887005649944e+02
2.418135593220339103e+02
2.416124293785310897e+02
2.414508474576271340e+02
2.412926553672316459e+02
2.411717514124293871e+02
2.410903954802259932e+02
2.410192090395480591e+02
2.409932203389830647e+02
2.409661016949152668e+02
2.409740112994350625e+02
2.410033898305084676e+02
2.410790960451977298e+02
2.411638418079095914e+02
2.412677966101694835e+02
2.414090395480225766e+02
2.415661016949152611e+02
2.417480225988700511e+02
2.419514124293785358e+02
2.421819209039548184e+02
2.424293785310734393e+02
2.426960451977401476e+02
2.429762711864406697e+02
2.432847457627118786e+02
2.435819209039548241e+02
2.438949152542372758e+02
2.442158192090395801e+02
2.445005649717514302e+02
2.447378531073446482e+02
2.449209039548022702e+02
2.450451977401129966e+02
2.451175141242937912e+02
2.451288135593220545e+02
2.450757062146892622e+02
2.449819209039548014e+02
2.448180790960452100e+02
2.446022598870056584e+02
2.443378531073446425e+02
2.440248587570621623e+02
2.437186440677966175e+02
2.434429378531073667e+02
2.431762711864406867e+02
2.429141242937853349e+02
2.426745762711864529e+02
2.424519774011299660e+02
2.422406779661017140e+02
2.420316384180791260e+02
2.418406779661016799e+02
2.416802259887005562e+02
2.415265536723163962e+02
2.413932203389830420e+02
2.412858757062147106e+02
2.411932203389830534e+02
2.411231638418079228e+02
2.410689265536723269e+02
2.410350282485875653e+02
2.410158192090395346e+02
2.410237288135593303e+02
2.410542372881355959e+02
2.410960451977400965e+02
2.411717514124293871e+02
2.412644067796610443e+02
2.413785310734463394e+02
2.415220338983050965e+02
2.416892655367231555e+02
2.418824858757062088e+02
2.420994350282485925e+02
2.423276836158192395e+02
2.425740112994350284e+02
2.428350282485875766e+02
2.431220338983050908e+02
2.434090395480226050e+02
2.437288135593220204e+02
2.440022598870056640e+02
2.442282485875706470e+02
2.444101694915254370e+02
2.445344632768361635e+02
2.446282485875706243e+02
2.446813559322034166e+02
2.446723163841808173e+02
2.446067796610169580e+02
2.445073446327683655e+02
2.443559322033898411e+02
2.441514124293785244e+02
2.438937853107344722e+02
2.436011299435028263e+02
2.432610169491525482e+02
2.429265536723164018e+02
2.426045197740113224e+02
2.423005649717514416e+02
2.420214689265536663e+02
2.417751412429378775e+02
2.415378531073446311e+02
2.413344632768361464e+02
2.411604519774011237e+02
2.409966101694915324e+02
2.408926553672316686e+02
2.408090395480226107e+02
2.407412429378531158e+02
2.407152542372881499e+02
2.407163841807909535e+02
2.407299435028248809e+02
2.407740112994350454e+02
2.408632768361582066e+02
2.409672316384180704e+02
2.410971751412429285e+02
2.412655367231638479e+02
2.414553672316384052e+02
2.416677966101694892e+02
2.419039548022598751e+02
2.421615819209039557e+02
2.424395480225988706e+02
2.427491525423728831e+02
2.430723163841807946e+02
2.434225988700565040e+02
2.437830508474576163e+02
2.441502824858757208e+02
2.445412429378531272e+02
2.449412429378531328e+02
2.452983050847457775e+02
2.455977401129943587e+02
2.458564971751412429e+02
2.460598870056497276e+02
2.462079096045197844e+02
2.463062146892655164e+02
2.463514124293785414e+02
2.463514124293785414e+02
2.462870056497175142e+02
2.461661016949152554e+02
2.460045197740112997e+02
2.457966101694915437e+02
2.455265536723164246e+02
2.452169491525423837e+02
2.448700564971751419e+02
2.444971751412429342e+02
2.441310734463276901e+02
2.437932203389830477e+02
2.434429378531073667e+02
2.431107344632768275e+02
2.428011299435028150e+02
2.425084745762711691e+02
2.422316384180790863e+02
2.419672316384180704e+02
2.417186440677966175e+02
2.414971751412429626e+02
2.412824858757062145e+02
2.410949152542372929e+02
2.409175141242938025e+02
2.407717514124294098e+02
2.406508474576271510e+02
2.405480225988700624e+02
2.404644067796610329e+02
2.403909604519774064e+02
2.403435028248587741e+02
2.403231638418079115e+02
2.403242937853107435e+02
2.403435028248587741e+02
2.404112994350282406e+02
2.404903954802259989e+02
2.406011299435028263e+02
2.407322033898305165e+02
2.408915254237288082e+02
2.410564971751412600e+02
2.412474576271186493e+02
2.414610169491525653e+02
2.416994350282486153e+02
2.419028248587570715e+02
2.420723163841807946e+02
2.421909604519774177e+02
2.422655367231638479e+02
2.422937853107344495e+02
2.422655367231638479e+02
2.422067796610169523e+02
2.420994350282485925e+02
2.419548022598870034e+02
2.417525423728813507e+02
2.415096045197740295e+02
2.412180790960452157e+02
2.408915254237288082e+02
2.405401129943502951e+02
2.402101694915253915e+02
2.398903954802259761e+02
2.395649717514124291e+02
2.392666666666666515e+02
2.389649717514124347e+02
2.386870056497175199e+02
2.384406779661017026e+02
2.381943502824858570e+02
2.379920903954802043e+02
2.378011299435028150e+02
2.376497175141242906e+02
2.375050847457627015e+02
2.373728813559322077e+02
2.372779661016949149e+02
2.372282485875706470e+02
2.371706214689265835e+02
2.371446327683615891e+02
2.371548022598869920e+02
2.371887005649717821e+02
2.372440677966101816e+02
2.373310734463277072e+02
2.374293785310734393e+02
2.375480225988700624e+02
2.377016949152542225e+02
2.378723163841807775e+02
2.380700564971751305e+02
2.382847457627119070e+02
2.385220338983050965e+02
2.387819209039548127e+02
2.390508474576271283e+02
2.393299435028248467e+02
2.396169491525423894e+02
2.399322033898305051e+02
2.402576271186440522e+02
2.405525423728813621e+02
2.408056497175141430e+02
2.410000000000000000e+02
2.411446327683616175e+02
2.412271186440677866e+02
2.412508474576271169e+02
2.412316384180791147e+02
2.411389830508474574e+02
2.410146892655367310e+02
2.408316384180790806e+02
2.405909604519773950e+02
2.403118644067796481e+02
2.400169491525423382e+02
2.397355932203389557e+02
2.394542372881355732e+02
2.391932203389830534e+02
2.389322033898305051e+02
2.386949152542372872e+02
2.384598870056497049e+02
2.382418079096045176e+02
2.380384180790960613e+02
2.378463276836158116e+02
2.376926553672316231e+02
2.375536723163841657e+02
2.374214689265536720e+02
2.373141242937853121e+02
2.372146892655367196e+02
2.371288135593220545e+02
2.370926553672316572e+02
2.370418079096045290e+02
2.370214689265536663e+02
2.370440677966101646e+02
2.370757062146892622e+02
2.371141242937853235e+02
2.371875706214689217e+02
2.372813559322033825e+02
2.374124293785310442e+02
2.375457627118643700e+02
2.377163841807909535e+02
2.378971751412429398e+02
2.381039548022598638e+02
2.383367231638417820e+02
2.385807909604519637e+02
2.388497175141242792e+02
2.391288135593220545e+02
2.394361581920904030e+02
2.397435028248587514e+02
2.400598870056497276e+02
2.403288135593220147e+02
2.405683615819208967e+02
2.407389830508474518e+02
2.408700564971751419e+02
2.409627118644067707e+02
2.410146892655367310e+02
2.410203389830508343e+02
2.409740112994350341e+02
2.408813559322033768e+02
2.407502824858756867e+02
2.405706214689265323e+02
2.403525423728813450e+02
2.400790960451977298e+02
2.397728813559322134e+02
2.394361581920903745e+02
2.391220338983050624e+02
2.388022598870056470e+02
2.385231638418079001e+02
2.382508474576271169e+02
2.380090395480225993e+02
2.378022598870056470e+02
2.375943502824858626e+02
2.374418079096045062e+02
2.372892655367231498e+02
2.371841807909604540e+02
2.371118644067796595e+02
2.370666666666666629e+02
2.370418079096045005e+02
2.370395480225988649e+02
2.370644067796609988e+02
2.371333333333333258e+02
2.372146892655367196e+02
2.373220338983050794e+02
2.374451977401129739e+02
2.376056497175140976e+02
2.377841807909604199e+02
2.379943502824858683e+02
2.382225988700564585e+02
2.384666666666666686e+02
2.387310734463276845e+02
2.390214689265536663e+02
2.393457627118644098e+02
2.396813559322033598e+02
2.400293785310734052e+02
2.403932203389830420e+02
2.407548022598870148e+02
2.411141242937852951e+02
2.414192090395479795e+02
2.416790960451977242e+02
2.419096045197740068e+02
2.420802259887005334e+02
2.421875706214689217e+02
2.422519774011299205e+02
2.422632768361581839e+02
2.422090395480225880e+02
2.421129943502824631e+02
2.419751412429378377e+02
2.417717514124293530e+02
2.415265536723163677e+02
2.412248587570621225e+02
2.409073446327683428e+02
2.405604519774011010e+02
2.402293785310734222e+02
2.399050847457626787e+02
2.395909604519773950e+02
2.393084745762711805e+02
2.390316384180790692e+02
2.387785310734463451e+02
2.385401129943502951e+02
2.383084745762711805e+02
2.381050847457626674e+02
2.379175141242937457e+02
2.377502824858756867e+02
2.375988700564971623e+02
2.374757062146892395e+02
2.373627118644067764e+02
2.372700564971751191e+02
2.372259887005649546e+02
2.371807909604519580e+02
2.371694915254237230e+02
2.371785310734463224e+02
2.372011299435028207e+02
2.372485875706214529e+02
2.373242937853107151e+02
2.374124293785310442e+02
2.375265536723163677e+02
2.376723163841807605e+02
2.378271186440677809e+02
2.380158192090395346e+02
2.382259887005649546e+02
2.384553672316384052e+02
2.386983050847457548e+02
2.389581920903954710e+02
2.392112994350282236e+02
2.393875706214689103e+02
2.395423728813559023e+02
2.396418079096044949e+02
2.396960451977400908e+02
2.397197740112994211e+02
2.396858757062146879e+02
2.396090395480225936e+02
2.394711864406779398e+02
2.393062146892655164e+02
2.390836158192090011e+02
2.388180790960451532e+02
2.385005649717513734e+02
2.381480225988699999e+02
2.378158192090394891e+02
2.374802259887005107e+02
2.371559322033897956e+02
2.368587570621468785e+02
2.365762711864406356e+02
2.363039548022598524e+02
2.360576271186440636e+02
2.358361581920903802e+02
2.356237288135592962e+02
2.354463276836157775e+02
2.352824858757061861e+02
2.351661016949152554e+02
2.350757062146892338e+02
2.350090395480225993e+02
2.349706214689265380e+02
2.349491525423728717e+02
2.349649717514124063e+02
2.349909604519773723e+02
2.350384180790960045e+02
2.351197740112993984e+02
2.352271186440677582e+02
2.353762711864406469e+02
2.355389830508474347e+02
2.357220338983050567e+02
2.359276836158191770e+02
2.361672316384180590e+02
2.364112994350282122e+02
2.366870056497174915e+02
2.369717514124293416e+02
2.372836158192089897e+02
2.376158192090395289e+02
2.379649717514124063e+02
2.383186440677965834e+02
2.386824858757061634e+02
2.389932203389830079e+02
2.392576271186440522e+02
2.394564971751412088e+02
2.396225988700564642e+02
2.397231638418078887e+02
2.397604519774010896e+02
2.397457627118643586e+02
2.396813559322033598e+02
2.395367231638417707e+02
2.393435028248587173e+02
2.391062146892654994e+02
2.388282485875705845e+02
2.384836158192090068e+02
2.381502824858756924e+02
2.378327683615818842e+02
2.375209039548022361e+02
2.372259887005649261e+02
2.369344632768361407e+02
2.366553672316384223e+02
2.364022598870056413e+02
2.361559322033897956e+02
2.359231638418078774e+02
2.357197740112994211e+02
2.355502824858756696e+02
2.353841807909604427e+02
2.352508474576271169e+02
2.351288135593219977e+02
2.350112994350282349e+02
2.349242937853107378e+02
2.348553672316384109e+02
2.348112994350282179e+02
2.347932203389830192e+02
2.347920903954802156e+02
2.348293785310734165e+02
2.348813559322033768e+02
2.349367231638418048e+02
2.350293785310734336e+02
2.351446327683615607e+02
2.353028248587570488e+02
2.354700564971751362e+02
2.356395480225988592e+02
2.358440677966101475e+02
2.360836158192090295e+02
2.363163841807909478e+02
2.365819209039547673e+02
2.368689265536722814e+02
2.371593220338982633e+02
2.374406779661016742e+02
2.376553672316383938e+02
2.378338983050847162e+02
2.379683615819208740e+02
2.380587570621468672e+02
2.380960451977400965e+02
2.380779661016948978e+02
2.380192090395480022e+02
2.379062146892655107e+02
2.377468926553672190e+02
2.375276836158191998e+02
2.372734463276835868e+02
2.369638418079096027e+02
2.366316384180790919e+02
2.362757062146892508e+02
2.359491525423728717e+02
2.356271186440677639e+02
2.353186440677965834e+02
2.350237288135593019e+02
2.347536723163841543e+02
2.344994350282485698e+02
2.342723163841807832e+02
2.340768361581920658e+02
2.339062146892655107e+02
2.337593220338982860e+02
2.336418079096044949e+02
2.335751412429378320e+02
2.335028248587570374e+02
2.334666666666666401e+02
2.334644067796609761e+02
2.334915254237288309e+02
2.335412429378531272e+02
2.336192090395480250e+02
2.337231638418079172e+02
2.338418079096045403e+02
2.339932203389830647e+02
2.341627118644067878e+02
2.343615819209039728e+02
2.345841807909604313e+02
2.348429378531073439e+02
2.351073446327683598e+02
2.353932203389830704e+02
2.356960451977400908e+02
2.360225988700564983e+02
2.363706214689265721e+02
2.367152542372881499e+02
2.370870056497175256e+02
2.374553672316384052e+02
2.377898305084745516e+02
2.380655367231638593e+02
2.383050847457627128e+02
2.384745762711864359e+02
2.386135593220338933e+02
2.386915254237288195e+02
2.387084745762711577e+02
2.386836158192090238e+02
2.385943502824858911e+02
2.384598870056497049e+02
2.382644067796610159e+02
2.380293785310734336e+02
2.377333333333332916e+02
2.374124293785310726e+02
2.370711864406779341e+02
2.367457627118644155e+02
2.364418079096045346e+02
2.361435028248587571e+02
2.358655367231638138e+02
2.356067796610169580e+02
2.353536723163841771e+02
2.351141242937853235e+02
2.348971751412429114e+02
2.346915254237288195e+02
2.344971751412429342e+02
2.343333333333333144e+02
2.341841807909604540e+02
2.340610169491525312e+02
2.339446327683615721e+02
2.338632768361581782e+02
2.337728813559322134e+02
2.337288135593220204e+02
2.337096045197740182e+02
2.336881355932203519e+02
2.337016949152542225e+02
2.337412429378530874e+02
2.338169491525423780e+02
2.339084745762711464e+02
2.340146892655367310e+02
2.341514124293785244e+02
2.343096045197739841e+02
2.344881355932203064e+02
2.346892655367231555e+02
2.349310734463276731e+02
2.351796610169491544e+02
2.354429378531073382e+02
2.357107344632768218e+02
2.359322033898305051e+02
2.361163841807909307e+02
2.362451977401129852e+02
2.363254237288135187e+02
2.363796610169491146e+02
2.363819209039547786e+02
2.363367231638417820e+02
2.362463276836157888e+02
2.361129943502824631e+02
2.359322033898304767e+02
2.357073446327683541e+02
2.354248587570621112e+02
2.351118644067796595e+02
2.347615819209039500e+02
2.344112994350282406e+02
2.340564971751412315e+02
2.337288135593220204e+02
2.334180790960451759e+02
2.331141242937852951e+02
2.328271186440677809e+02
2.325774011299434960e+02
2.323570621468926447e+02
2.321525423728813280e+02
2.319762711864406697e+02
2.318237288135592848e+02
2.317016949152542225e+02
2.316180790960451930e+02
2.315593220338982974e+02
2.315322033898304994e+02
2.315141242937853008e+02
2.315242937853107037e+02
2.315819209039547673e+02
2.316451977401129625e+02
2.317276836158192168e+02
2.318553672316384109e+02
2.320056497175141033e+02
2.321615819209039273e+02
2.323661016949152440e+02
2.325785310734462996e+02
2.328271186440677809e+02
2.330858757062146651e+02
2.333796610169491430e+02
2.336790960451977526e+02
2.339977401129943644e+02
2.343299435028248752e+02
2.346824858757062202e+02
2.350440677966101646e+02
2.353988700564971737e+02
2.357096045197740182e+02
2.359728813559322020e+02
2.361819209039547900e+02
2.363265536723163791e+02
2.364135593220339047e+02
2.364587570621469013e+02
2.364384180790960386e+02
2.363627118644067764e+02
2.362327683615819183e+02
2.360406779661016969e+02
2.357977401129943473e+02
2.355050847457627015e+02
2.351762711864406583e+02
2.348316384180790806e+02
2.344926553672316345e+02
2.341864406779661181e+02
2.338813559322034052e+02
2.335785310734463280e+02
2.332960451977401135e+02
2.330418079096045290e+02
2.328079096045197787e+02
2.325785310734463280e+02
2.323785310734463110e+02
2.321932203389830534e+02
2.320169491525423666e+02
2.318666666666666458e+02
2.317322033898304880e+02
2.316271186440677923e+02
2.315412429378530987e+02
2.314723163841807718e+02
2.314316384180790749e+02
2.314180790960451759e+02
2.314203389830508399e+02
2.314372881355932350e+02
2.314768361581920999e+02
2.315649717514124291e+02
2.316587570621468899e+02
2.317887005649717480e+02
2.319344632768361407e+02
2.320858757062146651e+02
2.322813559322033825e+02
2.324971751412429057e+02
2.327502824858756867e+02
2.330067796610169353e+02
2.332836158192090181e+02
2.335762711864406640e+02
2.339005649717514075e+02
2.342079096045197559e+02
2.344757062146892395e+02
2.346757062146892281e+02
2.348372881355932122e+02
2.349627118644067423e+02
2.350350282485875368e+02
2.350564971751412031e+02
2.350338983050847048e+02
2.349468926553672077e+02
2.348180790960451816e+02
2.346485875706214586e+02
2.344248587570621396e+02
2.341525423728813280e+02
2.338406779661016799e+02
2.335016949152542338e+02
2.331536723163841600e+02
2.328225988700564812e+02
2.325231638418079001e+02
2.322169491525423268e+02
2.319604519774011351e+02
2.317129943502824574e+02
2.314892655367231384e+02
2.312971751412429171e+02
2.311378531073445970e+02
2.310045197740112712e+02
2.308926553672316118e+02
2.308180790960451532e+02
2.307717514124293530e+02
2.307412429378530874e+02
2.307378531073446197e+02
2.307593220338982860e+02
2.308011299435028150e+02
2.308858757062146765e+02
2.309954802259886719e+02
2.311288135593219977e+02
2.312813559322033825e+02
2.314666666666666401e+02
2.316587570621468899e+02
2.318847457627118729e+02
2.321242937853107264e+02
2.323920903954802100e+02
2.326779661016948921e+02
2.329751412429378377e+02
2.333016949152542452e+02
2.336440677966101589e+02
2.339988700564971396e+02
2.343661016949152440e+02
2.346790960451977242e+02
2.349435028248587400e+02
2.351717514124293587e+02
2.353502824858756810e+02
2.354564971751412088e+02
2.355197740112994325e+02
2.355209039548022361e+02
2.354723163841807718e+02
2.353638418079095800e+02
2.352033898305084563e+02
2.349819209039548014e+02
2.347186440677966175e+02
2.344124293785310726e+02
2.340598870056496992e+02
2.337186440677965891e+02
2.333932203389830420e+02
2.330836158192090295e+02
2.327785310734462882e+02
2.324779661016949035e+02
2.322112994350282520e+02
2.319525423728813394e+02
2.317016949152542225e+02
2.314757062146892679e+02
2.312666666666666515e+02
2.310723163841807377e+02
2.308937853107344154e+02
2.307401129943502553e+02
2.306067796610169296e+02
2.304903954802259420e+02
2.303920903954801815e+02
2.303129943502824517e+02
2.302621468926553234e+02
2.302214689265536265e+02
2.302090395480225311e+02
2.302067796610169239e+02
2.302338983050847219e+02
2.302836158192089897e+02
2.303661016949152440e+02
2.304598870056497049e+02
2.305875706214688989e+02
2.307175141242937570e+02
2.308960451977400794e+02
2.310745762711864018e+02
2.313005649717513847e+02
2.315322033898304710e+02
2.317830508474575595e+02
2.320429378531073326e+02
2.323005649717513847e+02
2.325073446327683371e+02
2.326836158192089954e+02
2.328079096045197502e+02
2.328757062146892451e+02
2.329209039548022133e+02
2.328881355932203121e+02
2.328225988700564812e+02
2.327062146892655221e+02
2.325276836158191713e+02
2.323231638418078830e+02
2.320632768361581952e+02
2.317706214689265494e+02
2.314248587570621112e+02
2.310768361581920658e+02
2.307322033898304880e+02
2.304079096045197730e+02
2.300960451977400680e+02
2.297830508474576163e+02
2.295096045197739727e+02
2.292564971751412202e+02
2.290135593220338706e+02
2.288011299435028150e+02
2.286237288135592962e+02
2.284576271186440408e+02
2.283220338983051079e+02
2.282045197740113167e+02
2.281220338983050908e+02
2.280621468926553632e+02
2.280293785310734336e+02
2.280192090395480022e+02
2.280350282485875368e+02
2.280711864406779341e+02
2.281412429378531215e+02
2.282338983050847503e+02
2.283423728813559137e+02
2.284903954802259989e+02
2.286542372881356187e+02
2.288361581920904086e+02
2.290429378531073326e+02
2.292813559322033825e+02
2.295333333333333599e+02
2.298169491525423496e+02
2.301062146892655278e+02
2.304045197740113053e+02
2.307118644067796254e+02
2.310508474576270999e+02
2.313774011299435074e+02
2.317129943502824858e+02
2.320169491525423382e+02
2.322610169491525198e+02
2.324497175141242735e+02
2.325999999999999659e+02
2.326813559322033598e+02
2.327118644067796254e+02
2.326926553672316231e+02
2.326180790960451930e+02
2.324994350282485698e+02
2.323299435028248467e+02
2.321050847457626674e+02
2.318485875706214756e+02
2.315310734463276674e+02
2.312316384180790863e+02
2.309288135593220090e+02
2.306463276836157945e+02
2.303706214689265153e+02
2.301129943502824631e+02
2.298677966101694778e+02
2.296293785310734279e+02
2.294180790960451759e+02
2.292282485875705902e+02
2.290429378531073326e+02
2.288836158192090124e+02
2.287457627118643586e+02
2.286293785310734279e+02
2.285062146892655335e+02
2.284237288135593076e+02
2.283525423728813450e+02
2.283073446327683484e+02
2.282903954802259818e+02
2.282881355932203178e+02
2.283005649717513847e+02
2.283491525423728490e+02
2.284248587570621396e+02
2.285118644067796367e+02
2.286338983050847560e+02
2.287830508474576163e+02
2.289378531073446368e+02
2.291129943502824915e+02
2.293242937853107435e+02
2.295548022598870261e+02
2.298146892655367424e+02
2.300790960451977298e+02
2.303559322033898411e+02
2.306587570621469183e+02
2.309559322033898070e+02
2.312033898305084563e+02
2.314033898305084449e+02
2.315694915254237003e+02
2.317050847457627185e+02
2.317841807909604768e+02
2.318067796610169466e+02
2.318135593220339103e+02
2.317559322033898184e+02
2.316689265536723212e+02
2.315299435028248638e+02
2.313480225988700454e+02
2.311412429378531215e+02
2.308655367231638706e+02
2.305694915254237287e+02
2.302338983050847219e+02
2.298903954802259761e+02
2.295830508474576277e+02
2.292768361581920828e+02
2.289785310734463337e+02
2.287039548022598865e+02
2.284429378531073382e+02
2.282135593220338876e+02
2.280158192090395346e+02
2.278395480225988763e+02
2.276994350282485868e+02
2.275807909604519637e+02
2.274813559322033711e+02
2.274135593220339047e+02
2.273740112994350397e+02
2.273604519774011408e+02
2.273661016949152440e+02
2.274225988700565040e+02
2.274903954802259705e+02
2.275694915254237571e+02
2.276745762711864529e+02
2.278146892655367424e+02
2.279638418079096027e+02
2.281435028248587571e+02
2.283536723163841771e+02
2.285649717514124291e+02
2.288158192090395460e+02
2.290847457627118615e+02
2.293548022598870091e+02
2.296440677966101589e+02
2.299615819209039387e+02
2.302700564971751191e+02
2.305853107344632917e+02
2.308915254237288082e+02
2.311593220338983201e+02
2.313807909604519750e+02
2.315423728813559023e+02
2.316350282485875596e+02
2.316949152542372872e+02
2.317005649717514189e+02
2.316519774011299546e+02
2.315570621468926333e+02
2.314169491525423723e+02
2.312180790960451873e+02
2.309751412429378661e+02
2.307005649717514189e+02
2.303864406779661067e+02
2.300689265536723269e+02
2.297706214689265494e+02
2.294734463276836323e+02
2.292011299435028207e+02
2.289367231638418048e+02
2.286926553672316231e+02
2.284553672316384052e+02
2.282305084745762542e+02
2.280395480225988933e+02
2.278406779661017083e+02
2.276610169491525539e+02
2.275062146892655619e+02
2.273638418079096368e+02
2.272384180790960500e+02
2.271254237288135869e+02
2.270271186440677980e+02
2.269514124293785358e+02
2.268949152542373042e+02
2.268689265536723099e+02
2.268440677966101475e+02
2.268372881355932407e+02
2.268429378531073439e+02
2.268937853107344722e+02
2.269559322033898354e+02
2.270429378531073610e+02
2.271412429378531215e+02
2.272677966101695120e+02
2.274192090395480363e+02
2.275717514124293928e+02
2.277604519774011465e+02
2.279615819209039671e+02
2.281898305084745857e+02
2.284259887005650000e+02
2.286101694915254257e+02
2.287514124293785471e+02
2.288451977401130080e+02
2.288971751412429398e+02
2.288949152542372758e+02
2.288451977401130080e+02
2.287638418079096141e+02
2.286225988700564926e+02
2.284576271186440692e+02
2.282384180790960784e+02
2.279638418079096027e+02
2.276451977401130193e+02
2.273175141242938082e+02
2.270124293785310670e+02
2.267005649717514189e+02
2.264158192090395687e+02
2.261254237288135869e+02
2.258621468926554030e+02
2.256192090395480534e+02
2.253943502824859024e+02
2.251853107344632861e+02
2.249932203389830647e+02
2.248293785310734734e+02
2.246971751412429512e+02
2.245751412429378604e+02
2.244813559322033996e+02
2.244146892655367367e+02
2.243774011299435074e+02
2.243694915254237401e+02
2.243762711864407038e+02
2.244112994350282975e+02
2.244598870056497333e+02
2.245480225988700909e+02
2.246395480225988877e+02
2.247694915254237458e+02
2.249242937853107378e+02
2.251028248587570886e+02
2.252960451977401135e+02
2.255129943502825256e+02
2.257514124293785756e+02
2.260135593220339274e+02
2.262949152542373099e+02
2.265807909604519921e+02
2.268836158192090693e+02
2.271999999999999886e+02
2.275457627118644268e+02
2.278858757062146765e+02
2.282259887005649830e+02
2.285254237288135641e+02
2.287785310734463451e+02
2.289740112994350341e+02
2.291175141242937912e+02
2.292000000000000171e+02
2.292361581920904143e+02
2.292090395480226164e+02
2.291344632768361862e+02
2.290158192090395914e+02
2.288338983050847730e+02
2.286000000000000227e+02
2.283220338983051079e+02
2.279943502824858683e+02
2.276666666666666856e+02
2.273683615819209081e+02
2.270677966101695233e+02
2.267638418079096141e+02
2.265016949152542622e+02
2.262372881355932464e+02
2.259864406779661294e+02
2.257593220338983429e+02
2.255457627118644268e+02
2.253423728813559421e+02
2.251615819209039557e+02
2.249796610169491657e+02
2.248350282485875766e+02
2.247107344632768502e+02
2.245875706214689274e+02
2.244926553672316345e+02
2.244192090395480363e+02
2.243751412429378433e+02
2.243299435028248752e+02
2.243163841807909762e+02
2.243242937853107719e+02
2.243706214689265721e+02
2.244192090395480648e+02
2.245096045197740295e+02
2.246000000000000227e+02
2.247129943502824858e+02
2.248531073446328037e+02
2.250079096045197957e+02
2.251830508474576504e+02
2.253740112994350397e+02
2.255796610169491601e+02
2.258248587570621453e+02
2.260632768361581952e+02
2.263197740112994438e+02
2.265751412429378604e+02
2.267796610169491487e+02
2.269468926553672645e+02
2.270757062146892906e+02
2.271706214689265835e+02
2.272203389830508513e+02
2.272293785310734791e+02
2.271954802259887174e+02
2.271231638418079228e+02
2.270158192090395914e+02
2.268542372881356073e+02
2.266553672316384223e+02
2.264350282485875994e+02
2.261627118644067878e+02
2.258711864406779739e+02
2.255796610169491601e+02
2.253152542372881726e+02
2.250576271186440920e+02
2.248338983050847446e+02
2.246293785310734847e+02
2.244485875706214983e+02
2.242847457627119070e+02
2.241593220338983485e+02
2.240338983050847617e+02
2.239502824858757322e+02
2.238824858757062657e+02
2.238406779661017367e+02
2.238305084745762770e+02
2.238327683615819410e+02
2.238666666666666742e+02
2.239107344632768672e+02
2.239909604519774007e+02
2.240949152542373213e+02
2.242248587570621794e+02
2.243819209039548355e+02
2.245581920903954938e+02
2.247604519774011465e+02
2.249717514124293984e+02
2.252101694915254484e+02
2.254576271186440977e+02
2.257129943502825142e+02
2.260124293785310954e+02
2.263039548022599092e+02
2.266146892655367537e+02
2.269367231638418332e+02
2.272361581920904143e+02
2.274903954802260273e+02
2.277005649717514189e+02
2.278689265536723383e+02
2.279796610169491657e+02
2.280723163841807946e+02
2.281028248587570602e+02
2.280757062146892622e+02
2.280112994350282634e+02
2.279050847457627356e+02
2.277401129943502838e+02
2.275288135593220602e+02
2.272994350282486096e+02
2.270259887005649944e+02
2.267186440677966175e+02
2.264124293785311011e+02
2.261265536723163905e+02
2.258451977401130080e+02
2.255638418079096255e+02
2.253197740112994722e+02
2.250847457627118899e+02
2.248463276836158400e+02
2.246305084745762883e+02
2.244384180790960670e+02
2.242497175141243133e+02
2.240915254237288252e+02
2.239389830508474688e+02
2.238192090395480705e+02
2.237050847457627469e+02
2.236135593220339501e+02
2.235378531073446879e+02
2.234870056497175597e+02
2.234644067796610614e+02
2.234474576271186663e+02
2.234497175141243304e+02
2.234813559322034280e+02
2.235288135593220602e+02
2.235841807909604881e+02
2.236813559322034166e+02
2.237887005649717764e+02
2.239333333333333655e+02
2.240971751412429853e+02
2.242915254237288423e+02
2.244836158192090920e+02
2.247096045197740750e+02
2.249604519774011635e+02
2.252158192090395801e+02
2.254474576271186663e+02
2.256440677966101873e+02
2.257898305084746085e+02
2.259163841807909989e+02
2.259830508474576618e+02
2.260192090395480591e+02
2.260203389830508627e+02
2.259649717514124632e+02
2.258587570621468785e+02
2.257265536723163848e+02
2.255457627118644268e+02
2.253084745762712089e+02
2.250406779661017254e+02
2.247265536723164132e+02
2.243740112994350682e+02
2.240237288135593587e+02
2.236734463276836493e+02
2.233446327683616062e+02
2.230305084745762656e+02
2.227186440677966175e+02
2.224237288135593360e+02
2.221604519774011521e+02
2.219186440677966061e+02
2.216994350282485868e+02
2.215016949152542338e+02
2.213299435028248752e+02
2.211740112994350511e+02
2.210542372881355959e+02
2.209593220338983031e+02
2.208790960451977696e+02
2.208406779661017083e+02
2.208158192090395460e+02
2.208271186440678093e+02
2.208621468926554030e+02
2.209062146892655392e+02
2.209796610169491657e+02
2.210779661016949262e+02
2.211898305084745857e+02
2.213446327683615777e+02
2.215129943502824972e+02
2.216971751412429512e+02
2.218915254237288082e+02
2.221186440677966232e+02
2.223661016949152724e+02
2.226271186440678207e+02
2.229005649717514075e+02
2.231988700564971850e+02
2.234949152542372985e+02
2.237943502824858797e+02
2.241152542372881271e+02
2.244316384180791033e+02
2.246802259887005562e+02
2.249005649717514359e+02
2.250474576271186606e+02
2.251536723163841884e+02
2.252045197740113167e+02
2.252022598870056527e+02
2.251502824858757208e+02
2.250350282485875937e+02
2.248949152542373326e+02
2.246858757062147163e+02
2.244169491525424007e+02
2.241299435028248865e+02
2.238632768361582066e+02
2.235909604519774234e+02
2.233333333333333712e+02
2.230802259887005903e+02
2.228451977401130080e+02
2.226282485875706243e+02
2.224271186440678036e+02
2.222338983050847787e+02
2.220553672316384564e+02
2.218858757062146765e+02
2.217322033898305165e+02
2.216045197740112940e+02
2.214949152542372985e+02
2.213943502824858740e+02
2.212903954802259818e+02
2.212237288135593190e+02
2.211977401129943530e+02
2.211672316384180874e+02
2.211593220338983201e+02
2.211615819209039557e+02
2.211932203389830534e+02
2.212395480225988535e+02
2.213016949152542452e+02
2.213774011299435074e+02
2.214813559322033996e+02
2.216135593220338933e+02
2.217728813559322134e+02
2.219570621468926674e+02
2.221344632768361862e+02
2.223355932203389784e+02
2.225672316384180931e+02
2.228056497175141430e+02
2.230644067796610557e+02
2.233073446327683769e+02
2.235435028248587628e+02
2.237446327683615834e+02
2.239073446327683712e+02
2.240248587570621623e+02
2.241005649717514245e+02
2.241220338983050908e+02
2.240949152542372929e+02
2.240237288135593303e+02
2.239333333333333371e+02
2.237751412429378775e+02
2.235774011299435244e+02
2.233299435028249036e+02
2.230598870056497276e+02
2.227728813559322418e+02
2.224858757062146992e+02
2.222305084745763111e+02
2.219661016949152952e+02
2.217310734463276845e+02
2.215197740112994609e+02
2.213254237288135755e+02
2.211615819209039842e+02
2.210293785310734620e+02
2.209141242937853349e+02
2.208282485875706129e+02
2.207774011299434846e+02
2.207367231638418161e+02
2.207197740112994495e+02
2.207355932203389841e+02
2.207819209039548127e+02
2.208429378531073439e+02
2.209389830508474688e+02
2.210542372881355959e+02
2.211830508474576504e+02
2.213514124293785130e+02
2.215231638418079001e+02
2.217242937853107492e+02
2.219615819209039671e+02
2.222033898305085131e+02
2.224790960451977639e+02
2.227706214689265778e+02
2.230960451977401249e+02
2.234225988700565040e+02
2.237593220338982860e+02
2.241197740112994552e+02
2.244881355932203633e+02
2.248463276836158116e+02
2.251649717514124518e+02
2.254384180790960386e+02
2.256757062146892849e+02
2.258531073446327753e+02
2.259728813559322020e+02
2.260632768361581952e+02
2.260892655367231612e+02
2.260542372881355959e+02
2.259988700564971964e+02
2.258723163841807775e+02
2.257129943502824858e+02
2.254903954802259989e+02
2.252248587570621510e+02
2.249050847457627071e+02
2.245593220338982974e+02
2.242192090395480477e+02
2.239028248587570715e+02
2.236011299435028263e+02
2.233016949152542452e+02
2.230259887005649944e+02
2.227706214689265778e+02
2.225107344632768331e+02
2.222824858757062145e+02
2.220644067796609988e+02
2.218632768361582066e+02
2.216745762711864529e+02
2.215107344632768331e+02
2.213694915254237685e+02
2.212474576271186493e+02
2.211355932203389898e+02
2.210418079096045290e+02
2.209694915254237344e+02
2.209299435028248695e+02
2.208937853107344722e+02
2.208881355932203405e+02
2.208960451977401362e+02
2.209265536723164018e+02
2.209807909604519978e+02
2.210644067796610273e+02
2.211649717514124234e+02
2.212824858757062430e+02
2.214192090395480363e+02
2.215841807909604597e+02
2.217694915254237458e+02
2.219762711864406981e+02
2.222022598870056527e+02
2.224418079096045346e+02
2.226406779661016913e+02
2.227932203389830477e+02
2.229028248587570715e+02
2.229920903954802043e+02
2.230350282485875653e+02
2.230305084745762656e+02
2.229796610169491373e+02
2.228937853107344722e+02
2.227502824858757151e+02
2.225615819209039614e+02
2.223186440677966402e+02
2.220418079096045290e+02
2.217265536723164132e+02
2.213830508474576391e+02
2.210395480225988649e+02
2.207039548022598865e+02
2.203898305084745743e+02
2.200824858757062543e+02
2.197875706214689444e+02
2.195118644067796936e+02
2.192531073446327810e+02
2.190135593220338706e+02
2.188101694915254143e+02
2.186101694915254541e+02
2.184531073446327696e+02
2.183129943502824801e+02
2.182045197740113167e+02
2.181355932203389898e+02
2.180689265536723269e+02
2.180406779661017254e+02
2.180282485875706300e+02
2.180361581920903973e+02
2.180689265536723269e+02
2.181344632768361862e+02
2.182248587570621510e+02
2.183423728813559137e+02
2.184745762711864359e+02
2.186338983050847560e+02
2.188101694915254143e+02
2.189966101694915324e+02
2.192271186440677866e+02
2.194576271186440977e+02
2.197254237288135528e+02
2.199954802259887003e+02
2.202903954802259818e+02
2.205966101694915267e+02
2.209163841807909421e+02
2.212305084745762542e+02
2.215220338983050681e+02
2.217672316384180817e+02
2.219570621468926390e+02
2.220960451977401249e+02
2.221830508474576220e+02
2.222146892655367481e+02
2.222158192090395517e+02
2.221525423728813564e+02
2.220406779661017254e+02
2.218757062146892736e+02
2.216677966101694892e+02
2.213943502824859024e+02
2.210881355932203576e+02
2.208011299435028150e+02
2.205129943502824972e+02
2.202248587570621510e+02
2.199570621468926674e+02
2.197005649717514189e+02
2.194723163841807718e+02
2.192418079096045176e+02
2.190350282485875937e+02
2.188406779661017083e+02
2.186553672316384223e+02
2.184836158192090352e+02
2.183333333333333428e+02
2.181966101694915210e+02
2.180734463276836550e+02
2.179830508474576050e+02
2.179028248587570715e+02
2.178316384180790806e+02
2.177875706214689160e+02
2.177661016949152497e+02
2.177581920903954824e+02
2.177796610169491487e+02
2.178158192090395460e+02
2.178745762711864700e+02
2.179378531073446368e+02
2.180395480225988933e+02
2.181661016949152838e+02
2.183005649717514416e+02
2.184632768361582009e+02
2.186384180790960556e+02
2.188395480225988763e+02
2.190621468926553916e+02
2.193039548022599092e+02
2.195672316384180931e+02
2.198440677966102044e+02
2.201288135593220545e+02
2.203853107344633031e+02
2.205954802259887231e+02
2.207796610169491487e+02
2.209175141242938025e+02
2.210079096045197957e+02
2.210553672316384564e+02
2.210564971751412600e+02
2.210180790960451986e+02
2.209401129943502724e+02
2.208271186440678093e+02
2.206576271186440579e+02
2.204531073446327980e+02
2.202045197740113167e+02
2.199209039548022702e+02
2.196214689265536890e+02
2.193096045197740409e+02
2.190282485875706584e+02
2.187593220338983144e+02
2.185096045197740295e+02
2.182960451977401135e+02
2.180971751412429569e+02
2.179242937853107378e+02
2.177683615819208853e+02
2.176542372881355902e+02
2.175536723163841657e+02
2.174779661016949035e+02
2.174282485875706357e+02
2.174135593220339047e+02
2.174180790960452043e+02
2.174485875706214983e+02
2.175039548022598979e+02
2.175864406779661238e+02
2.176790960451977526e+02
2.178101694915254143e+02
2.179502824858757322e+02
2.181276836158192225e+02
2.183209039548022758e+02
2.185355932203390239e+02
2.187672316384181102e+02
2.190259887005649944e+02
2.193005649717514416e+02
2.195954802259886947e+02
2.199186440677966061e+02
2.202463276836158173e+02
2.205841807909604597e+02
2.209355932203389727e+02
2.212858757062147106e+02
2.215988700564971623e+02
2.218700564971751419e+02
2.221016949152542566e+02
2.222711864406779796e+02
2.224056497175141374e+02
2.224949152542372701e+02
2.225276836158191998e+02
2.225039548022598979e+02
2.224203389830508399e+02
2.223039548022599092e+02
2.221344632768361578e+02
2.219073446327683428e+02
2.216372881355932236e+02
2.213220338983051079e+02
2.209887005649717651e+02
2.206813559322034166e+02
2.203683615819209081e+02
2.200644067796610273e+02
2.197864406779660840e+02
2.195231638418079001e+02
2.192621468926553803e+02
2.190293785310734620e+02
2.188169491525423496e+02
2.186112994350282293e+02
2.184327683615819069e+02
2.182700564971751760e+02
2.181186440677966232e+02
2.179785310734463337e+02
2.178858757062146765e+02
2.178000000000000114e+02
2.177333333333333485e+02
2.176768361581920885e+02
2.176564971751412543e+02
2.176463276836158229e+02
2.176632768361581896e+02
2.177039548022598865e+02
2.177615819209039500e+02
2.178542372881356073e+02
2.179615819209039671e+02
2.181039548022599206e+02
2.182610169491525482e+02
2.184395480225988706e+02
2.186406779661016913e+02
2.188644067796610102e+02
2.191096045197739954e+02
2.193751412429378433e+02
2.196474576271186265e+02
2.198971751412429398e+02
2.201118644067796595e+02
2.202655367231638479e+02
2.203864406779661067e+02
2.204610169491525653e+02
2.204960451977401306e+02
2.204677966101695006e+02
2.203875706214689103e+02
2.202870056497175142e+02
2.201288135593220261e+02
2.199231638418078774e+02
2.196824858757062202e+02
2.194033898305084733e+02
2.190632768361581952e+02
2.187118644067796538e+02
2.183593220338983087e+02
2.180271186440677980e+02
2.177016949152542509e+02
2.173898305084745743e+02
2.170971751412429853e+02
2.168361581920904086e+02
2.166011299435028548e+02
2.163762711864407038e+02
2.161796610169491828e+02
2.160033898305084676e+02
2.158587570621468785e+02
2.157344632768361521e+02
2.156293785310734563e+02
2.155468926553672304e+02
2.154892655367231669e+02
2.154677966101695006e+02
2.154711864406779682e+02
2.154971751412429342e+02
2.155491525423728660e+02
2.156124293785310613e+02
2.157107344632768218e+02
2.158327683615819126e+02
2.159819209039548014e+02
2.161389830508474574e+02
2.163231638418079115e+02
2.165209039548022361e+02
2.167367231638418161e+02
2.169988700564971680e+02
2.172621468926553518e+02
2.175276836158191998e+02
2.178090395480226107e+02
2.181141242937853235e+02
2.184203389830508399e+02
2.187299435028248524e+02
2.189875706214689046e+02
2.192079096045197844e+02
2.193627118644067764e+02
2.194847457627118672e+02
2.195378531073446311e+02
2.195457627118643984e+02
2.195039548022598979e+02
2.193966101694915096e+02
2.192474576271186493e+02
2.190497175141243247e+02
2.188011299435028150e+02
2.185005649717514018e+02
2.181999999999999886e+02
2.179152542372881385e+02
2.176485875706214870e+02
2.173819209039548070e+02
2.171265536723163905e+02
2.168757062146892736e+02
2.166395480225988877e+02
2.164203389830508684e+02
2.162169491525423837e+02
2.160259887005649375e+02
2.158564971751412145e+02
2.157005649717514189e+02
2.155740112994350284e+02
2.154576271186440692e+02
2.153491525423728774e+02
2.152700564971751191e+02
2.151977401129943246e+02
2.151412429378530931e+02
2.151084745762711918e+02
2.150994350282485925e+02
2.151197740112993984e+02
2.151525423728813280e+02
2.152056497175141203e+02
2.152790960451977185e+02
2.153830508474576106e+02
2.155118644067796652e+02
2.156519774011299546e+02
2.158192090395480136e+02
2.160079096045197957e+02
2.162045197740113167e+02
2.164282485875706357e+02
2.166711864406779569e+02
2.169265536723163734e+02
2.171977401129943246e+02
2.174248587570621396e+02
2.176045197740112940e+02
2.177457627118643586e+02
2.178508474576270828e+02
2.179107344632768104e+02
2.179129943502824744e+02
2.178768361581920772e+02
2.178000000000000114e+02
2.176790960451977526e+02
2.175276836158191998e+02
2.173118644067796481e+02
2.170700564971751305e+02
2.167875706214689160e+02
2.164587570621468728e+02
2.161367231638417934e+02
2.158146892655367424e+02
2.155265536723163677e+02
2.152531073446327810e+02
2.149954802259886719e+02
2.147525423728813507e+02
2.145536723163841657e+02
2.143604519774011123e+02
2.141909604519773893e+02
2.140497175141242678e+02
2.139254237288135414e+02
2.138305084745762485e+02
2.137706214689265209e+02
2.137254237288135528e+02
2.137107344632768218e+02
2.137073446327683257e+02
2.137491525423728547e+02
2.138079096045197787e+02
2.138926553672316402e+02
2.140011299435028036e+02
2.141344632768361294e+02
2.142745762711864472e+02
2.144644067796610045e+02
2.146666666666666572e+02
2.148745762711864415e+02
2.151175141242937912e+02
2.153819209039547786e+02
2.156610169491525255e+02
2.159661016949152383e+02
2.162858757062146537e+02
2.166214689265536606e+02
2.169604519774011067e+02
2.173062146892655164e+02
2.176282485875706243e+02
2.179163841807909421e+02
2.181502824858756924e+02
2.183344632768361464e+02
2.184847457627118388e+02
2.185694915254237003e+02
2.185977401129943587e+02
2.185796610169491316e+02
2.185062146892655051e+02
2.183864406779660783e+02
2.182350282485875255e+02
2.180305084745762656e+02
2.177875706214688876e+02
2.175028248587570374e+02
2.171774011299435188e+02
2.168531073446327468e+02
2.165435028248587344e+02
2.162384180790960500e+02
2.159581920903954710e+02
2.156836158192090238e+02
2.154327683615819069e+02
2.151853107344632292e+02
2.149581920903954426e+02
2.147378531073446197e+02
2.145435028248587344e+02
2.143604519774011408e+02
2.141920903954802213e+02
2.140451977401129966e+02
2.139062146892655392e+02
2.137841807909604199e+02
2.136858757062146879e+02
2.136158192090395573e+02
2.135355932203389671e+02
2.134971751412429342e+02
2.134813559322033711e+02
2.134802259887005391e+02
2.134960451977401021e+02
2.135525423728813621e+02
2.136214689265536606e+02
2.137175141242938139e+02
2.138418079096045403e+02
2.139706214689265664e+02
2.141231638418078944e+02
2.143005649717514132e+02
2.144960451977401021e+02
2.147118644067796254e+02
2.149344632768361407e+02
2.151751412429378547e+02
2.153853107344632747e+02
2.155683615819208967e+02
2.156881355932203519e+02
2.157717514124293814e+02
2.158192090395480136e+02
2.158203389830508740e+02
2.157977401129943473e+02
2.157276836158192168e+02
2.156067796610169580e+02
2.154440677966101703e+02
2.152372881355932464e+02
2.149966101694915324e+02
2.147129943502824858e+02
2.144022598870056413e+02
2.140802259887005619e+02
2.137706214689265494e+02
2.134723163841807718e+02
2.131830508474575936e+02
2.129242937853107378e+02
2.126723163841807889e+02
2.124406779661017026e+02
2.122305084745762827e+02
2.120463276836158002e+02
2.118734463276836095e+02
2.117220338983050851e+02
2.116112994350282577e+02
2.115220338983050965e+02
2.114485875706214699e+02
2.113932203389830136e+02
2.113649717514124120e+02
2.113548022598869807e+02
2.113807909604519750e+02
2.114214689265536435e+02
2.114881355932203348e+02
2.115785310734463280e+02
2.116994350282485868e+02
2.118338983050847446e+02
2.119807909604519693e+02
2.121548022598869920e+02
2.123548022598869807e+02
2.125548022598869977e+02
2.127954802259886833e+02
2.130282485875706016e+02
2.132870056497174858e+02
2.135559322033898013e+02
2.138180790960451532e+02
2.141073446327683314e+02
2.144022598870056129e+02
2.146915254237288195e+02
2.149728813559321736e+02
2.151954802259886605e+02
2.153672316384180476e+02
2.154937853107344381e+02
2.155661016949152327e+02
2.155909604519773666e+02
2.155694915254237003e+02
2.155016949152542054e+02
2.153898305084745743e+02
2.152214689265536549e+02
2.150079096045197389e+02
2.147536723163841543e+02
2.144903954802259705e+02
2.142564971751412202e+02
2.140180790960451986e+02
2.137819209039547843e+02
2.135570621468926333e+02
2.133525423728813166e+02
2.131604519774010953e+02
2.129841807909604086e+02
2.128192090395479852e+02
2.126847457627118274e+02
2.125570621468925765e+02
2.124237288135592507e+02
2.123254237288135187e+02
2.122350282485875255e+02
2.121322033898304653e+02
2.120734463276835697e+02
2.120282485875705731e+02
2.119943502824858399e+02
2.120022598870056072e+02
2.120112994350282065e+02
2.120338983050846764e+02
2.120666666666666060e+02
2.121299435028248297e+02
2.122146892655366628e+02
2.123254237288135187e+02
2.124474576271185811e+02
2.126067796610169012e+02
2.127706214689264925e+02
2.129672316384180135e+02
2.131683615819208626e+02
2.133999999999999773e+02
2.136451977401129625e+02
2.138813559322033484e+02
2.141389830508474290e+02
2.143559322033897843e+02
2.145344632768361066e+02
2.146779661016948921e+02
2.147785310734463167e+02
2.148440677966101191e+02
2.148677966101694494e+02
2.148406779661016230e+02
2.147796610169490918e+02
2.146711864406779000e+02
2.145276836158191713e+02
2.143446327683615209e+02
2.141254237288135016e+02
2.138689265536722530e+02
2.135751412429377751e+02
2.132949152542372531e+02
2.130124293785310101e+02
2.127412429378530589e+02
2.124949152542372417e+02
2.122598870056496594e+02
2.120576271186440067e+02
2.118790960451977128e+02
2.117231638418078887e+02
2.115807909604519637e+02
2.114745762711864359e+02
2.113819209039547786e+02
2.113299435028248467e+02
2.113005649717513847e+02
2.113016949152541883e+02
2.113231638418078830e+02
2.113661016949152440e+02
2.114248587570621112e+02
2.115073446327683371e+02
2.116203389830508286e+02
2.117717514124293530e+02
2.119265536723163450e+02
2.121141242937852951e+02
2.123220338983050510e+02
2.125491525423728660e+02
2.128079096045197502e+02
2.130711864406779341e+02
2.133661016949152440e+02
2.136508474576270942e+02
2.139683615819208740e+02
2.143039548022598524e+02
2.146384180790959988e+02
2.149491525423728433e+02
2.152056497175141203e+02
2.154361581920903745e+02
2.155988700564971623e+02
2.157468926553672190e+02
2.158282485875706129e+02
2.158700564971751135e+02
2.158497175141242792e+02
2.158056497175140862e+02
2.157096045197739898e+02
2.155581920903954654e+02
2.153638418079095800e+02
2.151231638418078660e+02
2.148474576271186152e+02
2.145220338983050681e+02
2.141864406779660612e+02
2.138553672316384109e+02
2.135468926553672020e+02
2.132463276836157888e+02
2.129615819209039387e+02
2.126802259887005562e+02
2.124248587570621112e+02
2.121762711864406583e+02
2.119480225988700397e+02
2.117096045197739898e+02
2.115118644067796367e+02
2.113039548022598808e+02
2.111197740112993984e+02
2.109423728813559080e+02
2.107909604519773552e+02
2.106598870056497219e+02
2.105502824858756981e+02
2.104463276836158343e+02
2.103762711864406754e+02
2.103175141242937798e+02
2.102870056497174858e+02
2.102745762711864472e+02
2.102813559322034109e+02
2.103028248587570488e+02
2.103446327683615777e+02
2.104124293785311011e+02
2.105005649717514302e+02
2.105954802259886947e+02
2.107254237288135528e+02
2.108666666666666742e+02
2.110158192090395346e+02
2.111988700564971850e+02
2.113898305084745743e+02
2.115920903954802270e+02
2.117627118644067821e+02
2.118858757062146765e+02
2.119807909604519409e+02
2.120372881355932009e+02
2.120406779661016685e+02
2.120135593220338706e+02
2.119333333333333371e+02
2.118033898305084790e+02
2.116395480225988592e+02
2.114474576271186379e+02
2.112022598870056527e+02
2.109389830508474404e+02
2.106384180790960272e+02
2.103491525423729058e+02
2.100836158192090295e+02
2.098158192090395460e+02
2.095661016949152327e+02
2.093242937853107151e+02
2.090994350282485925e+02
2.088903954802260046e+02
2.087152542372881499e+02
2.085367231638418275e+02
2.083898305084745743e+02
2.082553672316384450e+02
2.081615819209039842e+02
2.080870056497175256e+02
2.080293785310734620e+02
2.080067796610169637e+02
2.080033898305084961e+02
2.080056497175141317e+02
2.080440677966101646e+02
2.080802259887005903e+02
2.081581920903954881e+02
2.082463276836158457e+02
2.083491525423729058e+02
2.084903954802259989e+02
2.086361581920904200e+02
2.088067796610169466e+02
2.089875706214689330e+02
2.091875706214689217e+02
2.093988700564972021e+02
2.096350282485876164e+02
2.098790960451977696e+02
2.101423728813559251e+02
2.104192090395480363e+02
2.106937853107344836e+02
2.109728813559322020e+02
2.112621468926553803e+02
2.115367231638418275e+02
2.117796610169491487e+02
2.119717514124293984e+02
2.121107344632768559e+02
2.122056497175141203e+02
2.122531073446327810e+02
2.122576271186440806e+02
2.122180790960451873e+02
2.121152542372881555e+02
2.119796610169491657e+02
2.117988700564971509e+02
2.115853107344632917e+02
2.113389830508474745e+02
2.110960451977401249e+02
2.108836158192090693e+02
2.106655367231638536e+02
2.104621468926553689e+02
2.102745762711864472e+02
2.100971751412429285e+02
2.099186440677966061e+02
2.097548022598870148e+02
2.096146892655367253e+02
2.094768361581920999e+02
2.093728813559322361e+02
2.092802259887005789e+02
2.092146892655367481e+02
2.091536723163841884e+02
2.091039548022599206e+02
2.090836158192090579e+02
2.090700564971751305e+02
2.090847457627118899e+02
2.091050847457627242e+02
2.091514124293785244e+02
2.092124293785311124e+02
2.092960451977401419e+02
2.094124293785311011e+02
2.095220338983050965e+02
2.096768361581921170e+02
2.098406779661017083e+02
2.100282485875706300e+02
2.102214689265537118e+02
2.104395480225988706e+02
2.106768361581920885e+02
2.109163841807909705e+02
2.111717514124293871e+02
2.114350282485875709e+02
2.116666666666666856e+02
2.118542372881356073e+02
2.120101694915254029e+02
2.121502824858757208e+02
2.122293785310734506e+02
2.122790960451977753e+02
2.122847457627118501e+02
2.122734463276836152e+02
2.122067796610169808e+02
2.121062146892655278e+02
2.119559322033898638e+02
2.117785310734463451e+02
2.115559322033898582e+02
2.113073446327683769e+02
2.110192090395480591e+02
2.107062146892655505e+02
2.104000000000000057e+02
2.101028248587570602e+02
2.098429378531073439e+02
2.095887005649717594e+02
2.093559322033898411e+02
2.091435028248587855e+02
2.089694915254237344e+02
2.087966101694915437e+02
2.086655367231638536e+02
2.085525423728813621e+02
2.084644067796610329e+02
2.083966101694915096e+02
2.083548022598870091e+02
2.083355932203390068e+02
2.083401129943503065e+02
2.083683615819209365e+02
2.084146892655367651e+02
2.084960451977401590e+02
2.085966101694915551e+02
2.087197740112994779e+02
2.088677966101695347e+02
2.090293785310734620e+02
2.092112994350282804e+02
2.094214689265537004e+02
2.096474576271186550e+02
2.099028248587570999e+02
2.101559322033898525e+02
2.104361581920904314e+02
2.107344632768361805e+02
2.110406779661017254e+02
2.113570621468927015e+02
2.116440677966102157e+02
2.118881355932203974e+02
2.120802259887005903e+02
2.122429378531073780e+02
2.123514124293785699e+02
2.124248587570621680e+02
2.124440677966102271e+02
2.124237288135593644e+02
2.123525423728814019e+02
2.122395480225989104e+02
2.120768361581920942e+02
2.118903954802260046e+02
2.116508474576271510e+02
2.113706214689265721e+02
2.110790960451977867e+02
2.107683615819209422e+02
2.104768361581920999e+02
2.101887005649717821e+02
2.099016949152542679e+02
2.096451977401130193e+02
2.093898305084746312e+02
2.091480225988701136e+02
2.089152542372881953e+02
2.086881355932203803e+02
2.084903954802260273e+02
2.083050847457627412e+02
2.081344632768361862e+02
2.079841807909604654e+02
2.078440677966102044e+02
2.077152542372881499e+02
2.076101694915254541e+02
2.075209039548022929e+02
2.074463276836158343e+02
2.073966101694915665e+02
2.073536723163842339e+02
2.073468926553672702e+02
2.073502824858757663e+02
2.073694915254237969e+02
2.074214689265537288e+02
2.075016949152542907e+02
2.075751412429378888e+02
2.076870056497175483e+02
2.078079096045198071e+02
2.079581920903955279e+02
2.081129943502825199e+02
2.082949152542373383e+02
2.084971751412429626e+02
2.086858757062147447e+02
2.088316384180791374e+02
2.089480225988700965e+02
2.090203389830508911e+02
2.090463276836158570e+02
2.090350282485875937e+02
2.089807909604519978e+02
2.088779661016949660e+02
2.087322033898305449e+02
2.085322033898305563e+02
2.082994350282486380e+02
2.080338983050847901e+02
2.077491525423729399e+02
2.074757062146892963e+02
2.072146892655367481e+02
2.069593220338983315e+02
2.067073446327684110e+02
2.064598870056497617e+02
2.062395480225989104e+02
2.060316384180791260e+02
2.058485875706215040e+02
2.056768361581921170e+02
2.055344632768361919e+02
2.054180790960452327e+02
2.053389830508475029e+02
2.052632768361582407e+02
2.052158192090395801e+02
2.051898305084746426e+02
2.051785310734463792e+02
2.051988700564972135e+02
2.052440677966102101e+02
2.053084745762712373e+02
2.053966101694915665e+02
2.055096045197740295e+02
2.056508474576271510e+02
2.058000000000000114e+02
2.059717514124293984e+02
2.061514124293785528e+02
2.063548022598870375e+02
2.065762711864406924e+02
2.068327683615819410e+02
2.071084745762712487e+02
2.073830508474576675e+02
2.076677966101695176e+02
2.079728813559322305e+02
2.082915254237288423e+02
2.086180790960452214e+02
2.089254237288135982e+02
2.092271186440678434e+02
2.094915254237288309e+02
2.096960451977401476e+02
2.098610169491525994e+02
2.099649717514124632e+02
2.100090395480226562e+02
2.100045197740113281e+02
2.099536723163842282e+02
2.098429378531074008e+02
2.096790960451977810e+02
2.094779661016949603e+02
2.092192090395480761e+02
2.089310734463277299e+02
2.086474576271186834e+02
2.083774011299435358e+02
2.081118644067797163e+02
2.078666666666667027e+02
2.076248587570622135e+02
2.074056497175141942e+02
2.072000000000000455e+02
2.070101694915254598e+02
2.068440677966102044e+02
2.066870056497175483e+02
2.065378531073446595e+02
2.064214689265537004e+02
2.063005649717514416e+02
2.062124293785311124e+02
2.061242937853107833e+02
2.060542372881356528e+02
2.060135593220339274e+02
2.059853107344633258e+02
2.059774011299435585e+02
2.059977401129943928e+02
2.060259887005650228e+02
2.060847457627119184e+02
2.061446327683616460e+02
2.062406779661017708e+02
2.063593220338983656e+02
2.064915254237288877e+02
2.066519774011300115e+02
2.068259887005650342e+02
2.070112994350282918e+02
2.072248587570621794e+02
2.074474576271186947e+02
2.076960451977401476e+02
2.079401129943503292e+02
2.082248587570622078e+02
2.085050847457627583e+02
2.087457627118644439e+02
2.089514124293785926e+02
2.091050847457627526e+02
2.092372881355932464e+02
2.093152542372881726e+02
2.093468926553672986e+02
2.093435028248588026e+02
2.093096045197740409e+02
2.092248587570622078e+02
2.091073446327683882e+02
2.089401129943503292e+02
2.087435028248588083e+02
2.085039548022599547e+02
2.082305084745763111e+02
2.079367231638418616e+02
2.076282485875706811e+02
2.073378531073446993e+02
2.070497175141243247e+02
2.068033898305085074e+02
2.065694915254237571e+02
2.063649717514124688e+02
2.061785310734463792e+02
2.060022598870056925e+02
2.058644067796610670e+02
2.057502824858757435e+02
2.056723163841808173e+02
2.056135593220339501e+02
2.055728813559322816e+02
2.055615819209040183e+02
2.055649717514124859e+02
2.055932203389830875e+02
2.056429378531073837e+02
2.057220338983051420e+02
2.058305084745763338e+02
2.059638418079096596e+02
2.061073446327683882e+02
2.062711864406780080e+02
2.064587570621469297e+02
2.066711864406780137e+02
2.069005649717514643e+02
2.071525423728813848e+02
2.074271186440678321e+02
2.076994350282486153e+02
2.079932203389830647e+02
2.083005649717514416e+02
2.085966101694915551e+02
2.088689265536723383e+02
2.091005649717514530e+02
2.092971751412429740e+02
2.094508474576271624e+02
2.095672316384181215e+02
2.096248587570621851e+02
2.096384180790960841e+02
2.096146892655367537e+02
2.095276836158192282e+02
2.094158192090395687e+02
2.092451977401130421e+02
2.090225988700565267e+02
2.087717514124294098e+02
2.084881355932203633e+02
2.082090395480226448e+02
2.079096045197740636e+02
2.076418079096045517e+02
2.073875706214689671e+02
2.071299435028248865e+02
2.068824858757062373e+02
2.066531073446328151e+02
2.064372881355932350e+02
2.062474576271186777e+02
2.060734463276836550e+02
2.058915254237288366e+02
2.057502824858757435e+02
2.056124293785311181e+02
2.054983050847457946e+02
2.053841807909604995e+02
2.053039548022599092e+02
2.052293785310734791e+02
2.051751412429378831e+02
2.051468926553672532e+02
2.051344632768361862e+02
2.051435028248587855e+02
2.051604519774011806e+02
2.052124293785311124e+02
2.052847457627119070e+02
2.053751412429379002e+02
2.054937853107344949e+02
2.056169491525424178e+02
2.057649717514124745e+02
2.059322033898305619e+02
2.061107344632768559e+02
2.063197740112995007e+02
2.065536723163842225e+02
2.067796610169491771e+02
2.069728813559322305e+02
2.071288135593220545e+02
2.072542372881356414e+02
2.073310734463277072e+02
2.073751412429379002e+02
2.073604519774011692e+02
2.073175141242937798e+02
2.072361581920903859e+02
2.071163841807909876e+02
2.069502824858757322e+02
2.067570621468926788e+02
2.065062146892655619e+02
2.062305084745763111e+02
2.059039548022599320e+02
2.055649717514124575e+02
2.052440677966101816e+02
2.049480225988700681e+02
2.046485875706214870e+02
2.043774011299435358e+02
2.041163841807909876e+02
2.038768361581921056e+02
2.036531073446328151e+02
2.034632768361582293e+02
2.032960451977401135e+02
2.031480225988700852e+02
2.030214689265536947e+02
2.029322033898305335e+02
2.028598870056497390e+02
2.028180790960452100e+02
2.028079096045198071e+02
2.028011299435028434e+02
2.028192090395480705e+02
2.028655367231638706e+02
2.029310734463277015e+02
2.030237288135593303e+02
2.031401129943503179e+02
2.032813559322034394e+02
2.034338983050847673e+02
2.036045197740113224e+02
2.038011299435028150e+02
2.040090395480225993e+02
2.042519774011299774e+02
2.045016949152542622e+02
2.047559322033898752e+02
2.050305084745762940e+02
2.053265536723164360e+02
2.056101694915254541e+02
2.059073446327683996e+02
2.062180790960452157e+02
2.065084745762712259e+02
2.067728813559322134e+02
2.069841807909604654e+02
2.071344632768361862e+02
2.072395480225988820e+02
2.073073446327683769e+02
2.073129943502825085e+02
2.072677966101695120e+02
2.071683615819209194e+02
2.070259887005649944e+02
2.068361581920904371e+02
2.066022598870056868e+02
2.063344632768361748e+02
2.060564971751412600e+02
2.057954802259887401e+02
2.055367231638418275e+02
2.053005649717514416e+02
2.050632768361581952e+02
2.048497175141243076e+02
2.046406779661017197e+02
2.044508474576271340e+02
2.042700564971751760e+02
2.041141242937853235e+02
2.039694915254237344e+02
2.038372881355932407e+02
2.037220338983050851e+02
2.036214689265536890e+02
2.035446327683616232e+02
2.034700564971751646e+02
2.034180790960452043e+02
2.033875706214689387e+02
2.033740112994350397e+02
2.033819209039548355e+02
2.034146892655367651e+02
2.034802259887005960e+02
2.035468926553672588e+02
2.036395480225988877e+02
2.037457627118644155e+02
2.038745762711864700e+02
2.040180790960451986e+02
2.041785310734463224e+02
2.043785310734463110e+02
2.045751412429378888e+02
2.047988700564972078e+02
2.050497175141243247e+02
2.053118644067796765e+02
2.055853107344632917e+02
2.058463276836158400e+02
2.060531073446327923e+02
2.062327683615819467e+02
2.063683615819209081e+02
2.064610169491525653e+02
2.065118644067796936e+02
2.065355932203389955e+02
2.064983050847457946e+02
2.064203389830508968e+02
2.062960451977401135e+02
2.061175141242937912e+02
2.059129943502825029e+02
2.056666666666666856e+02
2.053853107344633031e+02
2.050632768361582237e+02
2.047446327683616119e+02
2.044418079096045631e+02
2.041694915254237230e+02
2.038983050847458003e+02
2.036644067796610500e+02
2.034451977401130307e+02
2.032508474576271169e+02
2.030779661016949262e+02
2.029310734463277015e+02
2.028056497175141430e+02
2.027016949152542509e+02
2.026225988700564926e+02
2.025875706214689558e+02
2.025570621468926902e+02
2.025615819209039614e+02
2.025909604519774234e+02
2.026350282485875880e+02
2.027016949152542225e+02
2.027864406779661124e+02
2.028983050847457719e+02
2.030327683615819296e+02
2.031864406779661181e+02
2.033706214689265721e+02
2.035751412429378604e+02
2.037966101694915437e+02
2.040542372881356243e+02
2.043163841807909762e+02
2.045830508474576277e+02
2.048745762711864700e+02
2.051762711864407152e+02
2.054858757062146992e+02
2.058124293785310783e+02
2.061333333333333258e+02
2.064033898305085017e+02
2.066327683615819524e+02
2.068146892655367424e+02
2.069570621468926674e+02
2.070451977401129966e+02
2.070813559322033939e+02
2.070655367231638593e+02
2.070056497175141317e+02
2.069005649717514359e+02
2.067525423728813507e+02
2.065559322033898297e+02
2.063288135593220431e+02
2.060451977401129966e+02
2.057457627118644155e+02
2.054485875706214983e+02
2.051627118644067878e+02
2.048949152542373042e+02
2.046338983050847560e+02
2.043830508474576391e+02
2.041548022598870489e+02
2.039231638418079342e+02
2.037152542372881499e+02
2.035220338983050965e+02
2.033367231638418104e+02
2.031807909604519864e+02
2.030429378531073894e+02
2.029107344632768388e+02
2.027774011299435131e+02
2.026779661016949206e+02
2.025988700564971907e+02
2.025423728813559592e+02
2.024836158192090352e+02
2.024610169491525653e+02
2.024485875706214983e+02
2.024677966101695290e+02
2.024915254237288309e+02
2.025367231638418275e+02
2.026045197740113508e+02
2.026903954802260159e+02
2.028011299435028718e+02
2.029231638418079342e+02
2.030802259887005903e+02
2.032531073446327810e+02
2.034225988700565040e+02
2.036192090395480250e+02
2.038214689265536776e+02
2.040067796610169353e+02
2.041581920903955165e+02
2.042531073446327810e+02
2.043231638418079115e+02
2.043491525423729058e+02
2.043344632768361748e+02
2.042757062146893077e+02
2.041774011299435188e+02
2.040418079096045290e+02
2.038745762711864700e+02
2.036542372881356187e+02
2.034000000000000341e+02
2.031129943502825199e+02
2.028418079096045687e+02
2.025638418079096255e+02
2.022949152542373099e+02
2.020429378531073894e+02
2.017966101694915722e+02
2.015728813559322248e+02
2.013661016949153009e+02
2.011864406779661181e+02
2.010079096045197957e+02
2.008610169491525426e+02
2.007401129943503122e+02
2.006327683615819524e+02
2.005446327683615948e+02
2.004983050847457946e+02
2.004587570621469013e+02
2.004463276836158343e+02
2.004576271186440977e+02
2.005005649717514302e+02
2.005559322033898582e+02
2.006271186440678207e+02
2.007152542372881499e+02
2.008293785310734734e+02
2.009740112994350625e+02
2.011254237288135869e+02
2.012994350282486096e+02
2.015062146892655619e+02
2.017163841807909819e+02
2.019491525423729286e+02
2.022135593220339445e+02
2.024847457627118956e+02
2.027638418079096141e+02
2.030632768361582521e+02
2.033706214689266005e+02
2.036734463276836493e+02
2.039954802259887572e+02
2.042757062146893077e+02
2.045163841807910217e+02
2.047118644067796822e+02
2.048497175141243076e+02
2.049593220338983315e+02
2.050045197740113281e+02
2.049988700564971964e+02
2.049502824858757606e+02
2.048655367231638706e+02
2.047322033898305449e+02
2.045480225988700909e+02
2.043242937853107719e+02
2.040587570621469240e+02
2.037694915254237458e+02
2.035005649717514302e+02
2.032327683615819751e+02
2.029593220338983315e+02
2.027039548022599433e+02
2.024700564971751646e+02
2.022429378531073780e+02
2.020237288135593872e+02
2.018248587570621737e+02
2.016192090395480534e+02
2.014429378531073667e+02
2.012700564971751760e+02
2.011276836158192509e+02
2.009977401129943928e+02
2.008711864406780023e+02
2.007717514124294098e+02
2.006779661016949490e+02
2.005977401129944155e+02
2.005514124293785869e+02
2.005242937853107605e+02
2.005242937853107890e+02
2.005288135593220602e+02
2.005548022598870261e+02
2.006000000000000227e+02
2.006587570621469183e+02
2.007604519774011465e+02
2.008723163841808059e+02
2.010033898305085245e+02
2.011762711864407152e+02
2.013559322033898979e+02
2.015468926553672873e+02
2.017536723163842396e+02
2.019774011299435585e+02
2.022180790960452441e+02
2.024768361581921283e+02
2.027073446327684110e+02
2.028881355932203689e+02
2.030361581920903973e+02
2.031525423728813848e+02
2.032237288135593190e+02
2.032519774011299774e+02
2.032474576271186493e+02
2.032022598870056527e+02
2.031276836158191941e+02
2.030000000000000000e+02
2.028474576271186720e+02
2.026553672316384223e+02
2.024282485875706357e+02
2.021694915254237515e+02
2.018870056497175369e+02
2.016022598870056868e+02
2.013152542372881726e+02
2.010610169491525880e+02
2.008180790960452669e+02
2.005988700564972191e+02
2.003966101694915665e+02
2.002022598870056527e+02
2.000497175141243247e+02
1.999062146892655960e+02
1.997841807909604768e+02
1.996847457627118843e+02
1.996169491525424178e+02
1.995706214689266176e+02
1.995468926553672873e+02
1.995457627118644552e+02
1.995672316384180931e+02
1.996124293785310897e+02
1.996757062146892849e+02
1.997468926553672759e+02
1.998418079096045403e+02
1.999807909604519978e+02
2.001265536723164189e+02
2.002926553672317027e+02
2.004870056497175597e+02
2.006779661016949490e+02
2.008802259887006016e+02
2.011096045197740523e+02
2.013604519774011408e+02
2.016180790960452214e+02
2.018836158192090693e+02
2.021570621468926561e+02
2.024372881355932350e+02
2.026892655367231555e+02
2.028994350282486039e+02
2.030531073446327923e+02
2.031875706214689217e+02
2.032576271186440806e+02
2.033005649717514416e+02
2.032881355932203462e+02
2.032361581920904143e+02
2.031265536723163905e+02
2.029785310734463621e+02
2.027875706214689444e+02
2.025355932203389955e+02
2.022734463276836436e+02
2.020067796610169921e+02
2.017570621468926788e+02
2.015062146892655619e+02
2.012757062146893077e+02
2.010350282485875937e+02
2.008237288135593417e+02
2.006033898305084904e+02
2.003988700564972021e+02
2.002124293785311124e+02
2.000451977401130250e+02
1.998903954802260330e+02
1.997548022598870148e+02
1.996248587570622135e+02
1.995118644067796936e+02
1.994056497175141658e+02
1.993220338983051079e+02
1.992587570621469126e+02
1.991977401129943814e+02
1.991672316384181158e+02
1.991367231638418502e+02
1.991276836158192509e+02
1.991423728813559819e+02
1.991661016949153122e+02
1.992045197740113451e+02
1.992870056497175710e+02
1.993898305084746312e+02
1.994960451977401590e+02
1.996350282485876164e+02
1.997830508474576732e+02
1.999423728813559933e+02
2.001141242937853804e+02
2.003141242937853690e+02
2.005344632768362203e+02
2.007706214689266062e+02
2.009649717514124632e+02
2.011005649717514530e+02
2.012214689265537118e+02
2.013073446327684053e+02
2.013389830508475029e+02
2.013355932203390353e+02
2.012858757062147390e+02
2.012022598870057095e+02
2.010711864406780194e+02
2.008892655367232010e+02
2.006847457627119127e+02
2.004497175141243588e+02
2.001649717514124802e+02
1.998903954802260614e+02
1.996372881355932805e+02
1.993751412429379002e+02
1.991276836158192509e+02
1.989129943502825313e+02
1.986915254237288764e+02
1.984983050847458230e+02
1.983242937853107719e+02
1.981774011299435472e+02
1.980531073446327923e+02
1.979514124293785926e+02
1.978723163841808628e+02
1.978146892655367992e+02
1.977751412429379059e+02
1.977638418079096425e+02
1.977638418079096709e+02
1.977796610169492055e+02
1.978384180790961295e+02
1.978971751412429967e+02
1.980022598870057209e+02
1.980960451977401817e+02
1.982259887005650398e+02
1.983830508474576959e+02
1.985457627118644837e+02
1.987355932203390410e+02
1.989468926553673214e+02
1.991683615819209763e+02
1.994146892655367935e+02
1.996734463276836777e+02
1.999491525423729286e+02
2.002316384180791431e+02
2.005276836158192850e+02
2.008169491525424348e+02
2.011197740112995120e+02
2.014271186440678605e+02
2.016949152542373440e+02
2.019355932203390580e+02
2.021288135593221114e+02
2.022644067796611012e+02
2.023627118644068332e+02
2.024214689265537572e+02
2.024282485875706925e+02
2.023830508474576959e+02
2.023050847457627697e+02
2.021751412429379116e+02
2.020101694915254882e+02
2.017909604519774689e+02
2.015412429378531556e+02
2.012757062146893077e+02
2.010158192090395914e+02
2.007683615819209422e+02
2.005412429378531556e+02
2.003186440677966687e+02
2.000994350282486494e+02
1.998892655367232294e+02
1.997005649717514757e+02
1.995220338983051533e+02
1.993446327683616346e+02
1.991864406779661749e+02
1.990237288135593872e+02
1.989016949152542963e+02
1.987875706214690013e+02
1.986994350282486437e+02
1.986090395480226505e+02
1.985536723163842225e+02
1.985039548022599263e+02
1.984700564971751930e+02
1.984519774011300228e+02
1.984598870056497617e+02
1.984971751412430194e+02
1.985310734463277527e+02
1.985954802259887515e+02
1.986621468926554144e+02
1.987649717514124745e+02
1.988757062146893304e+02
1.990045197740113565e+02
1.991525423728814417e+02
1.993299435028249036e+02
1.995141242937853860e+02
1.997050847457627754e+02
1.999141242937853633e+02
2.001107344632769127e+02
2.002700564971752044e+02
2.003853107344633315e+02
2.004689265536723610e+02
2.005129943502825540e+02
2.005265536723164246e+02
2.004949152542373270e+02
2.004248587570621680e+02
2.003197740112995007e+02
2.001943502824859138e+02
2.000112994350283202e+02
1.998214689265537345e+02
1.995774011299435529e+02
1.993152542372882010e+02
1.990384180790961182e+02
1.987751412429379343e+02
1.985118644067797504e+02
1.982847457627119354e+02
1.980463276836158855e+02
1.978395480225989331e+02
1.976463276836158798e+02
1.974847457627119525e+02
1.973401129943503634e+02
1.972237288135593758e+02
1.971333333333333826e+02
1.970531073446328492e+02
1.969932203389831216e+02
1.969683615819209592e+02
1.969548022598870602e+02
1.969694915254237912e+02
1.970000000000000568e+02
1.970519774011300171e+02
1.971242937853107833e+02
1.972169491525424405e+02
1.973299435028249320e+02
1.974711864406780251e+02
1.976327683615820092e+02
1.978067796610170035e+02
1.979932203389831216e+02
1.981988700564972419e+02
1.984271186440678605e+02
1.986734463276836777e+02
1.989310734463277299e+02
1.992011299435029059e+02
1.994745762711864927e+02
1.997401129943503406e+02
2.000180790960452555e+02
2.002564971751413054e+02
2.004429378531074235e+02
2.005887005649718162e+02
2.006949152542373440e+02
2.007480225988701079e+02
2.007830508474576732e+02
2.007683615819209422e+02
2.006824858757062771e+02
2.005661016949153179e+02
2.004101694915254939e+02
2.002101694915254768e+02
1.999717514124294553e+02
1.997005649717514757e+02
1.994327683615819637e+02
1.991717514124294439e+02
1.989197740112994950e+02
1.986790960451978094e+02
1.984429378531073667e+02
1.982259887005650398e+02
1.980158192090395914e+02
1.978146892655367708e+02
1.976406779661017481e+02
1.974734463276836607e+02
1.973107344632769014e+02
1.971683615819209479e+02
1.970384180790961182e+02
1.969242937853107946e+02
1.968282485875706698e+02
1.967322033898305449e+02
1.966621468926554144e+02
1.966101694915254825e+02
1.965615819209040183e+02
1.965355932203390239e+02
1.965231638418079569e+02
1.965412429378531556e+02
1.965491525423729513e+02
1.965943502824859479e+02
1.966610169491526108e+02
1.967446327683616403e+02
1.968384180790960727e+02
1.969457627118644609e+02
1.970689265536723838e+02
1.972101694915254768e+02
1.973864406779661635e+02
1.975570621468926902e+02
1.977548022598870716e+02
1.979604519774011919e+02
1.981661016949153122e+02
1.983220338983051363e+02
1.984598870056497617e+02
1.985559322033898866e+02
1.986146892655367537e+02
1.986259887005650171e+02
1.985988700564972191e+02
1.985367231638418559e+02
1.984293785310734961e+02
1.983005649717514700e+02
1.981152542372881840e+02
1.978971751412429967e+02
1.976406779661017197e+02
1.973514124293785699e+02
1.970723163841808514e+02
1.968033898305085074e+02
1.965389830508474915e+02
1.963016949152542736e+02
1.960576271186441204e+02
1.958542372881356357e+02
1.956508474576271510e+02
1.954745762711864927e+02
1.953220338983051363e+02
1.951954802259887742e+02
1.950858757062147220e+02
1.949943502824859252e+02
1.949333333333333940e+02
1.948824858757062657e+02
1.948644067796610670e+02
1.948610169491525710e+02
1.948700564971751703e+02
1.949062146892655960e+02
1.949830508474576618e+02
1.950587570621469240e+02
1.951661016949153122e+02
1.952892655367232067e+02
1.954350282485876278e+02
1.955966101694915551e+02
1.957672316384181386e+02
1.959638418079096596e+02
1.961807909604520432e+02
1.964011299435028945e+02
1.966384180790961125e+02
1.968915254237288650e+02
1.971468926553673100e+02
1.974112994350282975e+02
1.976903954802260728e+02
1.979638418079096596e+02
1.982519774011300058e+02
1.985412429378531556e+02
1.988022598870057323e+02
1.989988700564972532e+02
1.991548022598870489e+02
1.992689265536724008e+02
1.993333333333334281e+02
1.993694915254237969e+02
1.993525423728814019e+02
1.992847457627119070e+02
1.991751412429379116e+02
1.990282485875706584e+02
1.988282485875706698e+02
1.985853107344633486e+02
1.983435028248588310e+02
1.981084745762712487e+02
1.978847457627119013e+02
1.976734463276836777e+02
1.974836158192090920e+02
1.972768361581921113e+02
1.971084745762712487e+02
1.969333333333333940e+02
1.967796610169492055e+02
1.966305084745763452e+02
1.965005649717514871e+02
1.963875706214689671e+02
1.962858757062147674e+02
1.961841807909605109e+02
1.961073446327683882e+02
1.960497175141243815e+02
1.959909604519774575e+02
1.959593220338983883e+02
1.959468926553672929e+02
1.959435028248587969e+02
1.959593220338983599e+02
1.960101694915254598e+02
1.960666666666667197e+02
1.961344632768362146e+02
1.962338983050848356e+02
1.963367231638418673e+02
1.964734463276836607e+02
1.966090395480226505e+02
1.967694915254238026e+02
1.969480225988700965e+02
1.971322033898305790e+02
1.973378531073446993e+02
1.975457627118644552e+02
1.977536723163842112e+02
1.979344632768361976e+02
1.980779661016949547e+02
1.981819209039548468e+02
1.982598870056497731e+02
1.983005649717514700e+02
1.983028248587571056e+02
1.982610169491525767e+02
1.981864406779661749e+02
1.980779661016949831e+02
1.979254237288135982e+02
1.977502824858757720e+02
1.975322033898305563e+02
1.972870056497175710e+02
1.970146892655367878e+02
1.967694915254238026e+02
1.965276836158192566e+02
1.962937853107345063e+02
1.960768361581921511e+02
1.958937853107345290e+02
1.957209039548023384e+02
1.955581920903955506e+02
1.954372881355932918e+02
1.953344632768362032e+02
1.952508474576271738e+02
1.951774011299435472e+02
1.951435028248587855e+02
1.951175141242938480e+02
1.951288135593220829e+02
1.951581920903955165e+02
1.952056497175141487e+02
1.952666666666667084e+02
1.953672316384181045e+02
1.954858757062147561e+02
1.956169491525424178e+02
1.957740112994350739e+02
1.959457627118644609e+02
1.961514124293785812e+02
1.963649717514124404e+02
1.965875706214689558e+02
1.968463276836158684e+02
1.971299435028248865e+02
1.974293785310734677e+02
1.977322033898305449e+02
1.980384180790960613e+02
1.983265536723164075e+02
1.985672316384181499e+02
1.987751412429378775e+02
1.989536723163842282e+02
1.990824858757062543e+02
1.991559322033898809e+02
1.991943502824859138e+02
1.991796610169492112e+02
1.991220338983051477e+02
1.990180790960452555e+02
1.988734463276836664e+02
1.986757062146893418e+02
1.984316384180791601e+02
1.981604519774011806e+02
1.978497175141243360e+02
1.975491525423729513e+02
1.972689265536723724e+02
1.969977401129943928e+02
1.967310734463277129e+02
1.964666666666666970e+02
1.962271186440678434e+02
1.959988700564972248e+02
1.957751412429378775e+02
1.955751412429378888e+02
1.953864406779661635e+02
1.952248587570621794e+02
1.950790960451977867e+02
1.949322033898305619e+02
1.947954802259887401e+02
1.946723163841808457e+02
1.945853107344633486e+02
1.944983050847458230e+02
1.944327683615819637e+02
1.943853107344633031e+02
1.943514124293785699e+02
1.943649717514124688e+02
1.943751412429379002e+02
1.944011299435028661e+02
1.944531073446328264e+02
1.945231638418079569e+02
1.946146892655367537e+02
1.947209039548023384e+02
1.948463276836158684e+02
1.949932203389831216e+02
1.951627118644068446e+02
1.953446327683616346e+02
1.955423728813559876e+02
1.957536723163842112e+02
1.959762711864407265e+02
1.961638418079096482e+02
1.963175141242938366e+02
1.964316384180791601e+02
1.964915254237288877e+02
1.965152542372881612e+02
1.965016949152542622e+02
1.964564971751412941e+02
1.963604519774011692e+02
1.962237288135593758e+02
1.960384180790960897e+02
1.958180790960452384e+02
1.955548022598870261e+02
1.952655367231638479e+02
1.949355932203390012e+02
1.946169491525423894e+02
1.943242937853107719e+02
1.940237288135593872e+02
1.937412429378531442e+02
1.934757062146892963e+02
1.932406779661017140e+02
1.930169491525423950e+02
1.927977401129944042e+02
1.926135593220339501e+02
1.924440677966102271e+02
1.923039548022599377e+02
1.921717514124294439e+02
1.920655367231639161e+02
1.919920903954802611e+02
1.919412429378531613e+02
1.919107344632768672e+02
1.918926553672316970e+02
1.918971751412429967e+02
1.919491525423729286e+02
1.920045197740113281e+02
1.920847457627119184e+02
1.921898305084746426e+02
1.923107344632769014e+02
1.924531073446328264e+02
1.926056497175141828e+02
1.927875706214690013e+02
1.929807909604520546e+02
1.931898305084746426e+02
1.934067796610170262e+02
1.936451977401130762e+02
1.938836158192091261e+02
1.941502824858757776e+02
1.944124293785311295e+02
1.946915254237288764e+02
1.949593220338983599e+02
1.952248587570622078e+02
1.954768361581921567e+02
1.956813559322034450e+02
1.958282485875706698e+02
1.959367231638418900e+02
1.960000000000000568e+02
1.960045197740113281e+02
1.959694915254237912e+02
1.958926553672316970e+02
1.957672316384181386e+02
1.956033898305085472e+02
1.953920903954802668e+02
1.951638418079096482e+02
1.949525423728813962e+02
1.947593220338983429e+02
1.945762711864407493e+02
1.943943502824859593e+02
1.942338983050848071e+02
1.940824858757062543e+02
1.939254237288135982e+02
1.937853107344633372e+02
1.936598870056497503e+02
1.935536723163842225e+02
1.934576271186441261e+02
1.933717514124294325e+02
1.932926553672317027e+02
1.932463276836158741e+02
1.932124293785311124e+02
1.931841807909605109e+02
1.931853107344633145e+02
1.931954802259887458e+02
1.932192090395480761e+02
1.932497175141243417e+02
1.933062146892655733e+02
1.933819209039548355e+02
1.934587570621469297e+02
1.935491525423729513e+02
1.936802259887006130e+02
1.938180790960452669e+02
1.939740112994350909e+02
1.941604519774012090e+02
1.943548022598870944e+02
1.945548022598870830e+02
1.947909604519774689e+02
1.950282485875706868e+02
1.952779661016949717e+02
1.954960451977401590e+02
1.957152542372882067e+02
1.958711864406780023e+02
1.960011299435028604e+02
1.960926553672316857e+02
1.961502824858757776e+02
1.961706214689266119e+02
1.961514124293785812e+02
1.961005649717514530e+02
1.959932203389831216e+02
1.958745762711864984e+02
1.957152542372882067e+02
1.955129943502825256e+02
1.952677966101695688e+02
1.950033898305085245e+02
1.947084745762712146e+02
1.944271186440678321e+02
1.941581920903955165e+02
1.938960451977401647e+02
1.936644067796610784e+02
1.934497175141243588e+02
1.932677966101695404e+02
1.930983050847457889e+02
1.929627118644068275e+02
1.928485875706215040e+02
1.927548022598870432e+02
1.926847457627119411e+02
1.926418079096045517e+02
1.926225988700565495e+02
1.926384180790960841e+02
1.926644067796610500e+02
1.927084745762712146e+02
1.927841807909605052e+02
1.928892655367232010e+02
1.930090395480226277e+02
1.931548022598870205e+02
1.933163841807909762e+02
1.935096045197740295e+02
1.937175141242938139e+02
1.939480225988700681e+02
1.941898305084746141e+02
1.944350282485876278e+02
1.947299435028248809e+02
1.950112994350282918e+02
1.953107344632768729e+02
1.956214689265536890e+02
1.959457627118644609e+02
1.962542372881356130e+02
1.965141242937853292e+02
1.967310734463277129e+02
1.969163841807909989e+02
1.970338983050847901e+02
1.971288135593220545e+02
1.971774011299435188e+02
1.971841807909604825e+02
1.971288135593220545e+02
1.970282485875706584e+02
1.968892655367232010e+02
1.966983050847457832e+02
1.964768361581920999e+02
1.962079096045198128e+02
1.959016949152542679e+02
1.955966101694915551e+02
1.952994350282486380e+02
1.950203389830508627e+02
1.947389830508474802e+02
1.944790960451977639e+02
1.942214689265537118e+02
1.939830508474576618e+02
1.937615819209040069e+02
1.935514124293785585e+02
1.933559322033898411e+02
1.931694915254237515e+02
1.930124293785310954e+02
1.928621468926554030e+02
1.927367231638418161e+02
1.926203389830508570e+02
1.925242937853107605e+02
1.924327683615819353e+02
1.923751412429378718e+02
1.923401129943503065e+02
1.923016949152542452e+02
1.923107344632768445e+02
1.923118644067796481e+02
1.923355932203390353e+02
1.923920903954802384e+02
1.924711864406779682e+02
1.925615819209039614e+02
1.926700564971751533e+02
1.927977401129943473e+02
1.929502824858757322e+02
1.931141242937853235e+02
1.933005649717514416e+02
1.934926553672316629e+02
1.936949152542373156e+02
1.938689265536723383e+02
1.939977401129943928e+02
1.940745762711864586e+02
1.941175141242937912e+02
1.941355932203389898e+02
1.941005649717514530e+02
1.940225988700565267e+02
1.939062146892655676e+02
1.937559322033898752e+02
1.935525423728813621e+02
1.933118644067797050e+02
1.930395480225988933e+02
1.927457627118644155e+02
1.924677966101695006e+02
1.921807909604519864e+02
1.919073446327683996e+02
1.916542372881356187e+02
1.914180790960452327e+02
1.911920903954802498e+02
1.909819209039548298e+02
1.907943502824858797e+02
1.906079096045198185e+02
1.904598870056497617e+02
1.903401129943503065e+02
1.902384180790960500e+02
1.901514124293785244e+02
1.900915254237288252e+02
1.900519774011299603e+02
1.900316384180791260e+02
1.900451977401130250e+02
1.900700564971751589e+02
1.901016949152542566e+02
1.901717514124294439e+02
1.902576271186441090e+02
1.903627118644068332e+02
1.905062146892655619e+02
1.906587570621469183e+02
1.908384180790960727e+02
1.910282485875706584e+02
1.912214689265537118e+02
1.914237288135593360e+02
1.916700564971751817e+02
1.919152542372881669e+02
1.921694915254237799e+02
1.924564971751412656e+02
1.927220338983050851e+02
1.930090395480226277e+02
1.932994350282486096e+02
1.935875706214689558e+02
1.938395480225988763e+02
1.940361581920904257e+02
1.941887005649717821e+02
1.943005649717514416e+02
1.943457627118644382e+02
1.943548022598870375e+02
1.943209039548023043e+02
1.942327683615819751e+02
1.940915254237288536e+02
1.939118644067796993e+02
1.936892655367231839e+02
1.934372881355932350e+02
1.931661016949152838e+02
1.929209039548022702e+02
1.926768361581921454e+02
1.924384180790960670e+02
1.922169491525423837e+02
1.920090395480225993e+02
1.918203389830508740e+02
1.916384180790960841e+02
1.914587570621469013e+02
1.912994350282485811e+02
1.911502824858757208e+02
1.910124293785310670e+02
1.908983050847458003e+02
1.907909604519774405e+02
1.907028248587570829e+02
1.906271186440678207e+02
1.905604519774011578e+02
1.905141242937853292e+02
1.904723163841808287e+02
1.904519774011299660e+02
1.904406779661017026e+02
1.904666666666666970e+02
1.904960451977401306e+02
1.905525423728813905e+02
1.906214689265537174e+02
1.907129943502825427e+02
1.908293785310734734e+02
1.909661016949152952e+02
1.911084745762712203e+02
1.912700564971751760e+02
1.914497175141243304e+02
1.916508474576271510e+02
1.918632768361582066e+02
1.920971751412429569e+02
1.923209039548023043e+02
1.925197740112994893e+02
1.926745762711864813e+02
1.927830508474576732e+02
1.928542372881356357e+02
1.928802259887006016e+02
1.928892655367232010e+02
1.928564971751412713e+02
1.927762711864407095e+02
1.926531073446328151e+02
1.925175141242938253e+02
1.923344632768361748e+02
1.921039548022599206e+02
1.918610169491525710e+02
1.915920903954802839e+02
1.913254237288135755e+02
1.910632768361582237e+02
1.908214689265536776e+02
1.906033898305085188e+02
1.903898305084746312e+02
1.902022598870057095e+02
1.900429378531073894e+02
1.899073446327683996e+02
1.897864406779661408e+02
1.897005649717514757e+02
1.896350282485876164e+02
1.895966101694915551e+02
1.895728813559322532e+02
1.895728813559322248e+02
1.895841807909604881e+02
1.896361581920904200e+02
1.897050847457627469e+02
1.898045197740113395e+02
1.899050847457627640e+02
1.900350282485875937e+02
1.901932203389830534e+02
1.903807909604520034e+02
1.905909604519774234e+02
1.908067796610170035e+02
1.910440677966102214e+02
1.913005649717514416e+02
1.915672316384180931e+02
1.918485875706215040e+02
1.921457627118644211e+02
1.924440677966101703e+02
1.927502824858757435e+02
1.930146892655367310e+02
1.932564971751412486e+02
1.934542372881356300e+02
1.936248587570621567e+02
1.937457627118644155e+02
1.938112994350282747e+02
1.938429378531074008e+02
1.938214689265537061e+02
1.937830508474576732e+02
1.936937853107344836e+02
1.935615819209039898e+02
1.933830508474576675e+02
1.931604519774011806e+02
1.929016949152542679e+02
1.926067796610169864e+02
1.923175141242938366e+02
1.920372881355932577e+02
1.917548022598870432e+02
1.914881355932203633e+02
1.912463276836158457e+02
1.910045197740113281e+02
1.907796610169491487e+02
1.905570621468926902e+02
1.903480225988700738e+02
1.901627118644067878e+02
1.899864406779661294e+02
1.898237288135593417e+02
1.896926553672316800e+02
1.895581920903954938e+02
1.894327683615819353e+02
1.893322033898305108e+02
1.892542372881356130e+02
1.891807909604519864e+02
1.891288135593220545e+02
1.890994350282486209e+02
1.890903954802259932e+02
1.891039548022599206e+02
1.891254237288135869e+02
1.891706214689265835e+02
1.892135593220339445e+02
1.893129943502825085e+02
1.894192090395480363e+02
1.895423728813559308e+02
1.896847457627118843e+02
1.898350282485876050e+02
1.900079096045197957e+02
1.901977401129943814e+02
1.904045197740113338e+02
1.906079096045198185e+02
1.907604519774011465e+02
1.908949152542373326e+02
1.909954802259887288e+02
1.910519774011299603e+02
1.910802259887005903e+02
1.910666666666666913e+02
1.910225988700565267e+02
1.909322033898305335e+02
1.908112994350282747e+02
1.906576271186440863e+02
1.904644067796610329e+02
1.902497175141243133e+02
1.899875706214689330e+02
1.897107344632768786e+02
1.894316384180791033e+02
1.891672316384181158e+02
1.889186440677966061e+02
1.886598870056497503e+02
1.884259887005649716e+02
1.882022598870056527e+02
1.880067796610169637e+02
1.878282485875706129e+02
1.876824858757062202e+02
1.875581920903954938e+02
1.874406779661017026e+02
1.873502824858757094e+02
1.872926553672316174e+02
1.872293785310734506e+02
1.871887005649717537e+02
1.871762711864407152e+02
1.871887005649717821e+02
1.872203389830508513e+02
1.872610169491525482e+02
1.873299435028248752e+02
1.874011299435028377e+02
1.875073446327683655e+02
1.876282485875706243e+02
1.877615819209039500e+02
1.879163841807909989e+02
1.880870056497175256e+02
1.882790960451977753e+02
1.884768361581920999e+02
1.886824858757062202e+02
1.889028248587570715e+02
1.891242937853107264e+02
1.893627118644067764e+02
1.896033898305084904e+02
1.898429378531073439e+02
1.900858757062146935e+02
1.903028248587570488e+02
1.904824858757062032e+02
1.906271186440678207e+02
1.907288135593220488e+02
1.907740112994350454e+02
1.907728813559322134e+02
1.907457627118644155e+02
1.906451977401129909e+02
1.905288135593220318e+02
1.903728813559322361e+02
1.901627118644067878e+02
1.899570621468926674e+02
1.897502824858757435e+02
1.895423728813559308e+02
1.893480225988700454e+02
1.891796610169491828e+02
1.889954802259887288e+02
1.888384180790960727e+02
1.886983050847457832e+02
1.885728813559322248e+02
1.884395480225988990e+02
1.883276836158192395e+02
1.882361581920904143e+02
1.881310734463277186e+02
1.880564971751412600e+02
1.879966101694915324e+02
1.879401129943503008e+02
1.879062146892655392e+02
1.878802259887006016e+02
1.878700564971751703e+02
1.878655367231638706e+02
1.878926553672316686e+02
1.879242937853107378e+02
1.879717514124293984e+02
1.880463276836158286e+02
1.881299435028248865e+02
1.882372881355932464e+02
1.883514124293785699e+02
1.884824858757062316e+02
1.886338983050847560e+02
1.888079096045198071e+02
1.889920903954802327e+02
1.892045197740113167e+02
1.894384180790960386e+02
1.896621468926553575e+02
1.898553672316384109e+02
1.900067796610169353e+02
1.901367231638418218e+02
1.902169491525423837e+02
1.902870056497175142e+02
1.902971751412429455e+02
1.902903954802259818e+02
1.902372881355932464e+02
1.901435028248587855e+02
1.900158192090395630e+02
1.898440677966101759e+02
1.896361581920903916e+02
1.893977401129943701e+02
1.891276836158192225e+02
1.888474576271186720e+02
1.885740112994350568e+02
1.882983050847457775e+02
1.880576271186440636e+02
1.878384180790960727e+02
1.876406779661017197e+02
1.874485875706214699e+02
1.872813559322033825e+02
1.871446327683615891e+02
1.870180790960451986e+02
1.869050847457627071e+02
1.868192090395480420e+02
1.867706214689265494e+02
1.867333333333333485e+02
1.867175141242937855e+02
1.867435028248587514e+02
1.867898305084745516e+02
1.868384180790960727e+02
1.869016949152542679e+02
1.869920903954802327e+02
1.871231638418079228e+02
1.872711864406779796e+02
1.874237288135593076e+02
1.876011299435028548e+02
1.878237288135593417e+02
1.880372881355932293e+02
1.882757062146892792e+02
1.885265536723163962e+02
1.887887005649717480e+02
1.890745762711864586e+02
1.893548022598870091e+02
1.896463276836158229e+02
1.899446327683616005e+02
1.902033898305084847e+02
1.904372881355932350e+02
1.906203389830508286e+02
1.907785310734463451e+02
1.908802259887005732e+02
1.909299435028248695e+02
1.909502824858757322e+02
1.909220338983051022e+02
1.908621468926554030e+02
1.907401129943503122e+02
1.905830508474576277e+02
1.903807909604519750e+02
1.901480225988700852e+02
1.898790960451977412e+02
1.895920903954802270e+02
1.893118644067796765e+02
1.890429378531073610e+02
1.887717514124293530e+02
1.885299435028248638e+02
1.882768361581921113e+02
1.880576271186440636e+02
1.878440677966102044e+02
1.876271186440678207e+02
1.874395480225988990e+02
1.872564971751412486e+02
1.870779661016949547e+02
1.869152542372881385e+02
1.867672316384181102e+02
1.866271186440678207e+02
1.864983050847457662e+02
1.863920903954802384e+02
1.862926553672316459e+02
1.862135593220339160e+02
1.861581920903954597e+02
1.861141242937853235e+02
1.860847457627118615e+02
1.860779661016949262e+02
1.860802259887005619e+02
1.861129943502824631e+02
1.861638418079095914e+02
1.862169491525423837e+02
1.862937853107344495e+02
1.863954802259886776e+02
1.864881355932203348e+02
1.866169491525423609e+02
1.867570621468926504e+02
1.869118644067796140e+02
1.870621468926553632e+02
1.872090395480225880e+02
1.873175141242937798e+02
1.873966101694915096e+02
1.874418079096045062e+02
1.874485875706214415e+02
1.874192090395480079e+02
1.873548022598870091e+02
1.872542372881355845e+02
1.871197740112993984e+02
1.869502824858757037e+02
1.867525423728813507e+02
1.865265536723163677e+02
1.862768361581920828e+02
1.860372881355932009e+02
1.858090395480225823e+02
1.856011299435028263e+02
1.853807909604519466e+02
1.851988700564971282e+02
1.850282485875706016e+02
1.848813559322033768e+02
1.847525423728813507e+02
1.846282485875706243e+02
1.845401129943502667e+02
1.844666666666666686e+02
1.844305084745762713e+02
1.843977401129943416e+02
1.843875706214689103e+02
1.844011299435028377e+02
1.844316384180790749e+02
1.844644067796610329e+02
1.845322033898304994e+02
1.846180790960451930e+02
1.847231638418078887e+02
1.848440677966101475e+02
1.849649717514124063e+02
1.851265536723163905e+02
1.852881355932203178e+02
1.854689265536723042e+02
1.856700564971751248e+02
1.858847457627118729e+02
1.861118644067796595e+02
1.863389830508474461e+02
1.866011299435028263e+02
1.868576271186440749e+02
1.871152542372881271e+02
1.873875706214689387e+02
1.876700564971751533e+02
1.879254237288135414e+02
1.881355932203389898e+02
1.883209039548022474e+02
1.884485875706214415e+02
1.885423728813559308e+02
1.885762711864406640e+02
1.885887005649717310e+02
1.885401129943502951e+02
1.884587570621469013e+02
1.883480225988700454e+02
1.881807909604519580e+02
1.879853107344632690e+02
1.877717514124294098e+02
1.875615819209039614e+02
1.873536723163841771e+02
1.871627118644067878e+02
1.869864406779660726e+02
1.868135593220338819e+02
1.866531073446327582e+02
1.864903954802259989e+02
1.863548022598869807e+02
1.862135593220339160e+02
1.860847457627118615e+02
1.859785310734463337e+02
1.858937853107344722e+02
1.858079096045197502e+02
1.857412429378530874e+02
1.856915254237287911e+02
1.856531073446327582e+02
1.856293785310734279e+02
1.856146892655366969e+02
1.856305084745762599e+02
1.856440677966101589e+02
1.856655367231638536e+02
1.857107344632768502e+02
1.857954802259887117e+02
1.858757062146892736e+02
1.859875706214689330e+02
1.861050847457627242e+02
1.862395480225988820e+02
1.863977401129943701e+02
1.865717514124293643e+02
1.867615819209039500e+02
1.869796610169491373e+02
1.871999999999999886e+02
1.874180790960451759e+02
1.876146892655367253e+02
1.877717514124293814e+02
1.879039548022598751e+02
1.880090395480225993e+02
1.880802259887005619e+02
1.881175141242937912e+02
1.881175141242937912e+02
1.880813559322033939e+02
1.880101694915254313e+02
1.878903954802260046e+02
1.877593220338982860e+02
1.875830508474576277e+02
1.873966101694915096e+02
1.871751412429378547e+02
1.869039548022598751e+02
1.866271186440678207e+02
1.863367231638418389e+02
1.860531073446327923e+02
1.857932203389830761e+02
1.855344632768361635e+02
1.853141242937853121e+02
1.850994350282485925e+02
1.849242937853107662e+02
1.847593220338983144e+02
1.846101694915254257e+02
1.844892655367231669e+02
1.843898305084746028e+02
1.843141242937853121e+02
1.842644067796610443e+02
1.842350282485875823e+02
1.842203389830508513e+02
1.842350282485875823e+02
1.842655367231638479e+02
1.843265536723163791e+02
1.844079096045197730e+02
1.845050847457627583e+02
1.846101694915254257e+02
1.847412429378531158e+02
1.848903954802260046e+02
1.850564971751412884e+02
1.852531073446327810e+02
1.854745762711864643e+02
1.856983050847457832e+02
1.859152542372881669e+02
1.861661016949152838e+02
1.864214689265537004e+02
1.866847457627119411e+02
1.869457627118644609e+02
1.871853107344633145e+02
1.873706214689265721e+02
1.875254237288135926e+02
1.876192090395480250e+02
1.876903954802260159e+02
1.877129943502825142e+02
1.876937853107344836e+02
1.876395480225988877e+02
1.875389830508474915e+02
1.873853107344633031e+02
1.872011299435028491e+02
1.869694915254237344e+02
1.867062146892655505e+02
1.864553672316384336e+02
1.862090395480226164e+02
1.859807909604519978e+02
1.857661016949152781e+02
1.855548022598870261e+02
1.853344632768361748e+02
1.851412429378531499e+02
1.849423728813559364e+02
1.847638418079096141e+02
1.846033898305084904e+02
1.844497175141243019e+02
1.843096045197740409e+02
1.841672316384181158e+02
1.840451977401129966e+02
1.839378531073446652e+02
1.838361581920904086e+02
1.837581920903954824e+02
1.837039548022598865e+02
1.836463276836158229e+02
1.836158192090395573e+02
1.835841807909604881e+02
1.835694915254237287e+02
1.835774011299435244e+02
1.835898305084745914e+02
1.836282485875706243e+02
1.836870056497175199e+02
1.837559322033898468e+02
1.838451977401130080e+02
1.839389830508474688e+02
1.840564971751412600e+02
1.842011299435028491e+02
1.843423728813559421e+02
1.844983050847457662e+02
1.846689265536723212e+02
1.848610169491525426e+02
1.850248587570621623e+02
1.851627118644067878e+02
1.852474576271186777e+02
1.852971751412429740e+02
1.852994350282486096e+02
1.852847457627118786e+02
1.852158192090395801e+02
1.851084745762711918e+02
1.849706214689265664e+02
1.848011299435028718e+02
1.845909604519774234e+02
1.843548022598870091e+02
1.841355932203389898e+02
1.839152542372881669e+02
1.836994350282486153e+02
1.834994350282486266e+02
1.833175141242938366e+02
1.831310734463276901e+02
1.829785310734463337e+02
1.828429378531073439e+02
1.827096045197740182e+02
1.826090395480226221e+02
1.825231638418079285e+02
1.824790960451977639e+02
1.824372881355932350e+02
1.824406779661017026e+02
1.824350282485875709e+02
1.824779661016949319e+02
1.825209039548022929e+02
1.825875706214689558e+02
1.826711864406780137e+02
1.827774011299435131e+02
1.829096045197740352e+02
1.830531073446327923e+02
1.832146892655367481e+02
1.833988700564971737e+02
1.836000000000000227e+02
1.838079096045197787e+02
1.840406779661017254e+02
1.842824858757062714e+02
1.845378531073446595e+02
1.848146892655367424e+02
1.850926553672316857e+02
1.853807909604520319e+02
1.856632768361582180e+02
1.859683615819209308e+02
1.862587570621469126e+02
1.865502824858757265e+02
1.867977401129943757e+02
1.870067796610169637e+02
1.871649717514124518e+02
1.872757062146892792e+02
1.873480225988700738e+02
1.873841807909604711e+02
1.873661016949152724e+02
1.873062146892655448e+02
1.872045197740113167e+02
1.870644067796610557e+02
1.868802259887006016e+02
1.866711864406779853e+02
1.864372881355932350e+02
1.862079096045197844e+02
1.859853107344633258e+02
1.857887005649718049e+02
1.856000000000000512e+02
1.854011299435028661e+02
1.852203389830508513e+02
1.850621468926553916e+02
1.849062146892655676e+02
1.847796610169492055e+02
1.846587570621469467e+02
1.845446327683616232e+02
1.844564971751412941e+02
1.843853107344633031e+02
1.843039548022599092e+02
1.842485875706215097e+02
1.842135593220339445e+02
1.842011299435028775e+02
1.841977401129944099e+02
1.842112994350282804e+02
1.842395480225989104e+02
1.842723163841808400e+02
1.843276836158192395e+02
1.844248587570621964e+02
1.845175141242938253e+02
1.846293785310735132e+02
1.847683615819209422e+02
1.849333333333333940e+02
1.851084745762712487e+02
1.852903954802260387e+02
1.855028248587570943e+02
1.857220338983051420e+02
1.859457627118644609e+02
1.861322033898305790e+02
1.862836158192091034e+02
1.864079096045198298e+02
1.865005649717514586e+02
1.865649717514124859e+02
1.865785310734463565e+02
1.865672316384181215e+02
1.865186440677966573e+02
1.864282485875706641e+02
1.863118644067797050e+02
1.861559322033898809e+02
1.859604519774011919e+02
1.857446327683616119e+02
1.854983050847457946e+02
1.852237288135593758e+02
1.849084745762712032e+02
1.846158192090395858e+02
1.843276836158192395e+02
1.840508474576271567e+02
1.837966101694915722e+02
1.835435028248588196e+02
1.833299435028249036e+02
1.831344632768361862e+02
1.829514124293785642e+02
1.827853107344633088e+02
1.826474576271186834e+02
1.825423728813559592e+02
1.824723163841808287e+02
1.824033898305085302e+02
1.823706214689265721e+02
1.823649717514124973e+02
1.823864406779661635e+02
1.824101694915254654e+02
1.824564971751412941e+02
1.825378531073446595e+02
1.826316384180791204e+02
1.827310734463277129e+02
1.828655367231638991e+02
1.830282485875706584e+02
1.831864406779661181e+02
1.833638418079096368e+02
1.835672316384181499e+02
1.837909604519774689e+02
1.840316384180791545e+02
1.842824858757062714e+02
1.845389830508475200e+02
1.848056497175141715e+02
1.850655367231639161e+02
1.853073446327684337e+02
1.854858757062147561e+02
1.856338983050848128e+02
1.857435028248588083e+02
1.858124293785311352e+02
1.858203389830509025e+02
1.857830508474576732e+02
1.857265536723164132e+02
1.856192090395480818e+02
1.854644067796610614e+02
1.852734463276836721e+02
1.850564971751412884e+02
1.848022598870057038e+02
1.845446327683616516e+02
1.842847457627119070e+02
1.840361581920904257e+02
1.838079096045198071e+02
1.836033898305085188e+02
1.833774011299435358e+02
1.831728813559322475e+02
1.829796610169491942e+02
1.827920903954802725e+02
1.826124293785311181e+02
1.824587570621469297e+02
1.823163841807910046e+02
1.821774011299435756e+02
1.820564971751412884e+02
1.819593220338983315e+02
1.818621468926554030e+02
1.817830508474576732e+02
1.817186440677966743e+02
1.816666666666667425e+02
1.816225988700565495e+02
1.815920903954802839e+02
1.815932203389830875e+02
1.816045197740113508e+02
1.816338983050848128e+02
1.816790960451978094e+02
1.817525423728814076e+02
1.818305084745763338e+02
1.819401129943503292e+02
1.820723163841808514e+02
1.822101694915255052e+02
1.823672316384181613e+02
1.825333333333333883e+02
1.827118644067797391e+02
1.829016949152542963e+02
1.830937853107345177e+02
1.832350282485876107e+02
1.833344632768362317e+02
1.834033898305085302e+02
1.834282485875706925e+02
1.834135593220339615e+02
1.833683615819209649e+02
1.832960451977401704e+02
1.831887005649717821e+02
1.830259887005650228e+02
1.828237288135593417e+02
1.825988700564972191e+02
1.823276836158192395e+02
1.820644067796610557e+02
1.818045197740113395e+02
1.815480225988700909e+02
1.813096045197740409e+02
1.810745762711864586e+02
1.808610169491525994e+02
1.806790960451977526e+02
1.805163841807909932e+02
1.803559322033898695e+02
1.802135593220339160e+02
1.801175141242937912e+02
1.800327683615819865e+02
1.799683615819209308e+02
1.799299435028248979e+02
1.799016949152542679e+02
1.798949152542373326e+02
1.799062146892655960e+02
1.799559322033898638e+02
1.800146892655367594e+02
1.801096045197740523e+02
1.802000000000000455e+02
1.803310734463277356e+02
1.804564971751412941e+02
1.806327683615819524e+02
1.808090395480226391e+02
1.810022598870056925e+02
1.812293785310734791e+02
1.814644067796610614e+02
1.817028248587570829e+02
1.819593220338983315e+02
1.822440677966101816e+02
1.825288135593220602e+02
1.828203389830508740e+02
1.831242937853107833e+02
1.834418079096045631e+02
1.837514124293785471e+02
1.840531073446327923e+02
1.843197740112994722e+02
1.845615819209039898e+02
1.847457627118644439e+02
1.848745762711864700e+02
1.849615819209039955e+02
1.849988700564971964e+02
1.849943502824858967e+02
1.849344632768361976e+02
1.848451977401130364e+02
1.847107344632768786e+02
1.845254237288135641e+02
1.843084745762712089e+02
1.840519774011299887e+02
1.838045197740113395e+02
1.835819209039548241e+02
1.833683615819209649e+02
1.831649717514124518e+02
1.829615819209039955e+02
1.827728813559322418e+02
1.825841807909604881e+02
1.824192090395480648e+02
1.822598870056497447e+02
1.821322033898305222e+02
1.820237288135593587e+02
1.819175141242938025e+02
1.818338983050847730e+02
1.817548022598870148e+02
1.816892655367232123e+02
1.816451977401130193e+02
1.816124293785310897e+02
1.815988700564972191e+02
1.815898305084746198e+02
1.816033898305084904e+02
1.816463276836158229e+02
1.816949152542373156e+02
1.817717514124294098e+02
1.818474576271186720e+02
1.819468926553672645e+02
1.820677966101695233e+02
1.822192090395480477e+02
1.823796610169491714e+02
1.825672316384181215e+02
1.827548022598870148e+02
1.829604519774011351e+02
1.831954802259887174e+02
1.834372881355932634e+02
1.836282485875706527e+02
1.838056497175141430e+02
1.839480225988700681e+02
1.840610169491525596e+02
1.841265536723163905e+02
1.841751412429378831e+02
1.841785310734463508e+02
1.841355932203389898e+02
1.840564971751412600e+02
1.839412429378531328e+02
1.837966101694915437e+02
1.836214689265536890e+02
1.834011299435028377e+02
1.831401129943503179e+02
1.828655367231638706e+02
1.825909604519774234e+02
1.823491525423729058e+02
1.821050847457627242e+02
1.818745762711864700e+02
1.816768361581921454e+02
1.814813559322034280e+02
1.813197740112994438e+02
1.811966101694915494e+02
1.810757062146892906e+02
1.809728813559322020e+02
1.808971751412429398e+02
1.808553672316384393e+02
1.808180790960452100e+02
1.808090395480226107e+02
1.808338983050847446e+02
1.808666666666666742e+02
1.809310734463276731e+02
1.810192090395480307e+02
1.811220338983051192e+02
1.812406779661017140e+02
1.814000000000000341e+02
1.815751412429378604e+02
1.817502824858757435e+02
1.819661016949152668e+02
1.821887005649717537e+02
1.824305084745762997e+02
1.826813559322033882e+02
1.829559322033898354e+02
1.832350282485875823e+02
1.835118644067796936e+02
1.837864406779661408e+02
1.840146892655367310e+02
1.842180790960452157e+02
1.843807909604519750e+02
1.845039548022598979e+02
1.845717514124293643e+02
1.846112994350282293e+02
1.846022598870056299e+02
1.845423728813559308e+02
1.844587570621469013e+02
1.843288135593220431e+02
1.841457627118644211e+02
1.839254237288135414e+02
1.836632768361582180e+02
1.833841807909604427e+02
1.831005649717513961e+02
1.828305084745762770e+02
1.825627118644067650e+02
1.823107344632768445e+02
1.820689265536723269e+02
1.818271186440678093e+02
1.815977401129943587e+02
1.813774011299435074e+02
1.811672316384181158e+02
1.809717514124293984e+02
1.807887005649717480e+02
1.806101694915254257e+02
1.804689265536723042e+02
1.803186440677966402e+02
1.801920903954802498e+02
1.800802259887005619e+02
1.799830508474576050e+02
1.798983050847457719e+02
1.798316384180791090e+02
1.797853107344632804e+02
1.797514124293785471e+02
1.797367231638418161e+02
1.797378531073446482e+02
1.797570621468926788e+02
1.797966101694915437e+02
1.798564971751412713e+02
1.799299435028248695e+02
1.800248587570621623e+02
1.801231638418079228e+02
1.802621468926553803e+02
1.804067796610169694e+02
1.805649717514124291e+02
1.807378531073446197e+02
1.809163841807909705e+02
1.810723163841807946e+02
1.811819209039547900e+02
1.812610169491525767e+02
1.813050847457627128e+02
1.813118644067796765e+02
1.812757062146892792e+02
1.812033898305084563e+02
1.810870056497175256e+02
1.809468926553672361e+02
1.807615819209039500e+02
1.805480225988700624e+02
1.802937853107344495e+02
1.800192090395480022e+02
1.797604519774011465e+02
1.795050847457627015e+02
1.792587570621468842e+02
1.790338983050847332e+02
1.788124293785310783e+02
1.786146892655367253e+02
1.784327683615819353e+02
1.782745762711864472e+02
1.781254237288135585e+02
1.780011299435028320e+02
1.779016949152542679e+02
1.778203389830508740e+02
1.777683615819209137e+02
1.777197740112994495e+02
1.777039548022599149e+02
1.776949152542373156e+02
1.777141242937853463e+02
1.777468926553672475e+02
1.778000000000000114e+02
1.778734463276836095e+02
1.779706214689265380e+02
1.780711864406779341e+02
1.782022598870056527e+02
1.783502824858757094e+02
1.785163841807909648e+02
1.787028248587570829e+02
1.789141242937853349e+02
1.791096045197739954e+02
1.793355932203390068e+02
1.795898305084745914e+02
1.798440677966101759e+02
1.800949152542372929e+02
1.803559322033898411e+02
1.806429378531073553e+02
1.809175141242937741e+02
1.811966101694915210e+02
1.814327683615819353e+02
1.816418079096045517e+02
1.817977401129943473e+02
1.819209039548022702e+02
1.819909604519774007e+02
1.820214689265536663e+02
1.820011299435028036e+02
1.819457627118644041e+02
1.818531073446327753e+02
1.817107344632768218e+02
1.815401129943502951e+02
1.813152542372881726e+02
1.810802259887005903e+02
1.808497175141243076e+02
1.806338983050847560e+02
1.804203389830508399e+02
1.802350282485875823e+02
1.800418079096045290e+02
1.798802259887005448e+02
1.797118644067796538e+02
1.795604519774011294e+02
1.794033898305085017e+02
1.792677966101694835e+02
1.791502824858757208e+02
1.790451977401129966e+02
1.789435028248587400e+02
1.788666666666666742e+02
1.787898305084745800e+02
1.787423728813559478e+02
1.787118644067796538e+02
1.786779661016948921e+02
1.786734463276836209e+02
1.786824858757062202e+02
1.787242937853107492e+02
1.787593220338982860e+02
1.788350282485875482e+02
1.789401129943503008e+02
1.790463276836158570e+02
1.791638418079095914e+02
1.792983050847457775e+02
1.794542372881356300e+02
1.796214689265536890e+02
1.798180790960452100e+02
1.800282485875706300e+02
1.802406779661017140e+02
1.804768361581920999e+02
1.806903954802260159e+02
1.808734463276836379e+02
1.810248587570621908e+02
1.811378531073446538e+02
1.812203389830508513e+02
1.812745762711864472e+02
1.813016949152542452e+02
1.812870056497175142e+02
1.812508474576271453e+02
1.811728813559322475e+02
1.810621468926553916e+02
1.809276836158192339e+02
1.807333333333333485e+02
1.805355932203389955e+02
1.803141242937853121e+02
1.800553672316384279e+02
1.797728813559322134e+02
1.795175141242937968e+02
1.792632768361581839e+02
1.790361581920903973e+02
1.788203389830508740e+02
1.786271186440678207e+02
1.784497175141243019e+02
1.782983050847457775e+02
1.781774011299435188e+02
1.780587570621469240e+02
1.779706214689265948e+02
1.779129943502824744e+02
1.778779661016949376e+02
1.778519774011299432e+02
1.778632768361582066e+02
1.778802259887006016e+02
1.779175141242938025e+02
1.779751412429378661e+02
1.780542372881355959e+02
1.781457627118644496e+02
1.782677966101695120e+02
1.784067796610169694e+02
1.785559322033898582e+02
1.787310734463277129e+02
1.789163841807909989e+02
1.791107344632768843e+02
1.793276836158192395e+02
1.795525423728814189e+02
1.797954802259887117e+02
1.800305084745762940e+02
1.802892655367231782e+02
1.805355932203390239e+02
1.807480225988700795e+02
1.809242937853107378e+02
1.810689265536723269e+02
1.811819209039548468e+02
1.812463276836158457e+02
1.812711864406780080e+02
1.812564971751412770e+02
1.812045197740113167e+02
1.811118644067796879e+02
1.809683615819209308e+02
1.807887005649717764e+02
1.805819209039548241e+02
1.803435028248587741e+02
1.801231638418079228e+02
1.799152542372881669e+02
1.796983050847457832e+02
1.794847457627118672e+02
1.792937853107344495e+02
1.791152542372881555e+02
1.789367231638418048e+02
1.787774011299435415e+02
1.786237288135593531e+02
1.784768361581920999e+02
1.783491525423729058e+02
1.782225988700565154e+02
1.781073446327683882e+02
1.780056497175141317e+02
1.779107344632768672e+02
1.778338983050847730e+02
1.777853107344632804e+02
1.777333333333333485e+02
1.777039548022598865e+02
1.776824858757062486e+02
1.776768361581921170e+02
1.776937853107344836e+02
1.777107344632768218e+02
1.777491525423728831e+02
1.778045197740113110e+02
1.778677966101694778e+02
1.779593220338983315e+02
1.780677966101695233e+02
1.781875706214689217e+02
1.783378531073446425e+02
1.784836158192090352e+02
1.786384180790960556e+02
1.788192090395480136e+02
1.789740112994350341e+02
1.791050847457627242e+02
1.792011299435028207e+02
1.792564971751412486e+02
1.792689265536723155e+02
1.792587570621469126e+02
1.792045197740113167e+02
1.791242937853107264e+02
1.789920903954802043e+02
1.788372881355932122e+02
1.786451977401129909e+02
1.784067796610169410e+02
1.781661016949152554e+02
1.779220338983051022e+02
1.776847457627118558e+02
1.774666666666666686e+02
1.772440677966101816e+02
1.770553672316384279e+02
1.768677966101694778e+02
1.767129943502824858e+02
1.765559322033898297e+02
1.764237288135593076e+02
1.763197740112994438e+02
1.762361581920903859e+02
1.761559322033898525e+02
1.761073446327683598e+02
1.760881355932203292e+02
1.760903954802259932e+02
1.761073446327683598e+02
1.761389830508474574e+02
1.761966101694915210e+02
1.762451977401129852e+02
1.763412429378531101e+02
1.764418079096045062e+02
1.765796610169491601e+02
1.767355932203389841e+02
1.769028248587570715e+02
1.770994350282485925e+02
1.772836158192090465e+02
1.774926553672316629e+02
1.777209039548022815e+02
1.779570621468926674e+02
1.782158192090395801e+02
1.784745762711864643e+02
1.787344632768361805e+02
1.790067796610169637e+02
1.792949152542373099e+02
1.795751412429378888e+02
1.798429378531073439e+02
1.800700564971751305e+02
1.802621468926553803e+02
1.804124293785311011e+02
1.804949152542372985e+02
1.805502824858757265e+02
1.805751412429378888e+02
1.805423728813559592e+02
1.804711864406779966e+02
1.803581920903955051e+02
1.802045197740113167e+02
1.800214689265536663e+02
1.797875706214689160e+02
1.795423728813559592e+02
1.793141242937853121e+02
1.790723163841807946e+02
1.788418079096045403e+02
1.786372881355932236e+02
1.784519774011299376e+02
1.782576271186440806e+02
1.780677966101694949e+02
1.779016949152542111e+02
1.777536723163841827e+02
1.776079096045197616e+02
1.774587570621469013e+02
1.773446327683615777e+02
1.772316384180791147e+02
1.771435028248587571e+02
1.770542372881355959e+02
1.769774011299435301e+02
1.769129943502824744e+02
1.768689265536722814e+02
1.768293785310734734e+02
1.768146892655367139e+02
1.767988700564971509e+02
1.768282485875706129e+02
1.768485875706214756e+02
1.768870056497175085e+02
1.769604519774011351e+02
1.770305084745762656e+02
1.771265536723163905e+02
1.772361581920903859e+02
1.773627118644067764e+02
1.774960451977401021e+02
1.776598870056496935e+02
1.778293785310734449e+02
1.780079096045197673e+02
1.781762711864406583e+02
1.783141242937852837e+02
1.784192090395480079e+02
1.784926553672316345e+02
1.785276836158191998e+02
1.785344632768361635e+02
1.785096045197740295e+02
1.784429378531073382e+02
1.783570621468926447e+02
1.782271186440677866e+02
1.780689265536723269e+02
1.778881355932203405e+02
1.776802259887005562e+02
1.774316384180791033e+02
1.771887005649717537e+02
1.769615819209039387e+02
1.767378531073446197e+02
1.765333333333333030e+02
1.763435028248587457e+02
1.761536723163841884e+02
1.759943502824858683e+02
1.758564971751412145e+02
1.757401129943502838e+02
1.756350282485875596e+02
1.755536723163841657e+02
1.754836158192090352e+02
1.754508474576271055e+02
1.754282485875706357e+02
1.754158192090395687e+02
1.754451977401129739e+02
1.754824858757062032e+02
1.755378531073446311e+02
1.756067796610169580e+02
1.757186440677966175e+02
1.758293785310734449e+02
1.759548022598870034e+02
1.761005649717513961e+02
1.762666666666666515e+02
1.764474576271186379e+02
1.766338983050847276e+02
1.768305084745762770e+02
1.770463276836158002e+02
1.772700564971751476e+02
1.775118644067796367e+02
1.777536723163841827e+02
1.780011299435028036e+02
1.782361581920903859e+02
1.784248587570621396e+02
1.785864406779660953e+02
1.786983050847457548e+02
1.787774011299435131e+02
1.788305084745762770e+02
1.788282485875706129e+02
1.787909604519774120e+02
1.787073446327683541e+02
1.785853107344632633e+02
1.784214689265536720e+02
1.782316384180791147e+02
1.779966101694915039e+02
1.777785310734463451e+02
1.775593220338982974e+02
1.773491525423729058e+02
1.771627118644067878e+02
1.769751412429378661e+02
1.767954802259886833e+02
1.766180790960451930e+02
1.764519774011299660e+02
1.762836158192090465e+02
1.761593220338983201e+02
1.760316384180790692e+02
1.759084745762712032e+02
1.758045197740112826e+02
1.757016949152542509e+02
1.756112994350282293e+02
1.755322033898304994e+02
1.754802259887005675e+02
1.754282485875706357e+02
1.753954802259887060e+02
1.753706214689265437e+02
1.753672316384180760e+02
1.753672316384180760e+02
1.753909604519773779e+02
1.754384180790960386e+02
1.754858757062146708e+02
1.755559322033898297e+02
1.756564971751412259e+02
1.757740112994350170e+02
1.758971751412429398e+02
1.760474576271186322e+02
1.762090395480225880e+02
1.763853107344632463e+02
1.765728813559321964e+02
1.767796610169491487e+02
1.769819209039548014e+02
1.771570621468926561e+02
1.772971751412429171e+02
1.774011299435027809e+02
1.774824858757062032e+02
1.775163841807909648e+02
1.775310734463276958e+02
1.775209039548022361e+02
1.774519774011299376e+02
1.773559322033898127e+02
1.772338983050847219e+02
1.770813559322033939e+02
1.768881355932203121e+02
1.766655367231638252e+02
1.764158192090395687e+02
1.761491525423728604e+02
1.758949152542372758e+02
1.756508474576271226e+02
1.754259887005649716e+02
1.752045197740113167e+02
1.750079096045197673e+02
1.748338983050847446e+02
1.746802259887005562e+02
1.745209039548022361e+02
1.744101694915254086e+02
1.743062146892655164e+02
1.742214689265536549e+02
1.741683615819208626e+02
1.741322033898304937e+02
1.741197740112993984e+02
1.741175141242937912e+02
1.741367231638417934e+02
1.741819209039547900e+02
1.742497175141242849e+02
1.743322033898305108e+02
1.744372881355932066e+02
1.745502824858756981e+02
1.746870056497174915e+02
1.748406779661016799e+02
1.750101694915254029e+02
1.752011299435028207e+02
1.754112994350282406e+02
1.756225988700564926e+02
1.758598870056496821e+02
1.760926553672316004e+02
1.763502824858757094e+02
1.765943502824858626e+02
1.768384180790960443e+02
1.771163841807909307e+02
1.773740112994350113e+02
1.776056497175141260e+02
1.777954802259886833e+02
1.779581920903954710e+02
1.780971751412429285e+02
1.781683615819209194e+02
1.782112994350282520e+02
1.782158192090395232e+02
1.781841807909604540e+02
1.780926553672316572e+02
1.779740112994350341e+02
1.778305084745762485e+02
1.776384180790960272e+02
1.774192090395480363e+02
1.772180790960451873e+02
1.770203389830508627e+02
1.768418079096045119e+02
1.766655367231638252e+02
1.764870056497175028e+02
1.763242937853107151e+02
1.761853107344632861e+02
1.760519774011299319e+02
1.759367231638418048e+02
1.758225988700564812e+02
1.757276836158191884e+02
1.756406779661016913e+02
1.755536723163841657e+02
1.754824858757062316e+02
1.754418079096045062e+02
1.754101694915254370e+02
1.753932203389830420e+02
1.753841807909604427e+02
1.753954802259887060e+02
1.754158192090395687e+02
1.754485875706214699e+02
1.755016949152542338e+02
1.755762711864406924e+02
1.756621468926553575e+02
1.757604519774011180e+02
1.758881355932203405e+02
1.760169491525423666e+02
1.761661016949152554e+02
1.763333333333333144e+02
1.765107344632768331e+02
1.766937853107344552e+02
1.768892655367231441e+02
1.770531073446327355e+02
1.771728813559321907e+02
1.772644067796610443e+02
1.773197740112994438e+02
1.773457627118643813e+02
1.773322033898305108e+02
1.772790960451977185e+02
1.772101694915254484e+02
1.770994350282485925e+02
1.769525423728813394e+02
1.767762711864406810e+02
1.765638418079095970e+02
1.763322033898305108e+02
1.760881355932203292e+02
1.758395480225988763e+02
1.756101694915254257e+02
1.753593220338982803e+02
1.751446327683615891e+02
1.749435028248587400e+02
1.747378531073446482e+02
1.745841807909604597e+02
1.744485875706214699e+02
1.743107344632768445e+02
1.741988700564971850e+02
1.741175141242937912e+02
1.740519774011299319e+02
1.740090395480225993e+02
1.739932203389830647e+02
1.739977401129943644e+02
1.740135593220339274e+02
1.740440677966101930e+02
1.741107344632768559e+02
1.741853107344632861e+02
1.742926553672316459e+02
1.744237288135593360e+02
1.745638418079096255e+02
1.747118644067796822e+02
1.748971751412429398e+02
1.750858757062147220e+02
1.753073446327683769e+02
1.755378531073446311e+02
1.757875706214689444e+02
1.760440677966101930e+02
1.763050847457627128e+02
1.765819209039548241e+02
1.768723163841808059e+02
1.771355932203389898e+02
1.773762711864407038e+02
1.775864406779660953e+02
1.777661016949152497e+02
1.778881355932203405e+02
1.779694915254237344e+02
1.780214689265536663e+02
1.780146892655367310e+02
1.779638418079096311e+02
1.778858757062147049e+02
1.777491525423729115e+02
1.775706214689265607e+02
1.773604519774011692e+02
1.771073446327683882e+02
1.768406779661017083e+02
1.765977401129943587e+02
1.763378531073446425e+02
1.761118644067796879e+02
1.758847457627118729e+02
1.756757062146892849e+02
1.754564971751412372e+02
1.752632768361582123e+02
1.750745762711864586e+02
1.749016949152542679e+02
1.747389830508474802e+02
1.745954802259886947e+02
1.744745762711864359e+02
1.743423728813559705e+02
1.742293785310734506e+02
1.741423728813559251e+02
1.740542372881355959e+02
1.739909604519774291e+02
1.739401129943502724e+02
1.738994350282486039e+02
1.738779661016949376e+02
1.738655367231638706e+02
1.738711864406780023e+02
1.739005649717514359e+02
1.739389830508474688e+02
1.740022598870056640e+02
1.740858757062146935e+02
1.741785310734463508e+02
1.742757062146892792e+02
1.744067796610169694e+02
1.745468926553672304e+02
1.746870056497175483e+02
1.748418079096045403e+02
1.750214689265536663e+02
1.752056497175141487e+02
1.753785310734463394e+02
1.755220338983050965e+02
1.756237288135593531e+02
1.756881355932203519e+02
1.757209039548022815e+02
1.757209039548022815e+02
1.756858757062147163e+02
1.756112994350282577e+02
1.755096045197740295e+02
1.753672316384181045e+02
1.751853107344632861e+02
1.749785310734463621e+02
1.747322033898305449e+02
1.744790960451977639e+02
1.742474576271186493e+02
1.740124293785310954e+02
1.737943502824858797e+02
1.735932203389830306e+02
1.734022598870056413e+02
1.732350282485875823e+02
1.730937853107344608e+02
1.729661016949152668e+02
1.728621468926554030e+02
1.727683615819209137e+02
1.726960451977401192e+02
1.726519774011299546e+02
1.726271186440678207e+02
1.726282485875706243e+02
1.726418079096045233e+02
1.726768361581920885e+02
1.727355932203389841e+02
1.727977401129943473e+02
1.728937853107344722e+02
1.730045197740112997e+02
1.731310734463276901e+02
1.732824858757062145e+02
1.734372881355932350e+02
1.736090395480226221e+02
1.738045197740113110e+02
1.740135593220339274e+02
1.742305084745762827e+02
1.744745762711864359e+02
1.747050847457627185e+02
1.749593220338983031e+02
1.752135593220339160e+02
1.754836158192090352e+02
1.757491525423728831e+02
1.760203389830508627e+02
1.762937853107344779e+02
1.765265536723163677e+02
1.767367231638418161e+02
1.769073446327683428e+02
1.770316384180790976e+02
1.771231638418079228e+02
1.771559322033898525e+02
1.771502824858757208e+02
1.771242937853107264e+02
1.770542372881355959e+02
1.769378531073446368e+02
1.767819209039548127e+02
1.765796610169491601e+02
1.763638418079095800e+02
1.761480225988700568e+02
1.759322033898305051e+02
1.757265536723163564e+02
1.755536723163841941e+02
1.753807909604519750e+02
1.752192090395480193e+02
1.750564971751412600e+02
1.749276836158192054e+02
1.748022598870056470e+02
1.746768361581920885e+02
1.745853107344632917e+02
1.744994350282485698e+02
1.744192090395480363e+02
1.743502824858757094e+02
1.742892655367231782e+02
1.742463276836158173e+02
1.742146892655367196e+02
1.742033898305084563e+02
1.742056497175141203e+02
1.741999999999999886e+02
1.742384180790960215e+02
1.742892655367231498e+02
1.743502824858757094e+02
1.744316384180790749e+02
1.745299435028248354e+02
1.746429378531073269e+02
1.747774011299434846e+02
1.749242937853107378e+02
1.750847457627118615e+02
1.752790960451977469e+02
1.754655367231638365e+02
1.756576271186440579e+02
1.758327683615819126e+02
1.759898305084745971e+02
1.761050847457626958e+02
1.761898305084745857e+02
1.762338983050847503e+02
1.762508474576271169e+02
1.762372881355932179e+02
1.761841807909604540e+02
1.760994350282485925e+02
1.759898305084745971e+02
1.758440677966102044e+02
1.756689265536722928e+02
1.754734463276836038e+02
1.752497175141242849e+02
1.749875706214689330e+02
1.747186440677965891e+02
1.744508474576271055e+02
1.742090395480225880e+02
1.739683615819209024e+02
1.737502824858756867e+02
1.735536723163841657e+02
1.733785310734463110e+02
1.732101694915254200e+02
1.730655367231638593e+02
1.729412429378531044e+02
1.728406779661016799e+02
1.727593220338983144e+02
1.726926553672316516e+02
1.726519774011299546e+02
1.726429378531073553e+02
1.726474576271186550e+02
1.726677966101694892e+02
1.727220338983051136e+02
1.727966101694915437e+02
1.728847457627118729e+02
1.730033898305084961e+02
1.731276836158192225e+02
1.732723163841808400e+02
1.734395480225988990e+02
1.736406779661017197e+02
1.738350282485876050e+02
1.740463276836158570e+02
1.742677966101695120e+02
1.745242937853107605e+02
1.747841807909604768e+02
1.750474576271186606e+02
1.753288135593220431e+02
1.755740112994350284e+02
1.757853107344632804e+02
1.759559322033898638e+02
1.761016949152542566e+02
1.761943502824859138e+02
1.762474576271186777e+02
1.762463276836158457e+02
1.762124293785310840e+02
1.761446327683615891e+02
1.760327683615819296e+02
1.758564971751412713e+02
1.756655367231638536e+02
1.754203389830508399e+02
1.751536723163841884e+02
1.748960451977401362e+02
1.746497175141242906e+02
1.744079096045197730e+02
1.741661016949152554e+02
1.739265536723164018e+02
1.736937853107344836e+02
1.734870056497175028e+02
1.732881355932203746e+02
1.731084745762711918e+02
1.729197740112994666e+02
1.727435028248587798e+02
1.725943502824858911e+02
1.724395480225988706e+02
1.723005649717514416e+02
1.721830508474576504e+02
1.720802259887005903e+02
1.719740112994350625e+02
1.718915254237288366e+02
1.718124293785310783e+02
1.717423728813559478e+02
1.717129943502825142e+02
1.716960451977401476e+02
1.717050847457627469e+02
1.717231638418079456e+02
1.717367231638418161e+02
1.717830508474576163e+02
1.718564971751412713e+02
1.719480225988700681e+02
1.720429378531073326e+02
1.721672316384180590e+02
1.723028248587570488e+02
1.724610169491525653e+02
1.726135593220339217e+02
1.727966101694915437e+02
1.729932203389830647e+02
1.731864406779661181e+02
1.733412429378531101e+02
1.734610169491525653e+02
1.735423728813559592e+02
1.735694915254237571e+02
1.735841807909604881e+02
1.735480225988700624e+02
1.734858757062146992e+02
1.733920903954802384e+02
1.732474576271186493e+02
1.730463276836158570e+02
1.728124293785310783e+02
1.725683615819208967e+02
1.723084745762711805e+02
1.720531073446327639e+02
1.718158192090395460e+02
1.715932203389830590e+02
1.713875706214689387e+02
1.711954802259887174e+02
1.710192090395480022e+02
1.708621468926553746e+02
1.707107344632768502e+02
1.705943502824858911e+02
1.704971751412429342e+02
1.704293785310734393e+02
1.703661016949152440e+02
1.703276836158192111e+02
1.703073446327683769e+02
1.703129943502825085e+02
1.703242937853107719e+02
1.703751412429378718e+02
1.704440677966101703e+02
1.705231638418079285e+02
1.706203389830508570e+02
1.707593220338982860e+02
1.709050847457627356e+02
1.710598870056497276e+02
1.712293785310734506e+02
1.714248587570621680e+02
1.716316384180790919e+02
1.718519774011299432e+02
1.720926553672316572e+02
1.723367231638418389e+02
1.726022598870056868e+02
1.728723163841808059e+02
1.731254237288135869e+02
1.734033898305085017e+02
1.736847457627118843e+02
1.739627118644067991e+02
1.742056497175141203e+02
1.744033898305085017e+02
1.745649717514124575e+02
1.746734463276836209e+02
1.747548022598870148e+02
1.747819209039548127e+02
1.747762711864407095e+02
1.747175141242938139e+02
1.746338983050847560e+02
1.745016949152542622e+02
1.743310734463277072e+02
1.741118644067796879e+02
1.738937853107344722e+02
1.736870056497175199e+02
1.734632768361582009e+02
1.732734463276836436e+02
1.730847457627118899e+02
1.729039548022599035e+02
1.727480225988700795e+02
1.725977401129943587e+02
1.724621468926553689e+02
1.723209039548022474e+02
1.722090395480225880e+02
1.721039548022598922e+02
1.720180790960451986e+02
1.719435028248587685e+02
1.718666666666666742e+02
1.717966101694915437e+02
1.717604519774011465e+02
1.717355932203389841e+02
1.717220338983050851e+02
1.717288135593220204e+02
1.717491525423728831e+02
1.717853107344632804e+02
1.718440677966101475e+02
1.719197740112994381e+02
1.719988700564971680e+02
1.721039548022598638e+02
1.722225988700565154e+02
1.723491525423728774e+02
1.724745762711864359e+02
1.726576271186440579e+02
1.728429378531073439e+02
1.730338983050847332e+02
1.732259887005649546e+02
1.734011299435028093e+02
1.735412429378530987e+02
1.736463276836158229e+02
1.737254237288135528e+02
1.737627118644067821e+02
1.737785310734463451e+02
1.737548022598869863e+02
1.737107344632768218e+02
1.736293785310734279e+02
1.735129943502824403e+02
1.733638418079095800e+02
1.731853107344632576e+02
1.729751412429378092e+02
1.727514124293785187e+02
1.724836158192089783e+02
1.722384180790960215e+02
1.719999999999999716e+02
1.717638418079095572e+02
1.715627118644067650e+02
1.713706214689265437e+02
1.711887005649717537e+02
1.710293785310734336e+02
1.708971751412429398e+02
1.707875706214689444e+02
1.706960451977401192e+02
1.706192090395480250e+02
1.705751412429378320e+02
1.705536723163841657e+02
1.705468926553672304e+02
1.705423728813559592e+02
1.705717514124293643e+02
1.706112994350282293e+02
1.706745762711864245e+02
1.707570621468926220e+02
1.708610169491525426e+02
1.709819209039548014e+02
1.711254237288135585e+02
1.712836158192090465e+02
1.714621468926553689e+02
1.716553672316384223e+02
1.718610169491525426e+02
1.720858757062146935e+02
1.723175141242937798e+02
1.725785310734463280e+02
1.728350282485875766e+02
1.731039548022598638e+02
1.733627118644067764e+02
1.735785310734463280e+02
1.737649717514124177e+02
1.739220338983051022e+02
1.740406779661017254e+02
1.741186440677966232e+02
1.741581920903954881e+02
1.741638418079095914e+02
1.741209039548022588e+02
1.740440677966101930e+02
1.739401129943502724e+02
1.737932203389830477e+02
1.736067796610169580e+02
1.733683615819209081e+02
1.731197740112994552e+02
1.728644067796610102e+02
1.726180790960452214e+02
1.723830508474576391e+02
1.721581920903954597e+02
1.719468926553672077e+02
1.717265536723163564e+02
1.715152542372881044e+02
1.713322033898305108e+02
1.711570621468926561e+02
1.709751412429378661e+02
1.708214689265536776e+02
1.706757062146892565e+02
1.705186440677966004e+02
1.703977401129943416e+02
1.702677966101694835e+02
1.701536723163841884e+02
1.700689265536723269e+02
1.699932203389830363e+02
1.699254237288135414e+02
1.698711864406779455e+02
1.698293785310734449e+02
1.698101694915254143e+02
1.698146892655367139e+02
1.698225988700564812e+02
1.698542372881355789e+02
1.698994350282485755e+02
1.699717514124293700e+02
1.700576271186440636e+02
1.701672316384180590e+02
1.702870056497174858e+02
1.704259887005649716e+02
1.705638418079095686e+02
1.707209039548022247e+02
1.708949152542372758e+02
1.710632768361581952e+02
1.712112994350282520e+02
1.713152542372881157e+02
1.713898305084745743e+02
1.714146892655367083e+02
1.714180790960451759e+02
1.713807909604519466e+02
1.713220338983050510e+02
1.712293785310734222e+02
1.711028248587570317e+02
1.709525423728813394e+02
1.707593220338982860e+02
1.705242937853107037e+02
1.702745762711864472e+02
1.700282485875706016e+02
1.697977401129943473e+02
1.695661016949152327e+02
1.693423728813559137e+02
1.691412429378530646e+02
1.689604519774011067e+02
1.687887005649717480e+02
1.686327683615818955e+02
1.684903954802259705e+02
1.683672316384180476e+02
1.682531073446327241e+02
1.681638418079095629e+02
1.681129943502824631e+02
1.680723163841807946e+02
1.680485875706214642e+02
1.680474576271186322e+02
1.680621468926553348e+02
1.681005649717513961e+02
1.681548022598869920e+02
1.682203389830508513e+02
1.683062146892655164e+02
1.684067796610169410e+02
1.685344632768361350e+02
1.686779661016949206e+02
1.688225988700564812e+02
1.689853107344632690e+02
1.691649717514123950e+02
1.693514124293785130e+02
1.695570621468926333e+02
1.697672316384180817e+02
1.699774011299434733e+02
1.702011299435027922e+02
1.704384180790960386e+02
1.706542372881355902e+02
1.708903954802259761e+02
1.711107344632768275e+02
1.713423728813559421e+02
1.715186440677966004e+02
1.716768361581920885e+02
1.717751412429378490e+02
1.718361581920903802e+02
1.718666666666666742e+02
1.718576271186440465e+02
1.717932203389830192e+02
1.717062146892655221e+02
1.715615819209039614e+02
1.713853107344632747e+02
1.711954802259886890e+02
1.710180790960451986e+02
1.708564971751412145e+02
1.706903954802259875e+02
1.705310734463276958e+02
1.703966101694915096e+02
1.702666666666666515e+02
1.701536723163841600e+02
1.700440677966101362e+02
1.699355932203389727e+02
1.698451977401129795e+02
1.697683615819208853e+02
1.697016949152542225e+02
1.696384180790960272e+02
1.696033898305084620e+02
1.695694915254237003e+02
1.695480225988700624e+02
1.695344632768361635e+02
1.695378531073446311e+02
1.695389830508474347e+02
1.695751412429378604e+02
1.696248587570621567e+02
1.696813559322033882e+02
1.697604519774011465e+02
1.698497175141242792e+02
1.699446327683615721e+02
1.700632768361581952e+02
1.702033898305084563e+02
1.703480225988700454e+02
1.705039548022598694e+02
1.706836158192090238e+02
1.708768361581920772e+02
1.710689265536722985e+02
1.712700564971751191e+02
1.714372881355932066e+02
1.715694915254237287e+02
1.716824858757062202e+02
1.717706214689265494e+02
1.718067796610169466e+02
1.718135593220339103e+02
1.717841807909604483e+02
1.717231638418078887e+02
1.716316384180790919e+02
1.715175141242937684e+02
1.713694915254237117e+02
1.711932203389830534e+02
1.709909604519774007e+02
1.707491525423728831e+02
1.705050847457627015e+02
1.702779661016949149e+02
1.700406779661016685e+02
1.698316384180790806e+02
1.696327683615818955e+02
1.694655367231638365e+02
1.693175141242937798e+02
1.691649717514124234e+02
1.690610169491525596e+02
1.689717514124293984e+02
1.688971751412429398e+02
1.688406779661017083e+02
1.688011299435028434e+02
1.687841807909604768e+02
1.687943502824858797e+02
1.688101694915254143e+02
1.688508474576271396e+02
1.689299435028248695e+02
1.690079096045197957e+02
1.691073446327683882e+02
1.692192090395480193e+02
1.693604519774011123e+02
1.695265536723163677e+02
1.696937853107344836e+02
1.698926553672316402e+02
1.701005649717514245e+02
1.703276836158192395e+02
1.705559322033898582e+02
1.707909604519774120e+02
1.710384180790960613e+02
1.713016949152542452e+02
1.715559322033898297e+02
1.717740112994350454e+02
1.719627118644067991e+02
1.721129943502825199e+02
1.722361581920904143e+02
1.723050847457627128e+02
1.723446327683616062e+02
1.723435028248587741e+02
1.723073446327683769e+02
1.722384180790960500e+02
1.721254237288135869e+02
1.719649717514124632e+02
1.717864406779661124e+02
1.715627118644068219e+02
1.713005649717514416e+02
1.710531073446327923e+02
1.708169491525424064e+02
1.705807909604519921e+02
1.703502824858757094e+02
1.701468926553672532e+02
1.699197740112994381e+02
1.697220338983050851e+02
1.695096045197740295e+02
1.693107344632768445e+02
1.691288135593220545e+02
1.689536723163841714e+02
1.687841807909604483e+02
1.686440677966101589e+02
1.684926553672316345e+02
1.683672316384180476e+02
1.682406779661017140e+02
1.681423728813559251e+02
1.680621468926553632e+02
1.679954802259887003e+02
1.679186440677966061e+02
1.678734463276836095e+02
1.678248587570621737e+02
1.678090395480226107e+02
1.678033898305084790e+02
1.677909604519774120e+02
1.678180790960452100e+02
1.678644067796610386e+02
1.679209039548022702e+02
1.679943502824858967e+02
1.680915254237288252e+02
1.681943502824859138e+02
1.683118644067796765e+02
1.684406779661017310e+02
1.685807909604520205e+02
1.687016949152542509e+02
1.687943502824858797e+02
1.688689265536723383e+02
1.689107344632768672e+02
1.689062146892655392e+02
1.688689265536723383e+02
1.688011299435028434e+02
1.687141242937853178e+02
1.685740112994350568e+02
1.684203389830508684e+02
1.682237288135593190e+02
1.680090395480225993e+02
1.677841807909604768e+02
1.675740112994350568e+02
1.673468926553672418e+02
1.671502824858757208e+02
1.669581920903954995e+02
1.667774011299435415e+02
1.666090395480226221e+02
1.664610169491525653e+02
1.663310734463277072e+02
1.662192090395480477e+02
1.661096045197740523e+02
1.660259887005649944e+02
1.659570621468926674e+02
1.659084745762712032e+02
1.658813559322034052e+02
1.658757062146892736e+02
1.658734463276836095e+02
1.659016949152542679e+02
1.659581920903954710e+02
1.660271186440677980e+02
1.660994350282485925e+02
1.661875706214689501e+02
1.663073446327683769e+02
1.664305084745762997e+02
1.665830508474576561e+02
1.667288135593220488e+02
1.668813559322034052e+02
1.670677966101695233e+02
1.672644067796610443e+02
1.674802259887005960e+02
1.676881355932203803e+02
1.679096045197740636e+02
1.681276836158192509e+02
1.683604519774011692e+02
1.686000000000000227e+02
1.688338983050847730e+02
1.690440677966101930e+02
1.692101694915254484e+02
1.693480225988701022e+02
1.694542372881356016e+02
1.695276836158192282e+02
1.695570621468926902e+02
1.695367231638418275e+02
1.694824858757062316e+02
1.693875706214689671e+02
1.692700564971751760e+02
1.691062146892655846e+02
1.689322033898305335e+02
1.687502824858757435e+02
1.685954802259887231e+02
1.684474576271186663e+02
1.682971751412429740e+02
1.681581920903955165e+02
1.680327683615819581e+02
1.679265536723164018e+02
1.678225988700565381e+02
1.677333333333333769e+02
1.676621468926554144e+02
1.676022598870056868e+02
1.675288135593220602e+02
1.674768361581920999e+02
1.674440677966101987e+02
1.674248587570621680e+02
1.674101694915254370e+02
1.674079096045198298e+02
1.674248587570621680e+02
1.674542372881356300e+02
1.674949152542372985e+02
1.675355932203390239e+02
1.676090395480226221e+02
1.676915254237288195e+02
1.677830508474576447e+02
1.679050847457627640e+02
1.680225988700565267e+02
1.681706214689265835e+02
1.683175141242938366e+02
1.684960451977401590e+02
1.686813559322034166e+02
1.688768361581921340e+02
1.690960451977401533e+02
1.693005649717514416e+02
1.694734463276836323e+02
1.696316384180791488e+02
1.697581920903955108e+02
1.698485875706215040e+02
1.699175141242938025e+02
1.699423728813559649e+02
1.699570621468926674e+02
1.699175141242938025e+02
1.698632768361582066e+02
1.697559322033898752e+02
1.696316384180791204e+02
1.694858757062147276e+02
1.693050847457627128e+02
1.690983050847457889e+02
1.688610169491525710e+02
1.686203389830508854e+02
1.683570621468927015e+02
1.680892655367231896e+02
1.678508474576271396e+02
1.676180790960452214e+02
1.674112994350282975e+02
1.672192090395480477e+02
1.670384180790960613e+02
1.668779661016949376e+02
1.667276836158192168e+02
1.666169491525423894e+02
1.665005649717514302e+02
1.664350282485875994e+02
1.663841807909604995e+02
1.663389830508474745e+02
1.663141242937853406e+02
1.663118644067797050e+02
1.663435028248587741e+02
1.663762711864407038e+02
1.664293785310734677e+02
1.665141242937853576e+02
1.666079096045197900e+02
1.667175141242938139e+02
1.668372881355932407e+02
1.669841807909604654e+02
1.671423728813559819e+02
1.673118644067797050e+02
1.675107344632768900e+02
1.677265536723164132e+02
1.679389830508474688e+02
1.681581920903955165e+02
1.683898305084746312e+02
1.686361581920904200e+02
1.688824858757062657e+02
1.691209039548022872e+02
1.693197740112994438e+02
1.694734463276836323e+02
1.696079096045198185e+02
1.697016949152542793e+02
1.697468926553672759e+02
1.697457627118644155e+02
1.697220338983050851e+02
1.696632768361582180e+02
1.695548022598870261e+02
1.694237288135593360e+02
1.692519774011299774e+02
1.690350282485875937e+02
1.688090395480226107e+02
1.685909604519774234e+02
1.683830508474576675e+02
1.681751412429378831e+02
1.679694915254237628e+02
1.677819209039548127e+02
1.676022598870056868e+02
1.674361581920904314e+02
1.672790960451977469e+02
1.671220338983050908e+02
1.669751412429378661e+02
1.668350282485875766e+02
1.667016949152542509e+02
1.665785310734463565e+02
1.664802259887005675e+02
1.663819209039548355e+02
1.662971751412429455e+02
1.662237288135593190e+02
1.661581920903954881e+02
1.661050847457627242e+02
1.660700564971751589e+02
1.660418079096045290e+02
1.660395480225988933e+02
1.660418079096045290e+02
1.660621468926553916e+02
1.660847457627118899e+02
1.661412429378531215e+02
1.661977401129943814e+02
1.662757062146893077e+02
1.663514124293785699e+02
1.664632768361582009e+02
1.665909604519774234e+02
1.667073446327683541e+02
1.668610169491525426e+02
1.670000000000000000e+02
1.670960451977401249e+02
1.671661016949152554e+02
1.672090395480225880e+02
1.672158192090395801e+02
1.671864406779661181e+02
1.671209039548022588e+02
1.670237288135593303e+02
1.669005649717514359e+02
1.667265536723164132e+02
1.665389830508474631e+02
1.663378531073446425e+02
1.661333333333333258e+02
1.659491525423729001e+02
1.657807909604520091e+02
1.655943502824858911e+02
1.654248587570621680e+02
1.652711864406779796e+02
1.651367231638418502e+02
1.650101694915254598e+02
1.649028248587570715e+02
1.648214689265536776e+02
1.647604519774011465e+02
1.647254237288135528e+02
1.646870056497175199e+02
1.646926553672316516e+02
1.647107344632768502e+02
1.647435028248587514e+02
1.647920903954802156e+02
1.648655367231638422e+02
1.649638418079096027e+02
1.650847457627118615e+02
1.652203389830508513e+02
1.653672316384180760e+02
1.655412429378531272e+02
1.657242937853107492e+02
1.659355932203390012e+02
1.661548022598870205e+02
1.663920903954802384e+02
1.666576271186440863e+02
1.669163841807909705e+02
1.671988700564971850e+02
1.674858757062146992e+02
1.677683615819209137e+02
1.680790960451977583e+02
1.683774011299435074e+02
1.686655367231638536e+02
1.689209039548022702e+02
1.691322033898305222e+02
1.693389830508474745e+02
1.694745762711864359e+02
1.695932203389830590e+02
1.696700564971751533e+02
1.696983050847457548e+02
1.696824858757062202e+02
1.696338983050847560e+02
1.695435028248587628e+02
1.694045197740113053e+02
1.692282485875706470e+02
1.690225988700565267e+02
1.687875706214689444e+02
1.685468926553672304e+02
1.683344632768361748e+02
1.681401129943502895e+02
1.679389830508474688e+02
1.677457627118644155e+02
1.675661016949152327e+02
1.673807909604519750e+02
1.672440677966101816e+02
1.670983050847457605e+02
1.669717514124293700e+02
1.668587570621468785e+02
1.667468926553672190e+02
1.666474576271186550e+02
1.665672316384180931e+02
1.665141242937853292e+02
1.664621468926553689e+02
1.664259887005649716e+02
1.663909604519774064e+02
1.663864406779661067e+02
1.663875706214689387e+02
1.664033898305084733e+02
1.664350282485875709e+02
1.664915254237288309e+02
1.665604519774011010e+02
1.666587570621468899e+02
1.667548022598870148e+02
1.668768361581920772e+02
1.670158192090395346e+02
1.671728813559321907e+02
1.673514124293785130e+02
1.675254237288135641e+02
1.677118644067796538e+02
1.678858757062146765e+02
1.680169491525423382e+02
1.681288135593220261e+02
1.681954802259887174e+02
1.682327683615819183e+02
1.682282485875706186e+02
1.682192090395479909e+02
1.681536723163841884e+02
1.680666666666666629e+02
1.679423728813559364e+02
1.677875706214689444e+02
1.675920903954802270e+02
1.673649717514124120e+02
1.671141242937852951e+02
1.668463276836158116e+02
1.665762711864406640e+02
1.663231638418079115e+02
1.660689265536723269e+02
1.658327683615819126e+02
1.656112994350282293e+02
1.654033898305084733e+02
1.652158192090395517e+02
1.650451977401129966e+02
1.648790960451977412e+02
1.647355932203389841e+02
1.646169491525423609e+02
1.645129943502824688e+02
1.644384180790960386e+02
1.643999999999999773e+02
1.643604519774011123e+02
1.643401129943503065e+02
1.643570621468926731e+02
1.643841807909604427e+02
1.644372881355932350e+02
1.645050847457627299e+02
1.645920903954802554e+02
1.646915254237288195e+02
1.648225988700564812e+02
1.649638418079096027e+02
1.651231638418079228e+02
1.652971751412429455e+02
1.654881355932203348e+02
1.656937853107344836e+02
1.659096045197740068e+02
1.661310734463276901e+02
1.663615819209039444e+02
1.666079096045197616e+02
1.668485875706214756e+02
1.670700564971751305e+02
1.672598870056497162e+02
1.674169491525423723e+02
1.675322033898304994e+02
1.676090395480226221e+02
1.676384180790960556e+02
1.676361581920903916e+02
1.675819209039548241e+02
1.674983050847457662e+02
1.673615819209039728e+02
1.671988700564971850e+02
1.670033898305084676e+02
1.667830508474576447e+02
1.665694915254237571e+02
1.663446327683616062e+02
1.661322033898305222e+02
1.659333333333333371e+02
1.657367231638418161e+02
1.655694915254237571e+02
1.653909604519774064e+02
1.652305084745762827e+02
1.650700564971751305e+02
1.649107344632768388e+02
1.647819209039548127e+02
1.646576271186440863e+02
1.645367231638418275e+02
1.644259887005649716e+02
1.643299435028248467e+02
1.642418079096045176e+02
1.641751412429378547e+02
1.641231638418079228e+02
1.640903954802259932e+02
1.640587570621468956e+02
1.640338983050847332e+02
1.640282485875706016e+02
1.640327683615819296e+02
1.640621468926553632e+02
1.640949152542372644e+02
1.641355932203389614e+02
1.642079096045197559e+02
1.642903954802259818e+02
1.643898305084745743e+02
1.645107344632768331e+02
1.646180790960451930e+02
1.647548022598870148e+02
1.649073446327683428e+02
1.650960451977401249e+02
1.652903954802259818e+02
1.654768361581920999e+02
1.656305084745762883e+02
1.657581920903954824e+02
1.658474576271186436e+02
1.659005649717514075e+02
1.659288135593220090e+02
1.659107344632768104e+02
1.658677966101694778e+02
1.657853107344632804e+02
1.656802259887005562e+02
1.655423728813559308e+02
1.653672316384181045e+02
1.651581920903954881e+02
1.649265536723163734e+02
1.646836158192090238e+02
1.644519774011299660e+02
1.642418079096045176e+02
1.640395480225988649e+02
1.638485875706214756e+02
1.636734463276836209e+02
1.635242937853107321e+02
1.633887005649717423e+02
1.632734463276836152e+02
1.631830508474575936e+02
1.631141242937853235e+02
1.630677966101694665e+02
1.630564971751412315e+02
1.630440677966101646e+02
1.630677966101694665e+02
1.631096045197739954e+02
1.631604519774011237e+02
1.632406779661017140e+02
1.633344632768361748e+02
1.634451977401130023e+02
1.635751412429378320e+02
1.637333333333333201e+02
1.639073446327683428e+02
1.640949152542372644e+02
1.643062146892655164e+02
1.645299435028248354e+02
1.647683615819208853e+02
1.650158192090395346e+02
1.652745762711864472e+02
1.655401129943502951e+02
1.658056497175141146e+02
1.660836158192090011e+02
1.663536723163841771e+02
1.666508474576270942e+02
1.669186440677966061e+02
1.671638418079095914e+02
1.673559322033898411e+02
1.675299435028248354e+02
1.676644067796610216e+02
1.677480225988700226e+02
1.677909604519773836e+02
1.678112994350282179e+02
1.677864406779660840e+02
1.677310734463276845e+02
1.676361581920904200e+02
1.675039548022598694e+02
1.673322033898305108e+02
1.671220338983050624e+02
1.668915254237288082e+02
1.666870056497174915e+02
1.664926553672316345e+02
1.663016949152542168e+02
1.661220338983050908e+02
1.659548022598870034e+02
1.658067796610169466e+02
1.656621468926553575e+02
1.655344632768361635e+02
1.654124293785310726e+02
1.652915254237288138e+02
1.652033898305084563e+02
1.651276836158191941e+02
1.650644067796609988e+02
1.649966101694915324e+02
1.649536723163841714e+02
1.649209039548022702e+02
1.648937853107344722e+02
1.648949152542372758e+02
1.649005649717514075e+02
1.649378531073446368e+02
1.649762711864406697e+02
1.650406779661016685e+02
1.651186440677965948e+02
1.652192090395480193e+02
1.653299435028248467e+02
1.654531073446327696e+02
1.655966101694914983e+02
1.657604519774011180e+02
1.659468926553672077e+02
1.661378531073446254e+02
1.663231638418079115e+02
1.664824858757062316e+02
1.666146892655366969e+02
1.667175141242937570e+02
1.667830508474576163e+02
1.668259887005649489e+02
1.668361581920903802e+02
1.667966101694915153e+02
1.667333333333333201e+02
1.666350282485875596e+02
1.665050847457627015e+02
1.663446327683615777e+02
1.661480225988700568e+02
1.659344632768361407e+02
1.656813559322033882e+02
1.654079096045197730e+02
1.651254237288135300e+02
1.648598870056497390e+02
1.646033898305084620e+02
1.643661016949152440e+02
1.641536723163841884e+02
1.639355932203389727e+02
1.637468926553672190e+02
1.635649717514124291e+02
1.634135593220339047e+02
1.632836158192090465e+02
1.631807909604519580e+02
1.630836158192090295e+02
1.630022598870056356e+02
1.629615819209039387e+02
1.629254237288135414e+02
1.629186440677966061e+02
1.629197740112994097e+02
1.629536723163841714e+02
1.630090395480225993e+02
1.630677966101694665e+02
1.631570621468926561e+02
1.632689265536722871e+02
1.633796610169491430e+02
1.635186440677966004e+02
1.636881355932202950e+02
1.638474576271186152e+02
1.640338983050847332e+02
1.642327683615819183e+02
1.644361581920903745e+02
1.646542372881355618e+02
1.648870056497174801e+02
1.651220338983050624e+02
1.653548022598869807e+02
1.655683615819208967e+02
1.657491525423728831e+02
1.658836158192090124e+02
1.659909604519774007e+02
1.660361581920903973e+02
1.660497175141242678e+02
1.660305084745762656e+02
1.659649717514124063e+02
1.658700564971751419e+02
1.657096045197739898e+02
1.655276836158191998e+02
1.653005649717513847e+02
1.650858757062146651e+02
1.648542372881355789e+02
1.646395480225988592e+02
1.644361581920903745e+02
1.642508474576271169e+02
1.640564971751412315e+02
1.638610169491525426e+02
1.636813559322033882e+02
1.635062146892655619e+02
1.633299435028248467e+02
1.631661016949152554e+02
1.630237288135593303e+02
1.628779661016949092e+02
1.627581920903954824e+02
1.626282485875706243e+02
1.625152542372881328e+02
1.624101694915254370e+02
1.623276836158192111e+02
1.622293785310734506e+02
1.621661016949152554e+02
1.621209039548022588e+02
1.620802259887005619e+02
1.620632768361581952e+02
1.620542372881355959e+02
1.620610169491525312e+02
1.620847457627118615e+02
1.621344632768361578e+02
1.621841807909604540e+02
1.622519774011299205e+02
1.623412429378531101e+02
1.624395480225988706e+02
1.625559322033898297e+02
1.626824858757062202e+02
1.628271186440678093e+02
1.629807909604519693e+02
1.631604519774011237e+02
1.633118644067796481e+02
1.634327683615819069e+02
1.635231638418079001e+02
1.635706214689265323e+02
1.635898305084745630e+02
1.635740112994350284e+02
1.635141242937853008e+02
1.634282485875706072e+02
1.632915254237287854e+02
1.631378531073445970e+02
1.629570621468926674e+02
1.627322033898304880e+02
1.625050847457627015e+02
1.622858757062146822e+02
1.620836158192090295e+02
1.619005649717514075e+02
1.617084745762711862e+02
1.615480225988700624e+02
1.613875706214689103e+02
1.612429378531073212e+02
1.611231638418079228e+02
1.610192090395480022e+02
1.609299435028248695e+02
1.608632768361582066e+02
1.608327683615819410e+02
1.608022598870056754e+02
1.608079096045198071e+02
1.608316384180791090e+02
1.608847457627118729e+02
1.609220338983051022e+02
1.609932203389830647e+02
1.610903954802259932e+02
1.612067796610169523e+02
1.613355932203389784e+02
1.614711864406779682e+02
1.616384180790960556e+02
1.618045197740112826e+02
1.620112994350282349e+02
1.622214689265536549e+02
1.624463276836158343e+02
1.626745762711864529e+02
1.629152542372881385e+02
1.631841807909604540e+02
1.634463276836158343e+02
1.637299435028248524e+02
1.640158192090395346e+02
1.643096045197739841e+02
1.645909604519773950e+02
1.648451977401129795e+02
1.650621468926553916e+02
1.652519774011299774e+02
1.653954802259887060e+02
1.655050847457627015e+02
1.655751412429378604e+02
1.656033898305084904e+02
1.655864406779660953e+02
1.655389830508474631e+02
1.654519774011299660e+02
1.653378531073446425e+02
1.651887005649717537e+02
1.649887005649717366e+02
1.647683615819208853e+02
1.645536723163841657e+02
1.643412429378531101e+02
1.641502824858757208e+02
1.639672316384180704e+02
1.637966101694915437e+02
1.636225988700564926e+02
1.634689265536723326e+02
1.633163841807909762e+02
1.631920903954802498e+02
1.630587570621469240e+02
1.629446327683616005e+02
1.628485875706214756e+02
1.627683615819209137e+02
1.627050847457627469e+02
1.626293785310734563e+02
1.625909604519774234e+02
1.625525423728813621e+02
1.625344632768361635e+02
1.625344632768361919e+02
1.625389830508474915e+02
1.625661016949152895e+02
1.626079096045198185e+02
1.626632768361582180e+02
1.627367231638418161e+02
1.628203389830508740e+02
1.629355932203390296e+02
1.630610169491525880e+02
1.631966101694915494e+02
1.633378531073446709e+02
1.635073446327684223e+02
1.636915254237288480e+02
1.638757062146893020e+02
1.640406779661017254e+02
1.641807909604520148e+02
1.642903954802260387e+02
1.643706214689265721e+02
1.644237288135593644e+02
1.644519774011299660e+02
1.644632768361582293e+02
1.644305084745762997e+02
1.643593220338983372e+02
1.642881355932203746e+02
1.641728813559322475e+02
1.640316384180791260e+02
1.638824858757062373e+02
1.637005649717514473e+02
1.634994350282486266e+02
1.632700564971751760e+02
1.630169491525423950e+02
1.627638418079096425e+02
1.625355932203390239e+02
1.623107344632768729e+02
1.621220338983051192e+02
1.619288135593220659e+02
1.617514124293785756e+02
1.615966101694915551e+02
1.614677966101695290e+02
1.613468926553672702e+02
1.612474576271187061e+02
1.611751412429378831e+02
1.611163841807909876e+02
1.610711864406779910e+02
1.610372881355932577e+02
1.610429378531073894e+02
1.610564971751412600e+02
1.610926553672316572e+02
1.611367231638418502e+02
1.611966101694915494e+02
1.612802259887005789e+02
1.613740112994350682e+02
1.615016949152542622e+02
1.616361581920904200e+02
1.617819209039548412e+02
1.619355932203390296e+02
1.620892655367232180e+02
1.622621468926553803e+02
1.624395480225988990e+02
1.626350282485876164e+02
1.628440677966102044e+02
1.630395480225989218e+02
1.632079096045198128e+02
1.633446327683616346e+02
1.634350282485876278e+02
1.635016949152542907e+02
1.635242937853107605e+02
1.635039548022599547e+02
1.634632768361582293e+02
1.633627118644068332e+02
1.632553672316384450e+02
1.630971751412429853e+02
1.629163841807909989e+02
1.627491525423729399e+02
1.625694915254237856e+02
1.623943502824859024e+02
1.622225988700565438e+02
1.620531073446328207e+02
1.619039548022599320e+02
1.617457627118644439e+02
1.616079096045198185e+02
1.614723163841808287e+02
1.613423728813559705e+02
1.612237288135593758e+02
1.611084745762712487e+02
1.609943502824859252e+02
1.609062146892655676e+02
1.608237288135593701e+02
1.607288135593220773e+02
1.606508474576271510e+02
1.605830508474576845e+02
1.605197740112994893e+02
1.604802259887005960e+02
1.604474576271186663e+02
1.604214689265537004e+02
1.604169491525424007e+02
1.604169491525424007e+02
1.604508474576271340e+02
1.604790960451977639e+02
1.605446327683616232e+02
1.606000000000000227e+02
1.606745762711864813e+02
1.607796610169492055e+02
1.608757062146893020e+02
1.610022598870056640e+02
1.611355932203390182e+02
1.612655367231638763e+02
1.614406779661017026e+02
1.616090395480226221e+02
1.617649717514124745e+02
1.618813559322034337e+02
1.619661016949153236e+02
1.620079096045198241e+02
1.620384180790961182e+02
1.620011299435028604e+02
1.619559322033898923e+02
1.618610169491525994e+02
1.617491525423729399e+02
1.616000000000000512e+02
1.614180790960452327e+02
1.611898305084746141e+02
1.609457627118644609e+02
1.607344632768362089e+02
1.605209039548022929e+02
1.603107344632768729e+02
1.601209039548022872e+02
1.599423728813559364e+02
1.597717514124294098e+02
1.596158192090395858e+02
1.594836158192090920e+02
1.593672316384181045e+02
1.592790960451977753e+02
1.591887005649717821e+02
1.591423728813559819e+02
1.591175141242938480e+02
1.591062146892655846e+02
1.591039548022599206e+02
1.591242937853107833e+02
1.591661016949153122e+02
1.592271186440678434e+02
1.593073446327684053e+02
1.594192090395480648e+02
1.595254237288136210e+02
1.596621468926554144e+02
1.598112994350283032e+02
1.599785310734463906e+02
1.601593220338983770e+02
1.603638418079096368e+02
1.605751412429378888e+02
1.608000000000000398e+02
1.610395480225989218e+02
1.612892655367232067e+02
1.615423728813559592e+02
1.618090395480226107e+02
1.620644067796610557e+02
1.623220338983051079e+02
1.625966101694915551e+02
1.628644067796610386e+02
1.630813559322034223e+02
1.632723163841808400e+02
1.634146892655367651e+02
1.635333333333333599e+02
1.635887005649717878e+02
1.636135593220339501e+02
1.636056497175141544e+02
1.635548022598870546e+02
1.634655367231638934e+02
1.633423728813559705e+02
1.631909604519774462e+02
1.629932203389830931e+02
1.627920903954802725e+02
1.625819209039548525e+02
1.624000000000000341e+02
1.622293785310734506e+02
1.620372881355932577e+02
1.618734463276836095e+02
1.617209039548022815e+02
1.615841807909604597e+02
1.614350282485875709e+02
1.612949152542373099e+02
1.611841807909604540e+02
1.610644067796610557e+02
1.609627118644067991e+02
1.608723163841808059e+02
1.608079096045198071e+02
1.607548022598870432e+02
1.607005649717514473e+02
1.606655367231638820e+02
1.606350282485876164e+02
1.606271186440678207e+02
1.606327683615819524e+02
1.606519774011299546e+02
1.606768361581920885e+02
1.607367231638418161e+02
1.607864406779661124e+02
1.608485875706214756e+02
1.609254237288135698e+02
1.610124293785310954e+02
1.611288135593220545e+02
1.612497175141243133e+02
1.613762711864407038e+02
1.615276836158192282e+02
1.616790960451977526e+02
1.617966101694915437e+02
1.618734463276836095e+02
1.619435028248587685e+02
1.619819209039548298e+02
1.619920903954802327e+02
1.619887005649717366e+02
1.619412429378531044e+02
1.618734463276836095e+02
1.617740112994350170e+02
1.616406779661017197e+02
1.614892655367231669e+02
1.613141242937853121e+02
1.611096045197740523e+02
1.608926553672316402e+02
1.606824858757062202e+02
1.604779661016949319e+02
1.602779661016949433e+02
1.600870056497175256e+02
1.598971751412429398e+02
1.597378531073446766e+02
1.595887005649717594e+02
1.594711864406779682e+02
1.593627118644067764e+02
1.592734463276836152e+02
1.592305084745762542e+02
1.591853107344632861e+02
1.591536723163841884e+02
1.591468926553672532e+02
1.591559322033898241e+02
1.591672316384180874e+02
1.592112994350282520e+02
1.592700564971751476e+02
1.593367231638418389e+02
1.594293785310734677e+02
1.595502824858756981e+02
1.596745762711864529e+02
1.598022598870056754e+02
1.599468926553672361e+02
1.601107344632768275e+02
1.602892655367231782e+02
1.604802259887005675e+02
1.606723163841807889e+02
1.608892655367231441e+02
1.610915254237287968e+02
1.613254237288135755e+02
1.615525423728813621e+02
1.617491525423728831e+02
1.619220338983051022e+02
1.620723163841807946e+02
1.621932203389830534e+02
1.622723163841807832e+02
1.623355932203389784e+02
1.623480225988700454e+02
1.623197740112994438e+02
1.622587570621468842e+02
1.621638418079095914e+02
1.620350282485875653e+02
1.618779661016949092e+02
1.616960451977400908e+02
1.614949152542372985e+02
1.613186440677966118e+02
1.611378531073446538e+02
1.609740112994350341e+02
1.608158192090395460e+02
1.606700564971751533e+02
1.605141242937853008e+02
1.603762711864406754e+02
1.602497175141242849e+02
1.601288135593220261e+02
1.600180790960451986e+02
1.599129943502824744e+02
1.598225988700564812e+02
1.597457627118644155e+02
1.596711864406779853e+02
1.596101694915254257e+02
1.595548022598869977e+02
1.595163841807909648e+02
1.594768361581920999e+02
1.594564971751412372e+02
1.594361581920903745e+02
1.594180790960451759e+02
1.594271186440677752e+02
1.594576271186440408e+02
1.594937853107344665e+02
1.595401129943502951e+02
1.595943502824858626e+02
1.596655367231638252e+02
1.597502824858756867e+02
1.598463276836158116e+02
1.599638418079096027e+02
1.600994350282485925e+02
1.602384180790960500e+02
1.604022598870056413e+02
1.605502824858756981e+02
1.606723163841807889e+02
1.607638418079095857e+02
1.608271186440678093e+02
1.608610169491525426e+02
1.608508474576271112e+02
1.608112994350282179e+02
1.607480225988700226e+02
1.606485875706214586e+02
1.605039548022598694e+02
1.603435028248587457e+02
1.601502824858756924e+02
1.599344632768361407e+02
1.596926553672316231e+02
1.594497175141243019e+02
1.592271186440677866e+02
1.590124293785310670e+02
1.587875706214689444e+02
1.585774011299434960e+02
1.583661016949152440e+02
1.581943502824858570e+02
1.580338983050847332e+02
1.578836158192090409e+02
1.577661016949152497e+02
1.576711864406779569e+02
1.575728813559322248e+02
1.574994350282485698e+02
1.574497175141243019e+02
1.574248587570621680e+02
1.574022598870056697e+02
1.574112994350282690e+02
1.574463276836158343e+02
1.574768361581920999e+02
1.575604519774011294e+02
1.576587570621468899e+02
1.577627118644067821e+02
1.578836158192090409e+02
1.580124293785310670e+02
1.581627118644067878e+02
1.583378531073446425e+02
1.585152542372881612e+02
1.587299435028248524e+02
1.589468926553672361e+02
1.591796610169491544e+02
1.594067796610169410e+02
1.596542372881356187e+02
1.599005649717514075e+02
1.601468926553672532e+02
1.604169491525423723e+02
1.606632768361582180e+02
1.608926553672316686e+02
1.610949152542372929e+02
1.612677966101694835e+02
1.613943502824858740e+02
1.614790960451977355e+02
1.615231638418079001e+02
1.615468926553672304e+02
1.615367231638417991e+02
1.615005649717514018e+02
1.614067796610169410e+02
1.612915254237287854e+02
1.611265536723163905e+02
1.609220338983050738e+02
1.607423728813559478e+02
1.605548022598870261e+02
1.603762711864406754e+02
1.602056497175141203e+02
1.600440677966101930e+02
1.599028248587570715e+02
1.597514124293785471e+02
1.596259887005649603e+02
1.595084745762711975e+02
1.593954802259887060e+02
1.592983050847457775e+02
1.592146892655367196e+02
1.591378531073446254e+02
1.590745762711864586e+02
1.590158192090395346e+02
1.589683615819209024e+02
1.589344632768361407e+02
1.589186440677966061e+02
1.589005649717514075e+02
1.588971751412429114e+02
1.589062146892655392e+02
1.589276836158192054e+02
1.589740112994350056e+02
1.590135593220338706e+02
1.590790960451977298e+02
1.591615819209039273e+02
1.592644067796609875e+02
1.593581920903954483e+02
1.594734463276835754e+02
1.595977401129943303e+02
1.597288135593220204e+02
1.598802259887005448e+02
1.600395480225988649e+02
1.601909604519773893e+02
1.603141242937853121e+02
1.604022598870056413e+02
1.604519774011299376e+02
1.604858757062146992e+02
1.604836158192090352e+02
1.604485875706214415e+02
1.603864406779661067e+02
1.602790960451977185e+02
1.601638418079095914e+02
1.600067796610169353e+02
1.598271186440678093e+02
1.596225988700564926e+02
1.594169491525423439e+02
1.592158192090395517e+02
1.590305084745762656e+02
1.588519774011299432e+02
1.586881355932203235e+02
1.585435028248587628e+02
1.584033898305084733e+02
1.582700564971751191e+02
1.581740112994350227e+02
1.580926553672316288e+02
1.580372881355932009e+02
1.579909604519774007e+02
1.579898305084745402e+02
1.579830508474576050e+02
1.580011299435028320e+02
1.580350282485875653e+02
1.581039548022598638e+02
1.581762711864406583e+02
1.582519774011299205e+02
1.583649717514124404e+02
1.584824858757062032e+02
1.586338983050847560e+02
1.587932203389830477e+02
1.589706214689265380e+02
1.591638418079095914e+02
1.593649717514124404e+02
1.595887005649717594e+02
1.598135593220338819e+02
1.600644067796609988e+02
1.603163841807909762e+02
1.605864406779660953e+02
1.608463276836158116e+02
1.610994350282485925e+02
1.613276836158191827e+02
1.614983050847457662e+02
1.616463276836158229e+02
1.617638418079096141e+02
1.618463276836158116e+02
1.618847457627118729e+02
1.619005649717514075e+02
1.618711864406779455e+02
1.617864406779660840e+02
1.616666666666666856e+02
1.615118644067796367e+02
1.613073446327683484e+02
1.610983050847457889e+02
1.608451977401130080e+02
1.606225988700564926e+02
1.604101694915254370e+02
1.601920903954802213e+02
1.599864406779661294e+02
1.597898305084745800e+02
1.595977401129943587e+02
1.594124293785310726e+02
1.592531073446327810e+02
1.590870056497174971e+02
1.589446327683616005e+02
1.587943502824858797e+02
1.586610169491525539e+02
1.585457627118643984e+02
1.584293785310734393e+02
1.583355932203389784e+02
1.582451977401129852e+02
1.581661016949152554e+02
1.581062146892655278e+02
1.580406779661016685e+02
1.580011299435028036e+02
1.579604519774011351e+02
1.579491525423728717e+02
1.579683615819209024e+02
1.579728813559322020e+02
1.580101694915254029e+02
1.580542372881355959e+02
1.581141242937852951e+02
1.581898305084745573e+02
1.582779661016949149e+02
1.583807909604519750e+02
1.585062146892655051e+02
1.586451977401129625e+02
1.587819209039547843e+02
1.589435028248587400e+02
1.591073446327683314e+02
1.592463276836158173e+02
1.593446327683615777e+02
1.594079096045197730e+02
1.594451977401129739e+02
1.594485875706214415e+02
1.594237288135593076e+02
1.593649717514124404e+02
1.592553672316384166e+02
1.591322033898305222e+02
1.589740112994350056e+02
1.587807909604519523e+02
1.585706214689265607e+02
1.583355932203389784e+02
1.580960451977401249e+02
1.578610169491525426e+02
1.576531073446327582e+02
1.574497175141243019e+02
1.572632768361581839e+02
1.570903954802259648e+02
1.569310734463276731e+02
1.567909604519774120e+02
1.566632768361581896e+02
1.565525423728813621e+02
1.564689265536723042e+02
1.563977401129943701e+02
1.563491525423729058e+02
1.563186440677966402e+02
1.563175141242937798e+02
1.563163841807909762e+02
1.563502824858757094e+02
1.564022598870056413e+02
1.564926553672316345e+02
1.565774011299434960e+02
1.566847457627118558e+02
1.568180790960452100e+02
1.569581920903954710e+02
1.571299435028248581e+02
1.573107344632768445e+02
1.574870056497175028e+02
1.576983050847457548e+02
1.579276836158192054e+02
1.581570621468926561e+02
1.583966101694915096e+02
1.586429378531073553e+02
1.589050847457627071e+02
1.591740112994350227e+02
1.594361581920904030e+02
1.596666666666666856e+02
1.598576271186440749e+02
1.600338983050847332e+02
1.601536723163841884e+02
1.602531073446327810e+02
1.603062146892655448e+02
1.603118644067796481e+02
1.602983050847457775e+02
1.602531073446327810e+02
1.601604519774011237e+02
1.600316384180790976e+02
1.598847457627118729e+02
1.596870056497175199e+02
1.594870056497175028e+02
1.592971751412429171e+02
1.591141242937853235e+02
1.589389830508474688e+02
1.587830508474576163e+02
1.586259887005649603e+02
1.584768361581920999e+02
1.583457627118643813e+02
1.582372881355932179e+02
1.581288135593220545e+02
1.580327683615819296e+02
1.579389830508474688e+02
1.578689265536723099e+02
1.577966101694915437e+02
1.577435028248587798e+02
1.577084745762711862e+02
1.576745762711864245e+02
1.576587570621468899e+02
1.576429378531073553e+02
1.576531073446327582e+02
1.576700564971751533e+02
1.576971751412429512e+02
1.577435028248587514e+02
1.578146892655367139e+02
1.578813559322033768e+02
1.579819209039548014e+02
1.580892655367231612e+02
1.582067796610169239e+02
1.583468926553672418e+02
1.585084745762711691e+02
1.586621468926553575e+02
1.588327683615819126e+02
1.590101694915254029e+02
1.591525423728813280e+02
1.592632768361581839e+02
1.593548022598870091e+02
1.594124293785310726e+02
1.594316384180791033e+02
1.594158192090395403e+02
1.593898305084745743e+02
1.593107344632768161e+02
1.592248587570621225e+02
1.591141242937852951e+02
1.589581920903954710e+02
1.587751412429378490e+02
1.585638418079095970e+02
1.583242937853107151e+02
1.580644067796609988e+02
1.578112994350282747e+02
1.575706214689265607e+02
1.573231638418079115e+02
1.570870056497175256e+02
1.568802259887005732e+02
1.566949152542372872e+02
1.565129943502824972e+02
1.563627118644067764e+02
1.562237288135593190e+02
1.560994350282485925e+02
1.560056497175141317e+02
1.559344632768361691e+02
1.558802259887005732e+02
1.558519774011299432e+02
1.558282485875706129e+02
1.558429378531073439e+02
1.558723163841808059e+02
1.559129943502825029e+02
1.559694915254237344e+02
1.560406779661017254e+02
1.561491525423729172e+02
1.562598870056497162e+02
1.564011299435028377e+02
1.565514124293785585e+02
1.567231638418079172e+02
1.569050847457627356e+02
1.571073446327683882e+02
1.573163841807909762e+02
1.575378531073446595e+02
1.577627118644068105e+02
1.579932203389830647e+02
1.582440677966101816e+02
1.584949152542373270e+02
1.587480225988700795e+02
1.589830508474576618e+02
1.591898305084746141e+02
1.593514124293785699e+02
1.594790960451977639e+02
1.595649717514124859e+02
1.596225988700565495e+02
1.596282485875706527e+02
1.596033898305085188e+02
1.595322033898305563e+02
1.594259887005650285e+02
1.592689265536723724e+02
1.590847457627119184e+02
1.588666666666667027e+02
1.586621468926554144e+02
1.584474576271186947e+02
1.582564971751413054e+02
1.580598870056497560e+02
1.578779661016949376e+02
1.577028248587570829e+02
1.575457627118644268e+02
1.573920903954802668e+02
1.572372881355932464e+02
1.571062146892655846e+02
1.569830508474576618e+02
1.568689265536723383e+02
1.567491525423729115e+02
1.566531073446328151e+02
1.565638418079096255e+02
1.564802259887005675e+02
1.564282485875706357e+02
1.563774011299435074e+02
1.563378531073446425e+02
1.563163841807909762e+02
1.562960451977401135e+02
1.563050847457627412e+02
1.563152542372881442e+02
1.563389830508474745e+02
1.563841807909604711e+02
1.564429378531073667e+02
1.565141242937853292e+02
1.566056497175141544e+02
1.567050847457627469e+02
1.568248587570621737e+02
1.569457627118644325e+02
1.570858757062147220e+02
1.572305084745762827e+02
1.574022598870056697e+02
1.575796610169491885e+02
1.577457627118644155e+02
1.578858757062147049e+02
1.579841807909604654e+02
1.580418079096045290e+02
1.580644067796610557e+02
1.580587570621469240e+02
1.580112994350282634e+02
1.579423728813559364e+02
1.578531073446328037e+02
1.577175141242938139e+02
1.575468926553672304e+02
1.573525423728813735e+02
1.571231638418079228e+02
1.569028248587570715e+02
1.566903954802260159e+02
1.564903954802260273e+02
1.563039548022599092e+02
1.561333333333333542e+02
1.559785310734463337e+02
1.558395480225988763e+02
1.557050847457627469e+02
1.556033898305084904e+02
1.555288135593220318e+02
1.554655367231638365e+02
1.554180790960452043e+02
1.554000000000000341e+02
1.553988700564971737e+02
1.554022598870056697e+02
1.554384180790960386e+02
1.554700564971751646e+02
1.555536723163842225e+02
1.556440677966101873e+02
1.557570621468926504e+02
1.558858757062146765e+02
1.560282485875706300e+02
1.561898305084745857e+02
1.563649717514124688e+02
1.565514124293785585e+02
1.567762711864406810e+02
1.570101694915254598e+02
1.572361581920904143e+02
1.574813559322034280e+02
1.577401129943503122e+02
1.580079096045197957e+02
1.582711864406779796e+02
1.585401129943502951e+02
1.588124293785310783e+02
1.590598870056497276e+02
1.592734463276836436e+02
1.594440677966101987e+02
1.595853107344632917e+02
1.596790960451977526e+02
1.597389830508474802e+02
1.597514124293785471e+02
1.597480225988700795e+02
1.596858757062146879e+02
1.595988700564972191e+02
1.594779661016949603e+02
1.593186440677966402e+02
1.591344632768361862e+02
1.589175141242938025e+02
1.587141242937853463e+02
1.585175141242938253e+02
1.583310734463277072e+02
1.581581920903955165e+02
1.579864406779661579e+02
1.578338983050848014e+02
1.576802259887006130e+02
1.575559322033898866e+02
1.574350282485876278e+02
1.573141242937853690e+02
1.572101694915254768e+02
1.571209039548023156e+02
1.570451977401130534e+02
1.569819209039548582e+02
1.569299435028249263e+02
1.568949152542373326e+02
1.568621468926554030e+02
1.568429378531074008e+02
1.568372881355932691e+02
1.568497175141243360e+02
1.568644067796610670e+02
1.569096045197740636e+02
1.569627118644068560e+02
1.570440677966102214e+02
1.571322033898305790e+02
1.572271186440678434e+02
1.573412429378531669e+02
1.574677966101695574e+02
1.576214689265537174e+02
1.577740112994350739e+02
1.579536723163842282e+02
1.580915254237288536e+02
1.582180790960452441e+02
1.583107344632769014e+02
1.583604519774011692e+02
1.583807909604520319e+02
1.583785310734463678e+02
1.583536723163842339e+02
1.582870056497175710e+02
1.581966101694915778e+02
1.580836158192090863e+02
1.579367231638418616e+02
1.577480225988701079e+02
1.575423728813559592e+02
1.573073446327683769e+02
1.570621468926554201e+02
1.568248587570622021e+02
1.565853107344633202e+02
1.563548022598870375e+02
1.561491525423729172e+02
1.559435028248587969e+02
1.557581920903955393e+02
1.555864406779661238e+02
1.554316384180791317e+02
1.552994350282486380e+02
1.551807909604520432e+02
1.550768361581921226e+02
1.549920903954802611e+02
1.549457627118644325e+02
1.548960451977401647e+02
1.548779661016949376e+02
1.548734463276836664e+02
1.548903954802260046e+02
1.549197740112994666e+02
1.549717514124294269e+02
1.550361581920904541e+02
1.551118644067797163e+02
1.552158192090395801e+02
1.553355932203390068e+02
1.554666666666666970e+02
1.556282485875706527e+02
1.557966101694915437e+02
1.559740112994350625e+02
1.561604519774011521e+02
1.563762711864407038e+02
1.566011299435028548e+02
1.568271186440678093e+02
1.570598870056497276e+02
1.572960451977401135e+02
1.575163841807909648e+02
1.576949152542373156e+02
1.578451977401130080e+02
1.579581920903955279e+02
1.580316384180791260e+02
1.580598870056497276e+02
1.580644067796610557e+02
1.580372881355932577e+02
1.579581920903954995e+02
1.578531073446328037e+02
1.576892655367231839e+02
1.575028248587570943e+02
1.572790960451977753e+02
1.570757062146892906e+02
1.568711864406780023e+02
1.566779661016949490e+02
1.564983050847457662e+02
1.563265536723164075e+02
1.561559322033898525e+02
1.559932203389830647e+02
1.558372881355932691e+02
1.557028248587570829e+02
1.555683615819209251e+02
1.554372881355932634e+02
1.553242937853107719e+02
1.552214689265537118e+02
1.551107344632768559e+02
1.550158192090395914e+02
1.549355932203390012e+02
1.548610169491525710e+02
1.547932203389830761e+02
1.547435028248587798e+02
1.546949152542373156e+02
1.546610169491525824e+02
1.546305084745762883e+02
1.546045197740113224e+02
1.545988700564971907e+02
1.546203389830508854e+02
1.546384180790960841e+02
1.546745762711864529e+02
1.547322033898305449e+02
1.548000000000000114e+02
1.548802259887006016e+02
1.549898305084745971e+02
1.550983050847457889e+02
1.552282485875706470e+02
1.553581920903955051e+02
1.555039548022598979e+02
1.556711864406779853e+02
1.558519774011299432e+02
1.560045197740113281e+02
1.561276836158192225e+02
1.562101694915254484e+02
1.562689265536723440e+02
1.562994350282485811e+02
1.562926553672316459e+02
1.562655367231638763e+02
1.562011299435028491e+02
1.560949152542373213e+02
1.559762711864406981e+02
1.558305084745762770e+02
1.556440677966101589e+02
1.554395480225988706e+02
1.552214689265536833e+02
1.550271186440678264e+02
1.548192090395480136e+02
1.546406779661016913e+02
1.544745762711864359e+02
1.543062146892655733e+02
1.541717514124293871e+02
1.540463276836158286e+02
1.539344632768361976e+02
1.538576271186440749e+02
1.537898305084746085e+02
1.537457627118644155e+02
1.537096045197740182e+02
1.536960451977401476e+02
1.536915254237288480e+02
1.537163841807909819e+02
1.537502824858757435e+02
1.538045197740113395e+02
1.538903954802260046e+02
1.539694915254237344e+02
1.540847457627118615e+02
1.542146892655367196e+02
1.543514124293785414e+02
1.545005649717514302e+02
1.546677966101694892e+02
1.548372881355932407e+02
1.550192090395480591e+02
1.552214689265537118e+02
1.554293785310734393e+02
1.556305084745762883e+02
1.558440677966102044e+02
1.560610169491525596e+02
1.562757062146892792e+02
1.565084745762711975e+02
1.567186440677966175e+02
1.569333333333333371e+02
1.571276836158191941e+02
1.572824858757062430e+02
1.574067796610169410e+02
1.574824858757062316e+02
1.575344632768361635e+02
1.575559322033898297e+02
1.575435028248587628e+02
1.574802259887005675e+02
1.574033898305084449e+02
1.572870056497175142e+02
1.571333333333333258e+02
1.569830508474576050e+02
1.568225988700564812e+02
1.566881355932203519e+02
1.565570621468926333e+02
1.564305084745762429e+02
1.563062146892655164e+02
1.562090395480225880e+02
1.561152542372881271e+02
1.560293785310734620e+02
1.559706214689265380e+02
1.558960451977401078e+02
1.558429378531073439e+02
1.558022598870056754e+02
1.557661016949152497e+02
1.557389830508474518e+02
1.557231638418078887e+02
1.557175141242937570e+02
1.557175141242937570e+02
1.557344632768361521e+02
1.557638418079096141e+02
1.558033898305084790e+02
1.558485875706214756e+02
1.559265536723164018e+02
1.559977401129943360e+02
1.561039548022598638e+02
1.562169491525423837e+02
1.563333333333333144e+02
1.564813559322033711e+02
1.566192090395480250e+02
1.567875706214689160e+02
1.569468926553672361e+02
1.570802259887005619e+02
1.571887005649717253e+02
1.572734463276835868e+02
1.573355932203389784e+02
1.573559322033898411e+02
1.573446327683615777e+02
1.573152542372881157e+02
1.572553672316383881e+02
1.571728813559321907e+02
1.570508474576271283e+02
1.569152542372881385e+02
1.567344632768361521e+02
1.565457627118643700e+02
1.563084745762711805e+02
1.560519774011299319e+02
1.558225988700564812e+02
1.555853107344632633e+02
1.553559322033898127e+02
1.551468926553672247e+02
1.549480225988700681e+02
1.547593220338983144e+02
1.545887005649717594e+02
1.544350282485875709e+02
1.542960451977401135e+02
1.541683615819208910e+02
1.540644067796609988e+02
1.539627118644067707e+02
1.539096045197740068e+02
1.538734463276836095e+02
1.538418079096045119e+02
1.538327683615819410e+02
1.538372881355932122e+02
1.538711864406779455e+02
1.539299435028248695e+02
1.539920903954802043e+02
1.540790960451977298e+02
1.541785310734463224e+02
1.542983050847457775e+02
1.544282485875706357e+02
1.545943502824858911e+02
1.547627118644067821e+02
1.549559322033898070e+02
1.551435028248587571e+02
1.553627118644067764e+02
1.555740112994350284e+02
1.558022598870056470e+02
1.560271186440677980e+02
1.562723163841807832e+02
1.564994350282485982e+02
1.566847457627118843e+02
1.568316384180790806e+02
1.569514124293785358e+02
1.570361581920903973e+02
1.570870056497175256e+02
1.570937853107344608e+02
1.570790960451977298e+02
1.570112994350282634e+02
1.569039548022598751e+02
1.567706214689265494e+02
1.566000000000000227e+02
1.563807909604519750e+02
1.561649717514124518e+02
1.559593220338983315e+02
1.557570621468926788e+02
1.555717514124293643e+02
1.553920903954802384e+02
1.552146892655367196e+02
1.550418079096045290e+02
1.548689265536723383e+02
1.547141242937853178e+02
1.545548022598869977e+02
1.544056497175141089e+02
1.542644067796610443e+02
1.541276836158192225e+02
1.540011299435028320e+02
1.538802259887005448e+02
1.537785310734463167e+02
1.536858757062146879e+02
1.535887005649717310e+02
1.535073446327683655e+02
1.534180790960451759e+02
1.533627118644067764e+02
1.533141242937853121e+02
1.532576271186440806e+02
1.532203389830508513e+02
1.531966101694915210e+02
1.531909604519773893e+02
1.531977401129943530e+02
1.532124293785310556e+02
1.532440677966101816e+02
1.532847457627118501e+02
1.533514124293785414e+02
1.534180790960451759e+02
1.535096045197740011e+02
1.535864406779660953e+02
1.536960451977400908e+02
1.538214689265536776e+02
1.539310734463276731e+02
1.540124293785310670e+02
1.540576271186440636e+02
1.540644067796609988e+02
1.540519774011299603e+02
1.540090395480225993e+02
1.539265536723163734e+02
1.538079096045197787e+02
1.536813559322033882e+02
1.535197740112994325e+02
1.533401129943503065e+02
1.531740112994350227e+02
1.530146892655367310e+02
1.528474576271186152e+02
1.526847457627118558e+02
1.525299435028248354e+02
1.523954802259887060e+02
1.522666666666666515e+02
1.521672316384180590e+02
1.520790960451977298e+02
1.519966101694915039e+02
1.519333333333333087e+02
1.518949152542372758e+02
1.518587570621468785e+02
1.518610169491525426e+02
1.518745762711864131e+02
1.519197740112994381e+02
1.519717514124293700e+02
1.520237288135593303e+02
1.521163841807909307e+02
1.522180790960451873e+02
1.523276836158192111e+02
1.524689265536723326e+02
1.526146892655367537e+02
1.527909604519774120e+02
1.529638418079096027e+02
1.531446327683615891e+02
1.533446327683615777e+02
1.535446327683615664e+02
1.537694915254237458e+02
1.540101694915254029e+02
1.542542372881355845e+02
1.544949152542372985e+02
1.547367231638418161e+02
1.550000000000000000e+02
1.552474576271186493e+02
1.555062146892655335e+02
1.557197740112994495e+02
1.559118644067796708e+02
1.560519774011299319e+02
1.561819209039547900e+02
1.562802259887005789e+02
1.563435028248587741e+02
1.563661016949152440e+02
1.563514124293785414e+02
1.562937853107344779e+02
1.562158192090395517e+02
1.560858757062146935e+02
1.559457627118644041e+02
1.557683615819208853e+02
1.555977401129943587e+02
1.554293785310734393e+02
1.552711864406779796e+02
1.551242937853107264e+02
1.549943502824858967e+02
1.548700564971751703e+02
1.547661016949152781e+02
1.546542372881356187e+02
1.545570621468926902e+02
1.544790960451977639e+02
1.544124293785310726e+02
1.543514124293785414e+02
1.542971751412429455e+02
1.542666666666666799e+02
1.542451977401130137e+02
1.542146892655367196e+02
1.542124293785310840e+02
1.542056497175141203e+02
1.542045197740113167e+02
1.542361581920904143e+02
1.542689265536723155e+02
1.543242937853107435e+02
1.543706214689265721e+02
1.544508474576271340e+02
1.545310734463276958e+02
1.546293785310734563e+02
1.547514124293785471e+02
1.548847457627118729e+02
1.550248587570621908e+02
1.551785310734463508e+02
1.553559322033898411e+02
1.555242937853107605e+02
1.556926553672316231e+02
1.558225988700565097e+02
1.559401129943502724e+02
1.560045197740113281e+02
1.560497175141243247e+02
1.560632768361581952e+02
1.560564971751412600e+02
1.560146892655367594e+02
1.559627118644067991e+02
1.558689265536723383e+02
1.557559322033898752e+02
1.556124293785310897e+02
1.554440677966101987e+02
1.552632768361581839e+02
1.550553672316384279e+02
1.548158192090395744e+02
1.545706214689265607e+02
1.543276836158192395e+02
1.541073446327683882e+02
1.539073446327683996e+02
1.537152542372881499e+02
1.535457627118644268e+02
1.533909604519774348e+02
1.532485875706215097e+02
1.531242937853107264e+02
1.530293785310734620e+02
1.529435028248587685e+02
1.528768361581921056e+02
1.528406779661017367e+02
1.528350282485876050e+02
1.528305084745763054e+02
1.528372881355932691e+02
1.528723163841808059e+02
1.529107344632768672e+02
1.529785310734463337e+02
1.530610169491525596e+02
1.531570621468927129e+02
1.532824858757062430e+02
1.534180790960452327e+02
1.535672316384180931e+02
1.537423728813559478e+02
1.539152542372881385e+02
1.541096045197740523e+02
1.543231638418079399e+02
1.545423728813559592e+02
1.547536723163842112e+02
1.549807909604519978e+02
1.552112994350282520e+02
1.554203389830508684e+02
1.555887005649717878e+02
1.557231638418079172e+02
1.558429378531073723e+02
1.559118644067796708e+02
1.559672316384180988e+02
1.559649717514124347e+02
1.559322033898305335e+02
1.558745762711864700e+02
1.557593220338983144e+02
1.556180790960452214e+02
1.554564971751412941e+02
1.552666666666667084e+02
1.550779661016949262e+02
1.548960451977401362e+02
1.547141242937853463e+02
1.545435028248587628e+02
1.543728813559322361e+02
1.542180790960451873e+02
1.540621468926553916e+02
1.539062146892655392e+02
1.537762711864406810e+02
1.536576271186440863e+02
1.535299435028248922e+02
1.534214689265537004e+02
1.533175141242938082e+02
1.532271186440678150e+02
1.531389830508474574e+02
1.530576271186440636e+02
1.529909604519774007e+02
1.529367231638418048e+02
1.528903954802260046e+02
1.528451977401130080e+02
1.528316384180791090e+02
1.528079096045197787e+02
1.527988700564971793e+02
1.528169491525423780e+02
1.528418079096045403e+02
1.528711864406779739e+02
1.529186440677966061e+02
1.529853107344632690e+02
1.530587570621468956e+02
1.531276836158192225e+02
1.532112994350282520e+02
1.532960451977401135e+02
1.534056497175141374e+02
1.535276836158192282e+02
1.536553672316384223e+02
1.537853107344632804e+02
1.538926553672316686e+02
1.539819209039548014e+02
1.540237288135593303e+02
1.540350282485875937e+02
1.540203389830508627e+02
1.539728813559322020e+02
1.538836158192090693e+02
1.537570621468926788e+02
1.536135593220338933e+02
1.534519774011299376e+02
1.532677966101695120e+02
1.530689265536723269e+02
1.528824858757062088e+02
1.526994350282486153e+02
1.525265536723163677e+02
1.523728813559322077e+02
1.522237288135593190e+02
1.520881355932203576e+02
1.519706214689265380e+02
1.518666666666666742e+02
1.517841807909604483e+02
1.517163841807909535e+02
1.516677966101694892e+02
1.516327683615819524e+02
1.516192090395480250e+02
1.516225988700564926e+02
1.516451977401130193e+02
1.516960451977401192e+02
1.517638418079096141e+02
1.518553672316384109e+02
1.519548022598870034e+02
1.520734463276835982e+02
1.522056497175141203e+02
1.523604519774011123e+02
1.525163841807909648e+02
1.527028248587570545e+02
1.528971751412429398e+02
1.531118644067796595e+02
1.533322033898305108e+02
1.535751412429378320e+02
1.538169491525423780e+02
1.540779661016948978e+02
1.543322033898305108e+02
1.546033898305084904e+02
1.548768361581920772e+02
1.551457627118643927e+02
1.553943502824859024e+02
1.556112994350282577e+02
1.557785310734463451e+02
1.559333333333333371e+02
1.560361581920903973e+02
1.560983050847457889e+02
1.561344632768361578e+02
1.561367231638417934e+02
1.561073446327683598e+02
1.560259887005649659e+02
1.559129943502825029e+02
1.557649717514124461e+02
1.555751412429378604e+02
1.553740112994350397e+02
1.551807909604519864e+02
1.549762711864406697e+02
1.547932203389830761e+02
1.546259887005649887e+02
1.544576271186440692e+02
1.543039548022599092e+02
1.541661016949152554e+02
1.540451977401129966e+02
1.539310734463276731e+02
1.538271186440678093e+02
1.537423728813559194e+02
1.536677966101694892e+02
1.535977401129943587e+02
1.535593220338982974e+02
1.535073446327683655e+02
1.534677966101695006e+02
1.534293785310734393e+02
1.534316384180791033e+02
1.534282485875706357e+02
1.534361581920904030e+02
1.534768361581920999e+02
1.535276836158191998e+02
1.535920903954802270e+02
1.536564971751412543e+02
1.537435028248587514e+02
1.538350282485875766e+02
1.539435028248587400e+02
1.540768361581920942e+02
1.542248587570621510e+02
1.543819209039548070e+02
1.545649717514124291e+02
1.547367231638418161e+02
1.549141242937853065e+02
1.550474576271186322e+02
1.551435028248587571e+02
1.552248587570621225e+02
1.552666666666666515e+02
1.552745762711864472e+02
1.552519774011299489e+02
1.552056497175141203e+02
1.551118644067796595e+02
1.550067796610169637e+02
1.548542372881356073e+02
1.546892655367231555e+02
1.544983050847457662e+02
1.542700564971751476e+02
1.540293785310734620e+02
1.537785310734463451e+02
1.535468926553672588e+02
1.533299435028249036e+02
1.531152542372881555e+02
1.529220338983050738e+02
1.527401129943502838e+02
1.525649717514124291e+02
1.524079096045197730e+02
1.522632768361581839e+02
1.521525423728813848e+02
1.520429378531073610e+02
1.519627118644067991e+02
1.519005649717514359e+02
1.518485875706214756e+02
1.518214689265536776e+02
1.518158192090395460e+02
1.518225988700565097e+02
1.518508474576271396e+02
1.519084745762712032e+02
1.519638418079096311e+02
1.520497175141243247e+02
1.521570621468926845e+02
1.522757062146892792e+02
1.524101694915254370e+02
1.525480225988700909e+02
1.527242937853107492e+02
1.528881355932203405e+02
1.530824858757062543e+02
1.532836158192090465e+02
1.534926553672316629e+02
1.537005649717514189e+02
1.539322033898305335e+02
1.541536723163841884e+02
1.543830508474576391e+02
1.545762711864406924e+02
1.547457627118644155e+02
1.548757062146892736e+02
1.549762711864406981e+02
1.550384180790960613e+02
1.550598870056497276e+02
1.550451977401129966e+02
1.549977401129943928e+02
1.549254237288135982e+02
1.548067796610169466e+02
1.546655367231638536e+02
1.544824858757062316e+02
1.542937853107344495e+02
1.541175141242937912e+02
1.539457627118644041e+02
1.538000000000000114e+02
1.536519774011299546e+02
1.534983050847457662e+02
1.533514124293785414e+02
1.532271186440678150e+02
1.531016949152542566e+02
1.529864406779661010e+02
1.528847457627118729e+02
1.527796610169491487e+02
1.526903954802260159e+02
1.526214689265536890e+02
1.525435028248587344e+02
1.524576271186440408e+02
1.524056497175141089e+02
1.523536723163841771e+02
1.523254237288135755e+02
1.522960451977401135e+02
1.522824858757062145e+02
1.522836158192090465e+02
1.522881355932203178e+02
1.523107344632768445e+02
1.523378531073446140e+02
1.523898305084745743e+02
1.524451977401129739e+02
1.525050847457627015e+02
1.526079096045197616e+02
1.527062146892655221e+02
1.528090395480226107e+02
1.529446327683615721e+02
1.530824858757061975e+02
1.532248587570621794e+02
1.533853107344633031e+02
1.535242937853107605e+02
1.536395480225988877e+02
1.537209039548022815e+02
1.537830508474576163e+02
1.537966101694915437e+02
1.537853107344632804e+02
1.537536723163841827e+02
1.536937853107344836e+02
1.535988700564971623e+02
1.534655367231638365e+02
1.533039548022599092e+02
1.531220338983050624e+02
1.529005649717514075e+02
1.526858757062146879e+02
1.524813559322033711e+02
1.522644067796610159e+02
1.520677966101694949e+02
1.518870056497175085e+02
1.517265536723163848e+02
1.515796610169491601e+02
1.514406779661016742e+02
1.513367231638417820e+02
1.512327683615819183e+02
1.511412429378530931e+02
1.510836158192090295e+02
1.510395480225988649e+02
1.510146892655367310e+02
1.510259887005649944e+02
1.510395480225988933e+02
1.510813559322033939e+02
1.511401129943502895e+02
1.512248587570621225e+02
1.513288135593220431e+02
1.514451977401129739e+02
1.515841807909604313e+02
1.517446327683615550e+02
1.519288135593220375e+02
1.521197740112994268e+02
1.523242937853107435e+02
1.525276836158192282e+02
1.527615819209039500e+02
1.530033898305084676e+02
1.532519774011299205e+02
1.535175141242937684e+02
1.537875706214689160e+02
1.540655367231638309e+02
1.543412429378531101e+02
1.546248587570621567e+02
1.548745762711864415e+02
1.550971751412429285e+02
1.552881355932203178e+02
1.554474576271186379e+02
1.555604519774011010e+02
1.556395480225988592e+02
1.556949152542372872e+02
1.556971751412429228e+02
1.556644067796610216e+02
1.556225988700564926e+02
1.555265536723163677e+02
1.553887005649717423e+02
1.552112994350282520e+02
1.550112994350282634e+02
1.547943502824858797e+02
1.545864406779660953e+02
1.544022598870056413e+02
1.542112994350282520e+02
1.540293785310734336e+02
1.538576271186440749e+02
1.536892655367231555e+02
1.535468926553672304e+02
1.534090395480225766e+02
1.532723163841807832e+02
1.531457627118643927e+02
1.530406779661016685e+02
1.529446327683615721e+02
1.528587570621468785e+02
1.527807909604519807e+02
1.527276836158192168e+02
1.526836158192090522e+02
1.526451977401129909e+02
1.526112994350282293e+02
1.526090395480226221e+02
1.526056497175141544e+02
1.526350282485875596e+02
1.526644067796610216e+02
1.527028248587570829e+02
1.527694915254237458e+02
1.528429378531073439e+02
1.529344632768361691e+02
1.530406779661016969e+02
1.531774011299435188e+02
1.533209039548022474e+02
1.534757062146892395e+02
1.536395480225988592e+02
1.538146892655367139e+02
1.539378531073446084e+02
1.540564971751412600e+02
1.541310734463276901e+02
1.541751412429378547e+02
1.541875706214689217e+02
1.541841807909604540e+02
1.541401129943502895e+02
1.540429378531073326e+02
1.539355932203389727e+02
1.537841807909604199e+02
1.535999999999999943e+02
1.533920903954802384e+02
1.531740112994350227e+02
1.529220338983051022e+02
1.526813559322033882e+02
1.524519774011299660e+02
1.522079096045197844e+02
1.519977401129943644e+02
1.517841807909604483e+02
1.515954802259886947e+02
1.514225988700565040e+02
1.512587570621469126e+02
1.511310734463277186e+02
1.510271186440677980e+02
1.509288135593220375e+02
1.508519774011299432e+02
1.507943502824858797e+02
1.507536723163841827e+02
1.507355932203389557e+02
1.507412429378531158e+02
1.507627118644067821e+02
1.507966101694915437e+02
1.508644067796610102e+02
1.509344632768361407e+02
1.510316384180791260e+02
1.511480225988700568e+02
1.512711864406779796e+02
1.514067796610169694e+02
1.515728813559322248e+02
1.517536723163841827e+02
1.519389830508474688e+02
1.521322033898305222e+02
1.523491525423728774e+02
1.525525423728813621e+02
1.527819209039548127e+02
1.530101694915254598e+02
1.532338983050847503e+02
1.534689265536723326e+02
1.536666666666666856e+02
1.538327683615819410e+02
1.539706214689265380e+02
1.540711864406779625e+02
1.541367231638418218e+02
1.541536723163841884e+02
1.541401129943502895e+02
1.540903954802259932e+02
1.539887005649717651e+02
1.538519774011299432e+02
1.536824858757062202e+02
1.534870056497175028e+02
1.532949152542372815e+02
1.531141242937853235e+02
1.529389830508474688e+02
1.527604519774011465e+02
1.526067796610169580e+02
1.524508474576271340e+02
1.522971751412429455e+02
1.521514124293785528e+02
1.520192090395480591e+02
1.519016949152542679e+02
1.517875706214689444e+02
1.516870056497175483e+02
1.515875706214689558e+02
1.514983050847457662e+02
1.514079096045197730e+02
1.513389830508474745e+02
1.512757062146892792e+02
1.512372881355932179e+02
1.511977401129943530e+02
1.511661016949152554e+02
1.511559322033898525e+02
1.511502824858757208e+02
1.511593220338983201e+02
1.511830508474576504e+02
1.512316384180791147e+02
1.512824858757061861e+02
1.513615819209039728e+02
1.514282485875706072e+02
1.515276836158192282e+02
1.516327683615819240e+02
1.517581920903954824e+02
1.518836158192090409e+02
1.520146892655367310e+02
1.521672316384180590e+02
1.523231638418079115e+02
1.524858757062146708e+02
1.526169491525423894e+02
1.527163841807909819e+02
1.527887005649717480e+02
1.528316384180790806e+02
1.528293785310734449e+02
1.528067796610169466e+02
1.527581920903954824e+02
1.526519774011299546e+02
1.525344632768361635e+02
1.523887005649717707e+02
1.522112994350282520e+02
1.520045197740112997e+02
1.517841807909604483e+02
1.515672316384180647e+02
1.513514124293785130e+02
1.511593220338983201e+02
1.509807909604519693e+02
1.508192090395480136e+02
1.506689265536722928e+02
1.505276836158191998e+02
1.504090395480226050e+02
1.503141242937853121e+02
1.502271186440677866e+02
1.501536723163841884e+02
1.501129943502824631e+02
1.500915254237287968e+02
1.500937853107344608e+02
1.501073446327683598e+02
1.501299435028248581e+02
1.501762711864406583e+02
1.502316384180790863e+02
1.503265536723163791e+02
1.504350282485875709e+02
1.505536723163841657e+02
1.507028248587570260e+02
1.508553672316384109e+02
1.510372881355932009e+02
1.512158192090395232e+02
1.514180790960451759e+02
1.516271186440678207e+02
1.518531073446327468e+02
1.520903954802259932e+02
1.523355932203389784e+02
1.525977401129943587e+02
1.528451977401129795e+02
1.530915254237287968e+02
1.533073446327683769e+02
1.535028248587570374e+02
1.536734463276835925e+02
1.538033898305084506e+02
1.539084745762711464e+02
1.539796610169491373e+02
1.540169491525423382e+02
1.540101694915254029e+02
1.539785310734463053e+02
1.539107344632768104e+02
1.538192090395480136e+02
1.536734463276836209e+02
1.535016949152542338e+02
1.533209039548022474e+02
1.531231638418079228e+02
1.529299435028248695e+02
1.527401129943502838e+02
1.525615819209039614e+02
1.524090395480226050e+02
1.522519774011299489e+02
1.521050847457627242e+02
1.519762711864406697e+02
1.518485875706214756e+02
1.517423728813559194e+02
1.516237288135592962e+02
1.515401129943502667e+02
1.514508474576271055e+02
1.513943502824858740e+02
1.513231638418078830e+02
1.512745762711864472e+02
1.512338983050847219e+02
1.511966101694915210e+02
1.511762711864406583e+02
1.511661016949152270e+02
1.511751412429378263e+02
1.511898305084745857e+02
1.512282485875706186e+02
1.512790960451977185e+02
1.513468926553672134e+02
1.514350282485875709e+02
1.515242937853107037e+02
1.516327683615818955e+02
1.517514124293785187e+02
1.519084745762711464e+02
1.520621468926553348e+02
1.522271186440677866e+02
1.523661016949152440e+02
1.524587570621469013e+02
1.525265536723163677e+02
1.525694915254237287e+02
1.525830508474576277e+02
1.525807909604519637e+02
1.525389830508474347e+02
1.524757062146892395e+02
1.523627118644067764e+02
1.522429378531073496e+02
1.520937853107344608e+02
1.519129943502824744e+02
1.517073446327683541e+02
1.514870056497174744e+02
1.512542372881355561e+02
1.509977401129943360e+02
1.507468926553672190e+02
1.505028248587570374e+02
1.502644067796609875e+02
1.500508474576270999e+02
1.498440677966101475e+02
1.496508474576270942e+02
1.494892655367231384e+02
1.493254237288135471e+02
1.491887005649717253e+02
1.490836158192090295e+02
1.489853107344632690e+02
1.488847457627118729e+02
1.488305084745762770e+02
1.487841807909604199e+02
1.487514124293785187e+02
1.487435028248587514e+02
1.487457627118644155e+02
1.487627118644067536e+02
1.488112994350282179e+02
1.488711864406779739e+02
1.489389830508474688e+02
1.490248587570621339e+02
1.491197740112993984e+02
1.492576271186440522e+02
1.493898305084745743e+02
1.495322033898304994e+02
1.497005649717514189e+02
1.498711864406779455e+02
1.500531073446327639e+02
1.502429378531073496e+02
1.504316384180791033e+02
1.506192090395480250e+02
1.508316384180790806e+02
1.510271186440677980e+02
1.512169491525423553e+02
1.513604519774011123e+02
1.514892655367231669e+02
1.515706214689265607e+02
1.516011299435028263e+02
1.516169491525423609e+02
1.515909604519773950e+02
1.515310734463276958e+02
1.514474576271186379e+02
1.513084745762711805e+02
1.511423728813559251e+02
1.509841807909604370e+02
1.508192090395480136e+02
1.506655367231638252e+02
1.505265536723163962e+02
1.503830508474576391e+02
1.502587570621469126e+02
1.501389830508474574e+02
1.500192090395480307e+02
1.499141242937853349e+02
1.498203389830508740e+02
1.497118644067796538e+02
1.496361581920903916e+02
1.495457627118643984e+02
1.494779661016949035e+02
1.494090395480226050e+02
1.493649717514124404e+02
1.493016949152542452e+02
1.492440677966101816e+02
1.492214689265536549e+02
1.491954802259887174e+02
1.491728813559321907e+02
1.491728813559321907e+02
1.491694915254237230e+02
1.491774011299435188e+02
1.492112994350282520e+02
1.492531073446327810e+02
1.492903954802259818e+02
1.493593220338983087e+02
1.494384180790960670e+02
1.495220338983050965e+02
1.496022598870056584e+02
1.497084745762712146e+02
1.498395480225988763e+02
1.499694915254237344e+02
1.501118644067796595e+02
1.502553672316384166e+02
1.503864406779661067e+02
1.504983050847457662e+02
1.505717514124293928e+02
1.506146892655367537e+02
1.506305084745762883e+02
1.506192090395480250e+02
1.505627118644067650e+02
1.504813559322033711e+02
1.503694915254237117e+02
1.502214689265536549e+02
1.500542372881355959e+02
1.498644067796610102e+02
1.496723163841807605e+02
1.494847457627118672e+02
1.493197740112994438e+02
1.491627118644067878e+02
1.490011299435028036e+02
1.488666666666666742e+02
1.487389830508474518e+02
1.486406779661016913e+02
1.485559322033898297e+02
1.484937853107344381e+02
1.484508474576271055e+02
1.484327683615819353e+02
1.484237288135593076e+02
1.484248587570621396e+02
1.484700564971751362e+02
1.485209039548022645e+02
1.486011299435028263e+02
1.486824858757062202e+02
1.487875706214689444e+02
1.489062146892655392e+02
1.490485875706214642e+02
1.492022598870056527e+02
1.493638418079096084e+02
1.495615819209039614e+02
1.497627118644067821e+02
1.499762711864406697e+02
1.502045197740113167e+02
1.504542372881356016e+02
1.507175141242938139e+02
1.509728813559322020e+02
1.512564971751412486e+02
1.515367231638418275e+02
1.518293785310734734e+02
1.521073446327683882e+02
1.523559322033898411e+02
1.525920903954802270e+02
1.527954802259886833e+02
1.529593220338983315e+02
1.530824858757062259e+02
1.531706214689265551e+02
1.532418079096045176e+02
1.532700564971751476e+02
1.532621468926553803e+02
1.532203389830508513e+02
1.531480225988700568e+02
1.530474576271186606e+02
1.529141242937853065e+02
1.527446327683615550e+02
1.525480225988700340e+02
1.523480225988700454e+02
1.521423728813559251e+02
1.519593220338983031e+02
1.517875706214689444e+02
1.516135593220338933e+02
1.514463276836158343e+02
1.513050847457627128e+02
1.511491525423728604e+02
1.510079096045197957e+02
1.508779661016949376e+02
1.507570621468926788e+02
1.506553672316384223e+02
1.505570621468926902e+02
1.504700564971751646e+02
1.503864406779661067e+02
1.503152542372881157e+02
1.502610169491525482e+02
1.502067796610169523e+02
1.501830508474576220e+02
1.501627118644067878e+02
1.501581920903954597e+02
1.501672316384180590e+02
1.501830508474575936e+02
1.502158192090395232e+02
1.502598870056497162e+02
1.503141242937853121e+02
1.503762711864406754e+02
1.504644067796610045e+02
1.505559322033898297e+02
1.506576271186440295e+02
1.507841807909604483e+02
1.508768361581920772e+02
1.509593220338982746e+02
1.510011299435028036e+02
1.510022598870056072e+02
1.509774011299434733e+02
1.509389830508474404e+02
1.508621468926553462e+02
1.507638418079095857e+02
1.506463276836157945e+02
1.504983050847457662e+02
1.503322033898304824e+02
1.501401129943502610e+02
1.499401129943502724e+02
1.497401129943502553e+02
1.495446327683615664e+02
1.493514124293785130e+02
1.491502824858756640e+02
1.489853107344632690e+02
1.488225988700564812e+02
1.486757062146892565e+02
1.485435028248587344e+02
1.484169491525423723e+02
1.483288135593220147e+02
1.482361581920903859e+02
1.481649717514124234e+02
1.481062146892655278e+02
1.480564971751412315e+02
1.480372881355932009e+02
1.480395480225988649e+02
1.480598870056496992e+02
1.480779661016949262e+02
1.481242937853107264e+02
1.481661016949152554e+02
1.482632768361581839e+02
1.483480225988700454e+02
1.484497175141243019e+02
1.485661016949152327e+02
1.487039548022598865e+02
1.488576271186440749e+02
1.490112994350282634e+02
1.491887005649717537e+02
1.493819209039548070e+02
1.495706214689265607e+02
1.497796610169491487e+02
1.499920903954802327e+02
1.502079096045197844e+02
1.504056497175141089e+02
1.505740112994350284e+02
1.507073446327683541e+02
1.508158192090395460e+02
1.508949152542373042e+02
1.509502824858757037e+02
1.509604519774011351e+02
1.509435028248587685e+02
1.508847457627118729e+02
1.507875706214689444e+02
1.506621468926553575e+02
1.505084745762711691e+02
1.503242937853107151e+02
1.501548022598870205e+02
1.499898305084745971e+02
1.498338983050847446e+02
1.496836158192090238e+02
1.495491525423728945e+02
1.494282485875706357e+02
1.492960451977401135e+02
1.491774011299435188e+02
1.490632768361581952e+02
1.489502824858757322e+02
1.488610169491525426e+02
1.487785310734463451e+02
1.486960451977401192e+02
1.486350282485875596e+02
1.485740112994350284e+02
1.485152542372881612e+02
1.484723163841808002e+02
1.484395480225988706e+02
1.484067796610169694e+02
1.483943502824859024e+02
1.483819209039548070e+02
1.483807909604519750e+02
1.483920903954802384e+02
1.484067796610169694e+02
1.484497175141243019e+02
1.484903954802259705e+02
1.485627118644067650e+02
1.486327683615819240e+02
1.487163841807909535e+02
1.488022598870056470e+02
1.489141242937853065e+02
1.490418079096045290e+02
1.491864406779661181e+02
1.493231638418079115e+02
1.494836158192090352e+02
1.496327683615818955e+02
1.498112994350282463e+02
1.499389830508474688e+02
1.500632768361581952e+02
1.501536723163841884e+02
1.502067796610169523e+02
1.502338983050847503e+02
1.502316384180790863e+02
1.501977401129943530e+02
1.501412429378531215e+02
1.500621468926553916e+02
1.499378531073446368e+02
1.497954802259886833e+02
1.496214689265536890e+02
1.494192090395480363e+02
1.492022598870056527e+02
1.489807909604519978e+02
1.487785310734463451e+02
1.485841807909604597e+02
1.484124293785311011e+02
1.482576271186440806e+02
1.481005649717514245e+02
1.479638418079096311e+02
1.478372881355932407e+02
1.477344632768361805e+02
1.476463276836158229e+02
1.475819209039548241e+02
1.475367231638418275e+02
1.475152542372881612e+02
1.474926553672316629e+02
1.475141242937853292e+02
1.475480225988700909e+02
1.475807909604520205e+02
1.476463276836158229e+02
1.477209039548022815e+02
1.478214689265536776e+02
1.479096045197740352e+02
1.480531073446327923e+02
1.482022598870056527e+02
1.483570621468926731e+02
1.485288135593220602e+02
1.487265536723164132e+02
1.489163841807909989e+02
1.491209039548022872e+02
1.493367231638418389e+02
1.495627118644068219e+02
1.498056497175141430e+02
1.500440677966101930e+02
1.502881355932203746e+02
1.505322033898305563e+02
1.507570621468926788e+02
1.509661016949152668e+02
1.511412429378531215e+02
1.512779661016949433e+02
1.513864406779661067e+02
1.514632768361582293e+02
1.515118644067796936e+02
1.515220338983051249e+02
1.515062146892655619e+02
1.514542372881356300e+02
1.513694915254237401e+02
1.512451977401130421e+02
1.510926553672316572e+02
1.509118644067796993e+02
1.507457627118644439e+02
1.505762711864406924e+02
1.504282485875706357e+02
1.502949152542373099e+02
1.501570621468927129e+02
1.500350282485875937e+02
1.499276836158192339e+02
1.498158192090395744e+02
1.497242937853107492e+02
1.496372881355932520e+02
1.495525423728813621e+02
1.494813559322034280e+02
1.494135593220339047e+02
1.493672316384181045e+02
1.493220338983051079e+02
1.492926553672316743e+02
1.492768361581921113e+02
1.492723163841808116e+02
1.492689265536723724e+02
1.492779661016949149e+02
1.493039548022599092e+02
1.493435028248587741e+02
1.493977401129943701e+02
1.494531073446327696e+02
1.495457627118644268e+02
1.496384180790960556e+02
1.497446327683616119e+02
1.498689265536723383e+02
1.499909604519774007e+02
1.501333333333333542e+02
1.502768361581921113e+02
1.504000000000000341e+02
1.504847457627118956e+02
1.505389830508474631e+02
1.505581920903954938e+02
1.505593220338982974e+02
1.505254237288135641e+02
1.504655367231638365e+02
1.503887005649717707e+02
1.502723163841807832e+02
1.501242937853107264e+02
1.499706214689265948e+02
1.497706214689265494e+02
1.495548022598870261e+02
1.493276836158191827e+02
1.491118644067796595e+02
1.489062146892655392e+02
1.486994350282486153e+02
1.484949152542372985e+02
1.483107344632768445e+02
1.481536723163841884e+02
1.479796610169491942e+02
1.478451977401130080e+02
1.477265536723164132e+02
1.476135593220339217e+02
1.475310734463276958e+02
1.474610169491525653e+02
1.474214689265537004e+02
1.474011299435028377e+02
1.474011299435028377e+02
1.474135593220339047e+02
1.474485875706214983e+02
1.475175141242938253e+02
1.475864406779661238e+02
1.476757062146892849e+02
1.477898305084746085e+02
1.479242937853107378e+02
1.480632768361581952e+02
1.482056497175141487e+02
1.483853107344633031e+02
1.485728813559322248e+02
1.487740112994350454e+02
1.489819209039548014e+02
1.492101694915254484e+02
1.494587570621469013e+02
1.496994350282486153e+02
1.499367231638418048e+02
1.501785310734463508e+02
1.503841807909604427e+02
1.505661016949152611e+02
1.507163841807909819e+02
1.508338983050847446e+02
1.509118644067796708e+02
1.509480225988700681e+02
1.509581920903954710e+02
1.509435028248587685e+02
1.508790960451977412e+02
1.507706214689265778e+02
1.506338983050847560e+02
1.504531073446327696e+02
1.502485875706215097e+02
1.500542372881355959e+02
1.498553672316384109e+02
1.496723163841808173e+02
1.494813559322033996e+02
1.493163841807909762e+02
1.491514124293785244e+02
1.490067796610169637e+02
1.488598870056497390e+02
1.487344632768361521e+02
1.486079096045198185e+02
1.485073446327683655e+02
1.484146892655367651e+02
1.483299435028248752e+02
1.482463276836158457e+02
1.481864406779661181e+02
1.481299435028248581e+02
1.480768361581920942e+02
1.480440677966101646e+02
1.480169491525423666e+02
1.479943502824858683e+02
1.479875706214689330e+02
1.480011299435028320e+02
1.480112994350282634e+02
1.480225988700565267e+02
1.480711864406779910e+02
1.481084745762711918e+02
1.481751412429378547e+02
1.482576271186440522e+02
1.483457627118643813e+02
1.484463276836158343e+02
1.485435028248587628e+02
1.486598870056497503e+02
1.487898305084745800e+02
1.489389830508474688e+02
1.490790960451977298e+02
1.492203389830508513e+02
1.493333333333333428e+02
1.494237288135593360e+02
1.494655367231638365e+02
1.494802259887005675e+02
1.494723163841807718e+02
1.494282485875706357e+02
1.493548022598869807e+02
1.492316384180790863e+02
1.490926553672316288e+02
1.489107344632768388e+02
1.487039548022598865e+02
1.484903954802259989e+02
1.482779661016949149e+02
1.480734463276835982e+02
1.478700564971751419e+02
1.476836158192090238e+02
1.475209039548022361e+02
1.473548022598869807e+02
1.472067796610169239e+02
1.470644067796609988e+02
1.469412429378531328e+02
1.468271186440678093e+02
1.467446327683615834e+02
1.466813559322033882e+02
1.466395480225988592e+02
1.466135593220338933e+02
1.465977401129943587e+02
1.466146892655367253e+02
1.466406779661016913e+02
1.466824858757062202e+02
1.467491525423728831e+02
1.468350282485875766e+02
1.469310734463277015e+02
1.470361581920903973e+02
1.471909604519774177e+02
1.473344632768361748e+02
1.475005649717514302e+02
1.476870056497175199e+02
1.478824858757062373e+02
1.480994350282485925e+02
1.483333333333333428e+02
1.485796610169491601e+02
1.488395480225988763e+02
1.490881355932203292e+02
1.493423728813559421e+02
1.496033898305084904e+02
1.498632768361582066e+02
1.501039548022598922e+02
1.503062146892655448e+02
1.504677966101695006e+02
1.506112994350282577e+02
1.507152542372881499e+02
1.507966101694915153e+02
1.508474576271186720e+02
1.508734463276836095e+02
1.508395480225988763e+02
1.507785310734463451e+02
1.506971751412429512e+02
1.505694915254237571e+02
1.504124293785311011e+02
1.502282485875706470e+02
1.500406779661017254e+02
1.498621468926553746e+02
1.496971751412429512e+02
1.495378531073446311e+02
1.493943502824859024e+02
1.492644067796610443e+02
1.491242937853107549e+02
1.490011299435028604e+02
1.488847457627118729e+02
1.487762711864406810e+02
1.486960451977401192e+02
1.486135593220338933e+02
1.485525423728813621e+02
1.484949152542372985e+02
1.484440677966101703e+02
1.484067796610169694e+02
1.483841807909604711e+02
1.483728813559322361e+02
1.483717514124294041e+02
1.483785310734463678e+02
1.484022598870056413e+02
1.484395480225988990e+02
1.484949152542372985e+02
1.485514124293785585e+02
1.486158192090395573e+02
1.487163841807910103e+02
1.488214689265537061e+02
1.489401129943503292e+02
1.490542372881355959e+02
1.492045197740113167e+02
1.493389830508475029e+02
1.494926553672316913e+02
1.496497175141243474e+02
1.497672316384181386e+02
1.498542372881356357e+02
1.498971751412429967e+02
1.499152542372881669e+02
1.499254237288135982e+02
1.499016949152542679e+02
1.498395480225989331e+02
1.497638418079096425e+02
1.496463276836158514e+02
1.495129943502825256e+02
1.493514124293785699e+02
1.491559322033898525e+02
1.489468926553672645e+02
1.487175141242938139e+02
1.484960451977401590e+02
1.482666666666667084e+02
1.480666666666667197e+02
1.478542372881356357e+02
1.476598870056497503e+02
1.474802259887005960e+02
1.473073446327683769e+02
1.471706214689265835e+02
1.470474576271186606e+02
1.469401129943503292e+02
1.468587570621469354e+02
1.467864406779661408e+02
1.467536723163842112e+02
1.467288135593220773e+02
1.467141242937853463e+02
1.467367231638418161e+02
1.467672316384181102e+02
1.468259887005650057e+02
1.468881355932203689e+02
1.469807909604519978e+02
1.470847457627118899e+02
1.472101694915254484e+02
1.473661016949153009e+02
1.475175141242938253e+02
1.477005649717514473e+02
1.478892655367232010e+02
1.480870056497175256e+02
1.482847457627119070e+02
1.484903954802260273e+02
1.487186440677966459e+02
1.489525423728813962e+02
1.491966101694915494e+02
1.494485875706214983e+02
1.496745762711864813e+02
1.498587570621469354e+02
1.500350282485875937e+02
1.501615819209039842e+02
1.502531073446328094e+02
1.503016949152543020e+02
1.503186440677966402e+02
1.503096045197740409e+02
1.502451977401130421e+02
1.501672316384181158e+02
1.500418079096045290e+02
1.498790960451977412e+02
1.496836158192090807e+02
1.494983050847457946e+02
1.493073446327683769e+02
1.491299435028248865e+02
1.489604519774011635e+02
1.488033898305085074e+02
1.486451977401130193e+02
1.484971751412429626e+02
1.483525423728813735e+02
1.482395480225988820e+02
1.481084745762712203e+02
1.479909604519774007e+02
1.478881355932203689e+02
1.478056497175141430e+02
1.477333333333333485e+02
1.476564971751412827e+02
1.475864406779660953e+02
1.475355932203389955e+02
1.474824858757062316e+02
1.474531073446327696e+02
1.474372881355932350e+02
1.474271186440678321e+02
1.474271186440678321e+02
1.474338983050847673e+02
1.474497175141243019e+02
1.474824858757062316e+02
1.475265536723163677e+02
1.475751412429378888e+02
1.476485875706214870e+02
1.477322033898305449e+02
1.478282485875706413e+02
1.479423728813559364e+02
1.480531073446327639e+02
1.481841807909604540e+02
1.483254237288135755e+02
1.484666666666666686e+02
1.486214689265536890e+02
1.487853107344632804e+02
1.489084745762712032e+02
1.489875706214689330e+02
1.490564971751412600e+02
1.490824858757061975e+02
1.490836158192090579e+02
1.490564971751412600e+02
1.489887005649717651e+02
1.488937853107344722e+02
1.487717514124293814e+02
1.486259887005649603e+02
1.484406779661016742e+02
1.482259887005649830e+02
1.480000000000000000e+02
1.478056497175141146e+02
1.475875706214688989e+02
1.474056497175141089e+02
1.472225988700565154e+02
1.470655367231638593e+02
1.469141242937853349e+02
1.467932203389830477e+02
1.466745762711864245e+02
1.465762711864406924e+02
1.465152542372881328e+02
1.464632768361582009e+02
1.464237288135593076e+02
1.464124293785310442e+02
1.464169491525423723e+02
1.464237288135593076e+02
1.464508474576271340e+02
1.465050847457627015e+02
1.465819209039548241e+02
1.466689265536723212e+02
1.467943502824858797e+02
1.469028248587570715e+02
1.470451977401129966e+02
1.472090395480225880e+02
1.473751412429378718e+02
1.475514124293785301e+02
1.477491525423728831e+02
1.479638418079096027e+02
1.481785310734463224e+02
1.484079096045197730e+02
1.486418079096044949e+02
1.488836158192090409e+02
1.491197740112994552e+02
1.493604519774011123e+02
1.495751412429378320e+02
1.497514124293785471e+02
1.498983050847457434e+02
1.500090395480225993e+02
1.500960451977401249e+02
1.501401129943502895e+02
1.501480225988700568e+02
1.501242937853107264e+02
1.500621468926553632e+02
1.499615819209039387e+02
1.498293785310734449e+02
1.496621468926553575e+02
1.494655367231638365e+02
1.492700564971751760e+02
1.490768361581920942e+02
1.488847457627118729e+02
1.487096045197740182e+02
1.485435028248587628e+02
1.483796610169491714e+02
1.482406779661017140e+02
1.481005649717514245e+02
1.479728813559322020e+02
1.478440677966101759e+02
1.477468926553672190e+02
1.476542372881356187e+02
1.475649717514124291e+02
1.474903954802259989e+02
1.474214689265537004e+02
1.473536723163841771e+02
1.472971751412429455e+02
1.472587570621469126e+02
1.472361581920904143e+02
1.472225988700565154e+02
1.472124293785310840e+02
1.472158192090395801e+02
1.472451977401130421e+02
1.472723163841808400e+02
1.473107344632768729e+02
1.473728813559322361e+02
1.474463276836158343e+02
1.475276836158192282e+02
1.476214689265536890e+02
1.477480225988700795e+02
1.478610169491525710e+02
1.479966101694915608e+02
1.481468926553672532e+02
1.482553672316384450e+02
1.483265536723164360e+02
1.483841807909604995e+02
1.484112994350282975e+02
1.483943502824859024e+02
1.483570621468927015e+02
1.483028248587571056e+02
1.482090395480226448e+02
1.480858757062147220e+02
1.479276836158192339e+02
1.477457627118644439e+02
1.475412429378531556e+02
1.473209039548023043e+02
1.470858757062147220e+02
1.468587570621469354e+02
1.466485875706215154e+02
1.464474576271186947e+02
1.462429378531073780e+02
1.460497175141243247e+02
1.458711864406780023e+02
1.457062146892655505e+02
1.455570621468926902e+02
1.454203389830508684e+02
1.453039548022599092e+02
1.452079096045197844e+02
1.451310734463277186e+02
1.450564971751412600e+02
1.450225988700565267e+02
1.449977401129943360e+02
1.449954802259887003e+02
1.450000000000000000e+02
1.450440677966101930e+02
1.450937853107344608e+02
1.451649717514124518e+02
1.452553672316384450e+02
1.453581920903954767e+02
1.454666666666666686e+02
1.456090395480225936e+02
1.457604519774011180e+02
1.459197740112994381e+02
1.460960451977401249e+02
1.462802259887005789e+02
1.464790960451977639e+02
1.466802259887005846e+02
1.469016949152542679e+02
1.471299435028248581e+02
1.473581920903955051e+02
1.476067796610169580e+02
1.478451977401130080e+02
1.480440677966101930e+02
1.482169491525423837e+02
1.483457627118644382e+02
1.484576271186440692e+02
1.485242937853107321e+02
1.485615819209039614e+02
1.485649717514124291e+02
1.485435028248587628e+02
1.484768361581920999e+02
1.483762711864407038e+02
1.482497175141243133e+02
1.480824858757061975e+02
1.479084745762712032e+02
1.477254237288135528e+02
1.475570621468926618e+02
1.474090395480226050e+02
1.472655367231638479e+02
1.471265536723163905e+02
1.469943502824858683e+02
1.468700564971751419e+02
1.467502824858757435e+02
1.466384180790960556e+02
1.465435028248587628e+02
1.464440677966101703e+02
1.463615819209039728e+02
1.462881355932203462e+02
1.462316384180791147e+02
1.461694915254237230e+02
1.461254237288135869e+02
1.460870056497175256e+02
1.460587570621469240e+02
1.460372881355932293e+02
1.460271186440677980e+02
1.460338983050847617e+02
1.460564971751412600e+02
1.460768361581921226e+02
1.461197740112994552e+02
1.461694915254237515e+02
1.462225988700565154e+02
1.462836158192090465e+02
1.463717514124293757e+02
1.464598870056497333e+02
1.465615819209039614e+02
1.466870056497175199e+02
1.468316384180791374e+02
1.469796610169491657e+02
1.471299435028248581e+02
1.472666666666667084e+02
1.473796610169491714e+02
1.474689265536723326e+02
1.475288135593220318e+02
1.475378531073446311e+02
1.475435028248587628e+02
1.475163841807909648e+02
1.474666666666666686e+02
1.473887005649717707e+02
1.472757062146892792e+02
1.471536723163841884e+02
1.469853107344632974e+02
1.468067796610169751e+02
1.465920903954802270e+02
1.463830508474576391e+02
1.461909604519774177e+02
1.460101694915254313e+02
1.458440677966101759e+02
1.456836158192090522e+02
1.455378531073446595e+02
1.454067796610169694e+02
1.453062146892655164e+02
1.452146892655367196e+02
1.451435028248587571e+02
1.450870056497175256e+02
1.450282485875706300e+02
1.449977401129943644e+02
1.449932203389830647e+02
1.450079096045197957e+02
1.450305084745762656e+02
1.450677966101694949e+02
1.451197740112994552e+02
1.451887005649717253e+02
1.452881355932203462e+02
1.453954802259887060e+02
1.455141242937853008e+02
1.456576271186440863e+02
1.457920903954802156e+02
1.459604519774011351e+02
1.461435028248587571e+02
1.463367231638418389e+02
1.465299435028248638e+02
1.467401129943502838e+02
1.469581920903954710e+02
1.471807909604519864e+02
1.474101694915254370e+02
1.476214689265536606e+02
1.478418079096045119e+02
1.480406779661016969e+02
1.482079096045197844e+02
1.483367231638418104e+02
1.484338983050847673e+02
1.485152542372881612e+02
1.485604519774011294e+02
1.485740112994350284e+02
1.485548022598870261e+02
1.484960451977401306e+02
1.484124293785310726e+02
1.482971751412429171e+02
1.481581920903954597e+02
1.479819209039548014e+02
1.478101694915254143e+02
1.476463276836158229e+02
1.474870056497175028e+02
1.473389830508474461e+02
1.471988700564971850e+02
1.470621468926553632e+02
1.469333333333333371e+02
1.468237288135593417e+02
1.467141242937853178e+02
1.466305084745762883e+02
1.465378531073446311e+02
1.464531073446327696e+02
1.463728813559321793e+02
1.463005649717513847e+02
1.462327683615819183e+02
1.461819209039547900e+02
1.461514124293785244e+02
1.461220338983050908e+02
1.461096045197739954e+02
1.460824858757061975e+02
1.460971751412429285e+02
1.461062146892655278e+02
1.461401129943502610e+02
1.461672316384180590e+02
1.462124293785310556e+02
1.462836158192090465e+02
1.463694915254237117e+02
1.464576271186440408e+02
1.465593220338982974e+02
1.466632768361581611e+02
1.467943502824858797e+02
1.469468926553672077e+02
1.470485875706214642e+02
1.471344632768361578e+02
1.471887005649717253e+02
1.472158192090395232e+02
1.472135593220338876e+02
1.471751412429378263e+02
1.471084745762711350e+02
1.470203389830508343e+02
1.468960451977401078e+02
1.467457627118643870e+02
1.465830508474576277e+02
1.463819209039547786e+02
1.461694915254237230e+02
1.459435028248587400e+02
1.457310734463276845e+02
1.455084745762711691e+02
1.453197740112994154e+02
1.451299435028248581e+02
1.449457627118644041e+02
1.447762711864406526e+02
1.446225988700564926e+02
1.444858757062146708e+02
1.443683615819208796e+02
1.442779661016949149e+02
1.441864406779660612e+02
1.441242937853107264e+02
1.440937853107344324e+02
1.440677966101694665e+02
1.440655367231638024e+02
1.440870056497174971e+02
1.441355932203389614e+02
1.441853107344632576e+02
1.442576271186440238e+02
1.443480225988700454e+02
1.444508474576271055e+02
1.445694915254237003e+02
1.447084745762711577e+02
1.448700564971751135e+02
1.450451977401129682e+02
1.452259887005649261e+02
1.454237288135593076e+02
1.456316384180790919e+02
1.458576271186440181e+02
1.460824858757061975e+02
1.463152542372881157e+02
1.465570621468926333e+02
1.467943502824858513e+02
1.470361581920903689e+02
1.472406779661016571e+02
1.474372881355931781e+02
1.475932203389830306e+02
1.477016949152542225e+02
1.477988700564971509e+02
1.478463276836158116e+02
1.478576271186440181e+02
1.478305084745762485e+02
1.477593220338982860e+02
1.476666666666666288e+02
1.475231638418078717e+02
1.473468926553672134e+02
1.471480225988700568e+02
1.469717514124293700e+02
1.467774011299434846e+02
1.465954802259886947e+02
1.464203389830508399e+02
1.462463276836158173e+02
1.460994350282485925e+02
1.459627118644067991e+02
1.458225988700564812e+02
1.457005649717514189e+02
1.455830508474576277e+02
1.454745762711864359e+02
1.453694915254237117e+02
1.452723163841807832e+02
1.451898305084745857e+02
1.450994350282485925e+02
1.450146892655367310e+02
1.449378531073446368e+02
1.448757062146892736e+02
1.448248587570621453e+02
1.447796610169491487e+02
1.447502824858757435e+02
1.447310734463276845e+02
1.447242937853107492e+02
1.447186440677966175e+02
1.447175141242938139e+02
1.447491525423728831e+02
1.447830508474576447e+02
1.448090395480226107e+02
1.448621468926554030e+02
1.449322033898305051e+02
1.450158192090395630e+02
1.451028248587570602e+02
1.451988700564971850e+02
1.452983050847457775e+02
1.454045197740113053e+02
1.455231638418079285e+02
1.456327683615819524e+02
1.457209039548022815e+02
1.457762711864407095e+02
1.457864406779661408e+02
1.457909604519774405e+02
1.457604519774011465e+02
1.456915254237288480e+02
1.456180790960452214e+02
1.455186440677966289e+02
1.453898305084746028e+02
1.452327683615819467e+02
1.450531073446327923e+02
1.448858757062147049e+02
1.447209039548022815e+02
1.445853107344632917e+02
1.444531073446328264e+02
1.443276836158192395e+02
1.442259887005650114e+02
1.441209039548022872e+02
1.440384180790960613e+02
1.439762711864407265e+02
1.439265536723164018e+02
1.438949152542373042e+02
1.438779661016949376e+02
1.438847457627118729e+02
1.438983050847458003e+02
1.439299435028248695e+02
1.439909604519774291e+02
1.440621468926553916e+02
1.441502824858757208e+02
1.442542372881356414e+02
1.443762711864407038e+02
1.444949152542372985e+02
1.446395480225988877e+02
1.448158192090395744e+02
1.449966101694915324e+02
1.451841807909604540e+02
1.454033898305085017e+02
1.456135593220339217e+02
1.458327683615819410e+02
1.460598870056497276e+02
1.463005649717514416e+02
1.465435028248587912e+02
1.467672316384181102e+02
1.469649717514124632e+02
1.471502824858757208e+02
1.472937853107344779e+02
1.474338983050847673e+02
1.475333333333333599e+02
1.476011299435028263e+02
1.476316384180791204e+02
1.476384180790960841e+02
1.476361581920903916e+02
1.475909604519774234e+02
1.475209039548022361e+02
1.474090395480226050e+02
1.472790960451977469e+02
1.471276836158192225e+02
1.469514124293785358e+02
1.467887005649717764e+02
1.466384180790960556e+02
1.464926553672316345e+02
1.463570621468926731e+02
1.462395480225989104e+02
1.461152542372881555e+02
1.460090395480225993e+02
1.459175141242938025e+02
1.458350282485875766e+02
1.457694915254237458e+02
1.457028248587570829e+02
1.456497175141242906e+02
1.456079096045197616e+02
1.455593220338982974e+02
1.455423728813559308e+02
1.455276836158192282e+02
1.455209039548022645e+02
1.455299435028248638e+02
1.455525423728813621e+02
1.455909604519774234e+02
1.456259887005649603e+02
1.456870056497174915e+02
1.457480225988700511e+02
1.458248587570621453e+02
1.459242937853107378e+02
1.460305084745762656e+02
1.461480225988700568e+02
1.462700564971751476e+02
1.464203389830508399e+02
1.465683615819209251e+02
1.467322033898305449e+02
1.468542372881356073e+02
1.469514124293785358e+02
1.470158192090395630e+02
1.470508474576271283e+02
1.470644067796609988e+02
1.470372881355932293e+02
1.470000000000000000e+02
1.469322033898305051e+02
1.468508474576271396e+02
1.467299435028248809e+02
1.465920903954802270e+02
1.464056497175141089e+02
1.462135593220339160e+02
1.459966101694915324e+02
1.457559322033898468e+02
1.455096045197740295e+02
1.452598870056497162e+02
1.450135593220339274e+02
1.447898305084746085e+02
1.445593220338983258e+02
1.443536723163841771e+02
1.441491525423729172e+02
1.439728813559322020e+02
1.438079096045197787e+02
1.436519774011299546e+02
1.435107344632768616e+02
1.433796610169491714e+02
1.432802259887005789e+02
1.431977401129943530e+02
1.431367231638418218e+02
1.430824858757061975e+02
1.430485875706214642e+02
1.430282485875706300e+02
1.430372881355932293e+02
1.430700564971751589e+02
1.431141242937853235e+02
1.431604519774011521e+02
1.432485875706215097e+02
1.433310734463277072e+02
1.434406779661017026e+02
1.435627118644068219e+02
1.436836158192090807e+02
1.438327683615819410e+02
1.439864406779661294e+02
1.441525423728813848e+02
1.443322033898305108e+02
1.445265536723163962e+02
1.447073446327683826e+02
1.449062146892655392e+02
1.450960451977401249e+02
1.452870056497175142e+02
1.454531073446327980e+02
1.455954802259887231e+02
1.456926553672316800e+02
1.457536723163842112e+02
1.457830508474576447e+02
1.457796610169491771e+02
1.457491525423728831e+02
1.456813559322034166e+02
1.455920903954802270e+02
1.454598870056497049e+02
1.453016949152542452e+02
1.451525423728813564e+02
1.450033898305084676e+02
1.448768361581921056e+02
1.447468926553672475e+02
1.446203389830508854e+02
1.445062146892655619e+02
1.444022598870056981e+02
1.443062146892655733e+02
1.442124293785310840e+02
1.441333333333333542e+02
1.440519774011299887e+02
1.439875706214689330e+02
1.439254237288135982e+02
1.438790960451977412e+02
1.438338983050847730e+02
1.437853107344633088e+02
1.437559322033898752e+02
1.437333333333333485e+02
1.437209039548022815e+02
1.437197740112994779e+02
1.437209039548022815e+02
1.437242937853107492e+02
1.437468926553672759e+02
1.437841807909604768e+02
1.438112994350282747e+02
1.438542372881356357e+02
1.439152542372881669e+02
1.439751412429378661e+02
1.440429378531073894e+02
1.441152542372881840e+02
1.441988700564971850e+02
1.443050847457627128e+02
1.444000000000000341e+02
1.445175141242938253e+02
1.446531073446328151e+02
1.447875706214689444e+02
1.449242937853107662e+02
1.450192090395480591e+02
1.451005649717514530e+02
1.451446327683616175e+02
1.451491525423729172e+02
1.451310734463277186e+02
1.450790960451977867e+02
1.449977401129943928e+02
1.448779661016949376e+02
1.447231638418079456e+02
1.445638418079096255e+02
1.444000000000000341e+02
1.442474576271186493e+02
1.440971751412429569e+02
1.439548022598870318e+02
1.438225988700565381e+02
1.437028248587570829e+02
1.435977401129943587e+02
1.434994350282485982e+02
1.434338983050847673e+02
1.433785310734463678e+02
1.433242937853107719e+02
1.432937853107345063e+02
1.432915254237288423e+02
1.433141242937853406e+02
1.433265536723164075e+02
1.433853107344633031e+02
1.434508474576271340e+02
1.435355932203390239e+02
1.436485875706214870e+02
1.437548022598870148e+02
1.438926553672316686e+02
1.440361581920903973e+02
1.442101694915254484e+02
1.444033898305085017e+02
1.446158192090395573e+02
1.448372881355932407e+02
1.450666666666666913e+02
1.453118644067796765e+02
1.455694915254237571e+02
1.458327683615819410e+02
1.461084745762711918e+02
1.463875706214689387e+02
1.466836158192090522e+02
1.469774011299435301e+02
1.472564971751412486e+02
1.475028248587570943e+02
1.477209039548022815e+02
1.479186440677966345e+02
1.480813559322033939e+02
1.482056497175141203e+02
1.482836158192090465e+02
1.483559322033898695e+02
1.483864406779661635e+02
1.483694915254237685e+02
1.483276836158192395e+02
1.482474576271186777e+02
1.481468926553672816e+02
1.479909604519774575e+02
1.478124293785311067e+02
1.475988700564972191e+02
1.474011299435028377e+02
1.471977401129943814e+02
1.470033898305084961e+02
1.468225988700565381e+02
1.466610169491525539e+02
1.465039548022599263e+02
1.463514124293785699e+02
1.462146892655367481e+02
1.461073446327683882e+02
1.459988700564971964e+02
1.459028248587570715e+02
1.458225988700565097e+02
1.457468926553672759e+02
1.456836158192090807e+02
1.456259887005649887e+02
1.455830508474576561e+02
1.455525423728813905e+02
1.455242937853107605e+02
1.455265536723164246e+02
1.455355932203390239e+02
1.455570621468926902e+02
1.455887005649717594e+02
1.456225988700565210e+02
1.456971751412429512e+02
1.457525423728813792e+02
1.458214689265537061e+02
1.459231638418079342e+02
1.460372881355932577e+02
1.461548022598870205e+02
1.462903954802260387e+02
1.464429378531073951e+02
1.465570621468926902e+02
1.466587570621469467e+02
1.467163841807910103e+02
1.467728813559322134e+02
1.467649717514124745e+02
1.467322033898305449e+02
1.466723163841808173e+02
1.465807909604520205e+02
1.464644067796610329e+02
1.463220338983051079e+02
1.461491525423729172e+02
1.459378531073446652e+02
1.457186440677966175e+02
1.454734463276836323e+02
1.452361581920904143e+02
1.450011299435028604e+02
1.447638418079096425e+02
1.445491525423728945e+02
1.443344632768361748e+02
1.441435028248587855e+02
1.439706214689265948e+02
1.437796610169492055e+02
1.436316384180791488e+02
1.434983050847458230e+02
1.433762711864407038e+02
1.432734463276836436e+02
1.431909604519774462e+02
1.431096045197740523e+02
1.430700564971751589e+02
1.430350282485875937e+02
1.430271186440678264e+02
1.430406779661017254e+02
1.430677966101695233e+02
1.431129943502825199e+02
1.431819209039548184e+02
1.432711864406779796e+02
1.433672316384181045e+02
1.434836158192090920e+02
1.436282485875706243e+02
1.437853107344633088e+02
1.439502824858757322e+02
1.441322033898305222e+02
1.443141242937853406e+02
1.445220338983050965e+02
1.447355932203390125e+02
1.449604519774011635e+02
1.451796610169491828e+02
1.453819209039548355e+02
1.455796610169491885e+02
1.457254237288135812e+02
1.458666666666666742e+02
1.459694915254237344e+02
1.460406779661017254e+02
1.460734463276836266e+02
1.460610169491525596e+02
1.460384180790960613e+02
1.459604519774011635e+02
1.458677966101695347e+02
1.457141242937853463e+02
1.455412429378531272e+02
1.453480225988700738e+02
1.451525423728813848e+02
1.449887005649717651e+02
1.448282485875706413e+02
1.446700564971751533e+02
1.445220338983050965e+02
1.443717514124294041e+02
1.442406779661017140e+02
1.441209039548022588e+02
1.440214689265536663e+02
1.439050847457627356e+02
1.438203389830508740e+02
1.437446327683616119e+02
1.436666666666666856e+02
1.435988700564972191e+02
1.435355932203390239e+02
1.434949152542372985e+02
1.434542372881356300e+02
1.434112994350282690e+02
1.433909604519774064e+02
1.433807909604519750e+02
1.433920903954802384e+02
1.433966101694915096e+02
1.434079096045197730e+02
1.434418079096045062e+02
1.434903954802259705e+02
1.435401129943502951e+02
1.436056497175141260e+02
1.436813559322033882e+02
1.437604519774011465e+02
1.438406779661016799e+02
1.439581920903954995e+02
1.440779661016949262e+02
1.442045197740113167e+02
1.443435028248587741e+02
1.444915254237288309e+02
1.446451977401130193e+02
1.447898305084745800e+02
1.449050847457627356e+02
1.449785310734463337e+02
1.450305084745762656e+02
1.450384180790960613e+02
1.450146892655367310e+02
1.449853107344633258e+02
1.449107344632768672e+02
1.448101694915254711e+02
1.446836158192090522e+02
1.445265536723164246e+02
1.443299435028248752e+02
1.441299435028248865e+02
1.439310734463277015e+02
1.437457627118644439e+02
1.435706214689265607e+02
1.434022598870056413e+02
1.432406779661017140e+02
1.430994350282485925e+02
1.429841807909604654e+02
1.428779661016949092e+02
1.427819209039548127e+02
1.427005649717514189e+02
1.426384180790960556e+02
1.426112994350282577e+02
1.425920903954802270e+02
1.425920903954802270e+02
1.426101694915254257e+02
1.426610169491525539e+02
1.427209039548022815e+02
1.428135593220339103e+02
1.429209039548022702e+02
1.430338983050847617e+02
1.431740112994350511e+02
1.433163841807909762e+02
1.434915254237288309e+02
1.436632768361582180e+02
1.438553672316384677e+02
1.440632768361582237e+02
1.442858757062147106e+02
1.445209039548022645e+02
1.447672316384181102e+02
1.450203389830508627e+02
1.452858757062147106e+02
1.455514124293785585e+02
1.458146892655367424e+02
1.460745762711864586e+02
1.463231638418079115e+02
1.465525423728813621e+02
1.467367231638418161e+02
1.469028248587570715e+02
1.470406779661017254e+02
1.471378531073446538e+02
1.471932203389830534e+02
1.472146892655367196e+02
1.472090395480226448e+02
1.471593220338983201e+02
1.470824858757062543e+02
1.469683615819209308e+02
1.468237288135593417e+02
1.466395480225988877e+02
1.464519774011299660e+02
1.462598870056497162e+02
1.460745762711864586e+02
1.459016949152542679e+02
1.457604519774011465e+02
1.455988700564971907e+02
1.454610169491525653e+02
1.453310734463277072e+02
1.452033898305085131e+02
1.450971751412429853e+02
1.449943502824858683e+02
1.449050847457627356e+02
1.448271186440678093e+02
1.447694915254237458e+02
1.447209039548022815e+02
1.446802259887005846e+02
1.446440677966101873e+02
1.446203389830508854e+02
1.446180790960452214e+02
1.446384180790960841e+02
1.446655367231638820e+02
1.447016949152542793e+02
1.447604519774011465e+02
1.448338983050847730e+02
1.449163841807909989e+02
1.450101694915254598e+02
1.451231638418079228e+02
1.452508474576271453e+02
1.453853107344633031e+02
1.455344632768361635e+02
1.456960451977401476e+02
1.458711864406779739e+02
1.460146892655367310e+02
1.461412429378531215e+02
1.462395480225989104e+02
1.462971751412429740e+02
1.463288135593220431e+02
1.463378531073446425e+02
1.463005649717514416e+02
1.462418079096045460e+02
1.461446327683616175e+02
1.460259887005649944e+02
1.458632768361582066e+02
1.456836158192090807e+02
1.454677966101695006e+02
1.452259887005649830e+02
1.449785310734463337e+02
1.447299435028248809e+02
1.444802259887005960e+02
1.442564971751412770e+02
1.440338983050847901e+02
1.438237288135593417e+02
1.436259887005650171e+02
1.434485875706214983e+02
1.432994350282486380e+02
1.431581920903955165e+02
1.430418079096045290e+02
1.429435028248587969e+02
1.428644067796610670e+02
1.428011299435028718e+02
1.427604519774011465e+02
1.427502824858757435e+02
1.427457627118644155e+02
1.427649717514124461e+02
1.428101694915254711e+02
1.428644067796610386e+02
1.429593220338983315e+02
1.430519774011299319e+02
1.431581920903954881e+02
1.432655367231638479e+02
1.434056497175141374e+02
1.435593220338983258e+02
1.437265536723164132e+02
1.439005649717514359e+02
1.440881355932203860e+02
1.442926553672316459e+02
1.445118644067796936e+02
1.447310734463277129e+02
1.449525423728813678e+02
1.451717514124293871e+02
1.453988700564971737e+02
1.456293785310734847e+02
1.458067796610169466e+02
1.459604519774011351e+02
1.460564971751412600e+02
1.461468926553672532e+02
1.462056497175141203e+02
1.462056497175141203e+02
1.461740112994350511e+02
1.461107344632768559e+02
1.460112994350282634e+02
1.458666666666666742e+02
1.456937853107344836e+02
1.455152542372881612e+02
1.453525423728813735e+02
1.451841807909604540e+02
1.450327683615819296e+02
1.448881355932203405e+02
1.447480225988700795e+02
1.446158192090395573e+02
1.444960451977401306e+02
1.443717514124293757e+02
1.442790960451977469e+02
1.441762711864406867e+02
1.440836158192090579e+02
1.440090395480225993e+02
1.439367231638418048e+02
1.438757062146892736e+02
1.438350282485876050e+02
1.437943502824858797e+02
1.437604519774011465e+02
1.437389830508474802e+02
1.437209039548022815e+02
1.437265536723164132e+02
1.437401129943502838e+02
1.437581920903955108e+02
1.437740112994350454e+02
1.438259887005650057e+02
1.438757062146892736e+02
1.439344632768361691e+02
1.440079096045197957e+02
1.441016949152542566e+02
1.441954802259887174e+02
1.442903954802260102e+02
1.444045197740113053e+02
1.445242937853107605e+02
1.446485875706214870e+02
1.447830508474576447e+02
1.449028248587570715e+02
1.449853107344632974e+02
1.450440677966101646e+02
1.450779661016949262e+02
1.450836158192090579e+02
1.450440677966101646e+02
1.449694915254237344e+02
1.448768361581921056e+02
1.447548022598870148e+02
1.445954802259886947e+02
1.444180790960451759e+02
1.442225988700564869e+02
1.440384180790960613e+02
1.438463276836158116e+02
1.436745762711864245e+02
1.435073446327683655e+02
1.433491525423729058e+02
1.432045197740113167e+02
1.430824858757061975e+02
1.429661016949152668e+02
1.428757062146892736e+02
1.427977401129943473e+02
1.427310734463276845e+02
1.426937853107344552e+02
1.426677966101694892e+02
1.426542372881355902e+02
1.426689265536722928e+02
1.427028248587570545e+02
1.427615819209039500e+02
1.428192090395480136e+02
1.429096045197740068e+02
1.429954802259887288e+02
1.431096045197740239e+02
1.432451977401130137e+02
1.433988700564971737e+02
1.435694915254237287e+02
1.437615819209039500e+02
1.439627118644067991e+02
1.441570621468926561e+02
1.443898305084745743e+02
1.446327683615819524e+02
1.448655367231638422e+02
1.451209039548022588e+02
1.453909604519774064e+02
1.456644067796610216e+02
1.459355932203390012e+02
1.461785310734463224e+02
1.464067796610169410e+02
1.466067796610169580e+02
1.467661016949152497e+02
1.469039548022598751e+02
1.470124293785310670e+02
1.470937853107344608e+02
1.471322033898305222e+02
1.471548022598869920e+02
1.471435028248587571e+02
1.470915254237287968e+02
1.470045197740112997e+02
1.468915254237288082e+02
1.467491525423728831e+02
1.465717514124293643e+02
1.463683615819209081e+02
1.461412429378531215e+02
1.459548022598870034e+02
1.457525423728813507e+02
1.455819209039548241e+02
1.454045197740113053e+02
1.452395480225988820e+02
1.450915254237288252e+02
1.449649717514124347e+02
1.448158192090395460e+02
1.446802259887005562e+02
1.445638418079096255e+02
1.444700564971751362e+02
1.443706214689265437e+02
1.442802259887005789e+02
1.442203389830508513e+02
1.441525423728813564e+02
1.441073446327683882e+02
1.440655367231638593e+02
1.440282485875706300e+02
1.440045197740113281e+02
1.439887005649717366e+02
1.440022598870056640e+02
1.440214689265536663e+02
1.440497175141242678e+02
1.440881355932203292e+02
1.441389830508474574e+02
1.442112994350282520e+02
1.442881355932203178e+02
1.443864406779661067e+02
1.444813559322033711e+02
1.446033898305084904e+02
1.447344632768361521e+02
1.448644067796610386e+02
1.449581920903954995e+02
1.450237288135593303e+02
1.450689265536723269e+02
1.450757062146892622e+02
1.450700564971751305e+02
1.450282485875706016e+02
1.449536723163841714e+02
1.448610169491525426e+02
1.447457627118644155e+02
1.446067796610169580e+02
1.444338983050847673e+02
1.442474576271186493e+02
1.440350282485875653e+02
1.438090395480226107e+02
1.436112994350282577e+02
1.434124293785311011e+02
1.432271186440678150e+02
1.430316384180790976e+02
1.428610169491525426e+02
1.426994350282486153e+02
1.425480225988700909e+02
1.424203389830508684e+02
1.423084745762711805e+02
1.422146892655367196e+02
1.421333333333333258e+02
1.420790960451977298e+02
1.420384180790960613e+02
1.420135593220338990e+02
1.420056497175141317e+02
1.420112994350282634e+02
1.420248587570621339e+02
1.420598870056497276e+02
1.421322033898305222e+02
1.422079096045197844e+02
1.422926553672316459e+02
1.423966101694915380e+02
1.425028248587570943e+02
1.426485875706214870e+02
1.428045197740113395e+02
1.429672316384180704e+02
1.431446327683615891e+02
1.433152542372881442e+02
1.434937853107344665e+02
1.436937853107344836e+02
1.438926553672316402e+02
1.441005649717513961e+02
1.443096045197740125e+02
1.445242937853107605e+02
1.447152542372881499e+02
1.448666666666666742e+02
1.449898305084745971e+02
1.450824858757062259e+02
1.451525423728813564e+02
1.451774011299435188e+02
1.451717514124293871e+02
1.451175141242937912e+02
1.450237288135593303e+02
1.449163841807909705e+02
1.447740112994350170e+02
1.446406779661016913e+02
1.445231638418079285e+02
1.443988700564971737e+02
1.442881355932203746e+02
1.441864406779661181e+02
1.441016949152542566e+02
1.440112994350282634e+02
1.439265536723164018e+02
1.438610169491525426e+02
1.437954802259887401e+02
1.437457627118644155e+02
1.436937853107344836e+02
1.436655367231638536e+02
1.436305084745762883e+02
1.435943502824858911e+02
1.435785310734463565e+02
1.435898305084745630e+02
1.435807909604519637e+02
1.435943502824858911e+02
1.436011299435028263e+02
1.436248587570621567e+02
1.436632768361582180e+02
1.436926553672316516e+02
1.437412429378531158e+02
1.437966101694915437e+02
1.438779661016949376e+02
1.439604519774011351e+02
1.440350282485875937e+02
1.441423728813559535e+02
1.442542372881355845e+02
1.443830508474576391e+02
1.445073446327683655e+02
1.446372881355932236e+02
1.447785310734463451e+02
1.449322033898305335e+02
1.450994350282485925e+02
1.452372881355932464e+02
1.453514124293785699e+02
1.454361581920904030e+02
1.454870056497175312e+02
1.455186440677966289e+02
1.455084745762711975e+02
1.454779661016949035e+02
1.454067796610169694e+02
1.453276836158192111e+02
1.452090395480225880e+02
1.450723163841807946e+02
1.449062146892655392e+02
1.447186440677966175e+02
1.445344632768361635e+02
1.443502824858757094e+02
1.441774011299435188e+02
1.440112994350282634e+02
1.438542372881356073e+02
1.437299435028248524e+02
1.436124293785310897e+02
1.435016949152542338e+02
1.434214689265536720e+02
1.433570621468926447e+02
1.433141242937853121e+02
1.432836158192090465e+02
1.432824858757062430e+02
1.432745762711864472e+02
1.432971751412429455e+02
1.433446327683615777e+02
1.434112994350282406e+02
1.434824858757062316e+02
1.435604519774011578e+02
1.436813559322033882e+02
1.438146892655367139e+02
1.439502824858757322e+02
1.441084745762711918e+02
1.442836158192090465e+02
1.444700564971751362e+02
1.446802259887005562e+02
1.448915254237288082e+02
1.451265536723163905e+02
1.453514124293785130e+02
1.455954802259886947e+02
1.458259887005649773e+02
1.460677966101694949e+02
1.462971751412429455e+02
1.464949152542372985e+02
1.466757062146892849e+02
1.468158192090395460e+02
1.469367231638418048e+02
1.470180790960451986e+02
1.470779661016949262e+02
1.471028248587570602e+02
1.470949152542373213e+02
1.470440677966101930e+02
1.469819209039548014e+02
1.468757062146892736e+02
1.467288135593220204e+02
1.465593220338983258e+02
1.463502824858757094e+02
1.461401129943502610e+02
1.459401129943502724e+02
1.457502824858757151e+02
1.455751412429378604e+02
1.454011299435028377e+02
1.452338983050847503e+02
1.450836158192090579e+02
1.449389830508474688e+02
1.447909604519774120e+02
1.446485875706214586e+02
1.445129943502824972e+02
1.443954802259887060e+02
1.442802259887005505e+02
1.441762711864406583e+02
1.440757062146892622e+02
1.440000000000000000e+02
1.439322033898304767e+02
1.438644067796610102e+02
1.438169491525423496e+02
1.437774011299434846e+02
1.437559322033898184e+02
1.437231638418079172e+02
1.437050847457626901e+02
1.437231638418078887e+02
1.437220338983050851e+02
1.437536723163841543e+02
1.437887005649717480e+02
1.438497175141242792e+02
1.439197740112994381e+02
1.439796610169491373e+02
1.440768361581920658e+02
1.441853107344632861e+02
1.442858757062147106e+02
1.443536723163841771e+02
1.443977401129943416e+02
1.444067796610169410e+02
1.443898305084745743e+02
1.443593220338983087e+02
1.442790960451977185e+02
1.441683615819208910e+02
1.440474576271186322e+02
1.438847457627118729e+02
1.436994350282485868e+02
1.435073446327683655e+02
1.433129943502824801e+02
1.431254237288135585e+02
1.429288135593220375e+02
1.427468926553672190e+02
1.425740112994350284e+02
1.424225988700565040e+02
1.422463276836158173e+02
1.420994350282485925e+02
1.419593220338983315e+02
1.418361581920904086e+02
1.417231638418079172e+02
1.416327683615819240e+02
1.415638418079096255e+02
1.415129943502824972e+02
1.414621468926553689e+02
1.414418079096045062e+02
1.414429378531073382e+02
1.414531073446327696e+02
1.414813559322033996e+02
1.415209039548022361e+02
1.415807909604519637e+02
1.416553672316384223e+02
1.417457627118644155e+02
1.418587570621469069e+02
1.419819209039548014e+02
1.421141242937853235e+02
1.422723163841807832e+02
1.424293785310734393e+02
1.426101694915254257e+02
1.427909604519774120e+02
1.429841807909604654e+02
1.431864406779661181e+02
1.433853107344632747e+02
1.435920903954802270e+02
1.438045197740112826e+02
1.440146892655367310e+02
1.442214689265536833e+02
1.443999999999999773e+02
1.445457627118643984e+02
1.446519774011299546e+02
1.447276836158192168e+02
1.447785310734463451e+02
1.447932203389830761e+02
1.447785310734463451e+02
1.447288135593220204e+02
1.446576271186440579e+02
1.445367231638418275e+02
1.443920903954802384e+02
1.442463276836158457e+02
1.441050847457626958e+02
1.439932203389830363e+02
1.438836158192090124e+02
1.437672316384180817e+02
1.436655367231638252e+02
1.435796610169491601e+02
1.434858757062146708e+02
1.434282485875706357e+02
1.433615819209039444e+02
1.433152542372881157e+02
1.432666666666666515e+02
1.432305084745762542e+02
1.432135593220339160e+02
1.431898305084745857e+02
1.431830508474576220e+02
1.431875706214689501e+02
1.432056497175141487e+02
1.432293785310734506e+02
1.432621468926553803e+02
1.433050847457627128e+02
1.433570621468926731e+02
1.434169491525423723e+02
1.434949152542372985e+02
1.435740112994350284e+02
1.436655367231638252e+02
1.437672316384180817e+02
1.438847457627118729e+02
1.440079096045197957e+02
1.441288135593220261e+02
1.442644067796610443e+02
1.444135593220339047e+02
1.445728813559322248e+02
1.447367231638418161e+02
1.449129943502824744e+02
1.450802259887005903e+02
1.452158192090395517e+02
1.453288135593220431e+02
1.454192090395480363e+02
1.454847457627118956e+02
1.455175141242938253e+02
1.455175141242937968e+02
1.454971751412429626e+02
1.454418079096045062e+02
1.453615819209039728e+02
1.452497175141243133e+02
1.451163841807909591e+02
1.449683615819208740e+02
1.447887005649717480e+02
1.445954802259886947e+02
1.443875706214689103e+02
1.441932203389830534e+02
1.439966101694915324e+02
1.438203389830508456e+02
1.436564971751412259e+02
1.435129943502824972e+02
1.433864406779661067e+02
1.432632768361581839e+02
1.431819209039547900e+02
1.431050847457627242e+02
1.430508474576271283e+02
1.430022598870056640e+02
1.429751412429378661e+02
1.429853107344632690e+02
1.429943502824858683e+02
1.430305084745762656e+02
1.430723163841807946e+02
1.431435028248587855e+02
1.432248587570621510e+02
1.433378531073446425e+02
1.434632768361581725e+02
1.436011299435028263e+02
1.437480225988700511e+02
1.439118644067796424e+02
1.440994350282485925e+02
1.442790960451977469e+02
1.444892655367231669e+02
1.447005649717514189e+02
1.449310734463276731e+02
1.451762711864406583e+02
1.454101694915254370e+02
1.456406779661016913e+02
1.458757062146892736e+02
1.460892655367231612e+02
1.462779661016949149e+02
1.464259887005649716e+02
1.465683615819208967e+02
1.466757062146892565e+02
1.467559322033898184e+02
1.467841807909604483e+02
1.467977401129943473e+02
1.467807909604519523e+02
1.467333333333333485e+02
1.466666666666666288e+02
1.465514124293785301e+02
1.464135593220339047e+02
1.462395480225988535e+02
1.460734463276836266e+02
1.459084745762712032e+02
1.457570621468926788e+02
1.456135593220338933e+02
1.454689265536723042e+02
1.453435028248587741e+02
1.452305084745762827e+02
1.451175141242937912e+02
1.450225988700564983e+02
1.449378531073446368e+02
1.448644067796610102e+02
1.448056497175141430e+02
1.447491525423728831e+02
1.446971751412429512e+02
1.446485875706214870e+02
1.446214689265536890e+02
1.445909604519774234e+02
1.445807909604519637e+02
1.445694915254237571e+02
1.445999999999999943e+02
1.446056497175141544e+02
1.446361581920904200e+02
1.446677966101694892e+02
1.447220338983050851e+02
1.447898305084745800e+02
1.448677966101694778e+02
1.449649717514124347e+02
1.450610169491525312e+02
1.451683615819209194e+02
1.452813559322034109e+02
1.454045197740113053e+02
1.455242937853107605e+02
1.456135593220338933e+02
1.456757062146892849e+02
1.457005649717514189e+02
1.456870056497174915e+02
1.456610169491525539e+02
1.456011299435028263e+02
1.454994350282485698e+02
1.453819209039547786e+02
1.452293785310734506e+02
1.450564971751412315e+02
1.448610169491525426e+02
1.446531073446327582e+02
1.444564971751412372e+02
1.442564971751412202e+02
1.440677966101694665e+02
1.438915254237288082e+02
1.437141242937852894e+02
1.435401129943502951e+02
1.433762711864406754e+02
1.432282485875706470e+02
1.430870056497175256e+02
1.429683615819209024e+02
1.428564971751412429e+02
1.427615819209039500e+02
1.427016949152542225e+02
1.426508474576270942e+02
1.426146892655366969e+02
1.426056497175140976e+02
1.426101694915254257e+02
1.426293785310734279e+02
1.426700564971751533e+02
1.427152542372881499e+02
1.427932203389830477e+02
1.428858757062146765e+02
1.429932203389830079e+02
1.431118644067796595e+02
1.432463276836158173e+02
1.434192090395480079e+02
1.435932203389830306e+02
1.437774011299434846e+02
1.439807909604519693e+02
1.442011299435028207e+02
1.444293785310734393e+02
1.446689265536722928e+02
1.449175141242937741e+02
1.451785310734463224e+02
1.454316384180791033e+02
1.456542372881355902e+02
1.458451977401130080e+02
1.460158192090395346e+02
1.461514124293785244e+02
1.462474576271186493e+02
1.463197740112994438e+02
1.463514124293785130e+02
1.463378531073446425e+02
1.462824858757062145e+02
1.461943502824858570e+02
1.460745762711864586e+02
1.459197740112994381e+02
1.457231638418078887e+02
1.455163841807909648e+02
1.453367231638417820e+02
1.451581920903954597e+02
1.449898305084745687e+02
1.448237288135593417e+02
1.446655367231638536e+02
1.445276836158192282e+02
1.443864406779661067e+02
1.442734463276836152e+02
1.441593220338983201e+02
1.440598870056497276e+02
1.439819209039548014e+02
1.439050847457627071e+02
1.438429378531073439e+02
1.437988700564971509e+02
1.437570621468926504e+02
1.437186440677966175e+02
1.436926553672316231e+02
1.436836158192090238e+02
1.436711864406779569e+02
1.436666666666666572e+02
1.436858757062146879e+02
1.436994350282485868e+02
1.437276836158192168e+02
1.437581920903954824e+02
1.438192090395480136e+02
1.438824858757062088e+02
1.439762711864406697e+02
1.440587570621468672e+02
1.441378531073445970e+02
1.442610169491525198e+02
1.443740112994350113e+02
1.445039548022598979e+02
1.446305084745762883e+02
1.447909604519774120e+02
1.449333333333333371e+02
1.450994350282485641e+02
1.452406779661016856e+02
1.453559322033898411e+02
1.454384180790960386e+02
1.454813559322033711e+02
1.455028248587570658e+02
1.454847457627118672e+02
1.454508474576271055e+02
1.453807909604519750e+02
1.452757062146892508e+02
1.451401129943502610e+02
1.449762711864406697e+02
1.447841807909604483e+02
1.445807909604519637e+02
1.443864406779661067e+02
1.442067796610169523e+02
1.440259887005649659e+02
1.438576271186440465e+02
1.437028248587570545e+02
1.435604519774011010e+02
1.434361581920903745e+02
1.433197740112994438e+02
1.432406779661016856e+02
1.431683615819208910e+02
1.431005649717513961e+02
1.430813559322033939e+02
1.430734463276835982e+02
1.430734463276836266e+02
1.430960451977401249e+02
1.431468926553672532e+02
1.432045197740113167e+02
1.432757062146892508e+02
1.433807909604519750e+02
1.434926553672316345e+02
1.436237288135593246e+02
1.437627118644067821e+02
1.439344632768361407e+02
1.441107344632768559e+02
1.442960451977401135e+02
1.445118644067796367e+02
1.447310734463276845e+02
1.449627118644067707e+02
1.452022598870056527e+02
1.454485875706214699e+02
1.457005649717514189e+02
1.459514124293785358e+02
1.461774011299435188e+02
1.463706214689265721e+02
1.465581920903954938e+02
1.467062146892655221e+02
1.468327683615819410e+02
1.469220338983050738e+02
1.469706214689265380e+02
1.470192090395480022e+02
1.470214689265536663e+02
1.469841807909604370e+02
1.469220338983050738e+02
1.468372881355932122e+02
1.467039548022598865e+02
1.465694915254237571e+02
1.463966101694915096e+02
1.462101694915254484e+02
1.460384180790960613e+02
1.458700564971751419e+02
1.457175141242937855e+02
1.455627118644067650e+02
1.454327683615819069e+02
1.452983050847457491e+02
1.451819209039547900e+02
1.450824858757061975e+02
1.449819209039548014e+02
1.448926553672316118e+02
1.448192090395480136e+02
1.447615819209039500e+02
1.447016949152542225e+02
1.446418079096045233e+02
1.445999999999999943e+02
1.445807909604519637e+02
1.445548022598870261e+02
1.445581920903954938e+02
1.445627118644067650e+02
1.445875706214688989e+02
1.446067796610169296e+02
1.446463276836158229e+02
1.446836158192090238e+02
1.447401129943502838e+02
1.448203389830508456e+02
1.449016949152542111e+02
1.450056497175141317e+02
1.451062146892655278e+02
1.452418079096045176e+02
1.453728813559321793e+02
1.455039548022598694e+02
1.456101694915254257e+02
1.456813559322033882e+02
1.457175141242937855e+02
1.457401129943502838e+02
1.457344632768361521e+02
1.456836158192090238e+02
1.456146892655367253e+02
1.455118644067796652e+02
1.453807909604519750e+02
1.452271186440677866e+02
1.450531073446327639e+02
1.448361581920903802e+02
1.446067796610169580e+02
1.443909604519773779e+02
1.441627118644067878e+02
1.439254237288135414e+02
1.436971751412429228e+02
1.434870056497175028e+02
1.432858757062146537e+02
1.431005649717513961e+02
1.429209039548022417e+02
1.427581920903954824e+02
1.426237288135592962e+02
1.424960451977401021e+02
1.423875706214689103e+02
1.422937853107344495e+02
1.422214689265536549e+02
1.421728813559321907e+02
1.421389830508474574e+02
1.421344632768361862e+02
1.421333333333333258e+02
1.421604519774011237e+02
1.422079096045197844e+02
1.422824858757062145e+02
1.423581920903954767e+02
1.424610169491525085e+02
1.425751412429378320e+02
1.427039548022598865e+02
1.428542372881356073e+02
1.430237288135593303e+02
1.432101694915254200e+02
1.434112994350282406e+02
1.436033898305084904e+02
1.438146892655367424e+02
1.440508474576271283e+02
1.442881355932203462e+02
1.445175141242937684e+02
1.447672316384180533e+02
1.450101694915254313e+02
1.452203389830508513e+02
1.453954802259887060e+02
1.455378531073446311e+02
1.456474576271186265e+02
1.457310734463276845e+02
1.457819209039548127e+02
1.457683615819209137e+02
1.457491525423728831e+02
1.456892655367231555e+02
1.455875706214689558e+02
1.454519774011299376e+02
1.452870056497175142e+02
1.451028248587570602e+02
1.449242937853107378e+02
1.447593220338983144e+02
1.445909604519774234e+02
1.444237288135593076e+02
1.442677966101695120e+02
1.441254237288135585e+02
1.439920903954802043e+02
1.438598870056497390e+02
1.437525423728813507e+02
1.436531073446327582e+02
1.435740112994350284e+02
1.434824858757062316e+02
1.434033898305084733e+02
1.433378531073446425e+02
1.432779661016949149e+02
1.432338983050847503e+02
1.431966101694915210e+02
1.431491525423728888e+02
1.431412429378531215e+02
1.431401129943502895e+02
1.431480225988700568e+02
1.431615819209039273e+02
1.431740112994350227e+02
1.432101694915254200e+02
1.432564971751412486e+02
1.433141242937853121e+02
1.433762711864407038e+02
1.434734463276836323e+02
1.435649717514124291e+02
1.436734463276836209e+02
1.437920903954802441e+02
1.439231638418079342e+02
1.440700564971751305e+02
1.442079096045197844e+02
1.443661016949152440e+02
1.445118644067796652e+02
1.446305084745762883e+02
1.447096045197740182e+02
1.447694915254237458e+02
1.447785310734463451e+02
1.447604519774011465e+02
1.447107344632768218e+02
1.446305084745762883e+02
1.445299435028248638e+02
1.443853107344632747e+02
1.442169491525423837e+02
1.440248587570621339e+02
1.438259887005649773e+02
1.436338983050847560e+02
1.434519774011299376e+02
1.432802259887005789e+02
1.431242937853107264e+02
1.429740112994350341e+02
1.428305084745762770e+02
1.426994350282486153e+02
1.425841807909604597e+02
1.424937853107344665e+02
1.424169491525423723e+02
1.423615819209039444e+02
1.423288135593220431e+02
1.423186440677966118e+02
1.423141242937853121e+02
1.423265536723163791e+02
1.423638418079096084e+02
1.424293785310734393e+02
1.425073446327683655e+02
1.425977401129943587e+02
1.427209039548022815e+02
1.428463276836158116e+02
1.429875706214689330e+02
1.431514124293785244e+02
1.433355932203389784e+02
1.435242937853107037e+02
1.437355932203389841e+02
1.439638418079096027e+02
1.441909604519773893e+02
1.444271186440678321e+02
1.446881355932203519e+02
1.449480225988700681e+02
1.452124293785310840e+02
1.454847457627118672e+02
1.457514124293785471e+02
1.459966101694915324e+02
1.462135593220339160e+02
1.463853107344633031e+02
1.465299435028248922e+02
1.466316384180790919e+02
1.467163841807909535e+02
1.467638418079096141e+02
1.467694915254237173e+02
1.467446327683616119e+02
1.466824858757062202e+02
1.465909604519774234e+02
1.464576271186440977e+02
1.462971751412429455e+02
1.461084745762711918e+02
1.458971751412429683e+02
1.457197740112994495e+02
1.455355932203389671e+02
1.453468926553672418e+02
1.451819209039547900e+02
1.450214689265536663e+02
1.448644067796610102e+02
1.447276836158192168e+02
1.446158192090395573e+02
1.445005649717514302e+02
1.444000000000000057e+02
1.443016949152542452e+02
1.442214689265536833e+02
1.441367231638417934e+02
1.440621468926553632e+02
1.439932203389830647e+02
1.439446327683615721e+02
1.439152542372881385e+02
1.438937853107344722e+02
1.438881355932203405e+02
1.438757062146892736e+02
1.438813559322034052e+02
1.439050847457627356e+02
1.439536723163841998e+02
1.439887005649717651e+02
1.440384180790960613e+02
1.441152542372881271e+02
1.441977401129943814e+02
1.442903954802260102e+02
1.444056497175141374e+02
1.445209039548022929e+02
1.446440677966101873e+02
1.447548022598870148e+02
1.448361581920904086e+02
1.448915254237288082e+02
1.449118644067796708e+02
1.449152542372881385e+02
1.448824858757062373e+02
1.448169491525424064e+02
1.447175141242938139e+02
1.446124293785310897e+02
1.444677966101695006e+02
1.443028248587570772e+02
1.441084745762711918e+02
1.439039548022599035e+02
1.437016949152542509e+02
1.434937853107344665e+02
1.432949152542373099e+02
1.431005649717514245e+02
1.429141242937853349e+02
1.427514124293785471e+02
1.425966101694915551e+02
1.424542372881356016e+02
1.423186440677966402e+02
1.421954802259887174e+02
1.421050847457627242e+02
1.420180790960451986e+02
1.419480225988700681e+02
1.419050847457627356e+02
1.418881355932203405e+02
1.418632768361582066e+02
1.418824858757062088e+02
1.419129943502824744e+02
1.419581920903954710e+02
1.420293785310734620e+02
1.421265536723163905e+02
1.422350282485875823e+02
1.423502824858757094e+02
1.424903954802259705e+02
1.426372881355932236e+02
1.427988700564971793e+02
1.429740112994350341e+02
1.431683615819209194e+02
1.433887005649717707e+02
1.436067796610169580e+02
1.438327683615819126e+02
1.440757062146892622e+02
1.443050847457627128e+02
1.445367231638418275e+02
1.447457627118644155e+02
1.449288135593220375e+02
1.450757062146892622e+02
1.451977401129943814e+02
1.452903954802260102e+02
1.453570621468926447e+02
1.453807909604519750e+02
1.453717514124293757e+02
1.453265536723163791e+02
1.452621468926553803e+02
1.451480225988700568e+02
1.450158192090395346e+02
1.448485875706214756e+02
1.446587570621468899e+02
1.444621468926553689e+02
1.442768361581921113e+02
1.441118644067796879e+02
1.439446327683616005e+02
1.437954802259887117e+02
1.436689265536723212e+02
1.435333333333333599e+02
1.434056497175141374e+02
1.432915254237288423e+02
1.431898305084745857e+02
1.430836158192090579e+02
1.430056497175141317e+02
1.429299435028248695e+02
1.428542372881356073e+02
1.427853107344632804e+02
1.427435028248587514e+02
1.426971751412429512e+02
1.426485875706214870e+02
1.426225988700564926e+02
1.425887005649717594e+02
1.425932203389830875e+02
1.425932203389830590e+02
1.425966101694915551e+02
1.426248587570621567e+02
1.426531073446328151e+02
1.427050847457627469e+02
1.427638418079096141e+02
1.428350282485875766e+02
1.429141242937853349e+02
1.430000000000000000e+02
1.431039548022598922e+02
1.432022598870056527e+02
1.433163841807909762e+02
1.434542372881356300e+02
1.435977401129943871e+02
1.437514124293785756e+02
1.438881355932203689e+02
1.439864406779661294e+02
1.440655367231638593e+02
1.441005649717514530e+02
1.441344632768361862e+02
1.441355932203389898e+02
1.440983050847457889e+02
1.440248587570621908e+02
1.439389830508474688e+02
1.438214689265536776e+02
1.436813559322034166e+02
1.435141242937853292e+02
1.433468926553672418e+02
1.431706214689265835e+02
1.429796610169491657e+02
1.427909604519774120e+02
1.426180790960452214e+02
1.424576271186440977e+02
1.423163841807909762e+02
1.421932203389830534e+02
1.420881355932203292e+02
1.419785310734463621e+02
1.419062146892655392e+02
1.418497175141243076e+02
1.418022598870056754e+02
1.417751412429378775e+02
1.417604519774011465e+02
1.417785310734463451e+02
1.417841807909604768e+02
1.418271186440678093e+02
1.418892655367231725e+02
1.419638418079096311e+02
1.420429378531073610e+02
1.421581920903955165e+02
1.422892655367231782e+02
1.424203389830508968e+02
1.425785310734463565e+02
1.427389830508474802e+02
1.429152542372881385e+02
1.430983050847457889e+02
1.432994350282486380e+02
1.434926553672316345e+02
1.436892655367231839e+02
1.439107344632768672e+02
1.441209039548022872e+02
1.443265536723164360e+02
1.445276836158192282e+02
1.446892655367232123e+02
1.448203389830508740e+02
1.449197740112994666e+02
1.450056497175141601e+02
1.450598870056497560e+02
1.451005649717514530e+02
1.450926553672316572e+02
1.450542372881356243e+02
1.449841807909604654e+02
1.448824858757062657e+02
1.447423728813559478e+02
1.445841807909604881e+02
1.444451977401130307e+02
1.443050847457627412e+02
1.441728813559322191e+02
1.440632768361581952e+02
1.439480225988700681e+02
1.438440677966102044e+02
1.437322033898305449e+02
1.436384180790960841e+02
1.435627118644068219e+02
1.434881355932203633e+02
1.434327683615819637e+02
1.433672316384181045e+02
1.433209039548023043e+02
1.432711864406780080e+02
1.432384180790960784e+02
1.432271186440678434e+02
1.432180790960452441e+02
1.432158192090395801e+02
1.432079096045197844e+02
1.432169491525423837e+02
1.432440677966102101e+02
1.432757062146893077e+02
1.433141242937853690e+02
1.433683615819209649e+02
1.434271186440678321e+02
1.435016949152542907e+02
1.435943502824859195e+02
1.436971751412429796e+02
1.438146892655367424e+02
1.439446327683616005e+02
1.440903954802260216e+02
1.442406779661017140e+02
1.444079096045198014e+02
1.445412429378531556e+02
1.446418079096045517e+02
1.447220338983051136e+02
1.447423728813559762e+02
1.447480225988701079e+02
1.447276836158192452e+02
1.446768361581921454e+02
1.446022598870056868e+02
1.445016949152542907e+02
1.443683615819209365e+02
1.441943502824859138e+02
1.440079096045198241e+02
1.437909604519774689e+02
1.435672316384181499e+02
1.433514124293785699e+02
1.431242937853107833e+02
1.428960451977401362e+02
1.427028248587570829e+02
1.425129943502825540e+02
1.423299435028249036e+02
1.421604519774011806e+02
1.420135593220339274e+02
1.418813559322034052e+02
1.417604519774011749e+02
1.416621468926554144e+02
1.415785310734463565e+02
1.415141242937853576e+02
1.414779661016949603e+02
1.414463276836158343e+02
1.414327683615819637e+02
1.414361581920904314e+02
1.414824858757062316e+02
1.415288135593220886e+02
1.415966101694915551e+02
1.416881355932203519e+02
1.417785310734463451e+02
1.418994350282486039e+02
1.420361581920904541e+02
1.421717514124294155e+02
1.423389830508475029e+02
1.425197740112994893e+02
1.427028248587570829e+02
1.429039548022599320e+02
1.431220338983051192e+02
1.433310734463277072e+02
1.435536723163842225e+02
1.437717514124294098e+02
1.440101694915254598e+02
1.442497175141243133e+02
1.444576271186440977e+02
1.446361581920904200e+02
1.447920903954802725e+02
1.449005649717514359e+02
1.450146892655367594e+02
1.450632768361582237e+02
1.450858757062147220e+02
1.450723163841808230e+02
1.450146892655367310e+02
1.449355932203390296e+02
1.448192090395480705e+02
1.446824858757062486e+02
1.445163841807909932e+02
1.443615819209039728e+02
1.442067796610169808e+02
1.440587570621469240e+02
1.439209039548022702e+02
1.437909604519774405e+02
1.436768361581920885e+02
1.435661016949152895e+02
1.434632768361582293e+02
1.433819209039548355e+02
1.433016949152542452e+02
1.432305084745763111e+02
1.431683615819209194e+02
1.431005649717514245e+02
1.430621468926553916e+02
1.430169491525423950e+02
1.429819209039548298e+02
1.429502824858757322e+02
1.429435028248587969e+02
1.429367231638418048e+02
1.429480225988700681e+02
1.429615819209039671e+02
1.429740112994350341e+02
1.430101694915254598e+02
1.430418079096045290e+02
1.431005649717514245e+02
1.431514124293785528e+02
1.432305084745762827e+02
1.432915254237288423e+02
1.433830508474576391e+02
1.434711864406779966e+02
1.435717514124293928e+02
1.436892655367231839e+02
1.438112994350282747e+02
1.439378531073446652e+02
1.440440677966101930e+02
1.441242937853107549e+02
1.441694915254237230e+02
1.441875706214689501e+02
1.441774011299435188e+02
1.441435028248587855e+02
1.440677966101695233e+02
1.439796610169491373e+02
1.438734463276836095e+02
1.437491525423728831e+02
1.435875706214689274e+02
1.434146892655367367e+02
1.432508474576271169e+02
1.430983050847457889e+02
1.429649717514124347e+02
1.428282485875706129e+02
1.426949152542372872e+02
1.425807909604519637e+02
1.424632768361582009e+02
1.423728813559321793e+02
1.422937853107344495e+02
1.422418079096045176e+02
1.422067796610169523e+02
1.421661016949152554e+02
1.421706214689265551e+02
1.421683615819209194e+02
1.421932203389830534e+02
1.422305084745762827e+02
1.422994350282485811e+02
1.423898305084745743e+02
1.424813559322033996e+02
1.425830508474576277e+02
1.427107344632768502e+02
1.428463276836158116e+02
1.430090395480225993e+02
1.431796610169491828e+02
1.433604519774011408e+02
1.435559322033898297e+02
1.437570621468926788e+02
1.439830508474576050e+02
1.442022598870056527e+02
1.444440677966101703e+02
1.446870056497175199e+02
1.449254237288135698e+02
1.451333333333333542e+02
1.453209039548022474e+02
1.454813559322033711e+02
1.456135593220338933e+02
1.457254237288135528e+02
1.457977401129943473e+02
1.458598870056497390e+02
1.458802259887005732e+02
1.458824858757062088e+02
1.458576271186440749e+02
1.457864406779661408e+02
1.456926553672316516e+02
1.455604519774011294e+02
1.454033898305085017e+02
1.452361581920904143e+02
1.450587570621468956e+02
1.448870056497175369e+02
1.447322033898305165e+02
1.445706214689265607e+02
1.444259887005649716e+02
1.442926553672316459e+02
1.441807909604519864e+02
1.440644067796610273e+02
1.439638418079096311e+02
1.438757062146893020e+02
1.437932203389830761e+02
1.437084745762712146e+02
1.436418079096045517e+02
1.435988700564971907e+02
1.435536723163841657e+02
1.435254237288135641e+02
1.434983050847457662e+02
1.434824858757062316e+02
1.434824858757062316e+02
1.434847457627118672e+02
1.435016949152542622e+02
1.435401129943502951e+02
1.435627118644067934e+02
1.436124293785310897e+02
1.436757062146892849e+02
1.437548022598870148e+02
1.438406779661017083e+02
1.439446327683616005e+02
1.440519774011299603e+02
1.441615819209039842e+02
1.442790960451977753e+02
1.444158192090395687e+02
1.445649717514124291e+02
1.446858757062146879e+02
1.447864406779661124e+02
1.448553672316384109e+02
1.448858757062146765e+02
1.448926553672316686e+02
1.448723163841808059e+02
1.448259887005650057e+02
1.447491525423728831e+02
1.446271186440677923e+02
1.444983050847457662e+02
1.443299435028249036e+02
1.441435028248587855e+02
1.439367231638418332e+02
1.436994350282486153e+02
1.434610169491525653e+02
1.432305084745762827e+02
1.430146892655367310e+02
1.428011299435028150e+02
1.425932203389830590e+02
1.423954802259887060e+02
1.422203389830508797e+02
1.420497175141243247e+02
1.418971751412429398e+02
1.417627118644068105e+02
1.416372881355932520e+02
1.415355932203390239e+02
1.414485875706214983e+02
1.413785310734463678e+02
1.413265536723164075e+02
1.412824858757062430e+02
1.412632768361581839e+02
1.412655367231638479e+02
1.412971751412429455e+02
1.413355932203389784e+02
1.413920903954802384e+02
1.414508474576271055e+02
1.415367231638418275e+02
1.416384180790960556e+02
1.417581920903954824e+02
1.418790960451977412e+02
1.420305084745762940e+02
1.421966101694915210e+02
1.423762711864406754e+02
1.425559322033898297e+02
1.427649717514124745e+02
1.429694915254237344e+02
1.431751412429378547e+02
1.433875706214689387e+02
1.436033898305084904e+02
1.438316384180791090e+02
1.440395480225988649e+02
1.442124293785310556e+02
1.443728813559322077e+02
1.444971751412429342e+02
1.445909604519773950e+02
1.446338983050847560e+02
1.446576271186440863e+02
1.446497175141242906e+02
1.445988700564971623e+02
1.445129943502824972e+02
1.443898305084745743e+02
1.442519774011299489e+02
1.441005649717514245e+02
1.439468926553672361e+02
1.438079096045198071e+02
1.436790960451977526e+02
1.435672316384180931e+02
1.434553672316384336e+02
1.433525423728813735e+02
1.432655367231638479e+02
1.431751412429378547e+02
1.431016949152542281e+02
1.430542372881355959e+02
1.429954802259887288e+02
1.429423728813559364e+02
1.429186440677966061e+02
1.428903954802260046e+02
1.428632768361582066e+02
1.428564971751412429e+02
1.428429378531073439e+02
1.428621468926553462e+02
1.428858757062146765e+02
1.429118644067796708e+02
1.429423728813559364e+02
1.429864406779660726e+02
1.430553672316383995e+02
1.431152542372881271e+02
1.431853107344632576e+02
1.432677966101694835e+02
1.433672316384180760e+02
1.434655367231638365e+02
1.435672316384180647e+02
1.436937853107344836e+02
1.438203389830508456e+02
1.439593220338983031e+02
1.441062146892655278e+02
1.442700564971751476e+02
1.444022598870056413e+02
1.445209039548022361e+02
1.445966101694914983e+02
1.446440677966101589e+02
1.446711864406779569e+02
1.446587570621468899e+02
1.446045197740112940e+02
1.445389830508474347e+02
1.444576271186440408e+02
1.443220338983050794e+02
1.441661016949152554e+02
1.439819209039548014e+02
1.438000000000000114e+02
1.436090395480225936e+02
1.434587570621469013e+02
1.432915254237287854e+02
1.431378531073446254e+02
1.430045197740112712e+02
1.428903954802260046e+02
1.427740112994350170e+02
1.426847457627118558e+02
1.426135593220338933e+02
1.425661016949152327e+02
1.425299435028248354e+02
1.425129943502824688e+02
1.425175141242937684e+02
1.425367231638417991e+02
1.425898305084745630e+02
1.426632768361581611e+02
1.427446327683615550e+02
1.428406779661016799e+02
1.429694915254237344e+02
1.431084745762711634e+02
1.432711864406779796e+02
1.434463276836157775e+02
1.436451977401129625e+02
1.438384180790960158e+02
1.440644067796609988e+02
1.443129943502824801e+02
1.445649717514124006e+02
1.448124293785310499e+02
1.450949152542372644e+02
1.453694915254237117e+02
1.456203389830508286e+02
1.458553672316383825e+02
1.460621468926553348e+02
1.462361581920903575e+02
1.463875706214689103e+02
1.465118644067796367e+02
1.466101694915253972e+02
1.466734463276835925e+02
1.467016949152542225e+02
1.467016949152542225e+02
1.466677966101694892e+02
1.465966101694914983e+02
1.465016949152542054e+02
1.463762711864406469e+02
1.462180790960451873e+02
1.460192090395480022e+02
1.458011299435028150e+02
1.455988700564971623e+02
1.454158192090395119e+02
1.452361581920903859e+02
1.450700564971751305e+02
1.449107344632768104e+02
1.447672316384180817e+02
1.446327683615819240e+02
1.445175141242937684e+02
1.444124293785310442e+02
1.443073446327683484e+02
1.442248587570621225e+02
1.441502824858756640e+02
1.440858757062146651e+02
1.440305084745762656e+02
1.439864406779660726e+02
1.439468926553672077e+02
1.439220338983050453e+02
1.439016949152542111e+02
1.438949152542372758e+02
1.439073446327683428e+02
1.439265536723163734e+02
1.439525423728813394e+02
1.439762711864406697e+02
1.440282485875706016e+02
1.440802259887005334e+02
1.441491525423728604e+02
1.442316384180790863e+02
1.443220338983050510e+02
1.444293785310734393e+02
1.445491525423728660e+02
1.446847457627118274e+02
1.448248587570621453e+02
1.449468926553672077e+02
1.450282485875706016e+02
1.450779661016948978e+02
1.450983050847457605e+02
1.450858757062146651e+02
1.450384180790960613e+02
1.449627118644067707e+02
1.448576271186440749e+02
1.447107344632768218e+02
1.445446327683615664e+02
1.443435028248587457e+02
1.441152542372881271e+02
1.438903954802259761e+02
1.436677966101694892e+02
1.434327683615819069e+02
1.432101694915253915e+02
1.429943502824858683e+02
1.427864406779660840e+02
1.425807909604519637e+02
1.424011299435027809e+02
1.422338983050847219e+02
1.420644067796609988e+02
1.419276836158192054e+02
1.417988700564971509e+02
1.416915254237288195e+02
1.415932203389830306e+02
1.415197740112994325e+02
1.414463276836158343e+02
1.414067796610169694e+02
1.413954802259887060e+02
1.413853107344632747e+02
1.414158192090395403e+02
1.414474576271186379e+02
1.414926553672316345e+02
1.415649717514124291e+02
1.416576271186440863e+02
1.417615819209039500e+02
1.418881355932203405e+02
1.420259887005649944e+02
1.421785310734463224e+02
1.423514124293785130e+02
1.425242937853107321e+02
1.427152542372881499e+02
1.429152542372881385e+02
1.431276836158191941e+02
1.433446327683615777e+02
1.435728813559322248e+02
1.438000000000000114e+02
1.440248587570621339e+02
1.442587570621468842e+02
1.444700564971751646e+02
1.446248587570621282e+02
1.447514124293785187e+02
1.448587570621469069e+02
1.449254237288135414e+02
1.449559322033898070e+02
1.449548022598870034e+02
1.449175141242937741e+02
1.448440677966101759e+02
1.447435028248587514e+02
1.446056497175141260e+02
1.444451977401129739e+02
1.442824858757062145e+02
1.441423728813559251e+02
1.440056497175141317e+02
1.438790960451977412e+02
1.437706214689265494e+02
1.436711864406779569e+02
1.435762711864406924e+02
1.434824858757062316e+02
1.434259887005649716e+02
1.433548022598870091e+02
1.433028248587570772e+02
1.432655367231638479e+02
1.432271186440678150e+02
1.432011299435028491e+02
1.431841807909604540e+02
1.431706214689265266e+02
1.431627118644067593e+02
1.431830508474576220e+02
1.432011299435028207e+02
1.432305084745762542e+02
1.432610169491525198e+02
1.433141242937853121e+02
1.433694915254237117e+02
1.434271186440677752e+02
1.434937853107344381e+02
1.435762711864406640e+02
1.436723163841807605e+02
1.437548022598870148e+02
1.438700564971751419e+02
1.440079096045197389e+02
1.441344632768361294e+02
1.442768361581920544e+02
1.444271186440677752e+02
1.445830508474576277e+02
1.447491525423728831e+02
1.449016949152542111e+02
1.450237288135593019e+02
1.451254237288135300e+02
1.451943502824858570e+02
1.452350282485875255e+02
1.452418079096044892e+02
1.452259887005649261e+02
1.451819209039547900e+02
1.451062146892655278e+02
1.450022598870056072e+02
1.448677966101694778e+02
1.447220338983050851e+02
1.445299435028248354e+02
1.443423728813559137e+02
1.441672316384180590e+02
1.440033898305084392e+02
1.438316384180790806e+02
1.436915254237287911e+02
1.435581920903954654e+02
1.434384180790960386e+02
1.433310734463276788e+02
1.432497175141242565e+02
1.431785310734463224e+02
1.431344632768361294e+02
1.431028248587570602e+02
1.431107344632768275e+02
1.431288135593220261e+02
1.431683615819208910e+02
1.432203389830508229e+02
1.432802259887005505e+02
1.433706214689265437e+02
1.434779661016949035e+02
1.436033898305084335e+02
1.437446327683615550e+02
1.439152542372881101e+02
1.440892655367231328e+02
1.442881355932203178e+02
1.445129943502824403e+02
1.447401129943502838e+02
1.449943502824858683e+02
1.452497175141242565e+02
1.455141242937853008e+02
1.457920903954802156e+02
1.460949152542372644e+02
1.463807909604519750e+02
1.466497175141242906e+02
1.468960451977401078e+02
1.471254237288135585e+02
1.473299435028248467e+02
1.475096045197740295e+02
1.476564971751412259e+02
1.477649717514124177e+02
1.478497175141242792e+02
1.479062146892655392e+02
1.479175141242937741e+02
1.479062146892655392e+02
1.478553672316384109e+02
1.477807909604519523e+02
1.476723163841807889e+02
1.475220338983050965e+02
1.473638418079095800e+02
1.471570621468926561e+02
1.469536723163841714e+02
1.467536723163841543e+02
1.465593220338982974e+02
1.463694915254237117e+02
1.462079096045197559e+02
1.460474576271186322e+02
1.458971751412429398e+02
1.457604519774011465e+02
1.456350282485875596e+02
1.455096045197740011e+02
1.454033898305084449e+02
1.453084745762711805e+02
1.452271186440677866e+02
1.451604519774011237e+02
1.450847457627118615e+02
1.450271186440677980e+02
1.449932203389830647e+02
1.449740112994350056e+02
1.449570621468926674e+02
1.449502824858757322e+02
1.449661016949152668e+02
1.449932203389830647e+02
1.450305084745762656e+02
1.450779661016949262e+02
1.451322033898305222e+02
1.452158192090395801e+02
1.453050847457627128e+02
1.454056497175141374e+02
1.455254237288135641e+02
1.456474576271186550e+02
1.457796610169491487e+02
1.459073446327683712e+02
1.460192090395480307e+02
1.460768361581920942e+02
1.461186440677965948e+02
1.461367231638417934e+02
1.461265536723163905e+02
1.460576271186440636e+02
1.459762711864406981e+02
1.458610169491525710e+02
1.457231638418079172e+02
1.455514124293785585e+02
1.453423728813559421e+02
1.451242937853107549e+02
1.448960451977401362e+02
1.446757062146892849e+02
1.444655367231638365e+02
1.442463276836158457e+02
1.440327683615819296e+02
1.438508474576271396e+02
1.436655367231638536e+02
1.434858757062146992e+02
1.433265536723163791e+02
1.431920903954802213e+02
1.430745762711864586e+02
1.429627118644067991e+02
1.428734463276836095e+02
1.427954802259887401e+02
1.427423728813559478e+02
1.427039548022598865e+02
1.426971751412429512e+02
1.426892655367231839e+02
1.427186440677966175e+02
1.427344632768361521e+02
1.427830508474576447e+02
1.428666666666666742e+02
1.429706214689265380e+02
1.430892655367231896e+02
1.432079096045197844e+02
1.433740112994350397e+02
1.435254237288135641e+02
1.437073446327683541e+02
1.438983050847457434e+02
1.441039548022598922e+02
1.443242937853107435e+02
1.445288135593220318e+02
1.447796610169491487e+02
1.450180790960451986e+02
1.452519774011299489e+02
1.454655367231638365e+02
1.456553672316384223e+02
1.458158192090395460e+02
1.459333333333333371e+02
1.460282485875706300e+02
1.460847457627118615e+02
1.461016949152542566e+02
1.460870056497175256e+02
1.460497175141243247e+02
1.459581920903954710e+02
1.458361581920904086e+02
1.456745762711864529e+02
1.454937853107344665e+02
1.452971751412429171e+02
1.451254237288135585e+02
1.449581920903954710e+02
1.448000000000000114e+02
1.446497175141243190e+02
1.445129943502824972e+02
1.443830508474576391e+02
1.442497175141243133e+02
1.441310734463276901e+02
1.440271186440677980e+02
1.439322033898305335e+02
1.438418079096045403e+02
1.437649717514124461e+02
1.436971751412429512e+02
1.436293785310734847e+02
1.435785310734463280e+02
1.435468926553672588e+02
1.435231638418079285e+02
1.435016949152542338e+02
1.435084745762711975e+02
1.435073446327683655e+02
1.435310734463276958e+02
1.435480225988700624e+02
1.435807909604519637e+02
1.436327683615819240e+02
1.436960451977401476e+02
1.437717514124293814e+02
1.438519774011299432e+02
1.439367231638418048e+02
1.440395480225988933e+02
1.441649717514124518e+02
1.442926553672316459e+02
1.444293785310734393e+02
1.445864406779661238e+02
1.447514124293785471e+02
1.449039548022598751e+02
1.450576271186440920e+02
1.451638418079096198e+02
1.452474576271186493e+02
1.453186440677966402e+02
1.453468926553672418e+02
1.453355932203390068e+02
1.453005649717514416e+02
1.452259887005649830e+02
1.451220338983050908e+02
1.449943502824858683e+02
1.448361581920904086e+02
1.446553672316384223e+02
1.444621468926553689e+02
1.442790960451977469e+02
1.441096045197740239e+02
1.439435028248587685e+02
1.437887005649717480e+02
1.436372881355932520e+02
1.435129943502824972e+02
1.433954802259887060e+02
1.432971751412429740e+02
1.432146892655367481e+02
1.431548022598870205e+02
1.431175141242937912e+02
1.431005649717514530e+02
1.431005649717514530e+02
1.431175141242937912e+02
1.431435028248587855e+02
1.431977401129943814e+02
1.432700564971751760e+02
1.433581920903955051e+02
1.434700564971751646e+02
1.435966101694915551e+02
1.437491525423729115e+02
1.439107344632768672e+02
1.440971751412429285e+02
1.442892655367231782e+02
1.444926553672316345e+02
1.447096045197740182e+02
1.449401129943503008e+02
1.451762711864407152e+02
1.454237288135593644e+02
1.456870056497175483e+02
1.459446327683616005e+02
1.462022598870056811e+02
1.464237288135593644e+02
1.466406779661017197e+02
1.468203389830508740e+02
1.469740112994350625e+02
1.471129943502825199e+02
1.472067796610169808e+02
1.472734463276836436e+02
1.473050847457627128e+02
1.473118644067797050e+02
1.472971751412429740e+02
1.472440677966101816e+02
1.471514124293785528e+02
1.470508474576271283e+02
1.469005649717514359e+02
1.467186440677966175e+02
1.465378531073446311e+02
1.463457627118644382e+02
1.461785310734463508e+02
1.460259887005649944e+02
1.458666666666666742e+02
1.457265536723164132e+02
1.455920903954802554e+02
1.454711864406779966e+02
1.453581920903955051e+02
1.452644067796610443e+02
1.451740112994350511e+02
1.450847457627118899e+02
1.450180790960451986e+02
1.449310734463277015e+02
1.448790960451977696e+02
1.448305084745762770e+02
1.448045197740113395e+02
1.447909604519774120e+02
1.447830508474576732e+02
1.447830508474576447e+02
1.447796610169491771e+02
1.448000000000000114e+02
1.448361581920904086e+02
1.448847457627118729e+02
1.449333333333333655e+02
1.449875706214689615e+02
1.450757062146892906e+02
1.451672316384180874e+02
1.452598870056497162e+02
1.453841807909604711e+02
1.454983050847457662e+02
1.456474576271186550e+02
1.457796610169491771e+02
1.459016949152542679e+02
1.459853107344632974e+02
1.460395480225988933e+02
1.460836158192090579e+02
1.460790960451977583e+02
1.460474576271186606e+02
1.459943502824858967e+02
1.459107344632768672e+02
1.458000000000000114e+02
1.456508474576271510e+02
1.454937853107344949e+02
1.453005649717514132e+02
1.450903954802259932e+02
1.448677966101695063e+02
1.446485875706214870e+02
1.444237288135593360e+02
1.442259887005649830e+02
1.440418079096045290e+02
1.438463276836158116e+02
1.436824858757062202e+02
1.435129943502824972e+02
1.433570621468926731e+02
1.432305084745762827e+02
1.431096045197740523e+02
1.430067796610169921e+02
1.429197740112994666e+02
1.428474576271186720e+02
1.428124293785310783e+02
1.427774011299435131e+02
1.427638418079096141e+02
1.427661016949152781e+02
1.427909604519774120e+02
1.428237288135593417e+02
1.428632768361582066e+02
1.429446327683616005e+02
1.430214689265536663e+02
1.431197740112994552e+02
1.432305084745763111e+02
1.433604519774011692e+02
1.435005649717514302e+02
1.436429378531073837e+02
1.438011299435028150e+02
1.439593220338983315e+02
1.441378531073446538e+02
1.443231638418079399e+02
1.445220338983051249e+02
1.447141242937853463e+02
1.449107344632768672e+02
1.450915254237288536e+02
1.452677966101695120e+02
1.454237288135593360e+02
1.455593220338983258e+02
1.456598870056497503e+02
1.457209039548022815e+02
1.457502824858757435e+02
1.457423728813559478e+02
1.457141242937853463e+02
1.456440677966102157e+02
1.455468926553672588e+02
1.454101694915254654e+02
1.452881355932203746e+02
1.451581920903955165e+02
1.450508474576271567e+02
1.449412429378531328e+02
1.448610169491525710e+02
1.447830508474576447e+02
1.446983050847457832e+02
1.446203389830508854e+02
1.445728813559322248e+02
1.445141242937853292e+02
1.444610169491525653e+02
1.444327683615819637e+02
1.444022598870056697e+02
1.443864406779661351e+02
1.443649717514124404e+02
1.443694915254237685e+02
1.443762711864407038e+02
1.443875706214689671e+02
1.444011299435028377e+02
1.444293785310734677e+02
1.444734463276836323e+02
1.445299435028248922e+02
1.445819209039548241e+02
1.446553672316384223e+02
1.447389830508474802e+02
1.448271186440678093e+02
1.449197740112994666e+02
1.450214689265536947e+02
1.451344632768361862e+02
1.452666666666667084e+02
1.453864406779661067e+02
1.455265536723164246e+02
1.456768361581921170e+02
1.458519774011299717e+02
1.460146892655367594e+02
1.461423728813559535e+02
1.462372881355932464e+02
1.463152542372881726e+02
1.463502824858757094e+02
1.463649717514124404e+02
1.463548022598870091e+02
1.463129943502825085e+02
1.462305084745763111e+02
1.461367231638418502e+02
1.460101694915254598e+02
1.458621468926554030e+02
1.456745762711864813e+02
1.454644067796610329e+02
1.452666666666666799e+02
1.450576271186441204e+02
1.448531073446328037e+02
1.446655367231638536e+02
1.444858757062146992e+02
1.443276836158192395e+02
1.441841807909604540e+02
1.440531073446327923e+02
1.439344632768361976e+02
1.438418079096045403e+02
1.437536723163842112e+02
1.437163841807909535e+02
1.436700564971751533e+02
1.436316384180790919e+02
1.436350282485875880e+02
1.436429378531073553e+02
1.436689265536723497e+02
1.437242937853107492e+02
1.438011299435028434e+02
1.438802259887006016e+02
1.439864406779661294e+02
1.441062146892655562e+02
1.442406779661017140e+02
1.444022598870056413e+02
1.445740112994350284e+02
1.447581920903954824e+02
1.449694915254237344e+02
1.451898305084745857e+02
1.454000000000000341e+02
1.456418079096045517e+02
1.458915254237288082e+02
1.461491525423728888e+02
1.464056497175141374e+02
1.466497175141243190e+02
1.468576271186440749e+02
1.470564971751412600e+02
1.472293785310734506e+02
1.473627118644067764e+02
1.474723163841808002e+02
1.475423728813559592e+02
1.475830508474576277e+02
1.475875706214689274e+02
1.475728813559322248e+02
1.475141242937853008e+02
1.474214689265536720e+02
1.473028248587570488e+02
1.471525423728813564e+02
1.469593220338983031e+02
1.467638418079096141e+02
1.465774011299434960e+02
1.464033898305084733e+02
1.462203389830508513e+02
1.460553672316383995e+02
1.459039548022598751e+02
1.457593220338982860e+02
1.456203389830508286e+02
1.454994350282485698e+02
1.453649717514124120e+02
1.452666666666666515e+02
1.451593220338982917e+02
1.450542372881355959e+02
1.449751412429378377e+02
1.448881355932203121e+02
1.448090395480226107e+02
1.447548022598870148e+02
1.446971751412429512e+02
1.446587570621468899e+02
1.446225988700564926e+02
1.445785310734462996e+02
1.445717514124293643e+02
1.445785310734462996e+02
1.445717514124293643e+02
1.445830508474576277e+02
1.446090395480226221e+02
1.446406779661016913e+02
1.446926553672316231e+02
1.447333333333333485e+02
1.448180790960452100e+02
1.448858757062146765e+02
1.449728813559322020e+02
1.450644067796609988e+02
1.451570621468926561e+02
1.452338983050847503e+02
1.452723163841807832e+02
1.452813559322033825e+02
1.452508474576271169e+02
1.452158192090395232e+02
1.451344632768361294e+02
1.450225988700564699e+02
1.448892655367231441e+02
1.447310734463276845e+02
1.445604519774011010e+02
1.443898305084745743e+02
1.442067796610169239e+02
1.440463276836158002e+02
1.438689265536723099e+02
1.437062146892655221e+02
1.435559322033898297e+02
1.434079096045197730e+02
1.432734463276836152e+02
1.431423728813559251e+02
1.430225988700564983e+02
1.429118644067796424e+02
1.428440677966101475e+02
1.427604519774011180e+02
1.427096045197739898e+02
1.426745762711864245e+02
1.426553672316384223e+02
1.426384180790960272e+02
1.426610169491525255e+02
1.426949152542372872e+02
1.427355932203389557e+02
1.427977401129943189e+02
1.428813559322033484e+02
1.429728813559321736e+02
1.430903954802259648e+02
1.432293785310734506e+02
1.433717514124293757e+02
1.435333333333333030e+02
1.437073446327683541e+02
1.438858757062146765e+02
1.440802259887005334e+02
1.442949152542372531e+02
1.445152542372881044e+02
1.447446327683615550e+02
1.449649717514124063e+02
1.452033898305084563e+02
1.454282485875706072e+02
1.456146892655366969e+02
1.457706214689265494e+02
1.459073446327683428e+02
1.460158192090395346e+02
1.460915254237287968e+02
1.461367231638417934e+02
1.461649717514123950e+02
1.461446327683615323e+02
1.461028248587570317e+02
1.460248587570621339e+02
1.459118644067796424e+02
1.457819209039547843e+02
1.456203389830508286e+02
1.454644067796609761e+02
1.453231638418079115e+02
1.451785310734463224e+02
1.450361581920903689e+02
1.449175141242937741e+02
1.447988700564971509e+02
1.447096045197740182e+02
1.446203389830508286e+02
1.445548022598869693e+02
1.444802259887005391e+02
1.444214689265536720e+02
1.443875706214689103e+02
1.443525423728813450e+02
1.443468926553672134e+02
1.443186440677965834e+02
1.443186440677965834e+02
1.443175141242937798e+02
1.443333333333333144e+02
1.443468926553672134e+02
1.443819209039547786e+02
1.444361581920903745e+02
1.444949152542372701e+02
1.445649717514124291e+02
1.446451977401129625e+02
1.447299435028248809e+02
1.448384180790960158e+02
1.449491525423728717e+02
1.450700564971751305e+02
1.451977401129943246e+02
1.453457627118643813e+02
1.454870056497175028e+02
1.456542372881355618e+02
1.458327683615818842e+02
1.459988700564971396e+02
1.461468926553671963e+02
1.462790960451977185e+02
1.463661016949152440e+02
1.464384180790960386e+02
1.464892655367231384e+02
1.465084745762711691e+02
1.464824858757062032e+02
1.464553672316384052e+02
1.463954802259887060e+02
1.462949152542372531e+02
1.461875706214689217e+02
1.460451977401129966e+02
1.458745762711864131e+02
1.456813559322033598e+02
1.454677966101695006e+02
1.452384180790960215e+02
1.450338983050847332e+02
1.448271186440677809e+02
1.446248587570621567e+02
1.444372881355932066e+02
1.442723163841807832e+02
1.441073446327683598e+02
1.439819209039548014e+02
1.438666666666666458e+02
1.437661016949152213e+02
1.436870056497174915e+02
1.436158192090395005e+02
1.435649717514124006e+02
1.435333333333333030e+02
1.435367231638417707e+02
1.435435028248587344e+02
1.435819209039547673e+02
1.436305084745762315e+02
1.437096045197739898e+02
1.437954802259886833e+02
1.438836158192090124e+02
1.440169491525423382e+02
1.441457627118643927e+02
1.442971751412429171e+02
1.444508474576271055e+02
1.446259887005649603e+02
1.448350282485875482e+02
1.450418079096045005e+02
1.452632768361581839e+02
1.454881355932203064e+02
1.457050847457626901e+02
1.459265536723163734e+02
1.461412429378530931e+02
1.463333333333333144e+02
1.464813559322033711e+02
1.466056497175140976e+02
1.467039548022598581e+02
1.467694915254236889e+02
1.467977401129943189e+02
1.468180790960451816e+02
1.467943502824858513e+02
1.467322033898304880e+02
1.466463276836157945e+02
1.465288135593220034e+02
1.463717514124293757e+02
1.461999999999999886e+02
1.460112994350282349e+02
1.458621468926553462e+02
1.457141242937852894e+02
1.455593220338982974e+02
1.454169491525423723e+02
1.452937853107344495e+02
1.451807909604519580e+02
1.450813559322033939e+02
1.449853107344632690e+02
1.448960451977400794e+02
1.448214689265536776e+02
1.447604519774010896e+02
1.446983050847457548e+02
1.446497175141242906e+02
1.446045197740112940e+02
1.445853107344632633e+02
1.445367231638417707e+02
1.445220338983050965e+02
1.445084745762711691e+02
1.445062146892655335e+02
1.445209039548022361e+02
1.445333333333333030e+02
1.445615819209039330e+02
1.445966101694914983e+02
1.446463276836158229e+02
1.446949152542372872e+02
1.447581920903954824e+02
1.448271186440678093e+02
1.449152542372881385e+02
1.450079096045197957e+02
1.451118644067796595e+02
1.452192090395480477e+02
1.453367231638418104e+02
1.454531073446327696e+02
1.455717514124293643e+02
1.456497175141242906e+02
1.456994350282485868e+02
1.457175141242937855e+02
1.456881355932203519e+02
1.456451977401129909e+02
1.455751412429378320e+02
1.454531073446327696e+02
1.453096045197740125e+02
1.451378531073446254e+02
1.449514124293785358e+02
1.447683615819209137e+02
1.445977401129943587e+02
1.444135593220339047e+02
1.442440677966101816e+02
1.440757062146892622e+02
1.439242937853107378e+02
1.437751412429378775e+02
1.436305084745762883e+02
1.435084745762711691e+02
1.433932203389830420e+02
1.433028248587570488e+02
1.432305084745762542e+02
1.431502824858757208e+02
1.431039548022598922e+02
1.430768361581921226e+02
1.430621468926553632e+02
1.430734463276836266e+02
1.430983050847457605e+02
1.431457627118643927e+02
1.432101694915254484e+02
1.432960451977401135e+02
1.433988700564971737e+02
1.435084745762711975e+02
1.436350282485875596e+02
1.437920903954802441e+02
1.439355932203390012e+02
1.441231638418079228e+02
1.443096045197740125e+02
1.445118644067796652e+02
1.447220338983050851e+02
1.449706214689265380e+02
1.452112994350282520e+02
1.454497175141243019e+02
1.457073446327683541e+02
1.459830508474576334e+02
1.462508474576271169e+02
1.464937853107344665e+02
1.467389830508474518e+02
1.469152542372881385e+02
1.470700564971751589e+02
1.472022598870056527e+02
1.472937853107344495e+02
1.473480225988700454e+02
1.473661016949152440e+02
1.473661016949152724e+02
1.473129943502825085e+02
1.472338983050847503e+02
1.471152542372881271e+02
1.469627118644067991e+02
1.467751412429378775e+02
1.465977401129943587e+02
1.464101694915254370e+02
1.462451977401129852e+02
1.460949152542373213e+02
1.459649717514124347e+02
1.458282485875706129e+02
1.457197740112994211e+02
1.456022598870056584e+02
1.455197740112994325e+02
1.454418079096045346e+02
1.453853107344633031e+02
1.453265536723164075e+02
1.452734463276836436e+02
1.452338983050847787e+02
1.452169491525423837e+02
1.451853107344632861e+02
1.451728813559322191e+02
1.451819209039547900e+02
1.451966101694915210e+02
1.452169491525423837e+02
1.452598870056497162e+02
1.453028248587570488e+02
1.453740112994350397e+02
1.454451977401130023e+02
1.455288135593220318e+02
1.456203389830508286e+02
1.457254237288135528e+02
1.458451977401130080e+02
1.459706214689265664e+02
1.461129943502824915e+02
1.462485875706214529e+02
1.464033898305085017e+02
1.465694915254237571e+02
1.467367231638418161e+02
1.468700564971751419e+02
1.469694915254237344e+02
1.470485875706214642e+02
1.470903954802259932e+02
1.471039548022598922e+02
1.470870056497175256e+02
1.470338983050847617e+02
1.469502824858757037e+02
1.468463276836158116e+02
1.467073446327683541e+02
1.465446327683615948e+02
1.463480225988700454e+02
1.461299435028248581e+02
1.459016949152542679e+02
1.456790960451977526e+02
1.454621468926553689e+02
1.452644067796610443e+02
1.450723163841807946e+02
1.449062146892655392e+02
1.447333333333333485e+02
1.445966101694915267e+02
1.444632768361582009e+02
1.443604519774011123e+02
1.442632768361581839e+02
1.441943502824858570e+02
1.441333333333333258e+02
1.441175141242937912e+02
1.441175141242937912e+02
1.441310734463276901e+02
1.441638418079095914e+02
1.442169491525423837e+02
1.442790960451977469e+02
1.443694915254237117e+02
1.444666666666666970e+02
1.445819209039547673e+02
1.447288135593220204e+02
1.448858757062146765e+02
1.450779661016949262e+02
1.452723163841807832e+02
1.454836158192090352e+02
1.457084745762711577e+02
1.459423728813559364e+02
1.461920903954802213e+02
1.464316384180790749e+02
1.466802259887005562e+02
1.468937853107344438e+02
1.470881355932203292e+02
1.472632768361581839e+02
1.474022598870056413e+02
1.475197740112994325e+02
1.476067796610169296e+02
1.476542372881355618e+02
1.476689265536722928e+02
1.476644067796610216e+02
1.476203389830508286e+02
1.475559322033898297e+02
1.474576271186440408e+02
1.473265536723163791e+02
1.471661016949152554e+02
1.469830508474576334e+02
1.467796610169491487e+02
1.465785310734462996e+02
1.463796610169491146e+02
1.461864406779660897e+02
1.460192090395480022e+02
1.458644067796610102e+02
1.457141242937852894e+02
1.455728813559321679e+02
1.454440677966101418e+02
1.453276836158191827e+02
1.452192090395479909e+02
1.451186440677965948e+02
1.450372881355932009e+02
1.449627118644067707e+02
1.449050847457627071e+02
1.448485875706214756e+02
1.447932203389830477e+02
1.447502824858756867e+02
1.447186440677966175e+02
1.447028248587570545e+02
1.446994350282485584e+02
1.446983050847457548e+02
1.446971751412429512e+02
1.447378531073446197e+02
1.447830508474576163e+02
1.448316384180790806e+02
1.449028248587570715e+02
1.449751412429378661e+02
1.450700564971751305e+02
1.451774011299435188e+02
1.452836158192090465e+02
1.454112994350282406e+02
1.455502824858756981e+02
1.456847457627118843e+02
1.457954802259887117e+02
1.458644067796610102e+02
1.459129943502824744e+02
1.459186440677966061e+02
1.458903954802260046e+02
1.458485875706214756e+02
1.457559322033898184e+02
1.456474576271186550e+02
1.454949152542372985e+02
1.453242937853107151e+02
1.451118644067796595e+02
1.448994350282486039e+02
1.446926553672316516e+02
1.444689265536723042e+02
1.442485875706214813e+02
1.440485875706214642e+02
1.438418079096045119e+02
1.436610169491525539e+02
1.434892655367231669e+02
1.433242937853107151e+02
1.431830508474576504e+02
1.430485875706214642e+02
1.429367231638418048e+02
1.428384180790960727e+02
1.427717514124294098e+02
1.427084745762711862e+02
1.426666666666666856e+02
1.426553672316384223e+02
1.426384180790960556e+02
1.426519774011299546e+02
1.426960451977401192e+02
1.427457627118644155e+02
1.428180790960452100e+02
1.429050847457627356e+02
1.430056497175141317e+02
1.431299435028248581e+02
1.432700564971751760e+02
1.434271186440678321e+02
1.435943502824858911e+02
1.437785310734463451e+02
1.439694915254237344e+02
1.441853107344633145e+02
1.443977401129943701e+02
1.446282485875706243e+02
1.448655367231638706e+02
1.451050847457627242e+02
1.453491525423729058e+02
1.456079096045197900e+02
1.458508474576271396e+02
1.460666666666666913e+02
1.462384180790960500e+02
1.464022598870056697e+02
1.465141242937853292e+02
1.465909604519774234e+02
1.466327683615819524e+02
1.466463276836158514e+02
1.466271186440678207e+02
1.465604519774011578e+02
1.464768361581920999e+02
1.463401129943503065e+02
1.461694915254237515e+02
1.459694915254237628e+02
1.457932203389830761e+02
1.456271186440678207e+02
1.454677966101695006e+02
1.453231638418079399e+02
1.451841807909604825e+02
1.450632768361581952e+02
1.449502824858757322e+02
1.448305084745762770e+02
1.447378531073446766e+02
1.446553672316384507e+02
1.445728813559322248e+02
1.444994350282485982e+02
1.444372881355932350e+02
1.443853107344633031e+02
1.443491525423729058e+02
1.443129943502825085e+02
1.442937853107344495e+02
1.442915254237288423e+02
1.442915254237288138e+02
1.443118644067796481e+02
1.443378531073446425e+02
1.443819209039548070e+02
1.444237288135593076e+02
1.444858757062146708e+02
1.445638418079095970e+02
1.446429378531073269e+02
1.447322033898305165e+02
1.448519774011299432e+02
1.449751412429378661e+02
1.451186440677965948e+02
1.452644067796610159e+02
1.454214689265537004e+02
1.455796610169491601e+02
1.457525423728813507e+02
1.459299435028248695e+02
1.460915254237287968e+02
1.462248587570621510e+02
1.463322033898305108e+02
1.464079096045197730e+02
1.464598870056497049e+02
1.464700564971751362e+02
1.464553672316384336e+02
1.464033898305085017e+02
1.463254237288135755e+02
1.462135593220339160e+02
1.460858757062146935e+02
1.459265536723164018e+02
1.457401129943502838e+02
1.455367231638418275e+02
1.453389830508474461e+02
1.451502824858757208e+02
1.449785310734463337e+02
1.448146892655367139e+02
1.446610169491525539e+02
1.445367231638418275e+02
1.444180790960452043e+02
1.443220338983051079e+02
1.442508474576271169e+02
1.441954802259887174e+02
1.441604519774011521e+02
1.441355932203389898e+02
1.441276836158192509e+02
1.441355932203389898e+02
1.441728813559322191e+02
1.442384180790960500e+02
1.443163841807909762e+02
1.443932203389830420e+02
1.445005649717514302e+02
1.446361581920904200e+02
1.447875706214689444e+02
1.449435028248587685e+02
1.451186440677965948e+02
1.453175141242937798e+02
1.455220338983050965e+02
1.457491525423728831e+02
1.459762711864406697e+02
1.462101694915254200e+02
1.464655367231638365e+02
1.467175141242938139e+02
1.469548022598870034e+02
1.471536723163841884e+02
1.473310734463277072e+02
1.474971751412429626e+02
1.476203389830508570e+02
1.477129943502824858e+02
1.477762711864406810e+02
1.478033898305084790e+02
1.478022598870056470e+02
1.477728813559322134e+02
1.477039548022598865e+02
1.476112994350282293e+02
1.474926553672316345e+02
1.473276836158192111e+02
1.471423728813559251e+02
1.469401129943502724e+02
1.467423728813559478e+02
1.465762711864406924e+02
1.464011299435028377e+02
1.462542372881356130e+02
1.461141242937853235e+02
1.459740112994350341e+02
1.458395480225988763e+02
1.457220338983050851e+02
1.456406779661016913e+02
1.455468926553672304e+02
1.454689265536723042e+02
1.453841807909604427e+02
1.453333333333333428e+02
1.452813559322033825e+02
1.452327683615819183e+02
1.452124293785310840e+02
1.451796610169491828e+02
1.451683615819209194e+02
1.451604519774011237e+02
1.451807909604519864e+02
1.451977401129943814e+02
1.452192090395480477e+02
1.452610169491525482e+02
1.453118644067796765e+02
1.453819209039548070e+02
1.454485875706214983e+02
1.455288135593220318e+02
1.456203389830508286e+02
1.457197740112994211e+02
1.458474576271186436e+02
1.459762711864406981e+02
1.461028248587570602e+02
1.462101694915254484e+02
1.462813559322033825e+02
1.463333333333333428e+02
1.463367231638418104e+02
1.463005649717514132e+02
1.462327683615819183e+02
1.461367231638418218e+02
1.460169491525423950e+02
1.458723163841808059e+02
1.456915254237288195e+02
1.454824858757062316e+02
1.452836158192090465e+02
1.450779661016949262e+02
1.448734463276836095e+02
1.446666666666666856e+02
1.444824858757062316e+02
1.442949152542373099e+02
1.441107344632768559e+02
1.439446327683616005e+02
1.437751412429378775e+02
1.436169491525423609e+02
1.434689265536723326e+02
1.433491525423729058e+02
1.432485875706215097e+02
1.431525423728813848e+02
1.430700564971751874e+02
1.430203389830508627e+02
1.429796610169491942e+02
1.429638418079096311e+02
1.429593220338983031e+02
1.429683615819209308e+02
1.429909604519774007e+02
1.430384180790960613e+02
1.431028248587570602e+02
1.431728813559322191e+02
1.432802259887005789e+02
1.433954802259887060e+02
1.435209039548022645e+02
1.436632768361582180e+02
1.438237288135593417e+02
1.439932203389830647e+02
1.441887005649717537e+02
1.444000000000000057e+02
1.446259887005649887e+02
1.448451977401130080e+02
1.450745762711864586e+02
1.453050847457627128e+02
1.455502824858756981e+02
1.457796610169491487e+02
1.459796610169491657e+02
1.461559322033898525e+02
1.462847457627118786e+02
1.463841807909604711e+02
1.464610169491525653e+02
1.465062146892655619e+02
1.465186440677966289e+02
1.464870056497175312e+02
1.464293785310734677e+02
1.463310734463277072e+02
1.462011299435028491e+02
1.460418079096045290e+02
1.458632768361582066e+02
1.456915254237288195e+02
1.455435028248587628e+02
1.453966101694915380e+02
1.452497175141243133e+02
1.451254237288135869e+02
1.449988700564971964e+02
1.448949152542373042e+02
1.447774011299435131e+02
1.446858757062147163e+02
1.445920903954802554e+02
1.445152542372881612e+02
1.444564971751412656e+02
1.444067796610169694e+02
1.443796610169491714e+02
1.443446327683616062e+02
1.443322033898305108e+02
1.443096045197740409e+02
1.443016949152542452e+02
1.442983050847457775e+02
1.443231638418079115e+02
1.443435028248587741e+02
1.443774011299435074e+02
1.444327683615819069e+02
1.444824858757062032e+02
1.445435028248587628e+02
1.446192090395480250e+02
1.447062146892655505e+02
1.448169491525423780e+02
1.449231638418079342e+02
1.450451977401129966e+02
1.451875706214689217e+02
1.453220338983050794e+02
1.454779661016949035e+02
1.456395480225988877e+02
1.457954802259886833e+02
1.459299435028248695e+02
1.460395480225988649e+02
1.461073446327683598e+02
1.461525423728813280e+02
1.461627118644067878e+02
1.461559322033898525e+02
1.461118644067796595e+02
1.460508474576271283e+02
1.459536723163841998e+02
1.458169491525424064e+02
1.456734463276836493e+02
1.455062146892655619e+02
1.453265536723164075e+02
1.451197740112994552e+02
1.449242937853107378e+02
1.447344632768361521e+02
1.445502824858756981e+02
1.443785310734463110e+02
1.442237288135593190e+02
1.441016949152542566e+02
1.439774011299435301e+02
1.438644067796610102e+02
1.437796610169491487e+02
1.437050847457627469e+02
1.436677966101694892e+02
1.436248587570621851e+02
1.436192090395480250e+02
1.436203389830508854e+02
1.436384180790960841e+02
1.436802259887005846e+02
1.437344632768361521e+02
1.438180790960452100e+02
1.439062146892655392e+02
1.440237288135593303e+02
1.441446327683615891e+02
1.442870056497175142e+02
1.444497175141243019e+02
1.446282485875706243e+02
1.448146892655367424e+02
1.450124293785310670e+02
1.452338983050847503e+02
1.454632768361582293e+02
1.456983050847457548e+02
1.459457627118644041e+02
1.462011299435028207e+02
1.464327683615819353e+02
1.466395480225988877e+02
1.468395480225988763e+02
1.469954802259887288e+02
1.471231638418079228e+02
1.472327683615819183e+02
1.473107344632768445e+02
1.473694915254237401e+02
1.473875706214689387e+02
1.473751412429378433e+02
1.473367231638418104e+02
1.472621468926553803e+02
1.471548022598870205e+02
1.470203389830508627e+02
1.468418079096045403e+02
1.466632768361581896e+02
1.464960451977401021e+02
1.463378531073446425e+02
1.461920903954802498e+02
1.460666666666666629e+02
1.459559322033898638e+02
1.458327683615819410e+02
1.457333333333333485e+02
1.456463276836158229e+02
1.455649717514124291e+02
1.454881355932203633e+02
1.454259887005649716e+02
1.453762711864407038e+02
1.453265536723163791e+02
1.452983050847457775e+02
1.452711864406779796e+02
1.452553672316384450e+02
1.452508474576271169e+02
1.452632768361582123e+02
1.452824858757062430e+02
1.453028248587570488e+02
1.453344632768361748e+02
1.453762711864407038e+02
1.454384180790960670e+02
1.454960451977401590e+02
1.455762711864406924e+02
1.456610169491525539e+02
1.457627118644068105e+02
1.458745762711864700e+02
1.460022598870056640e+02
1.461310734463277186e+02
1.462711864406779796e+02
1.463932203389830420e+02
1.464847457627118956e+02
1.465502824858757265e+02
1.465638418079096255e+02
1.465502824858757265e+02
1.465141242937853292e+02
1.464497175141243019e+02
1.463649717514124404e+02
1.462316384180791147e+02
1.460903954802259932e+02
1.459050847457627356e+02
1.457005649717514189e+02
1.454983050847457662e+02
1.452903954802260387e+02
1.450937853107345177e+02
1.448915254237288366e+02
1.446926553672316800e+02
1.445175141242938253e+02
1.443435028248587741e+02
1.441807909604520148e+02
1.440259887005649944e+02
1.438836158192090693e+02
1.437615819209039785e+02
1.436474576271186550e+02
1.435502824858757549e+02
1.434892655367231669e+02
1.434440677966101703e+02
1.434146892655367367e+02
1.433853107344633031e+02
1.433785310734463394e+02
1.434000000000000057e+02
1.434361581920903745e+02
1.434937853107344665e+02
1.435694915254237571e+02
1.436598870056497503e+02
1.437672316384180817e+02
1.439005649717514075e+02
1.440406779661017254e+02
1.442033898305085131e+02
1.443740112994350397e+02
1.445548022598870261e+02
1.447604519774011465e+02
1.449774011299435301e+02
1.451920903954802498e+02
1.454237288135593076e+02
1.456497175141242906e+02
1.459039548022599035e+02
1.461536723163841884e+02
1.463762711864407038e+02
1.465762711864406924e+02
1.467468926553672190e+02
1.468881355932203405e+02
1.470045197740113281e+02
1.470768361581921226e+02
1.471209039548022588e+02
1.471254237288135869e+02
1.471005649717514245e+02
1.470406779661017254e+02
1.469604519774011351e+02
1.468158192090395460e+02
1.466587570621469183e+02
1.464790960451977639e+02
1.462768361581921113e+02
1.461118644067796879e+02
1.459559322033898638e+02
1.457932203389830761e+02
1.456327683615819524e+02
1.454949152542372985e+02
1.453627118644067764e+02
1.452429378531073496e+02
1.451322033898305222e+02
1.450463276836158286e+02
1.449615819209039387e+02
1.448847457627118729e+02
1.448067796610169466e+02
1.447389830508474802e+02
1.446847457627118843e+02
1.446418079096045233e+02
1.446022598870056584e+02
1.445694915254237571e+02
1.445480225988700909e+02
1.445412429378531272e+02
1.445401129943502951e+02
1.445604519774011294e+02
1.445807909604520205e+02
1.445943502824858911e+02
1.446361581920904200e+02
1.446903954802260159e+02
1.447378531073446766e+02
1.448090395480226107e+02
1.448903954802260046e+02
1.449774011299435301e+02
1.450768361581921226e+02
1.451740112994350511e+02
1.452892655367231782e+02
1.454192090395480363e+02
1.455344632768361635e+02
1.456259887005649603e+02
1.456723163841808173e+02
1.457050847457627469e+02
1.457005649717514473e+02
1.456655367231638820e+02
1.455966101694915551e+02
1.455118644067796936e+02
1.453898305084746028e+02
1.452463276836158457e+02
1.450892655367231896e+02
1.449209039548022702e+02
1.447514124293785471e+02
1.445943502824858911e+02
1.444440677966101987e+02
1.442994350282486096e+02
1.441593220338983201e+02
1.440451977401129966e+02
1.439254237288135982e+02
1.438169491525424064e+02
1.437389830508474802e+02
1.436655367231638820e+02
1.436067796610169864e+02
1.435751412429378888e+02
1.435649717514124575e+02
1.435525423728813905e+02
1.435683615819209535e+02
1.435977401129943587e+02
1.436779661016949490e+02
1.437299435028248809e+02
1.438225988700565381e+02
1.439276836158192623e+02
1.440429378531073894e+02
1.441785310734463792e+02
1.443231638418079683e+02
1.444971751412429910e+02
1.446836158192090807e+02
1.448790960451977980e+02
1.450802259887005903e+02
1.452960451977401419e+02
1.455288135593220886e+02
1.457762711864407379e+02
1.460135593220339274e+02
1.462508474576271738e+02
1.464644067796610614e+02
1.466700564971751817e+02
1.468259887005650057e+02
1.469774011299435301e+02
1.470971751412429853e+02
1.471841807909604825e+02
1.472474576271186777e+02
1.472734463276836436e+02
1.472813559322034394e+02
1.472508474576271738e+02
1.472124293785311124e+02
1.471096045197740523e+02
1.470056497175141885e+02
1.468655367231638706e+02
1.466870056497175483e+02
1.465141242937853576e+02
1.463457627118644382e+02
1.461796610169491828e+02
1.460406779661017254e+02
1.459096045197740636e+02
1.457875706214690013e+02
1.456677966101695461e+02
1.455706214689266176e+02
1.454723163841808287e+02
1.453751412429379002e+02
1.453084745762712373e+02
1.452440677966102101e+02
1.451977401129943814e+02
1.451649717514124518e+02
1.451299435028249150e+02
1.451062146892655846e+02
1.450994350282486209e+02
1.450847457627119184e+02
1.451050847457627810e+02
1.451152542372881840e+02
1.451367231638418502e+02
1.451841807909605109e+02
1.452440677966102101e+02
1.453016949152542736e+02
1.453661016949153009e+02
1.454508474576271624e+02
1.455378531073446879e+02
1.456451977401130478e+02
1.457581920903955393e+02
1.458881355932203974e+02
1.460067796610169921e+02
1.461457627118644496e+02
1.462949152542373383e+02
1.464519774011299660e+02
1.465875706214689558e+02
1.466971751412430081e+02
1.467661016949153066e+02
1.468192090395480705e+02
1.468316384180791374e+02
1.468135593220339388e+02
1.467717514124294098e+02
1.466881355932204087e+02
1.465796610169492169e+02
1.464497175141243304e+02
1.462937853107345063e+02
1.460915254237288536e+02
1.458734463276836664e+02
1.456497175141243474e+02
1.454395480225988990e+02
1.452158192090395801e+02
1.450079096045197957e+02
1.448090395480226391e+02
1.446271186440678207e+02
1.444497175141243588e+02
1.442824858757062430e+02
1.441333333333333826e+02
1.439943502824859252e+02
1.438666666666667027e+02
1.437638418079096709e+02
1.436813559322034166e+02
1.436135593220339501e+02
1.435604519774011578e+02
1.435265536723164246e+02
1.435084745762712259e+02
1.435152542372881612e+02
1.435242937853107605e+02
1.435446327683616232e+02
1.436033898305085188e+02
1.436802259887006130e+02
1.437774011299435415e+02
1.438937853107345290e+02
1.440124293785311238e+02
1.441491525423729172e+02
1.443050847457627697e+02
1.444644067796610614e+02
1.446316384180791204e+02
1.448112994350282747e+02
1.450169491525423950e+02
1.452079096045197844e+02
1.454259887005650000e+02
1.456451977401130193e+02
1.458474576271186720e+02
1.460666666666667197e+02
1.462892655367231782e+02
1.464655367231638650e+02
1.466338983050847844e+02
1.467638418079096141e+02
1.468632768361582066e+02
1.469299435028248979e+02
1.469706214689265948e+02
1.469717514124293984e+02
1.469412429378531328e+02
1.468813559322034052e+02
1.467740112994350739e+02
1.466576271186441147e+02
1.465039548022598979e+02
1.463615819209040012e+02
1.462293785310734791e+02
1.461141242937853519e+02
1.460033898305085245e+02
1.458892655367232010e+02
1.457988700564972078e+02
1.457152542372881499e+02
1.456485875706214870e+02
1.455819209039548241e+02
1.455446327683616232e+02
1.454971751412429626e+02
1.454757062146892963e+02
1.454644067796610614e+02
1.454372881355932350e+02
1.454316384180791317e+02
1.454384180790960954e+02
1.454451977401130307e+02
1.454779661016949603e+02
1.455163841807909648e+02
1.455502824858757549e+02
1.455875706214689558e+02
1.456406779661017197e+02
1.457152542372881499e+02
1.457898305084746085e+02
1.458903954802260046e+02
1.459988700564971964e+02
1.460949152542373213e+02
1.462146892655367481e+02
1.463536723163842339e+02
1.464847457627118956e+02
1.466271186440678207e+02
1.467932203389830761e+02
1.469514124293785642e+02
1.470949152542372929e+02
1.471954802259887458e+02
1.472587570621469126e+02
1.473118644067796765e+02
1.473310734463277072e+02
1.473118644067796765e+02
1.472564971751412770e+02
1.471853107344633145e+02
1.470847457627119184e+02
1.469412429378531328e+02
1.467694915254237742e+02
1.465717514124294212e+02
1.463672316384181045e+02
1.461706214689265835e+02
1.459785310734463621e+02
1.457830508474576732e+02
1.456169491525424178e+02
1.454440677966101987e+02
1.452870056497175426e+02
1.451502824858757208e+02
1.450282485875706584e+02
1.449096045197740352e+02
1.448259887005650057e+02
1.447694915254237458e+02
1.447107344632768786e+02
1.446723163841808173e+02
1.446497175141243474e+02
1.446666666666667140e+02
1.446881355932203803e+02
1.447299435028249093e+02
1.447943502824859365e+02
1.448937853107345006e+02
1.449909604519774575e+02
1.451231638418079513e+02
1.452677966101695404e+02
1.454406779661017595e+02
1.456214689265537174e+02
1.458203389830509025e+02
1.460451977401130534e+02
1.462779661016949433e+02
1.465118644067796936e+02
1.467807909604520091e+02
1.470485875706215211e+02
1.473367231638418389e+02
1.476056497175141544e+02
1.478610169491525994e+02
1.480700564971751874e+02
1.482564971751412770e+02
1.484192090395480648e+02
1.485638418079096539e+02
1.486655367231638820e+02
1.487468926553672759e+02
1.487887005649718049e+02
1.488067796610170035e+02
1.487943502824859081e+02
1.487333333333333769e+02
1.486338983050848128e+02
1.485152542372881612e+02
1.483774011299435358e+02
1.481841807909605109e+02
1.479672316384181272e+02
1.477333333333333485e+02
1.475175141242938253e+02
1.473231638418079683e+02
1.471254237288136153e+02
1.469468926553672929e+02
1.467706214689266062e+02
1.466169491525424178e+02
1.464745762711864927e+02
1.463378531073446993e+02
1.462214689265537118e+02
1.460937853107345177e+02
1.460124293785311238e+02
1.459242937853107946e+02
1.458621468926554314e+02
1.457988700564972362e+02
1.457468926553672759e+02
1.457016949152543077e+02
1.456757062146893418e+02
1.456451977401130762e+02
1.456372881355932805e+02
1.456372881355932805e+02
1.456305084745763168e+02
1.456587570621469467e+02
1.456779661016949490e+02
1.457163841807910103e+02
1.457785310734463735e+02
1.458395480225989047e+02
1.459254237288135982e+02
1.460067796610169921e+02
1.461073446327683882e+02
1.462135593220339445e+02
1.463423728813559705e+02
1.464689265536723610e+02
1.466101694915254825e+02
1.467152542372882067e+02
1.468033898305085359e+02
1.468372881355932691e+02
1.468451977401130648e+02
1.468124293785311352e+02
1.467536723163842112e+02
1.466632768361582464e+02
1.465491525423728945e+02
1.463943502824859024e+02
1.462112994350283088e+02
1.460033898305085245e+02
1.457943502824859081e+02
1.455875706214689558e+02
1.453864406779661351e+02
1.451887005649717821e+02
1.449988700564971964e+02
1.448282485875706698e+02
1.446485875706215154e+02
1.444881355932203633e+02
1.443480225988701022e+02
1.442124293785311124e+02
1.440949152542373213e+02
1.439774011299435301e+02
1.438847457627119013e+02
1.438124293785311067e+02
1.437536723163842112e+02
1.437310734463277413e+02
1.437062146892655790e+02
1.437152542372881499e+02
1.437197740112994779e+02
1.437491525423729115e+02
1.438000000000000682e+02
1.438745762711864984e+02
1.439740112994350625e+02
1.440813559322034507e+02
1.442067796610169808e+02
1.443502824858757663e+02
1.445096045197740580e+02
1.446813559322034166e+02
1.448632768361582066e+02
1.450644067796610557e+02
1.452824858757062430e+02
1.454847457627118956e+02
1.457209039548023100e+02
1.459525423728813962e+02
1.462011299435028491e+02
1.464564971751412656e+02
1.466892655367232123e+02
1.469016949152542679e+02
1.470802259887005903e+02
1.472248587570621794e+02
1.473468926553672702e+02
1.474158192090395687e+02
1.474824858757062316e+02
1.474892655367231953e+02
1.474813559322034280e+02
1.474338983050847673e+02
1.473615819209040012e+02
1.472564971751413054e+02
1.471141242937853519e+02
1.469389830508474688e+02
1.467785310734463735e+02
1.466237288135593531e+02
1.464858757062146992e+02
1.463502824858757663e+02
1.462338983050847787e+02
1.461265536723164189e+02
1.460474576271186606e+02
1.459717514124293984e+02
1.458903954802260330e+02
1.458361581920904086e+02
1.457762711864407379e+02
1.457412429378531442e+02
1.457197740112994495e+02
1.456937853107344836e+02
1.456903954802260159e+02
1.456870056497175199e+02
1.457050847457627469e+02
1.457084745762712146e+02
1.457412429378531158e+02
1.457887005649717480e+02
1.458158192090395460e+02
1.458858757062147049e+02
1.459468926553672645e+02
1.460338983050847901e+02
1.461288135593220545e+02
1.462316384180791147e+02
1.463423728813559421e+02
1.464723163841808287e+02
1.466146892655367537e+02
1.467491525423728831e+02
1.469129943502825029e+02
1.470903954802259932e+02
1.472734463276836436e+02
1.474440677966101987e+02
1.475807909604519637e+02
1.477096045197740182e+02
1.478033898305084790e+02
1.478531073446328037e+02
1.478824858757062373e+02
1.478757062146892736e+02
1.478542372881356073e+02
1.478045197740113110e+02
1.477242937853107492e+02
1.476214689265536890e+02
1.474711864406779682e+02
1.473163841807909762e+02
1.471288135593220545e+02
1.469107344632768672e+02
1.466903954802260159e+02
1.464847457627118956e+02
1.462870056497175426e+02
1.460915254237288252e+02
1.459175141242938025e+02
1.457615819209039785e+02
1.456090395480226221e+02
1.454847457627118956e+02
1.453683615819209081e+02
1.452734463276836152e+02
1.451966101694915210e+02
1.451514124293785528e+02
1.451299435028248581e+02
1.451028248587570602e+02
1.451129943502825199e+02
1.451435028248587855e+02
1.451830508474576504e+02
1.452519774011299489e+02
1.453276836158191827e+02
1.454350282485875709e+02
1.455491525423728945e+02
1.456824858757062202e+02
1.458350282485876050e+02
1.460079096045197957e+02
1.461954802259887174e+02
1.464022598870056413e+02
1.466237288135593531e+02
1.468474576271186720e+02
1.470824858757062259e+02
1.473310734463276788e+02
1.475649717514124291e+02
1.477898305084745800e+02
1.479977401129943644e+02
1.481853107344633145e+02
1.483288135593220431e+02
1.484621468926553689e+02
1.485412429378530987e+02
1.485954802259886947e+02
1.486327683615819524e+02
1.486225988700565210e+02
1.485954802259887231e+02
1.485175141242937968e+02
1.484135593220339047e+02
1.482858757062147106e+02
1.481197740112994552e+02
1.479254237288135982e+02
1.477254237288135812e+02
1.475231638418079285e+02
1.473197740112994438e+02
1.471389830508474574e+02
1.469672316384180704e+02
1.468067796610169751e+02
1.466553672316384223e+02
1.465129943502825256e+02
1.464056497175141658e+02
1.462790960451977753e+02
1.461638418079096198e+02
1.460587570621469240e+02
1.459841807909604654e+02
1.459163841807909989e+02
1.458440677966102044e+02
1.458067796610169466e+02
1.457593220338983429e+02
1.457412429378531442e+02
1.457276836158192168e+02
1.457197740112994495e+02
1.457265536723164132e+02
1.457389830508474518e+02
1.457559322033898468e+02
1.458033898305084790e+02
1.458463276836158116e+02
1.459039548022598751e+02
1.459819209039548014e+02
1.460677966101695233e+02
1.461638418079096198e+02
1.462576271186440806e+02
1.463909604519774348e+02
1.465062146892655619e+02
1.466485875706214870e+02
1.467966101694915437e+02
1.469288135593220659e+02
1.470248587570621339e+02
1.471050847457627242e+02
1.471548022598870205e+02
1.471649717514124518e+02
1.471389830508474574e+02
1.470576271186440636e+02
1.469604519774011351e+02
1.468372881355932407e+02
1.466847457627118843e+02
1.464779661016949035e+02
1.462745762711864472e+02
1.460768361581920942e+02
1.458644067796610102e+02
1.456610169491525539e+02
1.454644067796610329e+02
1.452700564971751476e+02
1.450779661016949262e+02
1.449062146892655392e+02
1.447604519774011465e+02
1.446079096045197616e+02
1.444734463276836323e+02
1.443457627118644382e+02
1.442553672316384166e+02
1.441638418079095914e+02
1.441039548022598922e+02
1.440542372881355959e+02
1.440327683615819296e+02
1.440225988700565267e+02
1.440192090395480591e+02
1.440350282485875937e+02
1.440734463276836266e+02
1.441152542372881271e+02
1.441954802259887174e+02
1.442870056497175142e+02
1.443988700564971737e+02
1.445276836158192282e+02
1.446621468926553575e+02
1.448079096045197787e+02
1.449807909604519978e+02
1.451570621468926561e+02
1.453604519774011408e+02
1.455502824858756981e+02
1.457672316384180817e+02
1.459830508474576334e+02
1.462135593220339160e+02
1.464350282485875709e+02
1.466734463276836209e+02
1.469141242937853349e+02
1.471457627118644211e+02
1.473559322033898411e+02
1.475254237288135641e+02
1.476610169491525539e+02
1.477683615819209137e+02
1.478338983050847446e+02
1.478610169491525426e+02
1.478576271186440749e+02
1.478135593220339103e+02
1.477310734463276845e+02
1.476169491525423609e+02
1.474836158192090352e+02
1.473276836158192395e+02
1.471672316384181158e+02
1.470282485875706016e+02
1.468734463276836095e+02
1.467446327683616119e+02
1.466248587570621567e+02
1.465355932203389671e+02
1.464327683615819353e+02
1.463559322033898411e+02
1.462734463276836436e+02
1.462033898305084847e+02
1.461514124293785244e+02
1.461152542372881271e+02
1.460892655367231896e+02
1.460621468926553632e+02
1.460463276836158002e+02
1.460553672316384279e+02
1.460576271186440636e+02
1.460700564971751305e+02
1.460960451977401249e+02
1.461502824858757208e+02
1.461932203389830534e+02
1.462531073446327810e+02
1.463242937853107435e+02
1.464067796610169694e+02
1.465062146892655335e+02
1.466135593220338933e+02
1.467333333333333485e+02
1.468463276836158116e+02
1.470000000000000000e+02
1.471457627118644211e+02
1.472926553672316459e+02
1.474632768361582293e+02
1.476474576271186550e+02
1.478135593220339103e+02
1.479548022598870034e+02
1.480497175141242963e+02
1.481231638418079228e+02
1.481683615819209194e+02
1.481717514124293871e+02
1.481514124293785528e+02
1.480960451977401249e+02
1.480101694915254313e+02
1.478802259887005448e+02
1.477355932203390125e+02
1.475559322033898297e+02
1.473706214689265721e+02
1.471593220338983201e+02
1.469333333333333371e+02
1.467333333333333485e+02
1.465322033898305278e+02
1.463457627118644382e+02
1.461661016949152554e+02
1.460180790960451986e+02
1.458677966101694778e+02
1.457355932203390125e+02
1.456225988700564926e+02
1.455355932203389955e+02
1.454587570621469013e+02
1.454101694915254086e+02
1.453875706214689103e+02
1.453830508474576391e+02
1.453830508474576391e+02
1.454192090395480363e+02
1.454598870056497049e+02
1.455276836158192282e+02
1.456271186440677923e+02
1.457423728813559478e+02
1.458711864406779739e+02
1.460101694915254313e+02
1.461909604519774177e+02
1.463819209039548070e+02
1.465999999999999943e+02
1.468305084745762770e+02
1.470485875706214642e+02
1.472892655367231782e+02
1.475548022598869977e+02
1.478135593220338819e+02
1.480497175141242678e+02
1.482757062146892508e+02
1.484723163841808002e+02
1.486723163841807889e+02
1.488180790960452100e+02
1.489446327683615721e+02
1.490440677966101646e+02
1.491129943502824915e+02
1.491412429378531215e+02
1.491740112994350511e+02
1.491593220338983201e+02
1.491254237288135585e+02
1.490463276836158002e+02
1.489502824858757037e+02
1.488225988700564812e+02
1.486553672316384223e+02
1.484644067796610329e+02
1.482418079096045176e+02
1.480248587570621623e+02
1.478135593220338819e+02
1.476225988700564926e+02
1.474406779661017026e+02
1.472734463276836436e+02
1.471197740112994552e+02
1.469627118644067991e+02
1.468248587570621453e+02
1.467039548022598865e+02
1.465864406779660953e+02
1.464723163841807718e+02
1.463683615819209081e+02
1.462892655367231782e+02
1.462090395480225880e+02
1.461367231638417934e+02
1.460915254237288252e+02
1.460440677966101646e+02
1.460056497175141317e+02
1.459762711864406697e+02
1.459649717514124063e+02
1.459604519774011351e+02
1.459593220338983031e+02
1.459909604519774007e+02
1.460237288135593303e+02
1.460632768361581952e+02
1.461175141242937912e+02
1.461807909604519864e+02
1.462598870056497162e+02
1.463435028248587741e+02
1.464474576271186379e+02
1.465570621468926333e+02
1.466745762711864529e+02
1.467943502824858797e+02
1.468779661016949092e+02
1.469333333333333371e+02
1.469480225988700681e+02
1.469514124293785358e+02
1.469254237288135414e+02
1.468610169491525426e+02
1.467706214689265494e+02
1.466598870056496935e+02
1.465096045197740011e+02
1.463423728813559137e+02
1.461378531073446254e+02
1.459389830508474404e+02
1.457254237288135528e+02
1.455073446327683655e+02
1.453016949152542452e+02
1.451050847457627242e+02
1.449118644067796708e+02
1.447355932203389557e+02
1.445661016949152327e+02
1.444192090395480079e+02
1.442666666666666515e+02
1.441502824858757208e+02
1.440305084745762656e+02
1.439367231638418048e+02
1.438553672316384109e+02
1.437898305084745800e+02
1.437480225988700511e+02
1.436971751412429512e+02
1.436892655367231555e+02
1.436892655367231555e+02
1.437028248587570545e+02
1.437491525423728831e+02
1.437966101694915153e+02
1.438700564971751419e+02
1.439615819209039387e+02
1.440598870056496992e+02
1.441728813559321907e+02
1.442971751412429171e+02
1.444418079096045062e+02
1.446158192090395573e+02
1.447819209039547843e+02
1.449672316384180704e+02
1.451548022598869920e+02
1.453536723163841771e+02
1.455830508474575993e+02
1.457853107344632519e+02
1.459943502824858683e+02
1.462225988700564585e+02
1.464203389830508399e+02
1.465830508474575993e+02
1.467276836158191884e+02
1.468553672316384109e+02
1.469378531073446084e+02
1.469864406779660726e+02
1.469954802259886719e+02
1.469807909604519693e+02
1.469322033898304767e+02
1.468418079096044835e+02
1.467367231638418161e+02
1.465841807909604313e+02
1.464395480225988422e+02
1.463005649717513847e+02
1.461898305084745573e+02
1.460723163841807946e+02
1.459638418079096027e+02
1.458666666666666742e+02
1.457887005649717480e+02
1.457096045197740182e+02
1.456598870056496935e+02
1.456079096045197616e+02
1.455525423728813337e+02
1.455141242937853008e+02
1.454836158192090068e+02
1.454711864406779682e+02
1.454666666666666401e+02
1.454644067796610329e+02
1.454790960451977071e+02
1.454949152542372701e+02
1.455141242937853008e+02
1.455367231638417707e+02
1.455887005649717594e+02
1.456485875706214586e+02
1.457141242937852894e+02
1.457920903954802156e+02
1.458813559322033768e+02
1.459728813559322020e+02
1.460644067796609988e+02
1.461717514124293871e+02
1.462983050847457207e+02
1.464237288135593076e+02
1.465615819209039614e+02
1.467129943502824858e+02
1.468779661016949092e+02
1.470474576271186322e+02
1.472237288135593190e+02
1.473966101694915096e+02
1.475299435028248354e+02
1.476316384180790635e+02
1.476994350282485868e+02
1.477333333333333201e+02
1.477344632768361521e+02
1.477084745762711577e+02
1.476474576271186265e+02
1.475694915254237003e+02
1.474587570621468728e+02
1.473220338983050510e+02
1.471604519774010953e+02
1.469762711864406413e+02
1.467796610169491203e+02
1.465864406779660953e+02
1.464090395480225766e+02
1.462350282485875539e+02
1.460700564971751021e+02
1.459141242937852780e+02
1.457717514124293530e+02
1.456711864406779569e+02
1.455706214689265323e+02
1.454847457627118388e+02
1.454225988700564756e+02
1.453796610169491146e+02
1.453615819209039444e+02
1.453762711864406469e+02
1.453740112994350113e+02
1.453954802259886776e+02
1.454610169491525085e+02
1.455276836158191713e+02
1.456135593220338933e+02
1.457163841807909535e+02
1.458451977401129511e+02
1.459830508474576050e+02
1.461581920903954597e+02
1.463446327683615777e+02
1.465355932203389671e+02
1.467412429378530874e+02
1.469672316384180704e+02
1.472045197740112599e+02
1.474587570621468728e+02
1.477254237288135243e+02
1.479807909604519409e+02
1.482293785310734222e+02
1.484531073446327412e+02
1.486655367231638252e+02
1.488497175141242508e+02
1.490067796610169353e+02
1.491288135593219977e+02
1.492384180790960500e+02
1.492983050847457491e+02
1.493310734463276788e+02
1.493446327683615777e+02
1.493152542372881157e+02
1.492632768361581839e+02
1.491864406779660897e+02
1.490587570621468672e+02
1.489107344632768104e+02
1.487265536723163564e+02
1.485276836158191998e+02
1.483322033898305108e+02
1.481480225988700283e+02
1.479672316384180704e+02
1.478045197740112826e+02
1.476282485875705959e+02
1.474836158192090068e+02
1.473468926553672134e+02
1.472101694915253915e+02
1.470915254237287968e+02
1.469819209039547729e+02
1.468892655367231441e+02
1.467954802259886833e+02
1.467096045197739613e+02
1.466350282485875596e+02
1.465683615819208683e+02
1.465186440677965720e+02
1.464689265536723042e+02
1.464293785310734108e+02
1.463853107344632463e+02
1.463649717514123836e+02
1.463525423728813450e+02
1.463593220338983087e+02
1.463717514124293757e+02
1.463864406779661067e+02
1.464248587570621112e+02
1.464531073446327696e+02
1.464994350282485698e+02
1.465536723163841657e+02
1.466338983050847560e+02
1.467141242937852894e+02
1.468033898305084790e+02
1.469039548022598751e+02
1.470124293785310670e+02
1.471016949152542281e+02
1.471355932203389898e+02
1.471446327683615607e+02
1.471254237288135300e+02
1.470813559322033655e+02
1.470101694915254029e+02
1.469028248587570431e+02
1.467593220338982860e+02
1.466056497175140976e+02
1.464429378531073382e+02
1.462802259887005505e+02
1.461220338983050624e+02
1.459728813559322020e+02
1.458316384180790806e+02
1.456903954802259875e+02
1.455355932203389671e+02
1.454101694915254086e+02
1.452858757062146822e+02
1.451672316384180590e+02
1.450644067796609988e+02
1.449819209039548014e+02
1.449197740112994097e+02
1.448621468926553462e+02
1.448497175141242792e+02
1.448237288135593133e+02
1.448248587570621453e+02
1.448463276836158116e+02
1.448711864406779455e+02
1.449220338983050738e+02
1.449830508474576050e+02
1.450689265536723269e+02
1.451728813559321907e+02
1.452847457627118501e+02
1.454090395480225766e+02
1.455514124293785301e+02
1.456949152542372872e+02
1.458745762711864415e+02
1.460451977401129966e+02
1.462361581920903859e+02
1.464350282485875709e+02
1.466598870056496935e+02
1.468779661016948808e+02
1.471016949152541997e+02
1.473514124293785130e+02
1.475740112994350284e+02
1.477999999999999829e+02
1.480067796610169353e+02
1.481661016949152554e+02
1.483096045197739841e+02
1.484259887005649432e+02
1.485141242937853008e+02
1.485514124293785017e+02
1.485683615819208967e+02
1.485717514124293643e+02
1.485446327683615664e+02
1.484700564971751078e+02
1.483728813559321793e+02
1.482519774011299205e+02
1.480881355932203007e+02
1.479118644067796424e+02
1.477627118644067536e+02
1.476293785310734279e+02
1.474926553672316345e+02
1.473796610169491714e+02
1.472711864406779512e+02
1.471796610169491260e+02
1.471005649717513961e+02
1.470259887005649944e+02
1.469694915254237344e+02
1.469163841807909421e+02
1.468610169491525426e+02
1.468418079096044835e+02
1.468248587570621453e+02
1.468192090395480136e+02
1.468214689265536492e+02
1.468237288135592848e+02
1.468553672316384109e+02
1.468824858757062088e+02
1.469209039548022702e+02
1.469864406779661010e+02
1.470632768361581952e+02
1.471344632768361294e+02
1.472180790960451873e+02
1.473186440677965834e+02
1.474282485875705788e+02
1.475604519774011294e+02
1.476892655367231555e+02
1.478259887005649489e+02
1.479615819209039387e+02
1.481344632768361578e+02
1.482949152542372531e+02
1.484734463276836038e+02
1.486598870056497219e+02
1.488305084745762485e+02
1.489762711864406697e+02
1.490870056497174971e+02
1.491581920903954597e+02
1.492022598870056527e+02
1.492316384180791147e+02
1.492146892655367196e+02
1.491649717514124234e+02
1.490870056497174971e+02
1.489943502824858683e+02
1.488621468926553462e+02
1.487152542372881499e+02
1.485299435028248354e+02
1.483242937853107151e+02
1.481016949152541997e+02
1.478790960451977412e+02
1.476440677966101589e+02
1.474395480225988422e+02
1.472361581920903859e+02
1.470497175141242678e+02
1.468813559322034052e+02
1.467242937853107492e+02
1.465774011299434960e+02
1.464418079096045062e+02
1.463333333333333144e+02
1.462451977401129852e+02
1.461740112994350227e+02
1.461152542372881271e+02
1.460700564971751305e+02
1.460429378531073326e+02
1.460632768361581952e+02
1.460847457627118615e+02
1.461209039548022588e+02
1.461683615819209194e+02
1.462429378531073496e+02
1.463333333333333144e+02
1.464553672316384336e+02
1.465830508474576277e+02
1.467276836158192168e+02
1.469028248587570715e+02
1.470689265536723269e+02
1.472790960451977469e+02
1.474723163841807718e+02
1.476949152542372872e+02
1.479231638418079342e+02
1.481514124293785244e+02
1.483966101694915096e+02
1.486146892655367253e+02
1.488180790960452100e+02
1.490022598870056640e+02
1.491694915254237230e+02
1.492937853107344495e+02
1.493966101694915096e+02
1.494734463276836323e+02
1.495050847457627299e+02
1.495096045197740295e+02
1.494847457627118956e+02
1.494508474576271340e+02
1.493819209039548355e+02
1.492655367231638479e+02
1.491254237288135585e+02
1.489581920903954710e+02
1.487672316384180817e+02
1.485864406779661238e+02
1.484124293785310726e+02
1.482564971751412486e+02
1.481129943502824915e+02
1.479694915254237344e+02
1.478474576271186436e+02
1.477209039548022815e+02
1.476135593220338933e+02
1.475242937853107605e+02
1.474361581920904314e+02
1.473525423728813735e+02
1.473028248587571056e+02
1.472440677966101816e+02
1.472000000000000171e+02
1.471683615819209194e+02
1.471581920903955165e+02
1.471401129943503179e+02
1.471435028248587855e+02
1.471468926553672532e+02
1.471661016949152838e+02
1.471830508474576504e+02
1.472248587570621794e+02
1.472666666666667084e+02
1.473276836158192395e+02
1.474011299435028377e+02
1.474689265536723326e+02
1.475480225988700909e+02
1.476429378531073553e+02
1.477389830508474802e+02
1.478429378531073723e+02
1.479785310734463621e+02
1.481084745762712203e+02
1.482338983050847787e+02
1.483333333333333712e+02
1.484079096045198298e+02
1.484497175141243019e+02
1.484474576271186663e+02
1.484203389830508684e+02
1.483570621468926731e+02
1.482666666666667084e+02
1.481446327683616175e+02
1.479943502824859252e+02
1.478067796610170035e+02
1.476192090395480534e+02
1.474316384180791317e+02
1.472440677966102101e+02
1.470813559322034507e+02
1.469118644067796993e+02
1.467401129943503406e+02
1.465966101694915551e+02
1.464531073446327980e+02
1.463129943502825085e+02
1.462011299435028491e+02
1.461050847457627526e+02
1.460282485875706584e+02
1.459706214689265948e+02
1.459220338983051306e+02
1.458926553672316686e+02
1.458757062146893020e+02
1.458813559322034052e+02
1.459084745762712032e+02
1.459514124293785642e+02
1.460192090395480591e+02
1.460994350282486209e+02
1.462022598870056811e+02
1.463129943502825085e+02
1.464610169491525653e+02
1.466259887005650171e+02
1.467977401129943757e+02
1.469853107344632974e+02
1.471943502824859138e+02
1.474079096045198298e+02
1.476406779661017481e+02
1.478779661016949376e+02
1.481288135593220829e+02
1.484000000000000341e+02
1.486802259887006130e+02
1.489672316384181272e+02
1.492316384180791715e+02
1.494723163841808287e+02
1.496824858757062486e+02
1.498757062146892736e+02
1.500418079096045574e+02
1.501694915254237799e+02
1.502677966101695120e+02
1.503242937853107719e+02
1.503457627118644382e+02
1.503344632768361748e+02
1.502745762711865041e+02
1.501853107344633145e+02
1.500734463276836550e+02
1.499186440677966630e+02
1.497423728813559762e+02
1.495344632768361919e+02
1.493491525423729058e+02
1.491627118644068446e+02
1.489932203389830931e+02
1.488259887005650057e+02
1.486949152542373156e+02
1.485627118644068219e+02
1.484327683615819637e+02
1.483141242937853406e+02
1.482361581920904428e+02
1.481536723163842169e+02
1.480757062146892906e+02
1.480067796610169921e+02
1.479717514124294269e+02
1.479209039548023270e+02
1.479062146892655960e+02
1.478903954802260330e+02
1.478824858757062657e+02
1.478926553672316970e+02
1.479220338983051306e+02
1.479694915254237912e+02
1.480169491525423950e+02
1.480711864406779910e+02
1.481367231638418502e+02
1.482248587570621794e+02
1.483197740112994722e+02
1.484225988700565324e+02
1.485355932203390239e+02
1.486700564971751533e+02
1.488124293785311352e+02
1.489581920903955279e+02
1.491005649717514530e+02
1.492677966101695120e+02
1.494519774011299660e+02
1.496169491525424178e+02
1.497401129943503406e+02
1.498305084745763054e+02
1.498870056497175369e+02
1.499050847457627356e+02
1.498983050847458003e+02
1.498632768361582066e+02
1.497920903954802725e+02
1.496903954802260159e+02
1.495694915254237571e+02
1.494214689265537004e+02
1.492316384180791431e+02
1.490158192090395914e+02
1.487954802259887401e+02
1.485627118644068219e+02
1.483367231638418389e+02
1.481288135593220545e+02
1.479265536723164018e+02
1.477412429378531442e+02
1.475661016949152895e+02
1.474011299435028377e+02
1.472598870056497447e+02
1.471288135593220545e+02
1.470293785310734620e+02
1.469491525423729286e+02
1.468734463276836664e+02
1.468271186440678377e+02
1.467932203389830761e+02
1.467875706214689444e+02
1.468033898305085074e+02
1.468406779661017367e+02
1.468915254237288650e+02
1.469615819209039955e+02
1.470418079096045574e+02
1.471604519774011806e+02
1.472915254237288423e+02
1.474418079096045346e+02
1.476045197740113224e+02
1.477954802259887401e+02
1.479898305084746255e+02
1.481966101694915778e+02
1.484135593220339331e+02
1.486519774011299546e+02
1.488937853107344722e+02
1.491344632768361862e+02
1.493570621468927015e+02
1.495627118644067934e+02
1.497322033898305449e+02
1.498757062146892736e+02
1.500011299435028320e+02
1.500734463276836266e+02
1.501401129943503179e+02
1.501536723163841884e+02
1.501389830508474574e+02
1.500949152542373213e+02
1.500293785310734620e+02
1.499344632768361691e+02
1.498101694915254427e+02
1.496508474576271226e+02
1.494621468926553973e+02
1.492632768361582123e+02
1.490824858757062543e+02
1.489197740112994666e+02
1.487807909604519807e+02
1.486508474576271510e+02
1.485084745762712259e+02
1.483943502824859024e+02
1.482870056497175142e+02
1.481819209039548468e+02
1.481028248587570886e+02
1.480192090395480591e+02
1.479457627118644041e+02
1.478983050847457719e+02
1.478621468926554030e+02
1.478305084745762770e+02
1.478079096045198071e+02
1.478124293785310783e+02
1.478158192090395744e+02
1.478192090395480420e+02
1.478395480225989047e+02
1.478677966101695347e+02
1.479096045197740352e+02
1.479446327683616005e+02
1.480158192090395630e+02
1.480870056497175256e+02
1.481627118644067878e+02
1.482644067796610443e+02
1.483683615819209081e+02
1.484790960451977639e+02
1.485932203389830590e+02
1.487209039548022815e+02
1.488610169491525426e+02
1.490124293785310670e+02
1.491717514124293871e+02
1.493265536723163791e+02
1.494531073446327696e+02
1.495525423728813621e+02
1.496192090395480250e+02
1.496463276836158229e+02
1.496429378531073553e+02
1.496011299435028263e+02
1.495310734463276958e+02
1.494327683615819353e+02
1.492903954802260102e+02
1.491163841807909876e+02
1.489175141242938025e+02
1.487016949152542509e+02
1.484926553672316345e+02
1.482926553672316459e+02
1.480937853107344608e+02
1.479062146892655392e+02
1.477322033898305165e+02
1.475536723163841657e+02
1.473943502824859024e+02
1.472418079096045176e+02
1.471209039548022588e+02
1.469966101694915324e+02
1.469039548022598751e+02
1.468225988700565097e+02
1.467536723163842112e+02
1.467073446327683541e+02
1.466757062146892849e+02
1.466610169491525539e+02
1.466553672316384223e+02
1.466983050847457548e+02
1.467288135593220204e+02
1.467807909604519807e+02
1.468497175141243076e+02
1.469310734463276731e+02
1.470587570621468956e+02
1.471694915254237230e+02
1.473209039548022758e+02
1.474836158192090352e+02
1.476564971751412259e+02
1.478564971751412429e+02
1.480542372881355959e+02
1.482632768361581839e+02
1.484700564971751362e+02
1.486926553672316231e+02
1.489502824858757322e+02
1.491932203389830534e+02
1.494350282485875709e+02
1.496892655367231555e+02
1.499344632768361691e+02
1.501548022598870205e+02
1.503446327683615777e+02
1.505152542372881612e+02
1.506406779661016913e+02
1.507231638418079172e+02
1.507943502824858797e+02
1.508135593220338819e+02
1.508022598870056470e+02
1.507649717514124177e+02
1.507005649717514189e+02
1.505762711864406924e+02
1.504248587570621396e+02
1.502644067796610159e+02
1.501039548022598922e+02
1.499423728813559364e+02
1.497988700564972078e+02
1.496564971751412543e+02
1.495344632768361635e+02
1.494101694915254370e+02
1.493163841807909762e+02
1.492180790960452157e+02
1.491514124293785244e+02
1.490802259887005903e+02
1.490112994350282634e+02
1.489649717514124632e+02
1.489209039548022702e+02
1.488971751412429398e+02
1.488892655367232010e+02
1.488994350282486039e+02
1.489152542372881385e+02
1.489378531073446652e+02
1.489683615819209308e+02
1.490033898305084676e+02
1.490723163841807946e+02
1.491435028248587287e+02
1.492180790960451873e+02
1.493186440677966118e+02
1.494090395480225766e+02
1.495310734463276674e+02
1.496531073446327582e+02
1.497932203389830477e+02
1.499401129943502724e+02
1.500971751412429285e+02
1.502666666666666515e+02
1.504406779661017026e+02
1.506067796610169296e+02
1.507593220338982860e+02
1.508802259887005448e+02
1.509661016949152383e+02
1.510225988700564983e+02
1.510463276836158286e+02
1.510395480225988649e+02
1.509898305084745687e+02
1.508971751412429398e+02
1.508045197740112826e+02
1.506824858757062202e+02
1.505355932203389671e+02
1.503435028248587741e+02
1.501186440677965948e+02
1.498858757062146765e+02
1.496451977401129625e+02
1.494169491525423723e+02
1.491853107344632576e+02
1.489785310734463337e+02
1.487807909604519523e+02
1.485932203389830590e+02
1.484305084745762713e+02
1.482949152542372815e+02
1.481548022598869920e+02
1.480519774011299319e+02
1.479683615819209024e+02
1.478858757062146765e+02
1.478327683615819126e+02
1.478022598870056470e+02
1.477966101694915153e+02
1.477943502824858797e+02
1.478293785310734449e+02
1.478836158192090409e+02
1.479446327683615721e+02
1.480497175141242963e+02
1.481694915254237230e+02
1.482926553672316459e+02
1.484429378531073382e+02
1.486056497175140976e+02
1.487887005649717480e+02
1.490067796610169353e+02
1.492056497175141203e+02
1.494338983050847105e+02
1.496621468926553575e+02
1.499209039548022133e+02
1.501649717514123950e+02
1.503807909604519750e+02
1.505751412429378320e+02
1.507570621468926220e+02
1.508971751412429114e+02
1.510101694915254029e+02
1.511062146892654994e+02
1.511694915254237230e+02
1.511706214689265266e+02
1.511525423728813280e+02
1.510949152542372644e+02
1.510237288135593019e+02
1.509096045197740068e+02
1.507740112994350170e+02
1.505932203389830306e+02
1.503977401129943132e+02
1.501615819209039273e+02
1.499299435028248411e+02
1.497265536723163564e+02
1.495276836158191713e+02
1.493378531073446140e+02
1.491694915254237230e+02
1.489988700564971396e+02
1.488406779661016799e+02
1.486903954802259591e+02
1.485548022598869977e+02
1.484395480225988422e+02
1.483412429378531101e+02
1.482429378531073212e+02
1.481525423728813280e+02
1.480768361581920658e+02
1.480282485875706016e+02
1.479751412429378661e+02
1.479355932203390012e+02
1.479050847457627356e+02
1.478971751412429114e+02
1.478847457627118729e+02
1.478903954802260046e+02
1.479028248587570715e+02
1.479333333333333371e+02
1.479661016949152383e+02
1.480101694915254029e+02
1.480677966101694665e+02
1.481378531073446538e+02
1.482361581920903859e+02
1.483310734463276503e+02
1.484338983050847389e+02
1.485468926553672020e+02
1.486813559322033882e+02
1.488022598870056470e+02
1.489276836158192054e+02
1.490316384180790692e+02
1.490847457627118615e+02
1.491310734463276617e+02
1.491265536723163621e+02
1.490971751412429285e+02
1.490259887005649375e+02
1.489378531073446084e+02
1.487954802259886833e+02
1.486293785310734279e+02
1.484474576271186379e+02
1.482440677966101816e+02
1.480587570621468672e+02
1.478666666666666742e+02
1.476847457627118558e+02
1.474983050847457662e+02
1.473118644067796481e+02
1.471593220338983201e+02
1.470135593220338706e+02
1.468813559322034052e+02
1.467480225988700511e+02
1.466418079096044949e+02
1.465457627118643984e+02
1.464734463276836038e+02
1.464112994350282406e+02
1.463615819209039444e+02
1.463401129943502781e+02
1.463435028248587457e+02
1.463627118644067764e+02
1.463875706214689103e+02
1.464384180790960386e+02
1.465062146892655335e+02
1.465909604519774234e+02
1.466813559322033882e+02
1.468022598870056754e+02
1.469401129943502724e+02
1.470960451977401249e+02
1.472621468926553803e+02
1.474485875706214699e+02
1.476632768361581896e+02
1.478768361581921056e+02
1.481084745762711918e+02
1.483525423728813735e+02
1.485988700564971907e+02
1.488598870056497390e+02
1.491367231638418218e+02
1.494045197740113053e+02
1.496745762711864245e+02
1.499401129943503008e+02
1.501649717514124518e+02
1.503593220338983087e+02
1.505175141242937968e+02
1.506519774011299830e+02
1.507570621468926788e+02
1.508271186440678093e+02
1.508655367231638422e+02
1.508757062146892736e+02
1.508485875706214756e+02
1.507796610169491487e+02
1.506700564971751533e+02
1.505502824858757265e+02
1.503909604519774348e+02
1.502135593220339160e+02
1.500237288135593587e+02
1.498508474576271396e+02
1.496903954802260159e+02
1.495355932203389955e+02
1.494000000000000057e+02
1.492757062146893077e+02
1.491706214689265835e+02
1.490677966101695233e+02
1.489807909604519978e+02
1.488994350282486323e+02
1.488305084745762770e+02
1.487954802259887401e+02
1.487378531073446482e+02
1.486971751412429796e+02
1.486790960451977810e+02
1.486655367231638820e+02
1.486598870056497503e+02
1.486757062146892849e+02
1.486824858757062202e+02
1.487152542372881499e+02
1.487593220338983144e+02
1.488045197740113395e+02
1.488598870056497390e+02
1.489446327683616005e+02
1.490180790960452271e+02
1.491096045197740523e+02
1.492101694915254484e+02
1.493209039548023043e+02
1.494395480225988990e+02
1.495762711864406924e+02
1.497288135593220773e+02
1.498870056497175369e+02
1.500497175141243247e+02
1.501920903954802498e+02
1.503141242937853406e+02
1.503954802259887344e+02
1.504564971751412656e+02
1.504870056497175597e+02
1.504790960451977639e+02
1.504519774011299660e+02
1.503864406779661067e+02
1.503073446327683769e+02
1.502022598870056527e+02
1.500723163841807946e+02
1.499299435028248695e+02
1.497457627118644439e+02
1.495446327683616232e+02
1.493322033898305108e+02
1.491288135593220545e+02
1.489457627118644325e+02
1.487706214689265778e+02
1.485954802259887231e+02
1.484429378531073667e+02
1.483118644067797050e+02
1.481898305084745857e+02
1.480881355932203860e+02
1.480124293785311238e+02
1.479367231638418332e+02
1.478813559322034052e+02
1.478474576271186720e+02
1.478372881355932407e+02
1.478418079096045403e+02
1.478632768361582066e+02
1.479084745762712032e+02
1.479728813559322020e+02
1.480451977401130250e+02
1.481525423728813848e+02
1.482655367231638763e+02
1.484000000000000341e+02
1.485344632768361919e+02
1.486858757062147447e+02
1.488757062146893020e+02
1.490542372881356243e+02
1.492519774011299774e+02
1.494644067796610329e+02
1.496757062146892849e+02
1.498949152542373042e+02
1.500937853107344893e+02
1.502836158192090750e+02
1.504553672316384336e+02
1.506067796610169580e+02
1.507129943502825142e+02
1.508090395480226107e+02
1.508734463276836664e+02
1.509016949152542679e+02
1.508903954802260046e+02
1.508666666666666742e+02
1.508000000000000114e+02
1.507254237288136096e+02
1.505988700564972191e+02
1.504644067796610898e+02
1.502994350282486096e+02
1.501197740112994552e+02
1.499649717514124632e+02
1.498101694915254711e+02
1.496711864406780137e+02
1.495389830508474915e+02
1.494101694915254654e+02
1.493107344632768445e+02
1.492022598870057095e+02
1.491129943502825199e+02
1.490395480225988933e+02
1.489740112994350625e+02
1.489242937853107946e+02
1.488802259887006016e+02
1.488282485875706698e+02
1.488090395480226391e+02
1.487920903954802441e+02
1.487774011299435415e+02
1.487638418079096141e+02
1.487672316384180817e+02
1.487943502824858797e+02
1.488259887005649773e+02
1.488508474576271396e+02
1.488971751412429398e+02
1.489751412429378661e+02
1.490451977401129966e+02
1.491141242937853235e+02
1.492101694915254484e+02
1.493073446327683769e+02
1.494192090395480363e+02
1.495468926553672588e+02
1.496768361581921170e+02
1.498180790960452100e+02
1.499615819209039671e+02
1.501175141242937912e+02
1.502497175141243133e+02
1.503457627118644382e+02
1.504000000000000341e+02
1.504350282485875994e+02
1.504248587570621680e+02
1.503796610169491714e+02
1.502949152542373099e+02
1.501932203389830534e+02
1.500406779661017254e+02
1.498621468926554030e+02
1.496757062146892849e+02
1.494677966101695290e+02
1.492553672316384450e+02
1.490553672316384564e+02
1.488576271186441033e+02
1.486531073446328151e+02
1.484576271186440977e+02
1.482655367231638763e+02
1.480949152542372929e+02
1.479514124293785926e+02
1.478045197740113395e+02
1.476790960451977810e+02
1.475638418079096255e+02
1.474700564971751646e+02
1.473853107344633031e+02
1.473152542372881726e+02
1.472813559322033825e+02
1.472463276836158457e+02
1.472418079096045460e+02
1.472474576271186493e+02
1.472870056497175142e+02
1.473401129943503065e+02
1.473864406779661067e+02
1.474700564971751646e+02
1.475706214689265607e+02
1.476813559322033882e+02
1.478090395480226107e+02
1.479604519774011351e+02
1.481435028248587855e+02
1.483231638418079115e+02
1.485186440677966289e+02
1.487186440677966459e+02
1.489480225988700681e+02
1.491774011299435472e+02
1.494090395480226334e+02
1.496542372881356187e+02
1.498892655367232010e+02
1.501242937853107833e+02
1.503638418079096368e+02
1.505762711864406924e+02
1.507548022598870432e+02
1.508960451977401362e+02
1.510101694915254598e+02
1.510937853107344893e+02
1.511401129943503179e+02
1.511468926553672532e+02
1.511355932203390182e+02
1.510870056497175540e+02
1.509932203389830931e+02
1.508655367231638706e+02
1.507118644067796822e+02
1.505118644067796936e+02
1.503536723163842055e+02
1.501887005649717821e+02
1.500079096045197957e+02
1.498711864406780023e+02
1.497435028248588083e+02
1.496056497175141544e+02
1.494903954802260273e+02
1.493875706214689671e+02
1.492836158192090465e+02
1.492033898305084847e+02
1.491322033898305222e+02
1.490621468926553916e+02
1.489988700564971964e+02
1.489559322033898638e+02
1.489005649717514359e+02
1.488790960451977696e+02
1.488644067796610386e+02
1.488463276836158684e+02
1.488395480225988763e+02
1.488440677966101759e+02
1.488632768361582066e+02
1.488824858757062088e+02
1.489141242937853349e+02
1.489672316384180704e+02
1.490271186440677980e+02
1.490937853107344893e+02
1.491683615819209194e+02
1.492644067796610443e+02
1.493548022598870375e+02
1.494451977401130307e+02
1.495661016949152895e+02
1.496903954802260159e+02
1.498259887005650057e+02
1.499581920903954995e+02
1.500677966101695233e+02
1.501536723163841884e+02
1.502022598870056811e+02
1.502101694915254484e+02
1.502022598870056527e+02
1.501514124293785528e+02
1.500757062146893190e+02
1.499898305084745971e+02
1.498610169491525994e+02
1.496960451977401476e+02
1.495096045197740295e+02
1.493276836158192395e+02
1.491525423728813848e+02
1.489920903954802611e+02
1.488372881355932691e+02
1.486824858757062486e+02
1.485514124293785585e+02
1.484158192090395687e+02
1.483062146892655733e+02
1.482022598870057095e+02
1.481322033898305506e+02
1.480553672316384564e+02
1.479909604519774575e+02
1.479536723163842282e+02
1.479401129943503292e+02
1.479491525423729286e+02
1.479774011299435301e+02
1.480135593220339558e+02
1.480610169491525880e+02
1.481378531073446538e+02
1.482361581920904428e+02
1.483389830508475029e+02
1.484621468926553973e+02
1.486067796610170149e+02
1.487661016949152781e+02
1.489480225988701250e+02
1.491559322033898809e+02
1.493627118644068332e+02
1.495796610169492169e+02
1.498316384180791374e+02
1.500915254237288536e+02
1.503435028248588026e+02
1.505728813559322248e+02
1.507932203389830761e+02
1.509717514124294269e+02
1.511378531073446538e+02
1.512768361581921397e+02
1.513932203389830988e+02
1.515039548022599547e+02
1.515559322033898866e+02
1.515909604519774518e+02
1.516067796610169864e+02
1.515943502824859195e+02
1.515378531073446879e+02
1.514474576271186947e+02
1.513457627118644382e+02
1.511841807909605109e+02
1.510101694915254598e+02
1.508135593220339388e+02
1.505988700564972191e+02
1.504033898305085302e+02
1.502124293785311409e+02
1.500293785310735188e+02
1.498564971751412997e+02
1.496971751412430081e+02
1.495468926553672588e+02
1.494056497175141658e+02
1.492768361581921397e+02
1.491841807909605109e+02
1.490802259887005903e+02
1.490056497175141601e+02
1.489446327683616005e+02
1.488926553672316686e+02
1.488282485875706698e+02
1.488045197740113395e+02
1.487864406779661408e+02
1.487661016949152781e+02
1.487774011299435415e+02
1.487807909604520091e+02
1.488067796610170035e+02
1.488395480225989331e+02
1.488836158192090693e+02
1.489288135593220659e+02
1.489853107344633258e+02
1.490666666666667197e+02
1.491796610169491828e+02
1.492666666666667084e+02
1.493672316384181329e+02
1.494983050847458230e+02
1.496305084745763168e+02
1.497536723163842112e+02
1.498960451977401647e+02
1.500395480225989218e+02
1.501231638418079513e+02
1.501875706214689785e+02
1.502146892655367765e+02
1.502248587570621794e+02
1.501943502824859138e+02
1.501355932203390466e+02
1.500497175141243247e+02
1.499231638418079342e+02
1.497661016949152781e+02
1.495943502824859195e+02
1.494033898305085017e+02
1.491830508474576504e+02
1.489536723163841998e+02
1.487480225988700795e+02
1.485333333333333599e+02
1.483254237288135755e+02
1.481242937853107833e+02
1.479412429378531613e+02
1.477785310734463735e+02
1.475920903954802839e+02
1.474395480225989274e+02
1.473005649717514416e+02
1.471841807909605109e+02
1.470768361581921226e+02
1.469841807909604938e+02
1.469016949152542679e+02
1.468463276836158684e+02
1.468180790960452100e+02
1.468000000000000114e+02
1.468079096045198071e+02
1.468327683615819410e+02
1.468632768361582350e+02
1.469107344632768672e+02
1.469830508474576618e+02
1.470745762711864586e+02
1.471853107344633145e+02
1.473231638418079399e+02
1.474644067796610329e+02
1.476158192090395573e+02
1.477898305084746085e+02
1.479706214689265948e+02
1.481796610169491828e+02
1.483864406779661067e+02
1.486045197740113224e+02
1.488158192090395460e+02
1.490440677966101930e+02
1.492745762711864472e+02
1.495016949152542622e+02
1.497152542372881499e+02
1.499073446327683712e+02
1.500598870056497276e+02
1.501785310734463224e+02
1.502711864406779796e+02
1.503231638418079115e+02
1.503412429378531101e+02
1.503231638418079115e+02
1.502779661016949149e+02
1.501887005649717821e+02
1.500768361581921226e+02
1.499355932203390012e+02
1.497751412429378775e+02
1.496259887005649603e+02
1.494937853107344949e+02
1.493581920903955051e+02
1.492519774011299489e+02
1.491525423728813564e+02
1.490700564971751305e+02
1.489819209039548014e+02
1.489096045197740068e+02
1.488395480225988763e+02
1.487954802259887401e+02
1.487525423728813792e+02
1.487163841807909819e+02
1.487084745762712146e+02
1.486960451977401476e+02
1.487129943502824858e+02
1.487118644067796822e+02
1.487310734463276845e+02
1.487819209039548127e+02
1.488225988700565097e+02
1.488689265536723383e+02
1.489299435028248695e+02
1.489977401129943644e+02
1.490723163841807946e+02
1.491570621468926561e+02
1.492485875706215097e+02
1.493401129943503065e+02
1.494587570621469013e+02
1.495909604519774234e+02
1.497299435028248524e+02
1.498497175141242792e+02
1.499898305084745971e+02
1.501548022598869920e+02
1.503050847457627128e+02
1.504598870056497333e+02
1.506271186440678207e+02
1.507638418079096141e+02
1.508655367231638706e+02
1.509333333333333371e+02
1.509740112994350625e+02
1.509841807909604370e+02
1.509514124293785358e+02
1.508915254237288082e+02
1.507954802259886833e+02
1.506734463276836209e+02
1.505073446327683655e+02
1.503310734463276788e+02
1.501231638418079228e+02
1.499220338983050738e+02
1.497288135593220204e+02
1.495344632768361635e+02
1.493457627118643813e+02
1.491864406779660897e+02
1.490214689265536663e+02
1.488937853107344722e+02
1.487661016949152497e+02
1.486519774011299546e+02
1.485559322033898297e+02
1.484881355932203348e+02
1.484305084745762713e+02
1.483762711864407038e+02
1.483740112994350397e+02
1.483740112994350397e+02
1.483966101694915380e+02
1.484361581920904030e+02
1.485073446327683655e+02
1.485841807909604597e+02
1.486870056497174915e+02
1.488180790960452100e+02
1.489740112994350341e+02
1.491254237288135869e+02
1.493028248587570772e+02
1.494960451977401021e+02
1.497118644067796822e+02
1.499344632768361407e+02
1.501785310734463224e+02
1.504406779661017026e+02
1.507062146892655505e+02
1.509853107344632690e+02
1.512621468926553803e+02
1.515028248587570658e+02
1.517175141242937855e+02
1.518881355932203405e+02
1.520429378531073326e+02
1.521762711864406583e+02
1.522677966101695120e+02
1.523265536723163791e+02
1.523717514124293757e+02
1.523785310734463110e+02
1.523389830508474461e+02
1.522723163841807832e+02
1.521604519774011237e+02
1.520259887005649944e+02
1.518451977401130080e+02
1.516519774011299546e+02
1.514350282485875709e+02
1.512169491525423837e+02
1.510011299435028036e+02
1.508079096045197502e+02
1.506271186440677923e+02
1.504406779661017026e+02
1.502949152542372815e+02
1.501548022598870205e+02
1.500169491525423950e+02
1.498994350282486039e+02
1.497988700564971509e+02
1.496915254237288195e+02
1.496203389830508570e+02
1.495615819209039614e+02
1.495163841807909648e+02
1.494745762711864643e+02
1.494474576271186663e+02
1.494203389830508399e+02
1.494112994350282690e+02
1.494180790960452043e+02
1.494361581920904030e+02
1.494632768361582009e+02
1.494926553672316345e+02
1.495367231638418275e+02
1.495977401129943587e+02
1.496802259887005562e+02
1.497615819209039500e+02
1.498542372881356073e+02
1.499672316384180704e+02
1.500881355932203292e+02
1.502180790960451873e+02
1.503412429378531101e+02
1.504960451977401021e+02
1.506463276836158229e+02
1.507988700564971793e+02
1.509152542372881385e+02
1.510056497175141317e+02
1.510576271186440636e+02
1.510734463276836266e+02
1.510598870056497276e+02
1.510124293785310670e+02
1.509299435028248695e+02
1.508146892655367139e+02
1.506508474576270942e+02
1.504587570621469013e+02
1.502485875706214813e+02
1.500158192090395630e+02
1.498000000000000114e+02
1.496011299435028263e+02
1.493796610169491714e+02
1.491672316384180874e+02
1.489830508474576334e+02
1.487977401129943473e+02
1.486305084745762883e+02
1.484723163841807718e+02
1.483310734463277072e+02
1.482101694915254200e+02
1.481062146892655278e+02
1.480169491525423950e+02
1.479367231638418332e+02
1.478858757062146765e+02
1.478440677966101759e+02
1.478225988700564812e+02
1.478101694915254143e+02
1.478395480225988763e+02
1.478813559322034052e+02
1.479344632768361691e+02
1.480067796610169353e+02
1.481016949152542566e+02
1.482158192090395517e+02
1.483355932203389784e+02
1.484915254237288309e+02
1.486531073446327582e+02
1.488395480225988763e+02
1.490338983050847332e+02
1.492451977401129852e+02
1.494655367231638365e+02
1.496937853107344836e+02
1.499322033898305335e+02
1.501683615819208910e+02
1.504203389830508399e+02
1.506553672316384223e+02
1.508836158192090124e+02
1.510734463276836266e+02
1.512451977401129852e+02
1.513740112994350397e+02
1.514745762711864359e+02
1.515401129943502951e+02
1.515864406779660953e+02
1.515898305084745630e+02
1.515627118644067650e+02
1.515039548022598979e+02
1.514056497175141089e+02
1.512745762711864472e+02
1.511163841807909876e+02
1.509536723163841998e+02
1.507887005649717480e+02
1.506406779661016913e+02
1.504836158192090352e+02
1.503412429378531101e+02
1.502327683615819183e+02
1.501220338983050908e+02
1.500248587570621339e+02
1.499389830508474688e+02
1.498666666666666742e+02
1.498079096045197787e+02
1.497570621468926788e+02
1.497276836158192168e+02
1.497028248587570545e+02
1.496971751412429512e+02
1.496937853107344836e+02
1.496994350282486153e+02
1.497107344632768218e+02
1.497525423728813507e+02
1.498022598870056470e+02
1.498610169491525426e+02
1.499333333333333371e+02
1.500079096045197957e+02
1.501039548022598922e+02
1.502101694915254200e+02
1.503276836158191827e+02
1.504610169491525085e+02
1.506033898305084904e+02
1.507401129943502838e+02
1.508892655367231725e+02
1.510531073446327639e+02
1.512237288135593190e+02
1.514112994350282406e+02
1.515762711864406924e+02
1.517005649717514189e+02
1.517898305084745800e+02
1.518497175141242792e+02
1.518689265536723099e+02
1.518768361581920772e+02
1.518395480225988763e+02
1.517570621468926504e+02
1.516757062146892849e+02
1.515344632768361635e+02
1.513774011299435074e+02
1.511875706214689217e+02
1.509638418079096027e+02
1.507276836158192168e+02
1.504802259887005675e+02
1.502350282485875823e+02
1.500079096045197389e+02
1.497785310734463167e+02
1.495649717514124291e+02
1.493581920903954483e+02
1.491649717514123950e+02
1.489920903954802043e+02
1.488474576271186152e+02
1.486971751412429228e+02
1.485740112994350000e+02
1.484836158192090352e+02
1.483999999999999773e+02
1.483378531073446140e+02
1.483062146892655164e+02
1.483005649717513847e+02
1.483163841807909478e+02
1.483378531073446140e+02
1.483762711864406469e+02
1.484451977401129739e+02
1.485367231638417707e+02
1.486316384180790919e+02
1.487570621468926220e+02
1.488971751412429398e+02
1.490677966101694665e+02
1.492485875706214529e+02
1.494508474576271055e+02
1.496474576271186265e+02
1.498779661016949092e+02
1.501299435028248581e+02
1.503762711864406469e+02
1.506463276836158229e+02
1.509005649717514075e+02
1.511186440677965948e+02
1.513288135593220431e+02
1.514971751412429057e+02
1.516474576271186265e+02
1.517604519774011180e+02
1.518553672316384109e+02
1.519197740112994097e+02
1.519446327683615436e+02
1.519435028248587400e+02
1.519129943502824744e+02
1.518429378531073155e+02
1.517367231638417877e+02
1.516056497175140976e+02
1.514429378531073382e+02
1.512519774011299205e+02
1.510350282485875653e+02
1.508192090395480136e+02
1.506192090395480250e+02
1.504248587570621396e+02
1.502463276836157888e+02
1.500824858757061975e+02
1.499333333333333087e+02
1.497728813559321850e+02
1.496598870056496935e+02
1.495355932203389671e+02
1.494316384180790749e+02
1.493525423728813166e+02
1.492689265536723155e+02
1.491909604519773893e+02
1.491322033898305222e+02
1.490926553672316572e+02
1.490542372881355959e+02
1.490350282485875368e+02
1.490180790960451986e+02
1.490237288135593303e+02
1.490282485875706016e+02
1.490485875706214642e+02
1.490757062146892622e+02
1.491197740112994268e+02
1.491683615819208626e+02
1.492406779661016571e+02
1.493322033898304824e+02
1.494192090395479795e+02
1.495163841807909364e+02
1.496350282485875312e+02
1.497570621468926220e+02
1.498858757062146481e+02
1.500327683615818728e+02
1.501898305084745573e+02
1.503412429378530817e+02
1.504632768361581725e+02
1.505570621468926333e+02
1.506259887005649603e+02
1.506689265536722928e+02
1.506655367231638252e+02
1.506259887005649603e+02
1.505604519774011010e+02
1.504576271186440408e+02
1.503152542372881157e+02
1.501559322033897956e+02
1.499581920903954710e+02
1.497548022598869863e+02
1.495604519774011294e+02
1.493638418079095800e+02
1.491728813559321907e+02
1.489932203389830363e+02
1.488214689265536776e+02
1.486542372881355902e+02
1.485096045197740011e+02
1.483909604519773779e+02
1.482576271186440522e+02
1.481559322033897956e+02
1.480790960451977298e+02
1.480090395480225709e+02
1.479694915254237344e+02
1.479378531073446368e+02
1.479276836158192054e+02
1.479367231638418048e+02
1.479762711864406697e+02
1.480124293785310670e+02
1.480723163841807946e+02
1.481581920903954597e+02
1.482564971751412486e+02
1.483751412429378433e+02
1.485107344632768331e+02
1.486621468926553575e+02
1.488361581920904086e+02
1.490259887005649659e+02
1.492316384180791147e+02
1.494677966101695006e+02
1.496994350282485868e+02
1.499457627118644041e+02
1.502011299435028207e+02
1.504666666666666686e+02
1.507299435028248524e+02
1.510101694915254029e+02
1.512881355932203178e+02
1.515367231638417991e+02
1.517604519774011180e+02
1.519536723163841714e+02
1.521073446327683598e+02
1.522406779661017140e+02
1.523355932203389784e+02
1.524022598870056413e+02
1.524248587570621396e+02
1.524214689265536435e+02
1.523683615819209081e+02
1.522994350282485811e+02
1.521999999999999886e+02
1.520531073446327355e+02
1.518689265536723383e+02
1.516881355932203519e+02
1.515175141242937684e+02
1.513468926553672418e+02
1.512045197740113167e+02
1.510677966101694949e+02
1.509514124293785358e+02
1.508372881355932122e+02
1.507367231638418161e+02
1.506610169491524971e+02
1.505853107344632917e+02
1.505265536723163677e+02
1.504655367231638365e+02
1.504406779661016742e+02
1.504146892655367083e+02
1.503988700564971737e+02
1.503853107344632463e+02
1.504033898305084449e+02
1.504225988700565040e+02
1.504531073446327696e+02
1.504757062146892679e+02
1.505333333333333030e+02
1.505932203389830306e+02
1.506474576271186265e+02
1.507163841807909535e+02
1.508045197740112826e+02
1.509175141242938025e+02
1.510485875706214642e+02
1.511683615819208910e+02
1.512915254237288138e+02
1.514237288135593076e+02
1.515672316384180647e+02
1.517050847457626901e+02
1.518700564971751419e+02
1.519977401129943360e+02
1.520858757062146651e+02
1.521333333333333258e+02
1.521615819209039273e+02
1.521559322033897956e+02
1.521175141242937912e+02
1.520372881355932009e+02
1.519333333333333371e+02
1.518079096045197502e+02
1.516384180790960272e+02
1.514440677966101703e+02
1.512282485875705902e+02
1.510214689265536663e+02
1.508192090395480136e+02
1.506192090395480250e+02
1.504316384180791033e+02
1.502542372881355845e+02
1.500881355932203292e+02
1.499209039548022702e+02
1.497841807909604483e+02
1.496519774011299546e+02
1.495480225988700340e+02
1.494485875706214415e+02
1.493706214689265721e+02
1.493016949152542452e+02
1.492598870056497162e+02
1.492451977401129852e+02
1.492271186440677866e+02
1.492361581920903859e+02
1.492745762711864472e+02
1.493355932203389784e+02
1.493853107344632463e+02
1.494779661016949035e+02
1.495853107344632917e+02
1.497039548022598865e+02
1.498700564971751419e+02
1.500293785310734336e+02
1.502158192090395232e+02
1.503954802259887060e+02
1.505966101694915267e+02
1.508124293785310783e+02
1.510418079096045290e+02
1.512836158192090465e+02
1.515389830508474347e+02
1.517717514124293530e+02
1.519785310734463337e+02
1.521548022598869920e+02
1.523129943502825085e+02
1.524497175141242735e+02
1.525536723163841657e+02
1.526203389830508286e+02
1.526598870056496935e+02
1.526564971751412259e+02
1.526316384180790635e+02
1.525751412429378320e+02
1.524836158192090352e+02
1.523615819209039728e+02
1.522146892655367196e+02
1.520395480225988649e+02
1.518259887005649489e+02
1.515954802259886947e+02
1.513830508474576106e+02
1.511751412429378547e+02
1.509706214689265380e+02
1.507841807909604483e+02
1.506022598870056299e+02
1.504553672316384336e+02
1.503073446327683769e+02
1.501638418079096198e+02
1.500316384180790976e+02
1.499220338983050738e+02
1.498192090395480136e+02
1.497118644067796822e+02
1.496316384180790919e+02
1.495536723163841657e+02
1.494813559322033711e+02
1.494350282485875709e+02
1.493774011299435074e+02
1.493423728813559137e+02
1.493276836158192111e+02
1.493050847457627128e+02
1.493050847457627128e+02
1.493005649717513847e+02
1.493265536723163791e+02
1.493446327683615777e+02
1.493932203389830420e+02
1.494361581920903745e+02
1.495016949152542338e+02
1.495853107344632633e+02
1.496632768361581611e+02
1.497480225988700226e+02
1.498700564971751419e+02
1.499875706214689330e+02
1.500983050847457605e+02
1.502406779661016856e+02
1.503751412429378433e+02
1.504949152542372701e+02
1.505774011299434960e+02
1.506384180790960272e+02
1.506429378531073269e+02
1.506271186440677639e+02
1.505672316384180647e+02
1.504836158192090352e+02
1.503502824858757094e+02
1.502056497175141203e+02
1.500305084745762656e+02
1.498327683615818842e+02
1.496372881355932236e+02
1.494474576271186379e+02
1.492531073446327810e+02
1.490757062146892622e+02
1.489050847457627356e+02
1.487435028248587514e+02
1.485864406779660953e+02
1.484497175141243019e+02
1.483197740112994438e+02
1.482090395480225880e+02
1.481141242937853235e+02
1.480395480225988649e+02
1.479774011299435301e+02
1.479412429378531044e+02
1.479096045197740352e+02
1.479062146892655392e+02
1.479197740112994381e+02
1.479423728813559364e+02
1.479774011299435017e+02
1.480350282485875653e+02
1.481118644067796595e+02
1.481988700564971850e+02
1.483118644067796481e+02
1.484293785310734393e+02
1.485841807909604597e+02
1.487344632768361521e+02
1.488971751412429398e+02
1.490858757062146935e+02
1.492802259887005789e+02
1.494802259887005675e+02
1.496858757062146879e+02
1.499016949152542111e+02
1.501163841807909591e+02
1.503389830508474461e+02
1.505728813559322248e+02
1.508169491525424064e+02
1.510395480225988649e+02
1.512271186440677866e+02
1.513796610169491430e+02
1.515141242937853008e+02
1.516237288135593246e+02
1.516892655367231555e+02
1.517322033898304880e+02
1.517344632768361521e+02
1.517084745762711577e+02
1.516463276836158229e+02
1.515683615819208967e+02
1.514485875706214699e+02
1.513016949152542452e+02
1.511548022598870205e+02
1.510282485875706300e+02
1.509129943502824744e+02
1.508056497175141430e+02
1.507050847457627185e+02
1.506316384180790919e+02
1.505661016949152611e+02
1.505084745762711691e+02
1.504621468926553689e+02
1.504395480225988422e+02
1.504192090395480363e+02
1.503977401129943416e+02
1.504056497175141089e+02
1.504237288135593360e+02
1.504474576271186663e+02
1.504779661016949035e+02
1.505254237288135641e+02
1.505807909604519637e+02
1.506497175141242906e+02
1.507231638418079172e+02
1.508056497175141146e+02
1.508937853107344438e+02
1.510022598870056356e+02
1.511265536723163905e+02
1.512621468926553803e+02
1.514067796610169694e+02
1.515649717514124291e+02
1.517163841807909535e+02
1.518813559322033768e+02
1.520677966101694665e+02
1.522463276836157888e+02
1.524305084745762713e+02
1.526056497175140976e+02
1.527389830508474518e+02
1.528474576271186436e+02
1.529276836158192054e+02
1.529774011299434733e+02
1.529932203389830363e+02
1.529717514124293700e+02
1.529242937853107378e+02
1.528429378531073439e+02
1.527378531073446197e+02
1.525932203389830306e+02
1.524259887005649716e+02
1.522237288135593190e+02
1.520033898305084676e+02
1.517661016949152497e+02
1.515310734463276958e+02
1.512994350282485811e+02
1.510960451977401249e+02
1.508858757062146765e+02
1.507016949152542509e+02
1.505254237288135641e+02
1.503604519774011408e+02
1.502158192090395517e+02
1.500892655367231612e+02
1.499717514124293984e+02
1.498745762711864415e+02
1.498033898305084790e+02
1.497536723163841827e+02
1.497242937853107492e+02
1.497016949152542225e+02
1.497265536723163564e+02
1.497593220338983144e+02
1.498056497175141146e+02
1.498757062146892736e+02
1.499785310734463337e+02
1.500949152542373213e+02
1.502316384180791147e+02
1.503785310734463394e+02
1.505514124293785585e+02
1.507435028248587514e+02
1.509536723163841998e+02
1.511672316384180590e+02
1.513943502824858740e+02
1.516440677966101589e+02
1.518926553672316118e+02
1.521344632768361578e+02
1.523649717514124404e+02
1.525502824858756981e+02
1.527107344632768218e+02
1.528621468926553462e+02
1.529638418079096027e+02
1.530632768361581952e+02
1.531129943502824631e+02
1.531344632768361578e+02
1.531197740112993984e+02
1.530666666666666629e+02
1.529898305084745402e+02
1.528836158192090124e+02
1.527502824858756867e+02
1.525819209039547673e+02
1.523875706214689103e+02
1.521807909604519580e+02
1.519570621468926390e+02
1.517581920903954540e+02
1.515480225988700340e+02
1.513559322033898127e+02
1.511920903954802213e+02
1.510271186440677980e+02
1.508700564971751135e+02
1.507231638418078887e+02
1.506022598870056299e+02
1.504757062146892395e+02
1.503593220338983087e+02
1.502621468926553518e+02
1.501661016949152554e+02
1.500937853107344608e+02
1.500237288135593303e+02
1.499593220338983031e+02
1.499073446327683712e+02
1.498610169491525426e+02
1.498327683615819410e+02
1.498090395480226107e+02
1.497887005649717480e+02
1.497819209039548127e+02
1.497807909604519807e+02
1.498033898305084790e+02
1.498305084745762770e+02
1.498677966101695063e+02
1.499197740112994097e+02
1.499649717514124347e+02
1.500259887005649944e+02
1.500994350282485925e+02
1.501830508474576504e+02
1.502836158192090465e+02
1.503909604519774064e+02
1.504892655367231669e+02
1.505661016949152611e+02
1.506045197740112940e+02
1.506259887005649603e+02
1.505898305084745630e+02
1.505254237288135641e+02
1.504587570621469013e+02
1.503401129943503065e+02
1.501853107344632576e+02
1.500440677966101930e+02
1.498779661016949092e+02
1.497344632768361521e+02
1.496000000000000227e+02
1.494632768361582009e+02
1.493118644067796765e+02
1.491853107344633145e+02
1.490474576271186606e+02
1.489175141242938025e+02
1.488090395480226107e+02
1.487141242937853178e+02
1.486248587570621567e+02
1.485581920903954938e+02
1.485107344632768331e+02
1.484711864406779682e+02
1.484463276836158343e+02
1.484361581920904030e+02
1.484429378531073667e+02
1.484689265536723042e+02
1.485141242937853292e+02
1.485774011299435244e+02
1.486677966101694892e+02
1.487593220338983144e+02
1.488723163841808059e+02
1.490011299435028320e+02
1.491559322033898241e+02
1.493163841807909762e+02
1.494870056497175028e+02
1.496903954802259591e+02
1.499107344632768104e+02
1.501355932203389898e+02
1.503661016949152440e+02
1.506124293785310897e+02
1.508655367231638706e+02
1.511254237288135585e+02
1.514056497175141089e+02
1.516836158192090238e+02
1.519435028248587400e+02
1.521480225988700568e+02
1.523401129943503065e+02
1.525005649717514302e+02
1.526418079096044949e+02
1.527389830508474802e+02
1.528180790960452100e+02
1.528711864406780023e+02
1.528903954802260046e+02
1.528564971751412713e+02
1.528079096045198071e+02
1.527344632768361805e+02
1.526214689265536890e+02
1.524790960451977639e+02
1.523005649717514416e+02
1.521129943502825199e+02
1.519593220338983315e+02
1.518079096045198071e+02
1.516632768361582180e+02
1.515378531073446595e+02
1.514406779661017026e+02
1.513322033898305108e+02
1.512440677966101816e+02
1.511683615819209194e+02
1.511118644067796595e+02
1.510531073446327923e+02
1.510169491525423950e+02
1.509920903954802327e+02
1.509762711864406697e+02
1.509706214689265664e+02
1.509728813559322020e+02
1.510022598870056640e+02
1.510237288135593303e+02
1.510813559322033939e+02
1.511367231638417934e+02
1.512045197740113167e+02
1.512847457627118786e+02
1.513683615819209081e+02
1.514734463276836323e+02
1.515830508474576277e+02
1.517062146892655505e+02
1.518271186440678093e+02
1.519898305084745971e+02
1.521480225988700568e+02
1.522994350282485811e+02
1.524779661016949035e+02
1.526700564971751533e+02
1.528598870056497390e+02
1.530497175141243247e+02
1.532056497175141203e+02
1.533276836158192395e+02
1.534350282485875709e+02
1.534915254237288309e+02
1.535209039548022929e+02
1.535310734463276958e+02
1.535288135593220602e+02
1.534915254237288309e+02
1.534045197740113053e+02
1.533016949152542452e+02
1.531694915254237230e+02
1.530056497175141317e+02
1.528271186440678093e+02
1.526293785310734563e+02
1.523954802259887060e+02
1.521717514124293871e+02
1.519514124293785358e+02
1.517514124293785471e+02
1.515649717514124291e+02
1.513683615819209081e+02
1.512045197740113167e+02
1.510508474576271283e+02
1.509299435028248695e+02
1.508192090395480420e+02
1.507310734463276845e+02
1.506350282485875596e+02
1.505796610169491601e+02
1.505480225988700340e+02
1.505062146892655335e+02
1.505005649717514302e+02
1.505389830508474347e+02
1.505932203389830306e+02
1.506395480225988592e+02
1.507310734463276845e+02
1.508305084745762770e+02
1.509502824858757037e+02
1.510745762711864586e+02
1.512169491525423837e+02
1.513819209039548355e+02
1.515604519774011294e+02
1.517638418079096141e+02
1.519717514124293700e+02
1.521853107344632861e+02
1.524135593220339047e+02
1.526395480225988877e+02
1.528508474576271396e+02
1.530237288135593303e+02
1.531898305084745857e+02
1.533367231638418104e+02
1.534372881355932350e+02
1.535186440677966289e+02
1.535581920903954938e+02
1.535774011299434960e+02
1.535683615819208967e+02
1.535367231638418275e+02
1.534576271186440977e+02
1.533593220338983087e+02
1.532293785310734506e+02
1.530790960451977298e+02
1.528903954802260046e+02
1.527005649717514189e+02
1.525310734463276958e+02
1.523491525423729058e+02
1.521954802259887174e+02
1.520474576271186606e+02
1.519107344632768388e+02
1.517966101694915437e+02
1.516802259887005562e+02
1.515774011299434960e+02
1.514689265536723042e+02
1.514067796610169694e+02
1.513401129943503065e+02
1.512971751412429740e+02
1.512610169491525767e+02
1.512225988700565154e+02
1.512079096045198128e+02
1.511988700564971850e+02
1.512124293785311124e+02
1.512350282485875823e+02
1.512576271186441090e+02
1.513028248587571056e+02
1.513457627118644382e+02
1.514011299435028377e+02
1.514621468926553689e+02
1.515401129943502951e+02
1.516440677966101873e+02
1.517480225988700795e+02
1.518757062146892736e+02
1.520056497175141317e+02
1.521367231638418218e+02
1.522960451977401135e+02
1.524429378531073667e+02
1.526022598870056868e+02
1.527581920903954824e+02
1.528949152542372758e+02
1.529728813559322020e+02
1.530214689265536663e+02
1.530350282485875937e+02
1.530045197740113281e+02
1.529581920903954995e+02
1.528734463276836379e+02
1.527514124293785471e+02
1.526000000000000227e+02
1.524146892655367651e+02
1.522135593220339160e+02
1.520112994350282634e+02
1.517966101694915437e+02
1.515943502824858911e+02
1.513932203389830704e+02
1.512079096045197844e+02
1.510361581920904257e+02
1.508587570621469069e+02
1.507073446327683826e+02
1.505694915254237571e+02
1.504440677966101703e+02
1.503412429378531101e+02
1.502463276836158457e+02
1.501706214689265835e+02
1.501084745762711918e+02
1.500881355932203860e+02
1.500621468926553916e+02
1.500598870056497560e+02
1.500802259887005903e+02
1.501209039548023156e+02
1.501774011299435472e+02
1.502440677966102101e+02
1.503480225988701022e+02
1.504655367231638650e+02
1.505909604519774234e+02
1.507491525423729115e+02
1.509163841807909989e+02
1.510937853107344893e+02
1.512926553672316459e+02
1.515096045197740580e+02
1.517355932203390125e+02
1.519841807909604654e+02
1.522418079096045744e+02
1.525016949152542907e+02
1.527943502824859081e+02
1.530768361581921226e+02
1.533514124293785699e+02
1.536214689265536890e+02
1.538440677966102044e+02
1.540474576271186606e+02
1.542237288135593474e+02
1.543446327683616346e+02
1.544553672316384620e+02
1.545084745762712259e+02
1.545355932203390239e+02
1.545389830508474915e+02
1.544915254237288593e+02
1.544079096045198298e+02
1.542926553672317027e+02
1.541604519774011806e+02
1.539672316384181272e+02
1.537683615819209422e+02
1.535932203389830875e+02
1.534203389830508968e+02
1.532655367231639048e+02
1.531220338983051192e+02
1.529875706214689899e+02
1.528723163841808343e+02
1.527514124293785471e+02
1.526621468926554144e+02
1.525694915254237571e+02
1.525163841807909932e+02
1.524644067796610329e+02
1.524169491525424007e+02
1.523819209039548355e+02
1.523570621468927015e+02
1.523525423728813735e+02
1.523593220338983087e+02
1.523581920903955051e+02
1.523819209039548355e+02
1.524248587570621680e+02
1.524790960451977639e+02
1.525355932203390239e+02
1.526033898305084904e+02
1.526870056497175483e+02
1.527853107344633088e+02
1.528971751412429683e+02
1.530135593220339274e+02
1.531491525423728888e+02
1.532903954802260102e+02
1.534406779661017026e+02
1.536022598870056584e+02
1.537762711864407095e+02
1.539480225988700681e+02
1.541209039548022588e+02
1.542677966101695120e+02
1.543966101694915665e+02
1.544790960451977639e+02
1.545254237288135641e+02
1.545627118644068219e+02
1.545536723163841941e+02
1.544960451977401590e+02
1.543988700564972021e+02
1.542836158192090750e+02
1.541231638418079228e+02
1.539468926553672645e+02
1.537299435028248809e+02
1.534836158192090636e+02
1.532259887005649830e+02
1.530033898305084676e+02
1.527717514124293814e+02
1.525593220338983258e+02
1.523435028248587741e+02
1.521581920903955165e+02
1.519762711864406981e+02
1.518067796610169751e+02
1.516655367231638820e+02
1.515344632768361635e+02
1.514101694915254370e+02
1.513016949152542452e+02
1.512293785310734506e+02
1.511807909604519864e+02
1.511525423728813848e+02
1.511468926553672532e+02
1.511525423728813848e+02
1.511864406779661181e+02
1.512384180790960500e+02
1.513175141242937798e+02
1.514124293785310726e+02
1.515186440677966289e+02
1.516474576271186265e+02
1.517909604519774120e+02
1.519514124293785358e+02
1.521220338983050908e+02
1.523096045197740409e+02
1.525197740112994325e+02
1.527548022598870148e+02
1.529954802259887288e+02
1.532429378531073496e+02
1.535016949152542338e+02
1.537581920903954824e+02
1.539762711864406697e+02
1.541491525423728888e+02
1.543209039548022474e+02
1.544598870056497049e+02
1.545627118644067934e+02
1.546305084745762599e+02
1.546745762711864529e+02
1.546870056497175199e+02
1.546542372881355902e+02
1.546135593220338933e+02
1.545242937853107321e+02
1.544056497175141089e+02
1.542610169491525198e+02
1.540847457627118615e+02
1.538836158192090409e+02
1.536734463276836209e+02
1.534847457627118672e+02
1.533005649717514416e+02
1.531129943502824915e+02
1.529649717514124347e+02
1.528067796610169466e+02
1.526666666666666856e+02
1.525480225988700624e+02
1.524485875706214699e+02
1.523412429378531101e+02
1.522689265536723155e+02
1.521920903954802213e+02
1.521265536723163905e+02
1.520689265536723269e+02
1.520192090395480307e+02
1.519887005649717366e+02
1.519638418079096027e+02
1.519525423728813394e+02
1.519502824858757037e+02
1.519570621468926390e+02
1.519706214689265380e+02
1.520112994350282634e+02
1.520564971751412315e+02
1.521141242937852951e+02
1.521796610169491544e+02
1.522632768361581839e+02
1.523423728813559137e+02
1.524406779661017026e+02
1.525581920903954938e+02
1.526824858757062202e+02
1.528180790960452100e+02
1.529638418079096027e+02
1.531209039548022588e+02
1.532531073446327525e+02
1.533581920903954767e+02
1.534282485875706357e+02
1.534881355932203348e+02
1.535084745762711691e+02
1.534745762711864359e+02
1.534316384180791033e+02
1.533310734463276788e+02
1.532180790960451873e+02
1.530723163841807946e+02
1.528870056497175369e+02
1.526813559322034166e+02
1.524655367231638365e+02
1.522632768361581839e+02
1.520576271186440636e+02
1.518632768361581782e+02
1.516745762711864245e+02
1.515129943502824972e+02
1.513468926553672418e+02
1.511841807909604540e+02
1.510440677966101646e+02
1.509288135593220090e+02
1.508282485875706129e+02
1.507412429378530874e+02
1.506598870056497503e+02
1.506146892655367253e+02
1.505728813559322248e+02
1.505536723163841657e+02
1.505751412429378604e+02
1.506045197740112940e+02
1.506463276836158229e+02
1.507197740112994211e+02
1.507977401129943473e+02
1.508915254237288082e+02
1.510259887005649659e+02
1.511706214689265551e+02
1.513299435028248467e+02
1.515118644067796652e+02
1.517197740112994495e+02
1.519344632768361407e+02
1.521638418079095914e+02
1.524000000000000057e+02
1.526564971751412543e+02
1.529231638418079342e+02
1.532045197740113167e+02
1.534892655367231669e+02
1.537683615819209137e+02
1.540327683615819296e+02
1.542779661016949149e+02
1.544892655367231669e+02
1.546745762711864529e+02
1.548316384180791090e+02
1.549536723163841998e+02
1.550576271186440920e+02
1.551028248587570602e+02
1.551310734463276901e+02
1.551209039548022588e+02
1.550847457627118615e+02
1.550045197740112997e+02
1.548926553672316402e+02
1.547435028248587514e+02
1.545661016949152327e+02
1.543593220338983087e+02
1.541638418079096198e+02
1.539785310734463337e+02
1.538067796610169466e+02
1.536497175141242906e+02
1.535005649717514302e+02
1.533853107344633031e+02
1.532655367231638479e+02
1.531627118644067878e+02
1.530700564971751589e+02
1.530067796610169921e+02
1.529502824858757322e+02
1.529141242937853349e+02
1.528632768361582066e+02
1.528395480225988763e+02
1.528384180790960727e+02
1.528282485875706413e+02
1.528451977401130080e+02
1.528757062146892736e+02
1.529084745762712032e+02
1.529604519774011351e+02
1.530316384180791260e+02
1.531073446327683882e+02
1.531920903954802498e+02
1.532723163841807832e+02
1.533841807909604711e+02
1.535005649717514302e+02
1.536169491525423609e+02
1.537615819209039500e+02
1.539016949152542679e+02
1.540542372881355959e+02
1.542169491525423837e+02
1.543909604519774348e+02
1.545672316384180931e+02
1.547231638418079172e+02
1.548248587570621453e+02
1.549084745762712032e+02
1.549525423728813394e+02
1.549593220338983315e+02
1.549468926553672645e+02
1.549028248587570715e+02
1.548045197740113395e+02
1.546858757062147163e+02
1.545446327683615948e+02
1.543525423728813735e+02
1.541389830508474574e+02
1.539186440677966061e+02
1.536926553672316231e+02
1.534847457627118956e+02
1.532711864406779796e+02
1.530621468926553916e+02
1.528757062146892736e+02
1.527050847457627469e+02
1.525423728813559592e+02
1.524067796610169694e+02
1.522689265536723440e+02
1.521514124293785528e+02
1.520610169491525880e+02
1.519740112994350625e+02
1.519209039548022986e+02
1.518689265536723383e+02
1.518553672316384393e+02
1.518497175141243360e+02
1.518802259887006016e+02
1.519220338983051022e+02
1.519830508474576618e+02
1.520644067796610557e+02
1.521615819209039842e+02
1.522677966101695120e+02
1.524090395480226334e+02
1.525593220338983258e+02
1.527299435028248809e+02
1.529220338983051022e+02
1.531389830508474859e+02
1.533559322033898411e+02
1.535943502824858911e+02
1.538271186440678093e+02
1.540666666666666629e+02
1.543378531073446425e+02
1.545864406779660953e+02
1.547954802259887117e+02
1.549898305084745971e+02
1.551423728813559535e+02
1.552621468926553803e+02
1.553446327683616062e+02
1.554180790960452327e+02
1.554508474576271340e+02
1.554338983050847673e+02
1.553988700564972021e+02
1.553231638418079399e+02
1.552112994350282520e+02
1.550666666666666629e+02
1.548779661016949376e+02
1.546666666666666572e+02
1.544474576271186663e+02
1.542508474576271169e+02
1.540519774011299603e+02
1.538711864406779739e+02
1.537129943502824858e+02
1.535604519774011578e+02
1.534214689265537004e+02
1.532960451977401419e+02
1.531728813559322191e+02
1.530598870056497276e+02
1.529525423728813678e+02
1.528723163841808059e+02
1.527943502824858797e+02
1.527209039548022815e+02
1.526757062146892849e+02
1.526237288135593531e+02
1.525932203389830875e+02
1.525661016949152611e+02
1.525570621468926902e+02
1.525638418079096255e+02
1.525740112994350568e+02
1.525977401129943587e+02
1.526327683615819240e+02
1.526802259887005846e+02
1.527401129943502838e+02
1.528033898305084790e+02
1.528858757062146765e+02
1.529694915254237344e+02
1.530723163841807946e+02
1.531819209039547900e+02
1.532960451977401135e+02
1.534225988700565040e+02
1.535559322033898297e+02
1.537028248587570829e+02
1.538632768361582066e+02
1.539887005649717366e+02
1.540960451977401249e+02
1.541717514124293871e+02
1.541966101694915210e+02
1.541853107344632861e+02
1.541446327683615891e+02
1.540632768361581952e+02
1.539649717514124347e+02
1.538124293785310783e+02
1.536327683615819240e+02
1.534327683615819069e+02
1.532497175141242849e+02
1.530655367231638593e+02
1.528779661016949092e+02
1.526971751412429512e+02
1.525299435028248638e+02
1.523593220338983087e+02
1.522237288135593190e+02
1.520960451977401249e+02
1.519841807909604654e+02
1.518790960451977412e+02
1.517932203389830761e+02
1.517322033898305165e+02
1.516836158192090522e+02
1.516677966101694892e+02
1.516485875706214870e+02
1.516497175141242906e+02
1.516745762711864813e+02
1.517254237288135812e+02
1.518011299435028434e+02
1.518971751412429398e+02
1.520067796610169353e+02
1.521231638418079228e+02
1.522779661016949149e+02
1.524429378531073382e+02
1.526248587570621567e+02
1.528158192090395460e+02
1.530361581920903973e+02
1.532734463276836152e+02
1.535163841807909648e+02
1.537706214689265494e+02
1.540418079096045290e+02
1.543231638418079115e+02
1.546169491525423609e+02
1.549028248587570715e+02
1.551581920903954881e+02
1.553943502824859024e+02
1.555943502824858911e+02
1.557728813559322134e+02
1.559197740112994381e+02
1.560361581920903973e+02
1.561299435028248581e+02
1.561830508474576504e+02
1.562101694915254484e+02
1.561954802259887174e+02
1.561570621468926561e+02
1.561016949152542566e+02
1.560112994350282634e+02
1.558711864406780023e+02
1.557039548022598865e+02
1.555163841807909648e+02
1.553209039548022758e+02
1.551220338983051192e+02
1.549344632768361976e+02
1.547706214689265494e+02
1.546112994350282861e+02
1.544790960451977639e+02
1.543514124293785414e+02
1.542271186440678434e+02
1.541401129943503179e+02
1.540418079096045574e+02
1.539774011299435301e+02
1.539152542372881385e+02
1.538644067796610386e+02
1.538271186440678093e+02
1.538033898305085074e+02
1.537717514124294098e+02
1.537841807909604768e+02
1.537898305084746085e+02
1.538101694915254711e+02
1.538327683615819694e+02
1.538847457627118729e+02
1.539446327683616289e+02
1.540056497175141601e+02
1.540836158192090579e+02
1.541717514124293871e+02
1.542790960451977753e+02
1.543898305084746028e+02
1.545152542372881612e+02
1.546451977401130193e+02
1.547887005649717764e+02
1.549367231638418332e+02
1.551016949152542850e+02
1.552576271186441090e+02
1.553774011299435358e+02
1.554644067796610614e+02
1.555310734463277242e+02
1.555717514124294212e+02
1.555830508474576561e+02
1.555389830508474915e+02
1.554824858757062600e+02
1.553909604519774348e+02
1.552813559322034394e+02
1.551231638418079513e+02
1.549468926553672645e+02
1.547514124293785471e+02
1.545333333333333599e+02
1.543005649717514416e+02
1.540813559322033939e+02
1.538576271186441033e+02
1.536474576271186834e+02
1.534485875706214983e+02
1.532519774011299774e+02
1.530813559322034223e+02
1.529039548022599035e+02
1.527559322033898752e+02
1.526090395480226505e+02
1.524937853107344949e+02
1.523853107344633031e+02
1.523073446327683769e+02
1.522350282485875823e+02
1.521762711864407152e+02
1.521446327683616175e+02
1.521333333333333826e+02
1.521333333333333542e+02
1.521604519774011521e+02
1.522067796610169808e+02
1.522542372881356414e+02
1.523355932203390068e+02
1.524271186440678321e+02
1.525401129943502951e+02
1.526644067796610500e+02
1.528101694915254711e+02
1.529694915254237628e+02
1.531412429378531783e+02
1.533129943502825370e+02
1.535197740112994893e+02
1.537288135593220773e+02
1.539468926553672645e+02
1.541615819209039842e+02
1.543548022598870659e+02
1.545378531073446595e+02
1.546790960451977810e+02
1.547920903954802725e+02
1.548723163841808059e+02
1.549333333333333655e+02
1.549604519774011635e+02
1.549604519774011635e+02
1.549197740112994666e+02
1.548451977401130080e+02
1.547649717514124745e+02
1.546327683615819524e+02
1.544689265536723610e+02
1.542847457627119070e+02
1.541129943502825199e+02
1.539480225988700681e+02
1.537841807909604768e+02
1.536451977401130193e+02
1.535152542372881612e+02
1.533875706214689671e+02
1.532779661016949433e+02
1.531898305084746141e+02
1.530949152542373213e+02
1.530214689265537231e+02
1.529435028248587969e+02
1.528836158192090693e+02
1.528350282485876050e+02
1.527943502824859081e+02
1.527774011299435415e+02
1.527740112994350739e+02
1.527694915254237458e+02
1.527740112994350739e+02
1.527898305084746085e+02
1.528169491525424064e+02
1.528418079096045403e+02
1.528677966101695347e+02
1.529276836158192339e+02
1.529898305084745971e+02
1.530757062146893190e+02
1.531570621468927129e+02
1.532451977401130421e+02
1.533581920903955051e+02
1.534723163841808287e+02
1.536045197740113508e+02
1.537310734463277413e+02
1.538621468926554030e+02
1.540169491525423950e+02
1.541762711864407152e+02
1.543412429378531669e+02
1.544824858757062316e+02
1.545751412429378888e+02
1.546485875706214870e+02
1.546700564971752101e+02
1.546598870056497503e+02
1.546180790960452214e+02
1.545401129943503236e+02
1.544361581920904314e+02
1.543062146892655733e+02
1.541299435028249150e+02
1.539231638418079342e+02
1.537152542372881783e+02
1.535242937853107605e+02
1.533118644067797050e+02
1.531141242937853519e+02
1.529423728813559649e+02
1.527706214689266062e+02
1.526101694915254541e+02
1.524655367231638934e+02
1.523322033898305676e+02
1.522158192090395801e+02
1.521163841807909876e+02
1.520338983050847901e+02
1.519593220338983315e+02
1.519096045197740352e+02
1.518892655367232010e+02
1.518723163841808343e+02
1.518847457627118729e+02
1.519107344632768672e+02
1.519446327683616005e+02
1.520158192090395914e+02
1.521096045197740523e+02
1.522169491525424121e+02
1.523559322033898695e+02
1.524960451977401590e+02
1.526542372881356187e+02
1.528338983050847730e+02
1.530338983050847901e+02
1.532406779661017140e+02
1.534677966101695290e+02
1.537016949152542793e+02
1.539468926553672645e+02
1.542022598870057095e+02
1.544757062146892963e+02
1.547525423728814076e+02
1.550316384180791545e+02
1.552949152542373668e+02
1.555412429378531556e+02
1.557615819209040069e+02
1.559502824858757606e+02
1.561039548022599490e+02
1.562282485875706755e+02
1.563231638418079683e+02
1.563932203389830988e+02
1.564237288135593644e+02
1.564079096045198298e+02
1.563717514124294325e+02
1.563039548022599377e+02
1.562045197740113167e+02
1.560768361581921226e+02
1.559175141242938594e+02
1.557355932203390410e+02
1.555514124293785585e+02
1.553785310734463678e+02
1.552338983050848071e+02
1.550903954802260500e+02
1.549457627118644609e+02
1.548271186440678662e+02
1.547028248587570829e+02
1.546067796610170149e+02
1.545242937853107890e+02
1.544531073446328264e+02
1.543909604519774632e+02
1.543435028248588026e+02
1.543039548022599377e+02
1.542757062146893077e+02
1.542553672316384734e+02
1.542508474576271738e+02
1.542519774011300058e+02
1.542689265536723724e+02
1.543073446327684053e+02
1.543457627118644382e+02
1.543977401129943985e+02
1.544553672316384620e+02
1.545276836158192850e+02
1.545875706214689558e+02
1.546745762711864813e+02
1.547841807909604768e+02
1.548836158192090693e+02
1.549966101694915324e+02
1.551344632768361862e+02
1.552813559322034394e+02
1.554180790960452327e+02
1.555502824858757549e+02
1.556689265536723497e+02
1.557536723163842112e+02
1.558135593220339388e+02
1.558451977401130080e+02
1.558384180790960727e+02
1.557988700564972078e+02
1.557344632768362089e+02
1.556418079096045517e+02
1.555209039548022929e+02
1.553627118644068048e+02
1.551751412429379116e+02
1.549785310734463621e+02
1.547762711864407379e+02
1.545807909604520205e+02
1.543932203389830988e+02
1.542112994350283088e+02
1.540553672316384564e+02
1.538994350282486039e+02
1.537638418079096425e+02
1.536463276836158514e+02
1.535355932203390239e+02
1.534350282485875994e+02
1.533536723163842055e+02
1.532790960451977753e+02
1.532384180790961068e+02
1.532022598870056811e+02
1.532000000000000455e+02
1.532112994350282804e+02
1.532338983050847787e+02
1.532677966101695120e+02
1.533276836158192395e+02
1.534045197740113622e+02
1.534949152542372985e+02
1.536180790960452214e+02
1.537412429378531158e+02
1.539028248587570715e+02
1.540734463276836550e+02
1.542677966101695120e+02
1.544745762711864643e+02
1.546768361581921170e+02
1.548994350282486323e+02
1.551378531073446538e+02
1.553525423728813735e+02
1.555548022598870261e+02
1.557254237288135812e+02
1.558734463276836664e+02
1.559875706214689330e+02
1.560915254237288536e+02
1.561649717514124518e+02
1.562067796610169808e+02
1.562271186440678434e+02
1.562192090395480477e+02
1.561807909604519864e+02
1.560994350282486209e+02
1.559796610169491942e+02
1.558463276836158400e+02
1.556881355932203519e+02
1.554768361581920999e+02
1.552689265536723155e+02
1.550587570621469240e+02
1.548745762711864415e+02
1.546937853107344836e+02
1.545186440677966289e+02
1.543525423728813735e+02
1.542124293785311124e+02
1.540813559322034223e+02
1.539661016949152668e+02
1.538598870056497390e+02
1.537672316384181102e+02
1.536994350282486153e+02
1.536361581920904200e+02
1.535615819209039614e+02
1.535152542372881612e+02
1.534926553672316345e+02
1.534757062146892963e+02
1.534734463276836323e+02
1.534824858757062316e+02
1.534915254237288309e+02
1.535096045197740580e+02
1.535333333333333599e+02
1.535966101694915551e+02
1.536531073446328151e+02
1.537265536723164132e+02
1.538090395480226391e+02
1.539186440677966630e+02
1.540237288135593303e+02
1.541378531073446538e+02
1.542644067796610443e+02
1.544112994350282690e+02
1.545581920903954938e+02
1.547175141242938139e+02
1.548836158192090693e+02
1.550553672316384564e+02
1.552361581920904143e+02
1.554079096045197730e+02
1.555367231638418275e+02
1.556384180790960841e+02
1.556870056497175199e+02
1.557096045197740182e+02
1.556836158192090522e+02
1.556485875706215154e+02
1.555672316384181215e+02
1.554644067796610329e+02
1.553096045197740409e+02
1.551344632768361862e+02
1.549186440677966345e+02
1.546937853107344836e+02
1.544644067796610329e+02
1.542440677966101816e+02
1.540395480225988649e+02
1.538406779661017367e+02
1.536621468926554144e+02
1.534757062146892963e+02
1.533050847457627128e+02
1.531491525423729172e+02
1.530090395480225993e+02
1.528813559322034052e+02
1.527819209039548127e+02
1.526949152542372872e+02
1.526192090395480534e+02
1.525717514124293928e+02
1.525401129943502951e+02
1.525220338983050965e+02
1.525310734463276958e+02
1.525559322033898297e+02
1.525909604519774234e+02
1.526497175141243190e+02
1.527254237288135812e+02
1.528316384180791090e+02
1.529468926553672645e+02
1.530802259887005903e+02
1.532418079096045176e+02
1.534180790960452327e+02
1.536022598870056868e+02
1.537841807909604768e+02
1.539830508474576618e+02
1.542090395480226164e+02
1.544440677966101987e+02
1.546723163841808173e+02
1.549152542372881669e+02
1.551604519774011237e+02
1.554146892655367367e+02
1.556553672316384507e+02
1.558824858757062088e+02
1.560757062146892622e+02
1.562316384180791147e+02
1.563570621468926447e+02
1.564700564971751646e+02
1.565480225988700624e+02
1.565966101694915551e+02
1.565954802259886947e+02
1.565649717514124291e+02
1.565062146892655619e+02
1.564101694915254370e+02
1.562926553672316459e+02
1.561322033898305222e+02
1.559943502824858967e+02
1.558531073446328037e+02
1.557186440677966175e+02
1.555943502824858911e+02
1.554949152542372985e+02
1.554022598870056697e+02
1.553254237288135755e+02
1.552497175141243133e+02
1.552000000000000455e+02
1.551728813559322475e+02
1.551412429378531215e+02
1.551220338983051192e+02
1.551209039548022872e+02
1.551310734463277186e+02
1.551581920903955165e+02
1.551864406779661465e+02
1.552192090395480477e+02
1.552790960451977753e+02
1.553367231638418389e+02
1.554033898305085017e+02
1.554790960451977639e+02
1.555785310734463565e+02
1.556745762711864813e+02
1.557841807909604768e+02
1.559186440677966345e+02
1.560542372881356528e+02
1.561853107344633145e+02
1.563536723163842339e+02
1.565107344632768900e+02
1.566903954802260159e+02
1.568644067796610670e+02
1.570598870056497276e+02
1.572135593220339160e+02
1.573446327683616346e+02
1.574497175141243304e+02
1.575107344632768616e+02
1.575435028248587912e+02
1.575525423728813621e+02
1.575220338983050965e+02
1.574666666666666970e+02
1.573785310734463678e+02
1.572644067796610443e+02
1.570892655367231896e+02
1.569084745762712032e+02
1.566790960451977526e+02
1.564451977401130307e+02
1.562169491525423837e+02
1.560000000000000000e+02
1.557909604519774120e+02
1.555932203389830875e+02
1.553932203389830704e+02
1.552271186440678150e+02
1.550689265536723269e+02
1.549310734463277015e+02
1.548101694915254427e+02
1.547209039548022815e+02
1.546451977401130193e+02
1.545717514124293928e+02
1.545265536723164246e+02
1.545050847457627299e+02
1.545050847457627583e+02
1.545355932203390239e+02
1.545728813559322248e+02
1.546361581920904200e+02
1.547186440677966459e+02
1.548293785310734734e+02
1.549355932203390012e+02
1.550847457627118899e+02
1.552474576271186777e+02
1.554259887005650000e+02
1.556429378531073553e+02
1.558485875706215040e+02
1.560858757062147220e+02
1.563310734463277072e+02
1.565932203389830590e+02
1.568644067796610386e+02
1.571299435028248865e+02
1.573819209039548355e+02
1.576158192090395573e+02
1.578180790960452100e+02
1.579887005649717651e+02
1.581299435028248865e+02
1.582293785310734506e+02
1.583175141242938082e+02
1.583491525423729058e+02
1.583615819209039728e+02
1.583310734463277072e+02
1.582757062146893077e+02
1.581796610169491828e+02
1.580587570621469240e+02
1.578949152542373326e+02
1.576960451977401476e+02
1.574870056497175312e+02
1.572463276836158457e+02
1.570192090395480591e+02
1.568067796610170035e+02
1.566056497175141544e+02
1.564169491525424007e+02
1.562440677966101816e+02
1.560779661016949262e+02
1.559322033898305335e+02
1.557785310734463451e+02
1.556474576271186550e+02
1.555401129943502951e+02
1.554451977401130307e+02
1.553604519774011408e+02
1.552768361581921113e+02
1.552101694915254484e+02
1.551559322033898525e+02
1.551118644067796595e+02
1.550632768361581952e+02
1.550429378531073610e+02
1.550497175141243247e+02
1.550418079096045290e+02
1.550576271186440636e+02
1.550711864406779625e+02
1.551039548022598638e+02
1.551548022598870205e+02
1.552079096045197844e+02
1.552881355932203178e+02
1.553706214689265437e+02
1.554587570621469013e+02
1.555774011299434960e+02
1.556926553672316231e+02
1.558079096045197787e+02
1.559457627118644041e+02
1.561028248587570602e+02
1.562508474576271169e+02
1.563401129943503065e+02
1.564101694915254370e+02
1.564350282485875709e+02
1.564169491525423723e+02
1.563638418079096084e+02
1.562666666666666515e+02
1.561536723163841884e+02
1.559875706214689330e+02
1.558022598870056754e+02
1.555932203389830590e+02
1.553740112994350397e+02
1.551864406779661181e+02
1.549841807909604654e+02
1.547977401129943473e+02
1.546101694915254257e+02
1.544271186440678036e+02
1.542576271186440522e+02
1.540960451977400965e+02
1.539502824858757037e+02
1.538124293785310783e+02
1.537005649717514189e+02
1.536056497175141260e+02
1.535333333333333314e+02
1.534666666666666686e+02
1.534079096045197730e+02
1.533841807909604427e+02
1.533740112994350397e+02
1.533796610169491430e+02
1.534146892655367083e+02
1.534553672316384336e+02
1.535242937853107321e+02
1.536135593220338933e+02
1.537310734463276845e+02
1.538531073446327753e+02
1.539954802259887003e+02
1.541581920903954881e+02
1.543231638418079115e+02
1.545096045197740295e+02
1.547084745762711862e+02
1.549265536723164018e+02
1.551762711864407152e+02
1.554316384180791033e+02
1.556847457627118843e+02
1.559559322033898638e+02
1.562282485875706470e+02
1.565005649717514302e+02
1.567706214689265778e+02
1.569932203389830647e+02
1.571898305084745857e+02
1.573491525423729058e+02
1.574881355932203633e+02
1.575909604519774234e+02
1.576485875706214870e+02
1.576892655367231555e+02
1.576881355932203519e+02
1.576418079096045517e+02
1.575875706214689274e+02
1.574926553672316345e+02
1.573672316384180760e+02
1.571864406779661181e+02
1.569932203389830647e+02
1.568056497175141430e+02
1.566237288135593246e+02
1.564666666666666970e+02
1.563084745762712089e+02
1.561593220338983201e+02
1.560440677966101930e+02
1.559412429378531328e+02
1.558485875706214756e+02
1.557649717514124745e+02
1.557005649717514473e+02
1.556429378531073553e+02
1.556033898305084904e+02
1.555740112994350284e+02
1.555468926553672304e+02
1.555344632768361635e+02
1.555480225988700624e+02
1.555649717514124291e+02
1.555954802259886947e+02
1.556271186440678207e+02
1.556926553672316516e+02
1.557593220338983429e+02
1.558361581920904086e+02
1.559197740112994666e+02
1.560271186440677980e+02
1.561333333333333258e+02
1.562497175141243133e+02
1.563943502824859024e+02
1.565231638418079001e+02
1.566836158192090238e+02
1.568384180790960727e+02
1.570192090395480591e+02
1.571909604519774177e+02
1.573807909604519750e+02
1.575480225988700624e+02
1.576813559322033882e+02
1.577887005649717480e+02
1.578745762711864415e+02
1.579152542372881385e+02
1.579242937853107378e+02
1.579084745762712032e+02
1.578598870056497390e+02
1.577728813559322134e+02
1.576542372881356187e+02
1.574983050847457662e+02
1.573186440677966118e+02
1.571141242937853235e+02
1.568870056497175085e+02
1.566598870056497503e+02
1.564440677966101703e+02
1.562440677966101816e+02
1.560474576271186606e+02
1.558655367231638706e+02
1.556870056497175483e+02
1.555265536723163962e+02
1.553887005649717707e+02
1.552519774011299489e+02
1.551468926553672532e+02
1.550655367231638593e+02
1.549988700564971964e+02
1.549638418079096027e+02
1.549480225988700681e+02
1.549322033898305335e+02
1.549401129943503008e+02
1.549706214689265664e+02
1.550259887005649944e+02
1.551005649717514530e+02
1.552045197740113167e+02
1.553288135593220431e+02
1.554644067796610329e+02
1.556124293785310897e+02
1.557887005649717480e+02
1.559807909604519978e+02
1.561977401129943814e+02
1.564372881355932350e+02
1.566723163841808173e+02
1.569333333333333655e+02
1.572079096045197844e+02
1.574847457627118956e+02
1.577457627118644155e+02
1.579830508474576618e+02
1.582011299435028491e+02
1.583694915254237401e+02
1.585288135593220318e+02
1.586531073446327582e+02
1.587310734463276845e+02
1.587932203389830761e+02
1.588203389830508740e+02
1.588045197740113395e+02
1.587570621468926788e+02
1.586790960451977526e+02
1.585807909604519921e+02
1.584293785310734393e+02
1.582553672316384450e+02
1.580451977401130250e+02
1.578022598870056754e+02
1.575853107344632917e+02
1.573796610169491714e+02
1.571796610169491828e+02
1.570079096045197957e+02
1.568372881355932122e+02
1.566824858757062202e+02
1.565344632768361635e+02
1.563954802259887060e+02
1.562824858757062430e+02
1.561728813559321907e+02
1.560802259887005903e+02
1.560011299435028604e+02
1.559491525423729001e+02
1.559028248587570715e+02
1.558644067796610102e+02
1.558338983050847446e+02
1.558271186440678093e+02
1.558180790960452100e+02
1.558406779661017367e+02
1.558564971751412713e+02
1.558870056497175369e+02
1.559389830508474688e+02
1.560011299435028320e+02
1.560745762711864586e+02
1.561480225988700568e+02
1.562564971751412486e+02
1.563649717514124404e+02
1.564915254237288309e+02
1.566327683615819524e+02
1.567807909604520091e+02
1.569322033898305335e+02
1.570960451977401249e+02
1.572700564971751191e+02
1.574519774011299376e+02
1.576000000000000227e+02
1.577107344632768218e+02
1.577853107344632804e+02
1.578203389830508456e+02
1.578293785310734734e+02
1.577796610169491487e+02
1.577118644067796822e+02
1.576033898305084904e+02
1.574564971751412372e+02
1.572779661016949149e+02
1.570689265536723269e+02
1.568429378531073439e+02
1.566316384180790919e+02
1.564045197740113053e+02
1.561977401129943530e+02
1.560079096045197957e+02
1.558203389830508456e+02
1.556451977401129909e+02
1.554858757062146708e+02
1.553378531073446140e+02
1.551999999999999886e+02
1.550892655367231612e+02
1.550067796610169353e+02
1.549344632768361407e+02
1.548655367231638138e+02
1.548305084745762485e+02
1.548158192090395175e+02
1.548112994350282179e+02
1.548316384180790806e+02
1.548745762711864415e+02
1.549355932203389727e+02
1.550045197740112997e+02
1.551028248587570602e+02
1.552158192090395232e+02
1.553514124293785414e+02
1.555107344632768331e+02
1.556779661016948921e+02
1.558677966101694778e+02
1.560677966101694949e+02
1.562836158192090465e+02
1.565231638418079001e+02
1.567638418079096141e+02
1.570033898305084676e+02
1.572655367231638479e+02
1.575389830508474631e+02
1.578011299435028150e+02
1.580395480225988649e+02
1.582259887005649546e+02
1.584124293785310442e+02
1.585649717514124291e+02
1.586700564971751533e+02
1.587378531073446482e+02
1.587943502824858797e+02
1.587898305084745800e+02
1.587706214689265494e+02
1.587152542372881499e+02
1.586214689265536890e+02
1.584937853107344665e+02
1.583367231638418104e+02
1.581627118644067878e+02
1.579796610169491373e+02
1.577920903954802156e+02
1.576079096045197900e+02
1.574406779661017026e+02
1.573016949152542452e+02
1.571615819209039557e+02
1.570463276836158002e+02
1.569412429378530760e+02
1.568508474576271112e+02
1.567672316384180817e+02
1.566836158192090238e+02
1.566214689265536890e+02
1.565717514124293643e+02
1.565265536723163677e+02
1.565050847457627015e+02
1.565028248587570658e+02
1.565118644067796652e+02
1.565175141242937684e+02
1.565423728813559023e+02
1.565898305084745630e+02
1.566316384180790919e+02
1.566983050847457548e+02
1.567661016949152497e+02
1.568723163841808059e+02
1.569661016949152383e+02
1.570723163841807946e+02
1.572033898305084563e+02
1.573389830508474461e+02
1.574836158192090352e+02
1.576350282485875596e+02
1.577943502824858513e+02
1.579774011299434733e+02
1.581548022598869920e+02
1.583254237288135471e+02
1.584395480225988706e+02
1.585378531073446311e+02
1.585898305084745630e+02
1.586045197740112940e+02
1.585819209039547673e+02
1.585276836158191998e+02
1.584418079096045062e+02
1.583209039548022474e+02
1.581740112994349943e+02
1.579875706214689330e+02
1.577706214689265494e+02
1.575299435028248354e+02
1.572994350282485811e+02
1.570677966101694665e+02
1.568418079096045119e+02
1.566192090395480250e+02
1.564158192090395403e+02
1.562158192090395232e+02
1.560214689265536663e+02
1.558474576271186152e+02
1.556915254237288195e+02
1.555525423728813621e+02
1.554361581920903745e+02
1.553446327683615777e+02
1.552621468926553518e+02
1.551875706214689217e+02
1.551446327683615891e+02
1.551163841807909591e+02
1.551096045197739954e+02
1.551367231638417934e+02
1.551694915254237230e+02
1.552248587570621510e+02
1.553118644067796481e+02
1.554022598870056413e+02
1.555355932203389671e+02
1.556632768361582180e+02
1.558282485875706129e+02
1.560090395480225993e+02
1.562101694915254200e+02
1.564192090395480079e+02
1.566508474576271226e+02
1.568847457627118729e+02
1.571344632768361578e+02
1.574101694915254370e+02
1.576711864406779569e+02
1.579096045197740068e+02
1.581107344632768559e+02
1.582926553672316459e+02
1.584519774011299376e+02
1.585774011299434960e+02
1.586644067796610216e+02
1.587084745762711577e+02
1.587355932203389557e+02
1.587288135593220204e+02
1.586926553672316231e+02
1.586327683615818955e+02
1.585242937853107321e+02
1.583920903954802384e+02
1.582124293785310556e+02
1.580101694915254313e+02
1.577977401129943473e+02
1.575728813559322248e+02
1.573649717514124404e+02
1.571559322033898525e+02
1.569581920903954710e+02
1.567932203389830761e+02
1.566248587570621567e+02
1.564519774011299660e+02
1.563039548022598808e+02
1.561751412429378547e+02
1.560621468926553916e+02
1.559491525423728717e+02
1.558485875706214756e+02
1.557751412429378490e+02
1.557005649717514189e+02
1.556372881355932236e+02
1.555898305084745630e+02
1.555412429378530987e+02
1.555231638418079285e+02
1.555073446327683655e+02
1.554960451977401021e+02
1.555118644067796367e+02
1.555288135593220318e+02
1.555548022598870261e+02
1.556033898305084620e+02
1.556553672316384223e+02
1.557175141242938139e+02
1.557932203389830761e+02
1.558779661016949376e+02
1.559807909604519978e+02
1.560858757062146935e+02
1.561988700564971850e+02
1.563242937853107151e+02
1.564632768361581725e+02
1.566056497175140976e+02
1.567468926553672190e+02
1.568474576271186152e+02
1.569186440677966061e+02
1.569661016949152668e+02
1.569774011299435017e+02
1.569480225988700681e+02
1.568858757062146765e+02
1.567864406779660840e+02
1.566485875706214870e+02
1.564937853107344665e+02
1.562983050847457775e+02
1.561016949152542566e+02
1.559005649717514075e+02
1.557175141242937855e+02
1.555525423728813621e+02
1.553887005649717707e+02
1.552079096045197844e+02
1.550564971751412600e+02
1.549276836158192054e+02
1.548067796610169466e+02
1.546847457627118558e+02
1.545887005649717594e+02
1.545141242937853008e+02
1.544564971751412372e+02
1.544169491525423723e+02
1.543796610169491146e+02
1.543683615819209081e+02
1.543717514124293757e+02
1.544090395480225766e+02
1.544655367231638365e+02
1.545254237288135641e+02
1.546033898305084620e+02
1.546971751412429512e+02
1.548248587570621453e+02
1.549717514124293700e+02
1.551186440677965948e+02
1.552757062146892508e+02
1.554610169491525369e+02
1.556723163841807889e+02
1.558757062146892736e+02
1.560983050847457889e+02
1.563254237288135755e+02
1.565785310734463280e+02
1.568214689265536776e+02
1.570813559322033939e+02
1.573276836158192111e+02
1.575717514124293643e+02
1.577932203389830761e+02
1.579841807909604654e+02
1.581491525423728604e+02
1.582824858757062145e+02
1.583920903954802384e+02
1.584587570621469013e+02
1.585197740112994325e+02
1.585412429378530987e+02
1.585344632768361635e+02
1.584971751412429626e+02
1.584237288135593076e+02
1.583096045197740125e+02
1.581751412429378547e+02
1.580079096045197957e+02
1.578497175141242792e+02
1.577118644067796538e+02
1.575728813559321964e+02
1.574497175141243019e+02
1.573446327683615777e+02
1.572553672316384166e+02
1.571774011299435188e+02
1.571062146892655278e+02
1.570451977401129966e+02
1.569954802259887288e+02
1.569638418079096027e+02
1.569355932203390012e+02
1.569276836158192054e+02
1.569435028248587400e+02
1.569604519774011351e+02
1.569728813559322020e+02
1.569988700564971964e+02
1.570418079096045290e+02
1.570926553672316572e+02
1.571491525423728888e+02
1.572316384180791147e+02
1.573242937853107151e+02
1.574180790960452043e+02
1.575276836158191998e+02
1.576463276836158229e+02
1.577807909604519523e+02
1.579209039548022702e+02
1.580779661016949262e+02
1.582418079096045176e+02
1.584135593220339047e+02
1.585999999999999943e+02
1.587807909604519807e+02
1.589468926553672077e+02
1.590542372881355959e+02
1.591423728813559251e+02
1.591932203389830534e+02
1.592192090395480193e+02
1.592045197740112883e+02
1.591525423728813564e+02
1.590745762711864302e+02
1.589728813559322020e+02
1.588282485875706129e+02
1.586576271186440579e+02
1.584621468926553689e+02
1.582406779661017140e+02
1.580000000000000000e+02
1.577627118644067821e+02
1.575276836158192282e+02
1.573028248587570488e+02
1.570870056497175256e+02
1.568858757062147049e+02
1.566926553672316516e+02
1.565152542372881328e+02
1.563514124293785414e+02
1.562090395480225880e+02
1.560926553672316572e+02
1.559751412429378661e+02
1.558757062146892736e+02
1.558158192090395460e+02
1.557581920903954824e+02
1.557163841807909535e+02
1.557050847457626901e+02
1.557073446327683541e+02
1.557446327683615834e+02
1.557796610169491487e+02
1.558418079096045403e+02
1.559265536723164018e+02
1.560248587570621339e+02
1.561435028248587571e+02
1.562881355932203462e+02
1.564497175141243019e+02
1.566338983050847560e+02
1.568214689265536776e+02
1.570282485875706300e+02
1.572406779661017140e+02
1.574553672316384336e+02
1.576903954802259875e+02
1.579435028248587400e+02
1.581830508474576220e+02
1.583717514124293757e+02
1.585491525423728945e+02
1.587005649717514189e+02
1.588146892655367424e+02
1.588994350282486039e+02
1.589525423728813394e+02
1.589627118644067991e+02
1.589378531073446084e+02
1.588813559322034052e+02
1.588033898305084790e+02
1.586881355932203235e+02
1.585220338983050965e+02
1.583310734463276788e+02
1.581039548022598638e+02
1.578903954802260046e+02
1.576937853107344836e+02
1.574994350282485698e+02
1.573288135593220431e+02
1.571468926553672247e+02
1.569853107344632690e+02
1.568248587570621453e+02
1.566723163841807889e+02
1.565480225988700624e+02
1.564372881355932350e+02
1.563242937853107151e+02
1.562271186440677866e+02
1.561367231638417934e+02
1.560632768361581952e+02
1.560079096045197673e+02
1.559480225988700681e+02
1.559197740112994381e+02
1.558870056497174801e+02
1.558757062146892736e+02
1.558632768361581782e+02
1.558745762711864131e+02
1.558926553672316402e+02
1.559265536723163734e+02
1.559536723163841998e+02
1.560192090395480022e+02
1.560745762711864302e+02
1.561435028248587571e+02
1.562112994350282520e+02
1.562915254237288138e+02
1.564067796610169694e+02
1.565163841807909648e+02
1.566384180790960556e+02
1.567536723163841827e+02
1.568813559322034052e+02
1.570214689265536663e+02
1.571604519774011237e+02
1.572644067796610443e+02
1.573412429378531101e+02
1.573751412429378433e+02
1.573751412429378433e+02
1.573435028248587741e+02
1.572734463276836152e+02
1.571796610169491544e+02
1.570463276836158002e+02
1.568700564971751419e+02
1.566847457627118558e+02
1.565141242937853008e+02
1.563412429378531101e+02
1.561796610169491260e+02
1.560225988700564699e+02
1.558655367231638138e+02
1.557231638418078887e+02
1.555920903954801986e+02
1.554768361581920715e+02
1.553694915254237117e+02
1.552802259887005789e+02
1.552146892655367196e+02
1.551457627118643927e+02
1.551152542372881271e+02
1.551039548022598922e+02
1.551050847457626958e+02
1.551310734463277186e+02
1.551661016949152554e+02
1.552271186440678150e+02
1.552903954802259818e+02
1.553875706214689103e+02
1.555005649717514302e+02
1.556338983050847560e+02
1.557920903954802156e+02
1.559559322033898070e+02
1.561276836158191941e+02
1.563186440677966118e+02
1.565344632768361635e+02
1.567570621468926504e+02
1.569954802259887003e+02
1.572463276836158457e+02
1.574926553672316345e+02
1.577717514124293814e+02
1.580497175141242963e+02
1.583231638418079115e+02
1.585762711864406924e+02
1.587954802259887117e+02
1.589864406779661010e+02
1.591514124293785244e+02
1.592734463276836152e+02
1.593864406779661067e+02
1.594700564971751646e+02
1.595141242937853008e+02
1.595355932203389955e+02
1.595220338983050965e+02
1.594847457627118672e+02
1.594192090395480363e+02
1.593209039548022758e+02
1.591920903954802213e+02
1.590124293785310670e+02
1.588327683615819410e+02
1.586655367231638252e+02
1.585231638418079285e+02
1.583875706214689103e+02
1.582519774011299774e+02
1.581389830508474574e+02
1.580406779661016969e+02
1.579604519774011351e+02
1.578892655367232010e+02
1.578305084745762770e+02
1.577785310734463451e+02
1.577378531073446482e+02
1.577254237288135528e+02
1.577231638418079456e+02
1.577310734463276845e+02
1.577457627118644155e+02
1.577841807909604768e+02
1.578271186440678093e+02
1.578824858757062088e+02
1.579581920903954710e+02
1.580429378531073326e+02
1.581344632768361862e+02
1.582542372881356130e+02
1.583785310734463394e+02
1.585050847457627015e+02
1.586451977401129909e+02
1.588056497175141146e+02
1.589807909604519693e+02
1.591446327683615607e+02
1.593231638418079115e+02
1.595288135593220318e+02
1.597129943502824858e+02
1.598881355932203405e+02
1.600067796610169353e+02
1.601039548022598922e+02
1.601728813559321907e+02
1.602282485875706470e+02
1.602316384180790863e+02
1.602011299435028207e+02
1.601457627118643927e+02
1.600418079096045290e+02
1.599084745762711748e+02
1.597412429378531158e+02
1.595525423728813621e+02
1.593457627118644098e+02
1.590937853107344893e+02
1.588214689265536776e+02
1.585570621468926902e+02
1.582790960451977753e+02
1.580192090395480591e+02
1.577841807909604768e+02
1.575570621468926618e+02
1.573446327683616062e+02
1.571389830508474574e+02
1.569502824858757322e+02
1.567762711864406810e+02
1.566056497175141260e+02
1.564564971751412656e+02
1.563355932203389784e+02
1.562282485875706186e+02
1.561446327683615891e+02
1.560677966101694665e+02
1.560158192090395346e+02
1.560000000000000000e+02
1.559864406779661010e+02
1.559988700564971680e+02
1.560372881355932009e+02
1.560858757062146651e+02
1.561423728813559251e+02
1.562146892655367196e+02
1.563367231638418104e+02
1.564553672316384336e+02
1.566045197740113224e+02
1.567615819209039785e+02
1.569367231638418332e+02
1.571276836158192509e+02
1.573288135593220716e+02
1.575389830508474915e+02
1.577762711864407379e+02
1.579977401129943928e+02
1.581920903954802498e+02
1.583570621468926731e+02
1.584870056497175312e+02
1.585819209039548241e+02
1.586451977401130193e+02
1.586971751412429512e+02
1.587107344632768786e+02
1.586903954802260159e+02
1.586338983050847560e+02
1.585480225988700909e+02
1.584327683615819353e+02
1.582881355932203746e+02
1.581073446327683882e+02
1.579039548022599320e+02
1.577062146892655790e+02
1.575197740112994893e+02
1.573525423728814019e+02
1.571920903954802782e+02
1.570508474576271567e+02
1.569129943502825313e+02
1.567932203389831045e+02
1.566644067796610784e+02
1.565604519774011578e+02
1.564610169491525937e+02
1.563728813559322361e+02
1.562926553672317027e+02
1.562316384180791431e+02
1.561932203389831102e+02
1.561570621468927129e+02
1.561288135593220545e+02
1.561028248587571170e+02
1.560926553672316572e+02
1.561096045197740523e+02
1.561288135593220545e+02
1.561423728813559819e+02
1.561740112994350511e+02
1.562101694915254484e+02
1.562700564971751760e+02
1.563525423728813735e+02
1.564429378531073667e+02
1.565310734463276958e+02
1.566305084745762883e+02
1.567276836158192168e+02
1.568372881355932407e+02
1.569694915254237344e+02
1.570937853107344893e+02
1.572384180790960784e+02
1.573864406779661351e+02
1.575333333333333599e+02
1.576553672316384223e+02
1.577468926553672475e+02
1.578022598870056754e+02
1.578158192090395460e+02
1.578033898305084790e+02
1.577435028248587514e+02
1.576384180790960556e+02
1.575209039548022929e+02
1.573536723163842055e+02
1.571649717514124518e+02
1.569887005649717651e+02
1.568112994350282747e+02
1.566316384180791204e+02
1.564677966101695006e+02
1.562994350282485811e+02
1.561536723163841884e+02
1.560101694915254313e+02
1.558768361581921056e+02
1.557762711864406810e+02
1.556768361581920885e+02
1.556000000000000227e+02
1.555378531073446595e+02
1.554937853107344949e+02
1.554700564971751646e+02
1.554610169491525653e+02
1.554745762711864643e+02
1.555107344632768900e+02
1.555581920903954938e+02
1.556372881355932236e+02
1.557220338983051136e+02
1.558361581920904086e+02
1.559536723163841998e+02
1.561197740112994552e+02
1.562836158192090465e+02
1.564689265536723610e+02
1.566790960451977526e+02
1.569096045197740352e+02
1.571615819209039842e+02
1.574090395480226334e+02
1.576847457627118843e+02
1.579706214689265664e+02
1.582655367231638763e+02
1.585887005649717878e+02
1.589028248587570999e+02
1.592338983050847787e+02
1.595525423728813621e+02
1.598485875706215040e+02
1.601096045197740523e+02
1.603344632768361748e+02
1.605401129943502951e+02
1.607028248587570829e+02
1.608305084745762770e+02
1.609118644067796708e+02
1.609638418079096311e+02
1.609819209039548298e+02
1.609536723163841998e+02
1.608949152542373326e+02
1.607909604519774405e+02
1.606655367231638820e+02
1.604926553672316345e+02
1.602971751412429740e+02
1.600644067796610557e+02
1.598440677966102044e+02
1.596508474576271510e+02
1.594723163841808287e+02
1.593096045197740409e+02
1.591581920903955165e+02
1.590124293785311238e+02
1.588915254237288650e+02
1.587785310734463735e+02
1.586790960451977810e+02
1.585966101694915835e+02
1.585254237288136210e+02
1.584790960451977924e+02
1.584350282485876278e+02
1.584056497175141658e+02
1.583932203389830988e+02
1.583988700564972305e+02
1.584033898305085017e+02
1.584237288135593644e+02
1.584598870056497333e+02
1.585028248587570943e+02
1.585717514124293928e+02
1.586338983050847560e+02
1.587412429378531442e+02
1.588519774011299432e+02
1.589728813559322020e+02
1.591028248587570602e+02
1.592508474576271169e+02
1.593977401129943701e+02
1.595683615819209251e+02
1.597502824858757435e+02
1.599265536723164018e+02
1.600960451977401249e+02
1.602485875706215097e+02
1.603491525423729058e+02
1.604124293785311011e+02
1.604451977401130307e+02
1.604395480225988706e+02
1.604146892655367651e+02
1.603468926553672418e+02
1.602666666666666799e+02
1.601514124293785528e+02
1.600000000000000000e+02
1.598022598870056754e+02
1.595819209039548241e+02
1.593559322033898411e+02
1.591197740112994552e+02
1.588983050847458003e+02
1.586847457627118843e+02
1.584892655367231669e+02
1.582971751412429171e+02
1.581039548022598922e+02
1.579468926553672645e+02
1.578090395480226107e+02
1.576847457627118843e+02
1.575627118644067934e+02
1.574723163841808002e+02
1.573988700564972021e+02
1.573468926553672418e+02
1.573175141242937798e+02
1.573062146892655448e+02
1.572926553672316459e+02
1.573197740112994438e+02
1.573830508474576391e+02
1.574418079096045346e+02
1.575163841807909648e+02
1.576203389830508570e+02
1.577491525423729115e+02
1.578892655367231441e+02
1.580508474576271283e+02
1.582361581920903859e+02
1.584384180790960954e+02
1.586632768361582180e+02
1.588915254237288082e+02
1.591412429378531215e+02
1.593966101694915665e+02
1.596372881355932236e+02
1.598779661016949376e+02
1.600564971751412600e+02
1.602327683615819183e+02
1.603683615819209081e+02
1.604745762711864643e+02
1.605581920903954938e+02
1.606135593220338933e+02
1.606395480225988877e+02
1.606158192090395573e+02
1.605706214689265607e+02
1.604937853107344665e+02
1.603807909604519750e+02
1.602271186440677866e+02
1.600497175141242963e+02
1.598429378531073723e+02
1.596022598870056584e+02
1.593887005649717707e+02
1.591864406779661181e+02
1.589785310734463337e+02
1.587966101694915437e+02
1.586282485875706243e+02
1.584655367231638365e+02
1.583050847457627128e+02
1.581672316384181158e+02
1.580384180790960613e+02
1.579322033898305335e+02
1.578497175141242792e+02
1.577536723163841543e+02
1.576802259887005562e+02
1.576214689265536890e+02
1.575717514124293643e+02
1.575175141242937968e+02
1.575028248587570658e+02
1.574870056497175028e+02
1.574926553672316345e+02
1.575118644067796936e+02
1.575378531073446311e+02
1.575762711864406924e+02
1.576203389830508286e+02
1.576824858757062202e+02
1.577570621468926788e+02
1.578395480225988763e+02
1.579480225988700681e+02
1.580463276836158002e+02
1.581581920903954597e+02
1.582960451977401135e+02
1.584316384180791033e+02
1.585785310734463565e+02
1.587276836158192168e+02
1.588983050847457719e+02
1.590689265536723269e+02
1.592146892655367196e+02
1.593220338983051079e+02
1.593864406779661067e+02
1.594203389830508399e+02
1.594214689265536720e+02
1.593717514124293757e+02
1.592870056497175142e+02
1.591694915254237230e+02
1.590372881355932293e+02
1.588463276836158116e+02
1.586406779661016913e+02
1.584237288135593076e+02
1.582079096045197559e+02
1.579977401129943644e+02
1.577954802259886833e+02
1.576067796610169580e+02
1.574158192090395403e+02
1.572429378531073496e+02
1.570858757062146651e+02
1.569367231638418048e+02
1.568124293785310783e+02
1.567073446327683541e+02
1.566192090395480250e+02
1.565468926553672304e+02
1.564949152542372985e+02
1.564598870056497049e+02
1.564508474576271055e+02
1.564632768361581725e+02
1.564813559322033711e+02
1.565220338983050681e+02
1.565774011299434960e+02
1.566621468926553575e+02
1.567570621468926220e+02
1.568790960451977412e+02
1.570237288135592735e+02
1.571785310734463224e+02
1.573536723163841486e+02
1.575423728813559023e+02
1.577638418079095572e+02
1.579774011299434733e+02
1.582090395480225880e+02
1.584576271186440408e+02
1.587322033898304880e+02
1.589954802259886719e+02
1.592745762711864188e+02
1.595570621468926333e+02
1.598395480225988479e+02
1.601084745762711634e+02
1.603412429378531101e+02
1.605446327683615664e+02
1.607141242937852894e+02
1.608564971751412145e+02
1.609751412429378377e+02
1.610576271186440351e+02
1.610915254237287968e+02
1.611016949152541997e+02
1.610768361581920658e+02
1.610033898305084676e+02
1.608983050847457434e+02
1.607570621468926220e+02
1.605875706214688989e+02
1.603898305084745743e+02
1.602079096045197559e+02
1.600361581920903973e+02
1.598610169491525141e+02
1.597062146892655221e+02
1.595661016949152327e+02
1.594395480225988422e+02
1.593242937853107151e+02
1.592395480225988535e+02
1.591548022598869920e+02
1.590915254237287968e+02
1.590237288135592735e+02
1.589706214689265380e+02
1.589299435028248411e+02
1.588949152542372758e+02
1.588870056497174801e+02
1.588858757062146765e+02
1.589084745762711748e+02
1.589231638418079058e+02
1.589593220338982746e+02
1.590112994350282065e+02
1.590723163841807661e+02
1.591446327683615607e+02
1.592338983050847219e+02
1.593367231638417820e+02
1.594474576271186379e+02
1.595841807909604313e+02
1.597265536723163564e+02
1.598836158192090124e+02
1.600316384180790692e+02
1.602079096045197275e+02
1.603977401129943416e+02
1.605966101694914983e+02
1.608045197740112826e+02
1.609638418079096027e+02
1.610937853107344608e+02
1.611853107344632576e+02
1.612327683615819183e+02
1.612451977401129852e+02
1.612225988700564869e+02
1.611762711864406583e+02
1.610926553672316004e+02
1.609672316384180704e+02
1.608203389830508172e+02
1.606395480225988592e+02
1.604180790960451759e+02
1.601683615819208910e+02
1.599209039548022417e+02
1.596723163841807605e+02
1.594384180790960386e+02
1.592067796610169239e+02
1.590011299435028036e+02
1.587853107344632804e+02
1.586022598870056299e+02
1.584271186440677752e+02
1.582689265536722871e+02
1.581423728813559251e+02
1.580237288135593019e+02
1.579265536723163450e+02
1.578463276836158116e+02
1.577864406779660840e+02
1.577468926553672190e+02
1.577186440677966175e+02
1.577152542372881499e+02
1.577412429378531158e+02
1.577932203389830192e+02
1.578508474576270828e+02
1.579344632768361407e+02
1.580259887005649375e+02
1.581491525423728604e+02
1.582892655367231214e+02
1.584485875706214415e+02
1.586101694915253972e+02
1.588101694915254143e+02
1.590158192090395346e+02
1.592350282485875255e+02
1.594700564971751078e+02
1.597039548022598865e+02
1.599468926553672077e+02
1.601932203389830249e+02
1.604022598870056413e+02
1.605898305084745630e+02
1.607468926553672190e+02
1.608677966101694778e+02
1.609661016949152383e+02
1.610248587570621339e+02
1.610451977401129966e+02
1.610372881355932009e+02
1.609920903954802043e+02
1.609129943502824744e+02
1.607819209039547559e+02
1.606372881355932236e+02
1.604610169491525085e+02
1.602564971751412202e+02
1.600553672316383995e+02
1.598598870056496821e+02
1.596745762711864245e+02
1.595073446327683655e+02
1.593536723163841771e+02
1.592045197740112883e+02
1.590485875706214358e+02
1.589276836158192054e+02
1.588090395480225823e+02
1.587062146892655221e+02
1.586146892655366969e+02
1.585412429378530987e+02
1.584734463276835754e+02
1.584248587570621112e+02
1.583762711864406469e+02
1.583468926553671849e+02
1.583378531073446140e+02
1.583254237288135187e+02
1.583276836158191827e+02
1.583446327683615777e+02
1.583774011299435074e+02
1.584169491525423723e+02
1.584587570621469013e+02
1.585118644067796367e+02
1.585853107344632633e+02
1.586734463276836209e+02
1.587638418079095857e+02
1.588711864406779455e+02
1.589875706214689046e+02
1.591141242937852667e+02
1.592361581920903859e+02
1.593807909604519466e+02
1.595152542372881044e+02
1.596632768361581611e+02
1.597932203389830477e+02
1.598926553672316118e+02
1.599683615819208740e+02
1.599966101694915039e+02
1.599853107344632690e+02
1.599491525423728717e+02
1.598677966101694778e+02
1.597615819209039500e+02
1.595943502824858626e+02
1.594146892655367083e+02
1.592225988700564869e+02
1.590248587570621339e+02
1.588158192090395460e+02
1.586259887005649603e+02
1.584372881355932066e+02
1.582519774011299205e+02
1.580813559322033939e+02
1.579265536723163734e+02
1.577728813559322134e+02
1.576372881355932236e+02
1.575175141242937684e+02
1.574225988700564756e+02
1.573502824858757094e+02
1.572734463276835868e+02
1.572112994350282520e+02
1.571887005649717537e+02
1.571649717514124234e+02
1.571672316384180590e+02
1.571875706214689217e+02
1.572406779661017140e+02
1.573096045197740125e+02
1.574000000000000057e+02
1.574960451977401306e+02
1.576192090395480250e+02
1.577762711864406810e+02
1.579299435028248695e+02
1.581333333333333258e+02
1.583401129943503065e+02
1.585581920903954938e+02
1.587932203389830761e+02
1.590305084745762656e+02
1.592903954802259818e+02
1.595615819209039614e+02
1.598542372881356073e+02
1.601468926553672532e+02
1.604350282485875709e+02
1.607062146892655505e+02
1.609548022598870034e+02
1.611853107344632861e+02
1.613717514124293757e+02
1.615242937853107321e+02
1.616508474576271226e+02
1.617502824858756867e+02
1.618158192090395460e+02
1.618598870056497105e+02
1.618553672316384393e+02
1.618022598870056754e+02
1.617107344632768502e+02
1.616090395480226221e+02
1.614711864406779966e+02
1.613039548022599092e+02
1.611028248587570886e+02
1.608881355932203405e+02
1.606870056497175199e+02
1.604915254237288309e+02
1.603175141242937798e+02
1.601423728813559251e+02
1.599853107344632690e+02
1.598440677966102044e+02
1.597220338983050851e+02
1.596000000000000227e+02
1.594903954802259705e+02
1.594000000000000057e+02
1.593254237288135755e+02
1.592632768361581839e+02
1.591988700564972135e+02
1.591559322033898525e+02
1.591220338983050908e+02
1.591084745762711918e+02
1.590949152542373213e+02
1.591050847457627242e+02
1.591231638418079228e+02
1.591604519774011237e+02
1.592124293785310840e+02
1.592689265536723155e+02
1.593491525423729058e+02
1.594372881355932350e+02
1.595401129943502951e+02
1.596372881355932236e+02
1.597615819209039500e+02
1.598824858757062088e+02
1.600214689265536947e+02
1.601807909604519864e+02
1.603525423728813735e+02
1.605039548022598979e+02
1.606440677966101589e+02
1.607570621468926788e+02
1.608214689265536776e+02
1.608700564971751419e+02
1.608768361581920772e+02
1.608610169491525426e+02
1.608158192090395460e+02
1.607254237288135528e+02
1.606180790960452214e+02
1.604745762711864359e+02
1.603005649717514416e+02
1.601096045197740239e+02
1.598847457627118729e+02
1.596757062146892849e+02
1.594553672316384336e+02
1.592497175141243133e+02
1.590621468926553916e+02
1.588700564971751419e+02
1.586994350282486153e+02
1.585378531073446311e+02
1.583909604519774064e+02
1.582610169491525482e+02
1.581525423728813564e+02
1.580485875706214642e+02
1.579649717514124347e+02
1.579016949152542679e+02
1.578598870056497390e+02
1.578384180790960727e+02
1.578282485875706413e+02
1.578350282485876050e+02
1.578723163841808059e+02
1.579276836158192339e+02
1.580000000000000000e+02
1.580836158192090579e+02
1.581864406779661181e+02
1.583163841807909762e+02
1.584553672316384336e+02
1.586169491525423894e+02
1.587796610169491771e+02
1.589717514124293984e+02
1.591661016949152554e+02
1.593875706214689671e+02
1.596124293785310897e+02
1.598474576271186720e+02
1.600937853107344608e+02
1.603209039548022474e+02
1.605412429378531272e+02
1.607163841807909819e+02
1.608485875706214756e+02
1.609740112994350341e+02
1.610677966101694949e+02
1.611322033898305222e+02
1.611457627118644211e+02
1.611401129943503179e+02
1.611028248587570602e+02
1.610327683615819296e+02
1.609254237288135698e+02
1.607932203389830761e+02
1.606203389830508854e+02
1.604293785310734393e+02
1.602338983050847503e+02
1.600553672316384279e+02
1.598847457627118729e+02
1.597276836158192168e+02
1.595807909604520205e+02
1.594497175141243019e+02
1.593412429378531385e+02
1.592248587570621794e+02
1.591299435028248865e+02
1.590564971751412600e+02
1.589864406779661294e+02
1.589276836158192054e+02
1.588836158192090693e+02
1.588519774011299432e+02
1.588395480225988763e+02
1.588395480225988763e+02
1.588519774011299717e+02
1.588666666666666742e+02
1.588813559322034052e+02
1.589310734463277299e+02
1.589864406779661294e+02
1.590485875706214927e+02
1.591254237288135869e+02
1.592225988700565154e+02
1.593209039548023043e+02
1.594316384180791033e+02
1.595627118644068219e+02
1.596949152542373156e+02
1.598384180790960727e+02
1.599920903954802611e+02
1.601570621468926561e+02
1.603254237288135755e+02
1.605084745762712259e+02
1.607050847457627469e+02
1.609062146892655392e+02
1.610734463276836550e+02
1.611966101694915494e+02
1.613016949152542736e+02
1.613514124293785699e+02
1.613875706214689387e+02
1.613627118644068048e+02
1.613107344632768729e+02
1.612259887005649830e+02
1.611107344632768559e+02
1.609593220338983315e+02
1.607875706214689444e+02
1.605887005649717594e+02
1.603717514124294041e+02
1.601468926553672532e+02
1.599355932203390012e+02
1.597502824858757435e+02
1.595649717514124291e+02
1.593830508474576391e+02
1.592305084745762542e+02
1.590937853107344893e+02
1.589638418079096027e+02
1.588497175141243076e+02
1.587706214689265778e+02
1.586847457627118558e+02
1.586361581920904200e+02
1.585875706214689274e+02
1.585740112994350284e+02
1.585762711864406924e+02
1.585796610169491601e+02
1.586192090395480250e+02
1.586836158192090522e+02
1.587604519774011465e+02
1.588531073446327753e+02
1.589751412429378661e+02
1.591209039548022588e+02
1.592779661016949149e+02
1.594485875706214699e+02
1.596406779661016913e+02
1.598553672316384109e+02
1.600700564971751305e+02
1.603062146892655164e+02
1.605548022598870261e+02
1.608135593220338819e+02
1.610813559322033939e+02
1.613468926553672418e+02
1.616045197740112940e+02
1.618395480225988763e+02
1.620508474576271283e+02
1.622361581920903859e+02
1.623920903954802384e+02
1.625254237288135641e+02
1.626180790960451930e+02
1.626824858757062202e+02
1.627254237288135528e+02
1.627073446327683541e+02
1.626644067796610216e+02
1.625954802259886947e+02
1.624949152542372985e+02
1.623559322033898411e+02
1.621954802259887174e+02
1.620067796610169637e+02
1.617966101694915437e+02
1.616135593220338933e+02
1.614429378531073667e+02
1.612824858757062430e+02
1.611389830508474574e+02
1.610045197740113281e+02
1.608858757062146765e+02
1.607932203389830477e+02
1.606881355932203519e+02
1.605988700564971623e+02
1.605310734463276958e+02
1.604734463276836038e+02
1.604192090395480363e+02
1.603841807909604711e+02
1.603649717514124404e+02
1.603593220338983087e+02
1.603446327683615777e+02
1.603446327683615777e+02
1.603615819209039444e+02
1.603977401129943701e+02
1.604282485875706357e+02
1.604779661016949035e+02
1.605548022598870261e+02
1.606214689265536890e+02
1.607186440677966175e+02
1.608112994350282747e+02
1.609197740112994381e+02
1.610361581920903973e+02
1.611536723163841884e+02
1.612994350282486096e+02
1.614474576271186379e+02
1.615977401129943587e+02
1.617220338983050851e+02
1.617988700564971793e+02
1.618689265536723099e+02
1.618824858757062088e+02
1.618757062146892736e+02
1.618316384180790806e+02
1.617570621468926504e+02
1.616474576271186550e+02
1.614937853107344949e+02
1.613096045197740409e+02
1.611107344632768559e+02
1.608994350282486039e+02
1.607028248587570829e+02
1.605005649717514302e+02
1.602949152542373099e+02
1.601016949152542566e+02
1.599028248587570715e+02
1.597276836158192168e+02
1.595570621468926618e+02
1.594169491525423723e+02
1.592689265536723155e+02
1.591378531073446538e+02
1.590259887005649944e+02
1.589344632768361976e+02
1.588440677966102044e+02
1.587853107344632804e+02
1.587412429378531158e+02
1.587242937853107492e+02
1.587197740112994495e+02
1.587209039548022815e+02
1.587593220338983144e+02
1.588033898305084790e+02
1.588779661016949376e+02
1.589593220338983315e+02
1.590598870056497276e+02
1.591954802259887174e+02
1.593401129943502781e+02
1.594960451977401306e+02
1.596644067796610216e+02
1.598677966101695063e+02
1.600779661016949262e+02
1.602971751412429455e+02
1.605299435028248638e+02
1.607807909604519807e+02
1.610293785310734620e+02
1.612757062146892792e+02
1.614824858757062316e+02
1.616655367231638536e+02
1.618282485875706413e+02
1.619446327683616005e+02
1.620519774011299319e+02
1.621265536723163905e+02
1.621615819209039557e+02
1.621627118644067878e+02
1.621288135593220545e+02
1.620576271186440636e+02
1.619683615819209308e+02
1.618451977401130080e+02
1.616677966101694892e+02
1.614836158192090636e+02
1.612700564971751760e+02
1.610542372881355959e+02
1.608790960451977412e+02
1.606937853107344836e+02
1.605220338983050965e+02
1.603559322033898411e+02
1.602146892655367196e+02
1.600858757062147220e+02
1.599661016949152668e+02
1.598677966101694778e+02
1.597909604519774120e+02
1.597028248587570829e+02
1.596440677966101873e+02
1.595966101694915551e+02
1.595502824858756981e+02
1.595220338983050965e+02
1.595096045197740011e+02
1.594971751412429626e+02
1.595028248587570658e+02
1.595209039548022645e+02
1.595615819209039614e+02
1.596112994350282861e+02
1.596689265536723497e+02
1.597401129943503122e+02
1.598395480225988763e+02
1.599333333333333371e+02
1.600418079096045290e+02
1.601525423728813848e+02
1.602666666666666799e+02
1.604079096045197730e+02
1.605446327683615664e+02
1.607005649717514189e+02
1.608497175141243076e+02
1.610214689265536663e+02
1.612079096045197844e+02
1.613864406779661067e+02
1.615254237288135641e+02
1.616327683615819240e+02
1.617005649717514189e+02
1.617491525423728831e+02
1.617559322033898468e+02
1.617333333333333485e+02
1.616519774011299546e+02
1.615548022598870261e+02
1.614282485875706357e+02
1.612576271186440522e+02
1.610689265536723269e+02
1.608451977401130080e+02
1.606327683615819240e+02
1.604259887005649716e+02
1.602338983050847503e+02
1.600395480225988649e+02
1.598779661016949092e+02
1.597073446327683541e+02
1.595548022598869977e+02
1.594259887005649716e+02
1.592994350282485811e+02
1.591887005649717253e+02
1.590926553672316572e+02
1.590259887005649659e+02
1.589649717514124347e+02
1.589378531073446368e+02
1.589242937853107378e+02
1.589412429378531328e+02
1.589796610169491373e+02
1.590225988700565267e+02
1.590937853107344608e+02
1.591762711864406583e+02
1.592949152542372815e+02
1.594180790960451759e+02
1.595638418079095970e+02
1.597096045197740182e+02
1.598926553672316402e+02
1.601005649717513961e+02
1.602937853107344495e+02
1.605231638418079001e+02
1.607796610169491487e+02
1.610316384180790976e+02
1.612847457627118786e+02
1.615627118644067650e+02
1.618576271186440749e+02
1.621446327683615891e+02
1.624056497175141374e+02
1.626474576271186550e+02
1.628711864406779739e+02
1.630531073446327639e+02
1.631977401129943530e+02
1.633220338983050794e+02
1.634158192090395403e+02
1.634734463276836038e+02
1.635005649717514018e+02
1.634971751412429342e+02
1.634689265536723042e+02
1.633966101694915380e+02
1.632960451977401135e+02
1.631593220338983201e+02
1.630022598870056640e+02
1.628305084745762770e+02
1.626440677966101589e+02
1.624836158192090352e+02
1.623310734463276788e+02
1.621966101694915210e+02
1.620745762711864302e+02
1.619807909604519978e+02
1.619050847457627071e+02
1.618146892655367139e+02
1.617525423728813507e+02
1.617073446327683541e+02
1.616711864406779569e+02
1.616485875706214586e+02
1.616305084745762883e+02
1.616293785310734563e+02
1.616463276836158229e+02
1.616689265536723212e+02
1.616994350282486153e+02
1.617468926553672475e+02
1.618203389830508740e+02
1.619005649717514075e+02
1.619954802259887003e+02
1.621028248587570602e+02
1.622180790960451873e+02
1.623389830508474461e+02
1.624689265536723326e+02
1.626124293785310897e+02
1.627683615819209137e+02
1.629254237288135698e+02
1.630903954802259932e+02
1.632813559322033825e+02
1.634508474576271055e+02
1.635954802259886947e+02
1.637107344632768218e+02
1.637909604519774120e+02
1.638293785310734734e+02
1.638293785310734734e+02
1.638011299435028150e+02
1.637378531073446197e+02
1.636485875706214870e+02
1.635220338983050965e+02
1.633627118644067764e+02
1.631740112994350511e+02
1.629661016949152668e+02
1.627299435028248524e+02
1.625016949152542338e+02
1.622836158192090465e+02
1.620553672316383995e+02
1.618610169491525426e+02
1.616745762711864529e+02
1.614847457627118956e+02
1.613175141242937798e+02
1.611638418079095914e+02
1.610451977401129966e+02
1.609378531073446368e+02
1.608395480225988763e+02
1.607423728813559478e+02
1.606734463276836493e+02
1.606282485875706243e+02
1.606033898305084904e+02
1.605966101694915551e+02
1.606293785310734847e+02
1.606666666666666856e+02
1.607231638418079172e+02
1.608112994350282463e+02
1.608903954802260046e+02
1.610259887005649944e+02
1.611672316384181158e+02
1.613254237288135755e+02
1.614937853107344665e+02
1.617005649717514189e+02
1.619062146892655392e+02
1.621412429378531215e+02
1.623853107344632747e+02
1.626429378531073553e+02
1.629220338983050738e+02
1.631943502824858854e+02
1.634271186440678036e+02
1.636384180790960272e+02
1.638237288135593417e+02
1.639627118644067991e+02
1.640836158192090579e+02
1.641581920903954881e+02
1.642101694915254484e+02
1.642282485875706470e+02
1.641943502824858570e+02
1.641401129943502610e+02
1.640361581920903973e+02
1.639039548022599035e+02
1.637276836158192168e+02
1.635344632768361635e+02
1.632960451977401135e+02
1.630429378531073610e+02
1.628011299435028150e+02
1.625593220338982974e+02
1.623401129943502781e+02
1.621367231638418218e+02
1.619265536723164018e+02
1.617514124293785471e+02
1.615728813559322248e+02
1.614248587570621396e+02
1.612881355932203462e+02
1.611615819209039557e+02
1.610384180790960613e+02
1.609276836158192054e+02
1.608338983050847446e+02
1.607694915254237458e+02
1.607028248587570545e+02
1.606621468926553575e+02
1.606192090395480250e+02
1.606045197740112940e+02
1.605932203389830590e+02
1.605966101694915267e+02
1.606135593220338933e+02
1.606384180790960272e+02
1.606847457627118843e+02
1.607310734463276845e+02
1.608022598870056470e+02
1.608870056497175369e+02
1.609830508474576334e+02
1.610881355932203576e+02
1.612045197740113167e+02
1.613412429378531101e+02
1.614711864406779682e+02
1.616271186440678207e+02
1.617841807909604483e+02
1.619502824858757322e+02
1.621288135593220545e+02
1.623220338983051079e+02
1.624689265536723042e+02
1.625661016949152611e+02
1.626327683615818955e+02
1.626451977401129909e+02
1.626259887005649603e+02
1.625864406779661238e+02
1.624960451977401306e+02
1.623740112994350397e+02
1.622158192090395517e+02
1.620192090395480307e+02
1.617988700564971793e+02
1.615853107344632917e+02
1.613785310734463394e+02
1.611740112994350227e+02
1.609740112994350341e+02
1.607853107344632804e+02
1.606169491525423609e+02
1.604576271186440977e+02
1.603152542372881442e+02
1.602067796610169808e+02
1.600971751412429285e+02
1.600169491525423950e+02
1.599333333333333371e+02
1.598700564971751419e+02
1.598338983050847446e+02
1.598112994350282747e+02
1.598101694915254427e+02
1.598384180790960727e+02
1.598836158192090409e+02
1.599367231638418048e+02
1.600203389830508627e+02
1.601288135593220261e+02
1.602327683615819183e+02
1.603762711864406754e+02
1.605548022598870261e+02
1.607344632768361521e+02
1.609288135593220659e+02
1.611468926553672532e+02
1.613807909604519750e+02
1.616135593220339217e+02
1.618666666666666742e+02
1.621242937853107264e+02
1.624067796610169694e+02
1.626870056497175199e+02
1.629593220338983315e+02
1.632169491525423837e+02
1.634474576271186379e+02
1.636463276836158229e+02
1.638045197740113110e+02
1.639310734463276731e+02
1.640440677966101930e+02
1.641050847457627242e+02
1.641367231638418502e+02
1.641299435028248581e+02
1.641073446327683882e+02
1.640429378531073894e+02
1.639457627118644041e+02
1.638169491525424064e+02
1.636485875706214870e+02
1.634508474576271340e+02
1.632700564971751760e+02
1.630790960451977583e+02
1.629028248587570999e+02
1.627412429378531442e+02
1.625988700564972191e+02
1.624677966101695290e+02
1.623491525423729058e+02
1.622587570621469411e+02
1.621638418079096482e+02
1.620983050847457889e+02
1.620418079096045574e+02
1.620011299435028604e+02
1.619807909604519978e+02
1.619683615819209308e+02
1.619627118644068275e+02
1.619796610169491942e+02
1.620033898305085245e+02
1.620564971751412884e+02
1.621163841807909876e+02
1.621887005649717821e+02
1.622779661016949149e+02
1.623683615819209365e+02
1.624870056497175597e+02
1.626158192090395573e+02
1.627548022598870148e+02
1.629062146892655676e+02
1.630666666666667197e+02
1.632406779661017424e+02
1.634225988700565608e+02
1.636124293785310897e+02
1.638169491525424064e+02
1.640180790960452271e+02
1.641762711864406867e+02
1.643129943502825085e+02
1.644135593220339047e+02
1.644926553672316629e+02
1.645175141242938253e+02
1.645152542372881612e+02
1.644870056497175597e+02
1.644316384180791033e+02
1.643389830508475029e+02
1.641988700564971850e+02
1.640395480225988933e+02
1.638598870056497390e+02
1.636429378531073553e+02
1.633932203389830988e+02
1.631254237288135869e+02
1.628903954802260046e+02
1.626485875706214870e+02
1.624112994350282690e+02
1.621909604519774462e+02
1.619887005649717935e+02
1.617841807909604768e+02
1.616022598870056868e+02
1.614576271186440977e+02
1.613242937853107719e+02
1.611966101694915494e+02
1.610779661016949262e+02
1.609841807909604654e+02
1.609254237288135698e+02
1.608870056497175369e+02
1.608644067796610386e+02
1.608598870056497390e+02
1.608870056497175369e+02
1.609265536723164303e+02
1.609875706214689615e+02
1.610632768361581952e+02
1.611570621468926845e+02
1.612666666666667084e+02
1.614101694915254654e+02
1.615706214689265607e+02
1.617502824858757151e+02
1.619435028248587685e+02
1.621570621468926561e+02
1.623909604519774348e+02
1.626158192090395573e+02
1.628824858757062373e+02
1.631378531073446538e+02
1.633819209039548355e+02
1.636045197740112940e+02
1.637954802259887117e+02
1.639661016949152668e+02
1.640858757062146935e+02
1.641920903954802498e+02
1.642440677966101816e+02
1.642836158192090465e+02
1.642779661016949149e+02
1.642282485875706470e+02
1.641502824858757208e+02
1.640485875706214927e+02
1.639050847457627356e+02
1.637242937853107492e+02
1.635152542372881612e+02
1.632757062146893077e+02
1.630519774011299887e+02
1.628497175141243360e+02
1.626474576271186834e+02
1.624677966101695290e+02
1.622960451977401419e+02
1.621446327683615891e+02
1.619943502824859252e+02
1.618519774011300001e+02
1.617299435028248809e+02
1.616169491525424178e+02
1.615242937853107605e+02
1.614338983050847673e+02
1.613774011299435642e+02
1.613073446327684337e+02
1.612553672316384450e+02
1.612248587570621794e+02
1.612112994350282804e+02
1.612101694915254484e+02
1.612248587570622078e+02
1.612553672316384450e+02
1.612937853107345063e+02
1.613457627118644666e+02
1.614011299435028945e+02
1.614768361581921567e+02
1.615559322033898866e+02
1.616632768361582748e+02
1.617706214689266062e+02
1.618994350282486607e+02
1.620361581920904541e+02
1.621717514124294439e+02
1.623209039548023043e+02
1.624847457627118956e+02
1.626610169491526108e+02
1.628564971751412997e+02
1.630519774011299887e+02
1.632033898305085131e+02
1.633152542372882010e+02
1.634101694915254939e+02
1.634553672316384620e+02
1.634395480225988990e+02
1.634079096045198298e+02
1.633355932203390353e+02
1.632124293785311124e+02
1.630644067796610557e+02
1.628790960451977980e+02
1.626666666666667425e+02
1.624474576271187232e+02
1.622271186440678719e+02
1.620180790960452555e+02
1.618225988700565381e+02
1.616293785310734847e+02
1.614418079096045631e+02
1.612734463276836721e+02
1.611209039548023156e+02
1.609762711864407265e+02
1.608610169491525994e+02
1.607570621468927072e+02
1.606757062146893418e+02
1.606045197740113508e+02
1.605593220338983542e+02
1.605299435028248922e+02
1.605152542372881612e+02
1.605265536723164530e+02
1.605615819209040183e+02
1.606180790960452498e+02
1.606926553672316800e+02
1.607819209039548412e+02
1.608870056497175369e+02
1.610271186440678548e+02
1.611717514124294155e+02
1.613423728813559705e+02
1.615355932203390239e+02
1.617615819209040069e+02
1.619898305084746255e+02
1.622316384180791431e+02
1.624971751412429626e+02
1.627717514124294098e+02
1.630384180790960897e+02
1.633276836158192395e+02
1.636282485875706811e+02
1.639141242937853633e+02
1.641864406779661465e+02
1.644372881355932634e+02
1.646598870056497503e+02
1.648485875706215324e+02
1.650056497175141601e+02
1.651254237288135869e+02
1.652203389830508797e+02
1.652813559322034394e+02
1.652824858757062430e+02
1.652350282485876107e+02
1.651875706214689785e+02
1.650949152542373213e+02
1.649661016949153236e+02
1.647943502824859365e+02
1.646011299435028832e+02
1.644011299435028661e+02
1.642045197740113167e+02
1.640316384180791260e+02
1.638632768361582350e+02
1.637141242937853463e+02
1.635638418079096539e+02
1.634372881355932634e+02
1.633299435028249036e+02
1.632305084745763111e+02
1.631559322033898525e+02
1.631062146892655846e+02
1.630598870056497560e+02
1.630158192090395914e+02
1.629977401129943644e+02
1.629875706214689615e+02
1.630033898305084961e+02
1.630237288135593303e+02
1.630451977401130250e+02
1.630983050847457889e+02
1.631740112994350795e+02
1.632350282485876107e+02
1.633276836158192395e+02
1.634214689265537004e+02
1.635322033898305563e+02
1.636598870056497503e+02
1.637966101694915722e+02
1.639480225988700681e+02
1.640960451977401533e+02
1.642723163841808400e+02
1.644485875706214983e+02
1.646372881355932805e+02
1.648135593220339388e+02
1.649796610169491942e+02
1.651084745762712487e+02
1.652158192090395801e+02
1.652711864406780080e+02
1.652937853107345063e+02
1.652836158192090750e+02
1.652553672316384450e+02
1.651717514124294439e+02
1.650790960451977867e+02
1.649355932203390012e+02
1.647627118644068105e+02
1.645525423728813621e+02
1.643186440677966402e+02
1.640881355932203860e+02
1.638700564971751987e+02
1.636485875706215154e+02
1.634440677966101987e+02
1.632429378531073780e+02
1.630474576271186891e+02
1.628666666666667311e+02
1.627005649717514473e+02
1.625706214689266176e+02
1.624587570621469581e+02
1.623638418079096368e+02
1.622847457627119070e+02
1.622169491525424405e+02
1.621615819209039842e+02
1.621389830508475143e+02
1.621333333333333826e+02
1.621536723163842453e+02
1.621966101694915778e+02
1.622644067796610443e+02
1.623525423728814019e+02
1.624576271186440977e+02
1.625740112994350568e+02
1.627367231638418730e+02
1.628892655367232010e+02
1.630745762711864870e+02
1.632677966101695120e+02
1.634847457627118956e+02
1.637265536723164132e+02
1.639774011299435301e+02
1.642531073446327810e+02
1.645288135593220886e+02
1.647977401129943757e+02
1.650350282485875937e+02
1.652644067796610443e+02
1.654508474576271340e+02
1.656112994350282861e+02
1.657548022598870432e+02
1.658576271186441033e+02
1.659231638418079342e+02
1.659796610169491942e+02
1.659841807909604938e+02
1.659559322033898638e+02
1.658960451977401362e+02
1.657932203389830761e+02
1.656632768361582180e+02
1.655152542372881612e+02
1.653186440677966402e+02
1.650960451977401249e+02
1.648632768361582066e+02
1.646384180790960841e+02
1.644101694915254370e+02
1.642000000000000171e+02
1.640000000000000000e+02
1.638271186440678093e+02
1.636395480225988877e+02
1.634711864406779966e+02
1.633355932203390353e+02
1.631853107344632861e+02
1.630677966101695233e+02
1.629593220338983315e+02
1.628621468926553746e+02
1.627887005649717480e+02
1.627231638418079172e+02
1.626598870056497503e+02
1.626101694915254257e+02
1.625796610169491601e+02
1.625570621468926618e+02
1.625536723163841657e+02
1.625423728813559592e+02
1.625502824858756981e+02
1.625706214689265607e+02
1.626022598870056868e+02
1.626700564971751533e+02
1.627231638418079456e+02
1.627977401129943473e+02
1.628734463276836095e+02
1.629796610169491657e+02
1.630971751412429569e+02
1.632271186440677866e+02
1.633502824858757094e+02
1.634971751412429626e+02
1.636531073446327582e+02
1.638090395480226107e+02
1.639683615819209308e+02
1.640870056497175256e+02
1.641796610169491544e+02
1.642248587570621510e+02
1.642485875706214529e+02
1.642384180790960500e+02
1.641830508474576504e+02
1.640983050847457605e+02
1.639717514124293700e+02
1.638305084745762770e+02
1.636553672316384223e+02
1.634531073446327696e+02
1.632542372881356130e+02
1.630768361581920942e+02
1.628824858757062088e+02
1.627062146892655505e+02
1.625355932203389955e+02
1.623875706214689387e+02
1.622418079096045176e+02
1.621129943502824915e+02
1.619920903954802327e+02
1.618813559322034052e+02
1.618045197740112826e+02
1.617322033898304880e+02
1.616790960451977242e+02
1.616429378531073553e+02
1.616282485875706243e+02
1.616192090395480250e+02
1.616463276836158229e+02
1.616903954802260159e+02
1.617525423728813792e+02
1.618316384180791090e+02
1.619276836158192054e+02
1.620485875706214642e+02
1.621796610169491828e+02
1.623480225988700454e+02
1.625129943502824972e+02
1.627028248587570829e+02
1.629062146892655392e+02
1.631152542372881555e+02
1.633548022598870375e+02
1.635943502824858911e+02
1.638384180790960443e+02
1.641039548022598922e+02
1.643570621468926447e+02
1.646316384180790919e+02
1.648666666666666742e+02
1.650790960451977298e+02
1.652711864406779796e+02
1.654259887005649716e+02
1.655367231638418275e+02
1.656293785310734563e+02
1.656836158192090522e+02
1.657107344632768502e+02
1.657016949152542225e+02
1.656553672316384223e+02
1.655830508474576277e+02
1.654813559322034280e+02
1.653468926553672418e+02
1.651728813559322191e+02
1.649875706214689330e+02
1.648000000000000114e+02
1.646350282485875596e+02
1.644926553672316345e+02
1.643615819209039728e+02
1.642350282485875823e+02
1.641299435028248581e+02
1.640327683615819296e+02
1.639514124293785642e+02
1.638926553672316402e+02
1.638372881355932122e+02
1.638056497175141430e+02
1.637762711864407095e+02
1.637728813559322134e+02
1.637672316384180817e+02
1.637830508474576163e+02
1.638158192090395460e+02
1.638610169491525426e+02
1.639197740112994666e+02
1.639796610169491373e+02
1.640542372881355959e+02
1.641604519774011237e+02
1.642666666666666799e+02
1.643841807909604427e+02
1.644983050847457662e+02
1.646440677966101589e+02
1.647887005649717480e+02
1.649615819209039387e+02
1.651322033898305222e+02
1.653129943502825085e+02
1.654949152542372985e+02
1.657073446327683826e+02
1.659107344632768672e+02
1.660971751412429285e+02
1.662406779661017140e+02
1.663457627118644098e+02
1.664124293785310726e+02
1.664564971751412372e+02
1.664497175141243019e+02
1.664135593220339047e+02
1.663389830508474461e+02
1.662203389830508513e+02
1.660813559322033939e+02
1.659129943502824744e+02
1.657050847457626901e+02
1.654632768361581725e+02
1.652180790960451873e+02
1.649649717514124063e+02
1.647152542372881499e+02
1.644723163841808002e+02
1.642666666666666515e+02
1.640576271186440636e+02
1.638610169491525426e+02
1.636745762711864245e+02
1.635118644067796367e+02
1.633638418079095800e+02
1.632316384180791147e+02
1.631231638418079228e+02
1.630305084745762656e+02
1.629559322033898354e+02
1.628881355932203405e+02
1.628531073446327753e+02
1.628316384180790806e+02
1.628338983050847446e+02
1.628553672316384109e+02
1.628903954802260046e+02
1.629480225988700681e+02
1.630293785310734620e+02
1.631389830508474574e+02
1.632644067796609875e+02
1.634033898305084733e+02
1.635796610169491601e+02
1.637435028248587514e+02
1.639525423728813394e+02
1.641638418079095914e+02
1.643920903954802100e+02
1.646316384180790635e+02
1.648847457627118445e+02
1.651344632768361294e+02
1.653954802259887060e+02
1.656429378531073553e+02
1.658666666666666742e+02
1.660576271186440636e+02
1.662056497175141203e+02
1.663310734463276503e+02
1.664384180790960386e+02
1.664915254237287741e+02
1.665175141242937684e+02
1.665152542372881044e+02
1.664700564971751078e+02
1.663887005649717423e+02
1.662926553672316459e+02
1.661412429378530931e+02
1.659581920903954710e+02
1.657581920903954824e+02
1.655502824858756981e+02
1.653548022598870091e+02
1.651728813559321907e+02
1.649932203389830647e+02
1.648395480225988763e+02
1.646870056497174915e+02
1.645514124293785301e+02
1.644248587570621396e+02
1.643039548022598808e+02
1.642079096045197844e+02
1.641265536723163905e+02
1.640531073446327639e+02
1.640033898305084961e+02
1.639468926553672361e+02
1.639050847457627356e+02
1.638734463276836095e+02
1.638418079096045403e+02
1.638474576271186720e+02
1.638644067796610102e+02
1.638700564971751419e+02
1.638994350282486039e+02
1.639401129943502724e+02
1.639932203389830363e+02
1.640372881355932009e+02
1.641039548022598922e+02
1.641751412429378547e+02
1.642621468926553803e+02
1.643581920903954483e+02
1.644644067796610045e+02
1.645774011299434960e+02
1.647084745762711862e+02
1.648497175141242792e+02
1.649864406779661010e+02
1.651288135593220261e+02
1.652621468926553803e+02
1.653502824858757094e+02
1.653920903954802384e+02
1.654158192090395119e+02
1.653988700564971737e+02
1.653468926553672418e+02
1.652519774011299489e+02
1.651265536723163905e+02
1.649649717514124347e+02
1.647909604519773836e+02
1.646124293785310897e+02
1.644395480225988706e+02
1.642734463276836152e+02
1.641152542372881271e+02
1.639627118644067423e+02
1.638192090395480136e+02
1.636983050847457548e+02
1.635807909604519637e+02
1.634824858757062316e+02
1.633954802259887060e+02
1.633242937853107435e+02
1.632655367231638479e+02
1.632033898305084563e+02
1.631977401129943530e+02
1.631830508474576220e+02
1.632033898305084847e+02
1.632361581920903859e+02
1.632870056497175142e+02
1.633536723163841771e+02
1.634519774011299660e+02
1.635694915254237571e+02
1.637039548022598865e+02
1.638542372881356073e+02
1.640237288135593303e+02
1.641864406779661181e+02
1.643954802259887060e+02
1.646203389830508570e+02
1.648508474576271396e+02
1.650983050847457889e+02
1.653627118644067764e+02
1.656508474576271226e+02
1.659491525423729001e+02
1.662418079096045460e+02
1.665254237288135926e+02
1.667887005649717480e+02
1.670135593220339274e+02
1.672225988700565154e+02
1.674090395480226050e+02
1.675480225988700624e+02
1.676531073446327866e+02
1.677446327683615834e+02
1.677898305084746085e+02
1.678022598870056470e+02
1.678067796610169466e+02
1.677694915254237458e+02
1.677062146892655505e+02
1.676067796610169580e+02
1.674824858757062316e+02
1.673163841807909762e+02
1.671141242937853235e+02
1.669050847457627356e+02
1.666903954802260159e+02
1.664824858757062316e+02
1.663050847457627128e+02
1.661299435028248581e+02
1.659740112994350625e+02
1.658384180790960727e+02
1.657084745762712146e+02
1.655830508474576277e+02
1.654892655367231669e+02
1.654135593220339047e+02
1.653299435028248752e+02
1.652734463276836436e+02
1.652225988700565154e+02
1.652067796610169808e+02
1.651909604519774177e+02
1.651954802259887174e+02
1.652158192090395801e+02
1.652418079096045176e+02
1.652994350282486096e+02
1.653514124293785130e+02
1.654327683615819637e+02
1.655141242937853008e+02
1.656146892655367537e+02
1.657209039548022815e+02
1.658429378531073439e+02
1.659762711864406697e+02
1.661265536723163905e+02
1.662858757062147106e+02
1.664542372881356016e+02
1.666406779661017197e+02
1.668169491525424064e+02
1.670011299435028320e+02
1.671548022598870205e+02
1.672632768361582123e+02
1.673570621468926447e+02
1.674011299435028377e+02
1.674169491525423723e+02
1.673988700564972021e+02
1.673468926553672418e+02
1.672474576271186493e+02
1.671129943502825199e+02
1.669491525423729001e+02
1.667683615819209137e+02
1.665355932203389955e+02
1.662881355932203746e+02
1.660508474576271283e+02
1.658022598870056754e+02
1.655728813559322248e+02
1.653604519774011692e+02
1.651468926553672532e+02
1.649389830508474688e+02
1.647435028248587798e+02
1.645807909604520205e+02
1.644225988700565040e+02
1.642757062146893077e+02
1.641514124293785528e+02
1.640372881355932577e+02
1.639401129943503008e+02
1.638723163841808059e+02
1.638293785310734734e+02
1.637954802259887401e+02
1.637932203389830761e+02
1.637977401129943757e+02
1.638327683615819410e+02
1.638790960451977980e+02
1.639435028248587969e+02
1.640225988700565267e+02
1.641355932203390182e+02
1.642598870056497447e+02
1.644033898305085017e+02
1.645627118644067934e+02
1.647333333333333485e+02
1.649265536723164018e+02
1.651412429378531215e+02
1.653728813559322361e+02
1.656079096045197900e+02
1.658598870056497390e+02
1.661118644067796879e+02
1.663683615819209081e+02
1.666000000000000227e+02
1.667943502824859081e+02
1.669502824858757322e+02
1.670915254237288536e+02
1.671785310734463792e+02
1.672474576271186493e+02
1.672757062146892792e+02
1.672632768361582123e+02
1.672327683615819183e+02
1.671570621468926561e+02
1.670542372881355959e+02
1.669096045197740068e+02
1.667423728813559478e+02
1.665288135593220318e+02
1.663152542372881726e+02
1.661209039548023156e+02
1.659265536723164018e+02
1.657514124293785471e+02
1.655875706214689558e+02
1.654508474576271624e+02
1.653050847457627128e+02
1.651887005649717821e+02
1.650847457627118899e+02
1.650000000000000284e+02
1.649175141242938025e+02
1.648316384180791374e+02
1.647887005649717764e+02
1.647548022598870148e+02
1.647141242937853463e+02
1.647028248587570829e+02
1.646983050847458117e+02
1.647005649717514189e+02
1.647163841807910103e+02
1.647502824858757435e+02
1.647864406779661408e+02
1.648463276836158400e+02
1.649107344632768672e+02
1.649762711864406981e+02
1.650779661016949547e+02
1.651751412429378547e+02
1.652937853107345063e+02
1.654225988700565324e+02
1.655536723163842225e+02
1.656926553672316800e+02
1.658327683615819410e+02
1.659920903954802611e+02
1.661548022598870489e+02
1.663333333333333712e+02
1.665141242937853576e+02
1.666858757062147163e+02
1.668327683615819410e+02
1.669536723163841998e+02
1.670214689265537231e+02
1.670531073446327923e+02
1.670474576271186606e+02
1.669898305084745971e+02
1.669050847457627356e+02
1.667988700564971793e+02
1.666474576271186834e+02
1.664632768361582293e+02
1.662519774011299774e+02
1.660553672316384564e+02
1.658621468926554030e+02
1.656915254237288480e+02
1.655129943502824972e+02
1.653435028248588026e+02
1.651977401129943814e+02
1.650677966101695233e+02
1.649468926553672645e+02
1.648384180790960727e+02
1.647468926553672759e+02
1.646632768361582464e+02
1.645954802259887515e+02
1.645672316384181215e+02
1.645548022598870261e+02
1.645661016949152895e+02
1.645909604519774518e+02
1.646305084745762883e+02
1.647062146892655790e+02
1.647841807909604768e+02
1.649141242937853349e+02
1.650384180790960613e+02
1.651887005649717821e+02
1.653502824858757378e+02
1.655525423728813905e+02
1.657615819209039785e+02
1.659988700564971964e+02
1.662418079096045460e+02
1.664994350282486266e+02
1.667785310734463451e+02
1.670745762711864586e+02
1.673796610169491714e+02
1.676915254237288195e+02
1.679887005649717651e+02
1.682564971751412486e+02
1.684892655367231669e+02
1.687209039548022815e+02
1.688960451977401362e+02
1.690440677966101930e+02
1.691649717514124518e+02
1.692395480225989104e+02
1.692937853107344779e+02
1.693118644067796765e+02
1.692960451977401135e+02
1.692485875706214813e+02
1.691581920903954881e+02
1.690384180790960613e+02
1.688937853107344722e+02
1.686881355932203519e+02
1.684813559322034280e+02
1.682474576271186493e+02
1.680372881355932577e+02
1.678418079096045403e+02
1.676531073446327866e+02
1.674983050847457662e+02
1.673412429378531101e+02
1.672022598870056811e+02
1.670790960451977583e+02
1.669796610169491657e+02
1.668960451977401362e+02
1.668214689265536776e+02
1.667593220338983144e+02
1.667265536723163848e+02
1.666892655367231555e+02
1.666711864406779853e+02
1.666576271186440863e+02
1.666802259887005562e+02
1.667175141242937855e+02
1.667581920903955108e+02
1.668282485875706129e+02
1.668983050847457719e+02
1.669909604519774007e+02
1.670937853107344608e+02
1.672090395480226164e+02
1.673389830508474745e+02
1.674757062146892963e+02
1.676338983050847560e+02
1.677932203389830761e+02
1.679785310734463337e+02
1.681627118644067878e+02
1.683548022598870091e+02
1.685435028248587628e+02
1.686892655367231555e+02
1.688225988700565097e+02
1.688960451977401362e+02
1.689310734463276731e+02
1.689389830508474688e+02
1.689028248587570715e+02
1.688406779661017083e+02
1.687310734463277129e+02
1.685830508474576277e+02
1.684124293785311011e+02
1.682101694915254200e+02
1.679649717514124347e+02
1.677084745762712146e+02
1.674282485875706357e+02
1.671762711864406583e+02
1.669152542372881385e+02
1.666689265536722928e+02
1.664316384180791033e+02
1.662090395480226164e+02
1.660079096045197673e+02
1.658259887005649773e+02
1.656531073446327866e+02
1.654813559322033711e+02
1.653355932203389784e+02
1.652135593220339160e+02
1.650892655367231896e+02
1.650011299435028036e+02
1.649299435028248695e+02
1.648802259887005732e+02
1.648372881355932122e+02
1.648282485875706129e+02
1.648440677966101759e+02
1.648757062146892736e+02
1.649299435028248695e+02
1.649977401129943644e+02
1.650802259887005903e+02
1.651909604519773893e+02
1.653265536723163791e+02
1.654655367231638365e+02
1.656316384180790919e+02
1.658305084745762770e+02
1.660192090395480022e+02
1.662372881355932179e+02
1.664553672316384336e+02
1.666926553672316516e+02
1.669333333333333087e+02
1.671785310734463224e+02
1.673909604519774064e+02
1.675887005649717594e+02
1.677468926553672190e+02
1.678757062146892736e+02
1.679570621468926674e+02
1.680146892655367310e+02
1.680406779661016969e+02
1.680248587570621339e+02
1.679694915254237344e+02
1.678915254237288082e+02
1.677570621468926504e+02
1.676124293785310897e+02
1.674271186440677752e+02
1.672101694915254200e+02
1.670045197740112997e+02
1.668146892655367139e+02
1.666338983050847560e+02
1.664655367231638365e+02
1.663073446327683484e+02
1.661661016949152554e+02
1.660214689265536663e+02
1.659129943502825029e+02
1.658225988700565097e+02
1.657276836158192168e+02
1.656497175141242906e+02
1.655966101694915551e+02
1.655457627118644268e+02
1.655129943502824972e+02
1.654858757062146992e+02
1.654723163841808002e+02
1.654824858757062316e+02
1.654960451977401306e+02
1.655197740112994325e+02
1.655649717514124575e+02
1.656282485875706243e+02
1.656858757062146879e+02
1.657661016949152213e+02
1.658610169491525426e+02
1.659694915254237344e+02
1.660790960451977583e+02
1.662090395480225880e+02
1.663446327683615777e+02
1.664926553672316345e+02
1.666406779661016913e+02
1.667954802259886833e+02
1.669785310734463337e+02
1.671514124293785244e+02
1.673559322033898411e+02
1.675559322033898297e+02
1.677299435028248524e+02
1.678745762711864131e+02
1.679762711864406697e+02
1.680587570621468956e+02
1.680960451977401249e+02
1.680824858757061975e+02
1.680418079096045290e+02
1.679638418079096027e+02
1.678508474576271396e+02
1.676881355932203519e+02
1.674994350282485982e+02
1.672802259887005789e+02
1.670497175141242963e+02
1.668271186440678093e+02
1.666293785310734279e+02
1.664361581920903745e+02
1.662485875706214529e+02
1.660745762711864586e+02
1.659050847457627356e+02
1.657604519774011465e+02
1.656305084745762883e+02
1.655209039548022361e+02
1.654316384180791033e+02
1.653514124293785130e+02
1.652858757062146822e+02
1.652644067796610443e+02
1.652497175141242849e+02
1.652644067796610159e+02
1.652983050847457491e+02
1.653559322033898411e+02
1.654282485875706357e+02
1.655242937853107037e+02
1.656576271186440579e+02
1.657898305084745516e+02
1.659514124293785073e+02
1.661265536723163621e+02
1.663265536723163791e+02
1.665491525423728660e+02
1.667774011299434846e+02
1.670192090395480022e+02
1.672768361581920544e+02
1.675672316384180931e+02
1.678576271186440465e+02
1.681661016949152270e+02
1.684745762711864359e+02
1.687943502824858797e+02
1.691163841807909307e+02
1.693909604519773779e+02
1.696350282485875596e+02
1.698553672316384109e+02
1.700451977401129966e+02
1.701966101694915210e+02
1.703276836158192111e+02
1.704056497175141089e+02
1.704553672316383768e+02
1.704757062146892395e+02
1.704700564971751078e+02
1.704293785310734393e+02
1.703570621468926447e+02
1.702305084745762542e+02
1.700870056497174971e+02
1.699005649717514075e+02
1.696802259887005562e+02
1.694542372881355732e+02
1.692531073446327525e+02
1.690644067796609988e+02
1.688824858757062088e+02
1.687163841807909535e+02
1.685841807909604313e+02
1.684553672316383768e+02
1.683491525423728774e+02
1.682451977401129852e+02
1.681740112994350511e+02
1.681220338983050624e+02
1.680768361581921226e+02
1.680463276836158002e+02
1.680259887005649659e+02
1.680259887005649375e+02
1.680350282485875368e+02
1.680677966101694665e+02
1.681073446327683314e+02
1.681593220338982917e+02
1.682361581920903859e+02
1.683276836158191827e+02
1.684384180790960386e+02
1.685401129943502667e+02
1.686677966101694892e+02
1.688169491525423496e+02
1.689774011299434733e+02
1.691333333333333258e+02
1.693152542372881157e+02
1.695084745762711691e+02
1.697118644067796254e+02
1.698983050847457434e+02
1.700734463276836266e+02
1.701887005649717537e+02
1.702858757062147106e+02
1.703401129943502781e+02
1.703638418079096084e+02
1.703536723163841771e+02
1.703118644067796481e+02
1.702316384180790863e+02
1.701129943502824631e+02
1.699604519774011351e+02
1.697615819209039500e+02
1.695401129943502951e+02
1.692926553672316459e+02
1.690338983050847332e+02
1.687864406779661124e+02
1.685276836158192282e+02
1.682779661016949149e+02
1.680485875706214642e+02
1.678259887005649773e+02
1.676101694915254257e+02
1.674237288135593360e+02
1.672327683615819183e+02
1.670644067796609988e+02
1.669265536723163734e+02
1.668112994350282463e+02
1.666915254237287911e+02
1.666067796610169296e+02
1.665389830508474631e+02
1.664802259887005675e+02
1.664587570621469013e+02
1.664621468926553689e+02
1.664870056497175028e+02
1.665186440677966289e+02
1.665661016949152611e+02
1.666406779661016913e+02
1.667276836158192168e+02
1.668542372881356073e+02
1.669875706214689330e+02
1.671412429378530931e+02
1.673333333333333144e+02
1.675220338983050965e+02
1.677288135593220204e+02
1.679514124293785358e+02
1.681864406779661181e+02
1.684237288135593076e+02
1.686768361581920885e+02
1.688960451977401362e+02
1.691039548022598922e+02
1.692757062146892792e+02
1.694079096045197730e+02
1.695175141242937684e+02
1.695819209039548241e+02
1.696180790960452214e+02
1.696056497175141260e+02
1.695762711864406924e+02
1.694915254237288309e+02
1.693762711864407038e+02
1.692237288135593190e+02
1.690429378531073326e+02
1.688146892655367424e+02
1.685887005649717594e+02
1.683830508474576391e+02
1.681785310734463224e+02
1.679887005649717366e+02
1.678112994350282179e+02
1.676372881355932236e+02
1.674847457627118388e+02
1.673401129943503065e+02
1.672090395480225880e+02
1.670949152542372644e+02
1.669920903954802043e+02
1.669073446327683428e+02
1.668214689265536776e+02
1.667525423728813507e+02
1.667016949152542225e+02
1.666553672316384223e+02
1.666293785310734279e+02
1.666124293785310613e+02
1.666158192090395289e+02
1.666350282485875596e+02
1.666553672316384223e+02
1.666971751412429512e+02
1.667536723163841827e+02
1.668158192090395175e+02
1.668926553672316118e+02
1.669751412429378377e+02
1.670779661016949262e+02
1.671819209039547900e+02
1.672971751412429171e+02
1.674418079096045062e+02
1.675999999999999659e+02
1.677468926553672190e+02
1.679039548022598751e+02
1.680824858757061975e+02
1.682757062146892508e+02
1.684531073446327696e+02
1.686169491525423609e+02
1.687604519774011180e+02
1.688474576271186152e+02
1.688892655367231441e+02
1.688960451977400794e+02
1.688677966101694778e+02
1.688079096045197502e+02
1.686926553672316231e+02
1.685683615819208967e+02
1.683909604519773779e+02
1.681740112994349943e+02
1.679491525423728717e+02
1.677322033898304880e+02
1.675276836158191713e+02
1.673355932203389784e+02
1.671412429378531215e+02
1.669638418079096027e+02
1.668112994350282179e+02
1.666531073446327582e+02
1.665152542372881328e+02
1.664067796610169410e+02
1.663118644067796481e+02
1.662169491525423553e+02
1.661559322033898241e+02
1.661107344632768275e+02
1.660824858757061975e+02
1.660711864406779341e+02
1.660926553672316288e+02
1.661435028248587571e+02
1.661966101694915210e+02
1.662881355932203178e+02
1.663898305084745743e+02
1.665129943502824972e+02
1.666610169491525255e+02
1.668169491525423496e+02
1.670056497175141317e+02
1.672101694915254200e+02
1.674384180790960386e+02
1.676689265536722928e+02
1.679322033898305051e+02
1.681932203389830534e+02
1.684790960451977355e+02
1.687683615819208853e+02
1.690734463276835982e+02
1.693853107344632747e+02
1.696655367231638252e+02
1.699254237288135414e+02
1.701514124293785244e+02
1.703367231638417820e+02
1.705062146892655051e+02
1.706361581920903916e+02
1.707435028248587514e+02
1.708158192090395460e+02
1.708474576271186152e+02
1.708474576271186436e+02
1.708045197740113110e+02
1.707344632768361521e+02
1.706305084745762883e+02
1.704983050847457378e+02
1.703378531073446425e+02
1.701412429378531215e+02
1.699062146892655392e+02
1.696858757062146879e+02
1.694723163841807718e+02
1.692734463276836152e+02
1.690915254237287968e+02
1.689175141242937741e+02
1.687570621468926504e+02
1.686271186440678207e+02
1.685016949152542338e+02
1.683898305084745743e+02
1.682960451977401135e+02
1.682067796610169239e+02
1.681423728813559251e+02
1.680971751412429285e+02
1.680508474576271283e+02
1.680395480225988649e+02
1.680316384180790692e+02
1.680519774011299319e+02
1.680790960451977298e+02
1.681197740112994268e+02
1.681672316384180590e+02
1.682361581920903859e+02
1.683118644067796481e+02
1.683887005649717423e+02
1.684960451977401021e+02
1.686101694915254257e+02
1.687333333333333485e+02
1.688745762711864131e+02
1.690293785310734620e+02
1.691909604519773893e+02
1.693559322033898411e+02
1.695378531073446311e+02
1.697254237288135528e+02
1.698610169491525426e+02
1.699751412429378661e+02
1.700598870056497276e+02
1.700971751412429569e+02
1.701073446327683598e+02
1.700949152542372644e+02
1.700316384180790692e+02
1.699378531073446368e+02
1.698225988700564812e+02
1.696576271186440579e+02
1.694757062146892679e+02
1.692677966101694835e+02
1.690316384180790976e+02
1.688101694915254143e+02
1.685841807909604597e+02
1.683627118644067764e+02
1.681536723163841884e+02
1.679706214689265948e+02
1.677740112994350170e+02
1.676158192090395573e+02
1.674598870056497049e+02
1.673333333333333144e+02
1.672180790960451873e+02
1.671062146892655278e+02
1.670327683615819296e+02
1.669649717514124063e+02
1.669152542372881101e+02
1.668903954802260046e+02
1.668734463276836095e+02
1.668790960451977412e+02
1.669118644067796708e+02
1.669638418079096027e+02
1.670225988700564699e+02
1.671152542372881271e+02
1.672169491525423837e+02
1.673367231638418104e+02
1.674621468926553689e+02
1.676169491525423609e+02
1.677943502824858513e+02
1.679932203389830647e+02
1.681909604519773893e+02
1.684067796610169410e+02
1.686497175141242906e+02
1.688779661016948808e+02
1.691152542372881271e+02
1.693593220338982803e+02
1.695796610169491316e+02
1.697525423728813507e+02
1.699141242937852780e+02
1.700406779661016685e+02
1.701367231638417934e+02
1.701954802259886890e+02
1.702316384180790863e+02
1.702237288135593190e+02
1.701909604519773893e+02
1.701242937853107264e+02
1.700282485875706016e+02
1.699016949152542395e+02
1.697299435028248240e+02
1.695367231638417707e+02
1.693423728813559137e+02
1.691649717514123950e+02
1.689943502824858683e+02
1.688395480225988479e+02
1.686915254237287911e+02
1.685525423728813337e+02
1.684293785310734393e+02
1.683197740112994154e+02
1.682135593220338876e+02
1.681333333333333258e+02
1.680655367231638309e+02
1.679920903954802043e+02
1.679502824858757037e+02
1.679288135593220375e+02
1.679062146892655392e+02
1.678960451977401078e+02
1.679028248587570715e+02
1.679186440677966061e+02
1.679435028248587400e+02
1.679672316384180704e+02
1.680146892655367310e+02
1.680779661016948978e+02
1.681401129943502610e+02
1.682101694915253915e+02
1.683163841807909478e+02
1.684203389830508399e+02
1.685412429378530987e+02
1.686677966101694892e+02
1.688079096045197502e+02
1.689649717514124063e+02
1.691310734463276617e+02
1.692915254237287854e+02
1.694587570621469013e+02
1.696429378531072985e+02
1.698237288135592848e+02
1.699728813559321736e+02
1.700723163841807661e+02
1.701367231638417934e+02
1.701615819209039273e+02
1.701514124293785244e+02
1.700971751412429001e+02
1.700112994350282349e+02
1.698960451977400794e+02
1.697412429378530874e+02
1.695435028248587344e+02
1.693197740112994154e+02
1.690926553672316288e+02
1.688779661016948808e+02
1.686757062146892281e+02
1.684723163841807718e+02
1.682644067796609875e+02
1.680745762711864018e+02
1.679084745762711748e+02
1.677468926553672190e+02
1.676192090395479966e+02
1.674892655367231669e+02
1.673841807909604427e+02
1.672903954802259534e+02
1.672282485875705902e+02
1.671661016949152554e+02
1.671480225988700283e+02
1.671265536723163905e+02
1.671197740112993984e+02
1.671570621468926561e+02
1.672124293785310556e+02
1.672757062146892508e+02
1.673762711864406469e+02
1.674870056497175028e+02
1.676169491525423609e+02
1.677762711864406810e+02
1.679502824858756753e+02
1.681355932203389898e+02
1.683581920903954767e+02
1.685785310734463280e+02
1.688248587570621453e+02
1.690926553672316288e+02
1.693559322033898411e+02
1.696316384180790919e+02
1.699265536723164018e+02
1.702305084745762542e+02
1.705118644067796652e+02
1.707661016949152497e+02
1.710011299435028036e+02
1.712033898305084563e+02
1.713548022598869807e+02
1.714971751412429057e+02
1.716022598870056299e+02
1.716779661016948921e+02
1.717028248587570545e+02
1.717016949152542225e+02
1.716508474576270942e+02
1.715740112994350284e+02
1.714610169491525369e+02
1.713220338983050794e+02
1.711570621468926561e+02
1.709389830508474688e+02
1.707028248587570829e+02
1.704689265536723042e+02
1.702632768361581839e+02
1.700711864406779910e+02
1.698802259887005732e+02
1.697016949152542225e+02
1.695355932203389955e+02
1.693875706214689103e+02
1.692485875706214529e+02
1.691299435028248581e+02
1.690158192090395346e+02
1.689209039548022702e+02
1.688372881355932122e+02
1.687638418079096141e+02
1.687209039548022531e+02
1.686824858757062202e+02
1.686598870056496935e+02
1.686406779661016913e+02
1.686418079096044949e+02
1.686587570621468899e+02
1.686915254237287911e+02
1.687457627118643870e+02
1.688045197740112826e+02
1.688542372881355789e+02
1.689378531073446084e+02
1.690158192090395346e+02
1.691028248587570602e+02
1.692225988700564869e+02
1.693514124293785130e+02
1.694723163841807718e+02
1.696146892655367253e+02
1.697796610169491487e+02
1.699288135593220375e+02
1.700508474576271283e+02
1.701491525423728888e+02
1.702158192090395517e+02
1.702384180790960500e+02
1.702237288135593190e+02
1.701796610169491260e+02
1.700971751412429285e+02
1.699740112994350341e+02
1.698361581920904086e+02
1.696497175141242906e+02
1.694316384180791033e+02
1.692248587570621225e+02
1.690112994350282349e+02
1.688101694915254143e+02
1.686203389830508286e+02
1.684384180790960386e+02
1.682768361581920544e+02
1.681118644067796595e+02
1.679627118644067991e+02
1.678305084745762770e+02
1.677084745762711862e+02
1.676056497175140976e+02
1.675220338983050965e+02
1.674587570621469013e+02
1.674192090395480363e+02
1.673887005649717423e+02
1.673694915254237117e+02
1.673932203389830420e+02
1.674305084745762713e+02
1.674847457627118388e+02
1.675446327683615664e+02
1.676282485875706243e+02
1.677457627118643870e+02
1.678711864406779455e+02
1.680158192090395346e+02
1.681841807909604540e+02
1.683694915254237117e+02
1.685706214689265323e+02
1.687796610169491203e+02
1.690079096045197389e+02
1.692587570621468558e+02
1.695152542372881044e+02
1.697853107344632235e+02
1.700587570621468672e+02
1.702971751412428887e+02
1.705096045197739727e+02
1.707028248587570260e+02
1.708644067796609818e+02
1.709977401129943360e+02
1.710858757062146651e+02
1.711548022598869636e+02
1.711796610169491260e+02
1.711751412429378263e+02
1.711322033898305222e+02
1.710598870056496992e+02
1.709706214689265380e+02
1.708451977401129511e+02
1.706711864406779569e+02
1.704757062146892395e+02
1.702440677966101532e+02
1.700067796610169353e+02
1.697920903954802156e+02
1.695909604519773666e+02
1.693909604519773779e+02
1.692067796610169239e+02
1.690406779661016969e+02
1.688937853107344722e+02
1.687717514124293814e+02
1.686689265536722928e+02
1.685627118644067650e+02
1.684644067796610045e+02
1.683977401129943416e+02
1.683480225988700454e+02
1.683028248587570488e+02
1.682768361581920544e+02
1.682531073446327525e+02
1.682564971751412202e+02
1.682644067796610159e+02
1.682768361581920828e+02
1.683186440677965834e+02
1.683740112994350397e+02
1.684463276836158343e+02
1.685322033898304994e+02
1.686327683615818955e+02
1.687378531073446197e+02
1.688610169491525426e+02
1.690022598870056640e+02
1.691412429378530931e+02
1.692983050847457775e+02
1.694621468926553689e+02
1.696282485875706243e+02
1.698000000000000114e+02
1.699954802259887288e+02
1.701966101694915210e+02
1.704022598870056413e+02
1.705887005649717594e+02
1.707344632768361521e+02
1.708463276836158116e+02
1.709096045197740068e+02
1.709525423728813678e+02
1.709491525423729001e+02
1.709005649717514075e+02
1.708440677966101759e+02
1.707197740112994211e+02
1.705785310734463565e+02
1.704135593220339047e+02
1.702011299435028491e+02
1.699728813559322020e+02
1.697355932203389841e+02
1.695039548022598979e+02
1.693005649717514132e+02
1.690779661016949262e+02
1.688881355932203405e+02
1.687062146892655505e+02
1.685435028248587628e+02
1.683920903954802384e+02
1.682655367231638479e+02
1.681435028248587571e+02
1.680451977401129966e+02
1.679694915254237344e+02
1.679299435028248695e+02
1.678937853107344722e+02
1.678700564971751419e+02
1.678700564971751419e+02
1.678960451977401362e+02
1.679536723163841714e+02
1.680169491525423382e+02
1.681050847457626958e+02
1.682169491525423553e+02
1.683322033898305108e+02
1.684813559322033711e+02
1.686440677966101589e+02
1.688225988700564812e+02
1.690169491525423382e+02
1.692316384180790863e+02
1.694632768361581725e+02
1.697073446327683541e+02
1.699559322033898070e+02
1.702101694915254200e+02
1.704768361581920999e+02
1.707231638418078887e+02
1.709457627118644041e+02
1.711322033898305222e+02
1.712802259887005789e+02
1.714203389830508399e+02
1.715254237288135641e+02
1.715920903954802270e+02
1.716124293785310897e+02
1.716146892655367253e+02
1.715830508474576277e+02
1.715084745762711691e+02
1.714090395480225766e+02
1.712734463276836436e+02
1.711118644067796595e+02
1.709129943502824744e+02
1.707073446327683541e+02
1.705016949152542338e+02
1.703254237288135471e+02
1.701457627118643927e+02
1.699943502824858683e+02
1.698553672316384109e+02
1.697367231638418161e+02
1.696158192090395573e+02
1.695084745762711975e+02
1.694158192090395403e+02
1.693401129943502497e+02
1.692870056497175142e+02
1.692474576271186493e+02
1.692271186440677866e+02
1.692045197740113167e+02
1.691920903954801929e+02
1.691988700564971566e+02
1.692169491525423837e+02
1.692542372881355845e+02
1.693084745762711805e+02
1.693694915254237401e+02
1.694587570621469013e+02
1.695514124293785301e+02
1.696508474576271226e+02
1.697649717514124177e+02
1.699062146892655392e+02
1.700497175141242678e+02
1.702033898305084847e+02
1.703706214689265721e+02
1.705514124293785585e+02
1.707389830508474802e+02
1.709389830508474688e+02
1.711412429378531215e+02
1.713288135593220431e+02
1.714497175141242735e+02
1.715559322033898297e+02
1.716372881355932236e+02
1.716666666666666288e+02
1.716293785310734279e+02
1.715819209039547957e+02
1.714926553672316345e+02
1.713627118644067764e+02
1.711853107344632861e+02
1.709807909604519978e+02
1.707502824858757151e+02
1.705096045197740295e+02
1.702598870056497162e+02
1.700293785310734336e+02
1.697909604519774120e+02
1.695751412429378604e+02
1.693649717514124404e+02
1.691694915254237230e+02
1.689728813559322020e+02
1.688225988700565097e+02
1.686666666666666856e+02
1.685310734463276958e+02
1.684203389830508684e+02
1.683163841807909762e+02
1.682508474576271453e+02
1.681887005649717821e+02
1.681344632768361862e+02
1.681163841807909876e+02
1.681322033898305506e+02
1.681525423728813848e+02
1.682124293785311124e+02
1.682881355932203746e+02
1.683762711864407038e+02
1.684903954802260273e+02
1.686338983050847560e+02
1.687841807909604768e+02
1.689525423728813962e+02
1.691480225988700852e+02
1.693661016949153009e+02
1.696112994350282861e+02
1.698621468926553746e+02
1.701299435028248865e+02
1.704033898305085017e+02
1.706926553672316800e+02
1.709751412429378661e+02
1.712723163841808116e+02
1.715107344632768900e+02
1.717423728813559478e+02
1.719310734463277015e+02
1.720937853107345177e+02
1.722214689265537118e+02
1.723084745762712089e+02
1.723536723163841771e+02
1.723717514124294041e+02
1.723491525423729058e+02
1.722847457627118786e+02
1.721966101694915494e+02
1.720677966101695233e+02
1.718903954802260046e+02
1.716757062146892849e+02
1.714372881355932350e+02
1.712067796610169808e+02
1.710090395480226277e+02
1.708124293785310783e+02
1.706395480225988877e+02
1.704587570621469297e+02
1.703129943502825085e+02
1.701717514124294155e+02
1.700519774011299887e+02
1.699333333333333940e+02
1.698350282485876050e+02
1.697548022598870432e+02
1.696881355932203519e+02
1.696361581920904200e+02
1.695909604519774234e+02
1.695672316384180931e+02
1.695480225988700624e+02
1.695468926553672304e+02
1.695785310734463565e+02
1.696079096045197616e+02
1.696632768361582180e+02
1.697152542372881499e+02
1.697740112994350454e+02
1.698768361581921340e+02
1.699694915254237628e+02
1.700790960451977583e+02
1.702056497175141487e+02
1.703299435028248752e+02
1.704655367231638365e+02
1.706282485875706243e+02
1.707909604519774120e+02
1.709604519774011351e+02
1.711378531073446538e+02
1.713468926553672418e+02
1.715457627118644268e+02
1.717288135593220204e+02
1.718723163841807775e+02
1.719875706214689330e+02
1.720463276836158286e+02
1.720824858757062543e+02
1.720644067796610273e+02
1.720237288135593303e+02
1.719525423728813678e+02
1.718282485875706413e+02
1.716723163841808173e+02
1.714779661016949603e+02
1.712542372881356130e+02
1.710124293785310954e+02
1.707819209039548127e+02
1.705627118644067934e+02
1.703525423728813735e+02
1.701548022598870205e+02
1.699627118644067991e+02
1.698000000000000114e+02
1.696406779661016913e+02
1.695016949152542338e+02
1.693943502824859024e+02
1.693005649717514132e+02
1.692101694915254484e+02
1.691604519774011237e+02
1.691355932203389898e+02
1.691129943502824915e+02
1.691197740112994552e+02
1.691480225988700568e+02
1.691966101694915210e+02
1.692779661016949149e+02
1.693672316384181045e+02
1.694847457627118956e+02
1.696000000000000227e+02
1.697694915254237458e+02
1.699514124293785358e+02
1.701694915254237230e+02
1.703932203389830420e+02
1.706180790960452214e+02
1.708836158192090409e+02
1.711559322033898241e+02
1.714316384180791033e+02
1.717220338983050851e+02
1.720282485875706300e+02
1.723231638418079115e+02
1.726124293785310897e+02
1.728610169491525426e+02
1.730723163841807946e+02
1.732734463276836436e+02
1.734112994350282406e+02
1.735355932203389671e+02
1.736135593220338933e+02
1.736644067796610216e+02
1.736723163841808173e+02
1.736655367231638536e+02
1.736079096045197616e+02
1.735163841807909648e+02
1.734079096045197730e+02
1.732576271186440806e+02
1.730802259887005903e+02
1.728734463276836379e+02
1.726418079096045233e+02
1.724225988700565040e+02
1.722146892655367196e+02
1.720372881355932293e+02
1.718576271186440749e+02
1.717096045197740182e+02
1.715649717514124291e+02
1.714350282485875709e+02
1.713197740112994438e+02
1.712384180790960500e+02
1.711559322033898525e+02
1.710915254237288252e+02
1.710395480225988649e+02
1.709977401129943360e+02
1.709841807909604370e+02
1.709751412429378661e+02
1.709898305084745971e+02
1.710271186440677980e+02
1.710666666666666629e+02
1.711163841807909876e+02
1.711898305084745857e+02
1.712790960451977469e+02
1.713785310734463394e+02
1.714926553672316629e+02
1.716124293785310897e+02
1.717706214689265494e+02
1.719265536723164018e+02
1.720824858757061975e+02
1.722734463276836152e+02
1.724485875706214699e+02
1.726406779661016913e+02
1.728372881355932122e+02
1.730056497175141317e+02
1.731288135593220261e+02
1.732293785310734506e+02
1.732813559322034109e+02
1.733016949152542452e+02
1.732802259887005789e+02
1.732372881355932464e+02
1.731423728813559535e+02
1.730045197740113281e+02
1.728474576271186436e+02
1.726598870056497503e+02
1.724225988700565040e+02
1.721581920903955165e+02
1.718824858757062088e+02
1.716214689265536890e+02
1.713661016949152724e+02
1.711231638418079228e+02
1.708915254237288366e+02
1.706677966101694892e+02
1.704610169491525653e+02
1.702497175141243133e+02
1.700711864406779625e+02
1.699084745762712032e+02
1.697717514124294098e+02
1.696463276836158514e+02
1.695502824858756981e+02
1.694655367231638650e+02
1.693909604519774064e+02
1.693548022598870375e+02
1.693401129943503065e+02
1.693423728813559421e+02
1.693615819209039728e+02
1.694180790960452043e+02
1.694790960451977639e+02
1.695706214689265607e+02
1.696870056497175199e+02
1.698112994350282463e+02
1.699649717514124063e+02
1.701288135593220545e+02
1.703152542372881726e+02
1.705310734463276958e+02
1.707581920903954824e+02
1.709875706214689330e+02
1.712429378531073780e+02
1.714949152542372985e+02
1.717706214689265778e+02
1.720451977401129966e+02
1.723084745762712089e+02
1.725457627118644268e+02
1.727344632768361521e+02
1.728994350282486039e+02
1.730203389830508627e+02
1.731016949152542566e+02
1.731751412429378547e+02
1.731898305084745857e+02
1.731683615819209194e+02
1.731209039548022588e+02
1.730237288135593303e+02
1.728915254237288082e+02
1.727480225988700795e+02
1.725446327683615664e+02
1.723028248587570772e+02
1.720531073446327923e+02
1.718271186440678093e+02
1.716112994350282577e+02
1.714022598870056981e+02
1.712067796610169523e+02
1.710214689265536663e+02
1.708564971751412429e+02
1.707186440677966175e+02
1.705807909604519921e+02
1.704666666666666686e+02
1.703593220338983087e+02
1.702734463276836436e+02
1.702011299435028491e+02
1.701446327683615891e+02
1.700949152542372929e+02
1.700531073446327923e+02
1.700316384180790976e+02
1.700158192090395630e+02
1.700338983050847332e+02
1.700418079096045290e+02
1.700847457627118615e+02
1.701423728813559251e+02
1.702045197740113167e+02
1.702881355932203178e+02
1.703672316384180760e+02
1.704802259887005675e+02
1.706101694915254257e+02
1.707355932203390125e+02
1.708677966101694778e+02
1.710158192090395630e+02
1.711796610169491544e+02
1.713457627118644098e+02
1.715446327683615664e+02
1.717378531073446197e+02
1.719389830508474688e+02
1.721525423728813848e+02
1.723435028248587741e+02
1.724903954802259705e+02
1.725943502824858911e+02
1.726723163841808173e+02
1.727062146892655505e+02
1.726915254237288195e+02
1.726372881355932236e+02
1.725468926553672304e+02
1.724225988700565040e+02
1.722519774011299489e+02
1.720429378531073610e+02
1.718090395480226107e+02
1.715807909604519921e+02
1.713661016949152440e+02
1.711694915254237230e+02
1.709830508474576618e+02
1.708033898305084790e+02
1.706474576271186834e+02
1.704915254237288309e+02
1.703581920903955051e+02
1.702395480225988535e+02
1.701389830508474574e+02
1.700768361581920942e+02
1.700180790960451986e+02
1.699785310734463337e+02
1.699536723163841998e+02
1.699525423728813678e+02
1.699683615819209024e+02
1.700158192090395346e+02
1.700745762711864302e+02
1.701706214689265551e+02
1.702621468926553803e+02
1.704000000000000341e+02
1.705491525423728945e+02
1.707175141242937855e+02
1.708983050847458003e+02
1.710870056497175256e+02
1.713096045197740409e+02
1.715457627118644268e+02
1.718011299435028150e+02
1.720610169491525312e+02
1.723468926553672134e+02
1.726316384180790919e+02
1.729186440677966061e+02
1.732124293785310556e+02
1.734666666666666401e+02
1.736881355932203519e+02
1.738915254237288082e+02
1.740564971751412600e+02
1.741887005649717821e+02
1.742903954802259818e+02
1.743457627118644098e+02
1.743887005649717707e+02
1.743988700564971737e+02
1.743615819209039728e+02
1.742903954802259818e+02
1.741807909604519864e+02
1.740237288135593303e+02
1.738451977401130080e+02
1.736406779661016913e+02
1.734237288135593076e+02
1.732192090395479909e+02
1.730146892655367310e+02
1.728485875706214472e+02
1.726858757062146879e+02
1.725457627118644268e+02
1.724293785310734393e+02
1.723028248587570488e+02
1.722090395480225880e+02
1.721288135593220545e+02
1.720655367231638309e+02
1.720101694915254029e+02
1.719785310734463337e+02
1.719570621468926674e+02
1.719536723163841714e+02
1.719683615819209024e+02
1.719920903954802043e+02
1.720440677966101646e+02
1.720971751412429285e+02
1.721615819209039557e+02
1.722440677966101816e+02
1.723412429378531101e+02
1.724576271186440692e+02
1.725875706214689274e+02
1.727254237288135528e+02
1.728813559322034052e+02
1.730508474576271283e+02
1.732327683615819183e+02
1.734225988700565040e+02
1.736248587570621567e+02
1.738338983050847446e+02
1.740067796610169353e+02
1.741638418079095914e+02
1.742723163841807832e+02
1.743536723163841771e+02
1.743841807909604427e+02
1.743841807909604427e+02
1.743491525423728774e+02
1.742677966101695120e+02
1.741491525423728604e+02
1.740090395480225993e+02
1.738248587570621453e+02
1.736011299435028263e+02
1.733480225988700454e+02
1.730768361581920658e+02
1.728180790960452100e+02
1.725649717514124291e+02
1.723062146892655164e+02
1.720689265536723269e+02
1.718271186440678093e+02
1.716158192090395573e+02
1.714158192090395687e+02
1.712271186440677866e+02
1.710576271186440636e+02
1.709107344632768672e+02
1.707762711864406810e+02
1.706621468926553860e+02
1.705762711864406924e+02
1.704960451977401021e+02
1.704406779661017026e+02
1.704033898305085017e+02
1.703819209039548070e+02
1.703909604519774064e+02
1.704248587570621396e+02
1.704757062146892395e+02
1.705333333333333314e+02
1.706372881355932236e+02
1.707423728813559478e+02
1.708655367231638706e+02
1.710214689265536663e+02
1.712022598870056527e+02
1.714056497175141374e+02
1.716271186440678207e+02
1.718542372881356073e+02
1.721096045197739954e+02
1.723514124293785414e+02
1.726214689265536890e+02
1.729016949152542679e+02
1.731694915254237515e+02
1.734146892655367083e+02
1.736192090395480250e+02
1.737819209039548127e+02
1.739197740112994666e+02
1.740271186440677980e+02
1.740937853107344608e+02
1.741412429378531215e+02
1.741242937853107264e+02
1.740892655367231896e+02
1.740045197740113281e+02
1.739016949152542679e+02
1.737638418079096141e+02
1.735830508474576277e+02
1.733683615819209081e+02
1.731242937853107264e+02
1.728881355932203405e+02
1.726542372881355902e+02
1.724508474576271055e+02
1.722418079096045460e+02
1.720576271186440636e+02
1.718813559322034052e+02
1.717197740112994211e+02
1.715785310734463565e+02
1.714497175141243019e+02
1.713299435028249036e+02
1.712248587570621794e+02
1.711446327683615891e+02
1.710632768361582237e+02
1.709977401129943644e+02
1.709446327683616005e+02
1.709220338983051022e+02
1.708949152542373042e+02
1.708960451977401362e+02
1.708971751412429683e+02
1.709096045197740352e+02
1.709355932203390012e+02
1.709898305084745971e+02
1.710587570621469240e+02
1.711344632768361862e+02
1.712305084745763111e+02
1.713209039548022758e+02
1.714429378531073667e+02
1.715548022598870261e+02
1.716779661016949490e+02
1.718192090395480420e+02
1.719830508474576618e+02
1.721536723163841884e+02
1.723186440677966402e+02
1.725062146892655619e+02
1.726994350282486153e+02
1.728610169491525710e+02
1.729728813559322020e+02
1.730531073446327923e+02
1.730971751412429853e+02
1.731163841807909876e+02
1.730802259887005903e+02
1.730022598870056640e+02
1.729073446327683712e+02
1.727694915254237458e+02
1.725841807909604597e+02
1.723774011299435074e+02
1.721581920903954881e+02
1.719389830508474688e+02
1.717581920903955108e+02
1.715525423728813621e+02
1.713807909604520034e+02
1.712022598870056811e+02
1.710519774011299603e+02
1.709197740112994666e+02
1.707988700564972078e+02
1.706858757062147163e+02
1.706000000000000227e+02
1.705254237288135926e+02
1.704790960451977639e+02
1.704553672316384336e+02
1.704531073446327980e+02
1.704610169491525653e+02
1.704892655367231669e+02
1.705423728813559592e+02
1.706079096045198185e+02
1.706937853107344836e+02
1.707898305084745800e+02
1.709378531073446652e+02
1.710881355932203576e+02
1.712564971751412486e+02
1.714497175141243019e+02
1.716644067796610500e+02
1.718858757062147333e+02
1.721333333333333826e+02
1.723819209039548355e+02
1.726451977401130193e+02
1.729333333333333655e+02
1.732158192090395801e+02
1.734971751412429626e+02
1.737898305084746085e+02
1.740519774011299887e+02
1.742983050847457775e+02
1.745152542372881612e+02
1.746903954802260159e+02
1.748338983050847730e+02
1.749514124293785358e+02
1.750305084745762940e+02
1.750881355932203576e+02
1.750949152542372929e+02
1.750768361581920942e+02
1.750180790960451986e+02
1.749355932203390012e+02
1.748079096045198071e+02
1.746666666666666856e+02
1.744757062146892963e+02
1.742711864406779796e+02
1.740632768361582237e+02
1.738689265536723667e+02
1.736903954802260159e+02
1.735288135593220602e+02
1.733841807909604711e+02
1.732542372881356130e+02
1.731322033898305222e+02
1.730463276836158286e+02
1.729604519774011351e+02
1.728847457627118729e+02
1.728271186440678093e+02
1.728011299435028434e+02
1.727774011299435415e+02
1.727559322033898752e+02
1.727717514124294098e+02
1.727920903954802725e+02
1.728180790960452100e+02
1.728689265536723383e+02
1.729457627118644041e+02
1.730338983050847617e+02
1.731254237288135869e+02
1.732338983050847787e+02
1.733570621468926731e+02
1.734971751412429626e+02
1.736587570621468899e+02
1.738237288135593417e+02
1.740045197740113281e+02
1.741864406779661181e+02
1.743796610169491714e+02
1.745830508474576277e+02
1.747954802259887401e+02
1.749898305084745971e+02
1.751367231638418218e+02
1.752587570621469126e+02
1.753265536723164075e+02
1.753683615819209365e+02
1.753740112994350397e+02
1.753525423728813735e+02
1.752870056497175142e+02
1.751830508474576504e+02
1.750384180790960613e+02
1.748723163841808059e+02
1.746689265536723497e+02
1.744327683615819637e+02
1.741638418079096482e+02
1.739118644067796708e+02
1.736621468926554144e+02
1.734305084745762713e+02
1.731864406779661181e+02
1.729785310734463337e+02
1.727887005649717764e+02
1.726135593220339217e+02
1.724485875706214983e+02
1.723050847457627128e+02
1.721807909604519864e+02
1.720621468926553916e+02
1.719785310734463337e+02
1.719118644067796708e+02
1.718666666666666742e+02
1.718440677966102044e+02
1.718271186440678093e+02
1.718406779661016799e+02
1.718847457627118729e+02
1.719435028248587400e+02
1.720271186440677980e+02
1.721186440677965948e+02
1.722395480225988820e+02
1.723864406779661067e+02
1.725491525423728945e+02
1.727322033898305449e+02
1.729299435028248695e+02
1.731389830508474859e+02
1.733717514124293757e+02
1.736192090395480250e+02
1.738666666666667027e+02
1.741322033898305222e+02
1.744158192090395403e+02
1.746790960451977526e+02
1.748881355932203405e+02
1.750847457627118899e+02
1.752361581920904428e+02
1.753864406779661351e+02
1.754847457627118956e+02
1.755491525423728945e+02
1.755751412429378888e+02
1.755604519774011578e+02
1.755141242937853292e+02
1.754305084745762997e+02
1.753209039548022758e+02
1.751615819209039842e+02
1.749920903954802327e+02
1.747615819209039500e+02
1.745197740112994325e+02
1.742915254237288423e+02
1.740632768361582237e+02
1.738531073446328037e+02
1.736576271186440863e+02
1.734598870056497333e+02
1.732847457627119070e+02
1.731209039548022872e+02
1.729649717514124632e+02
1.728146892655367424e+02
1.726949152542372872e+02
1.725841807909604313e+02
1.724892655367231669e+02
1.724079096045197730e+02
1.723367231638418389e+02
1.722824858757062430e+02
1.722519774011299489e+02
1.722248587570621794e+02
1.721977401129943530e+02
1.721954802259887174e+02
1.722124293785310840e+02
1.722350282485875823e+02
1.722621468926553803e+02
1.723175141242937798e+02
1.723762711864406754e+02
1.724259887005650000e+02
1.725050847457627015e+02
1.726000000000000227e+02
1.727016949152542225e+02
1.728124293785310783e+02
1.729367231638418048e+02
1.730677966101694949e+02
1.732033898305084563e+02
1.733491525423728774e+02
1.735050847457627015e+02
1.736700564971751533e+02
1.737977401129943757e+02
1.738768361581921056e+02
1.739242937853107662e+02
1.739367231638418048e+02
1.739039548022598751e+02
1.738418079096045119e+02
1.737525423728813507e+02
1.736282485875706243e+02
1.734474576271186379e+02
1.732632768361581839e+02
1.730689265536723269e+02
1.728903954802260046e+02
1.727209039548022815e+02
1.725344632768361635e+02
1.723740112994350397e+02
1.722327683615819183e+02
1.721005649717514245e+02
1.719853107344632690e+02
1.718700564971751419e+02
1.717774011299435131e+02
1.716983050847457548e+02
1.716429378531073553e+02
1.716146892655367253e+02
1.715774011299434960e+02
1.715762711864406924e+02
1.716011299435028263e+02
1.716338983050847276e+02
1.716757062146892281e+02
1.717536723163841827e+02
1.718508474576271396e+02
1.719627118644067707e+02
1.720881355932203292e+02
1.722553672316384166e+02
1.724271186440678036e+02
1.726180790960451930e+02
1.728259887005649489e+02
1.730463276836158002e+02
1.732836158192090465e+02
1.735401129943502951e+02
1.738180790960452100e+02
1.740824858757062259e+02
1.743751412429378718e+02
1.746745762711864529e+02
1.749310734463277015e+02
1.751694915254237515e+02
1.753875706214689103e+02
1.755706214689265607e+02
1.757197740112994495e+02
1.758305084745762770e+02
1.759118644067796708e+02
1.759638418079096027e+02
1.759909604519774007e+02
1.759785310734463337e+02
1.759288135593220375e+02
1.758395480225988763e+02
1.757322033898304880e+02
1.755762711864406924e+02
1.754067796610169694e+02
1.752011299435027922e+02
1.749615819209039387e+02
1.747389830508474802e+02
1.745322033898304994e+02
1.743559322033898411e+02
1.741694915254237230e+02
1.739954802259887288e+02
1.738497175141242792e+02
1.737084745762711862e+02
1.735909604519773950e+02
1.734971751412429626e+02
1.734124293785311011e+02
1.733389830508475029e+02
1.732870056497175426e+02
1.732531073446327810e+02
1.732282485875706470e+02
1.732158192090395801e+02
1.732225988700565154e+02
1.732542372881355845e+02
1.732870056497175142e+02
1.733344632768361748e+02
1.734079096045197730e+02
1.734836158192090636e+02
1.735796610169491601e+02
1.736881355932203519e+02
1.738135593220338819e+02
1.739638418079096027e+02
1.741197740112994552e+02
1.742881355932203178e+02
1.744519774011299660e+02
1.746338983050847560e+02
1.748316384180791090e+02
1.750395480225988649e+02
1.752610169491525767e+02
1.754666666666666970e+02
1.756271186440677923e+02
1.757570621468926504e+02
1.758519774011299432e+02
1.759062146892655392e+02
1.759141242937853065e+02
1.758847457627118729e+02
1.758101694915254143e+02
1.757096045197740182e+02
1.755785310734463280e+02
1.754203389830508399e+02
1.752192090395480193e+02
1.749841807909604654e+02
1.747197740112994211e+02
1.744463276836158343e+02
1.741898305084745857e+02
1.739242937853107378e+02
1.736847457627118843e+02
1.734610169491525653e+02
1.732440677966101816e+02
1.730237288135593303e+02
1.728225988700565381e+02
1.726564971751412827e+02
1.724881355932203633e+02
1.723514124293785699e+02
1.722305084745762827e+02
